ideal,0.1%,0.2%,0.3%,0.4%,0.5%,0.6%,0.7%,0.8%,0.9%,1%
576,576,576,576,576,576,576,576,576,576,576
639,636,636,636,636,636,636,636,636,636,636
700,700,700,700,700,700,700,700,700,700,700
758,755,755,755,755,755,755,756,756,756,756
812,812,812,812,812,812,812,812,812,812,812
862,859,859,859,859,859,859,859,859,859,859
906,906,906,906,906,906,906,906,906,906,906
944,941,941,941,941,941,941,941,941,941,941
975,975,975,975,975,975,975,975,975,975,975
998,995,995,995,996,996,996,996,996,996,996
1014,1014,1014,1014,1014,1014,1014,1014,1014,1014,1014
1022,1019,1019,1019,1020,1020,1020,1020,1020,1020,1020
1022,1022,1022,1022,1022,1022,1022,1022,1022,1022,1022
1014,1011,1011,1011,1011,1011,1011,1011,1011,1011,1011
998,998,998,998,998,998,998,998,998,998,998
975,972,972,972,972,972,972,972,972,972,972
944,944,944,944,944,944,944,944,944,944,944
906,903,903,903,903,903,903,903,903,903,903
862,862,862,862,862,862,862,862,862,862,862
813,809,809,809,809,809,809,809,809,809,809
758,758,758,758,758,758,758,758,758,758,758
700,697,697,697,697,697,697,697,697,697,696
639,639,639,639,639,639,639,639,639,639,639
576,573,573,573,573,572,572,572,572,572,572
512,512,512,512,512,512,512,512,512,512,512
447,444,444,444,444,444,444,444,444,444,444
384,384,384,384,384,384,384,384,384,384,384
323,320,320,320,320,320,320,320,320,320,320
265,265,265,265,265,265,265,265,265,265,265
211,208,208,207,207,207,207,207,207,207,207
161,161,161,161,161,161,161,161,161,161,161
117,114,114,114,114,114,114,114,114,114,114
79,79,79,79,79,79,79,79,79,79,79
48,45,45,45,45,45,45,45,45,45,45
25,25,25,25,25,25,25,25,25,25,25
9,6,6,6,6,6,6,6,5,5,5
1,1,1,1,1,1,1,1,1,1,1
1,0,0,0,0,0,0,0,0,0,0
9,9,9,9,9,9,9,9,9,9,9
25,22,22,22,22,22,22,22,22,22,22
48,48,48,48,48,48,48,48,48,48,48
79,76,76,76,76,76,76,76,76,76,76
117,117,117,117,117,117,117,117,117,117,117
161,158,158,158,158,158,158,158,158,158,158
210,210,210,210,210,210,210,210,210,210,210
265,262,262,262,262,262,262,262,262,262,262
323,323,323,323,323,323,323,323,323,323,323
384,381,381,381,381,381,381,381,381,382,382
447,447,447,447,447,447,447,447,447,447,447
511,508,508,508,509,509,509,509,509,509,509
575,575,575,575,575,575,575,575,575,575,575
639,636,636,636,636,636,636,636,636,636,636
700,700,700,700,700,700,700,700,700,700,700
758,755,755,755,755,755,755,755,755,755,756
812,812,812,812,812,812,812,812,812,812,812
862,859,859,859,859,859,859,859,859,859,859
906,906,906,906,906,906,906,906,906,906,906
944,941,941,941,941,941,941,941,941,941,941
975,975,975,975,975,975,975,975,975,975,975
998,995,995,995,995,995,995,996,996,996,996
1014,1014,1014,1014,1014,1014,1014,1014,1014,1014,1014
1022,1019,1019,1019,1019,1019,1019,1020,1020,1020,1020
1023,1023,1023,1023,1023,1023,1023,1023,1023,1023,1023
1014,1011,1011,1011,1011,1011,1011,1011,1011,1011,1011
999,999,999,999,999,999,999,999,999,999,999
975,972,972,972,972,972,972,972,972,972,972
944,944,944,944,944,944,944,944,944,944,944
906,903,903,903,903,903,903,903,903,903,903
862,862,862,862,862,862,862,862,862,862,862
813,810,810,810,809,809,809,809,809,809,809
758,758,758,758,758,758,758,758,758,758,758
700,697,697,697,697,697,697,697,697,697,697
639,639,639,639,639,639,639,639,639,639,639
576,573,573,573,573,573,573,573,572,572,572
512,512,512,512,512,512,512,512,512,512,512
448,445,444,444,444,444,444,444,444,444,444
384,384,384,384,384,384,384,384,384,384,384
323,320,320,320,320,320,320,320,320,320,320
265,265,265,265,265,265,265,265,265,265,265
211,208,208,208,208,208,207,207,207,207,207
161,161,161,161,161,161,161,161,161,161,161
117,114,114,114,114,114,114,114,114,114,114
79,79,79,79,79,79,79,79,79,79,79
48,45,45,45,45,45,45,45,45,45,45
25,25,25,25,25,25,25,25,25,25,25
9,6,6,6,6,6,6,6,6,6,6
1,1,1,1,1,1,1,1,1,1,1
0,0,0,0,0,0,0,0,0,0,0
9,9,9,9,9,9,9,9,9,9,9
24,21,21,22,22,22,22,22,22,22,22
48,48,48,48,48,48,48,48,48,48,48
79,76,76,76,76,76,76,76,76,76,76
117,117,117,117,117,117,117,117,117,117,117
161,158,158,158,158,158,158,158,158,158,158
210,210,210,210,210,210,210,210,210,210,210
265,262,262,262,262,262,262,262,262,262,262
323,323,323,323,323,323,323,323,323,323,323
384,381,381,381,381,381,381,381,381,381,381
447,447,447,447,447,447,447,447,447,447,447
511,508,508,508,508,508,508,509,509,509,509
575,575,575,575,575,575,575,575,575,575,575
638,636,636,636,636,636,636,636,636,636,636
700,700,700,700,700,700,700,700,700,700,700
758,755,755,755,755,755,755,755,755,755,755
812,812,812,812,812,812,812,812,812,812,812
862,859,859,859,859,859,859,859,859,859,859
906,906,906,906,906,906,906,906,906,906,906
944,941,941,941,941,941,941,941,941,941,941
975,975,975,975,975,975,975,975,975,975,975
998,995,995,995,995,995,995,995,995,995,996
1014,1014,1014,1014,1014,1014,1014,1014,1014,1014,1014
1022,1019,1019,1019,1019,1019,1019,1019,1019,1019,1020
1023,1023,1023,1023,1023,1023,1023,1023,1023,1023,1023
1015,1012,1011,1011,1011,1011,1011,1011,1011,1011,1011
999,999,999,999,999,999,999,999,999,999,999
975,972,972,972,972,972,972,972,972,972,972
944,944,944,944,944,944,944,944,944,944,944
906,903,903,903,903,903,903,903,903,903,903
862,862,862,862,862,862,862,862,862,862,862
813,810,810,810,810,810,810,809,809,809,809
759,759,759,759,759,759,759,759,759,759,759
700,697,697,697,697,697,697,697,697,697,697
639,639,639,639,639,639,639,639,639,639,639
576,573,573,573,573,573,573,573,573,573,573
512,512,512,512,512,512,512,512,512,512,512
448,445,445,445,445,445,444,444,444,444,444
385,385,385,385,385,385,385,385,385,385,385
323,320,320,320,320,320,320,320,320,320,320
265,265,265,265,265,265,265,265,265,265,265
211,208,208,208,208,208,208,208,208,207,207
161,161,161,161,161,161,161,161,161,161,161
117,114,114,114,114,114,114,114,114,114,114
79,79,79,79,79,79,79,79,79,79,79
48,45,45,45,45,45,45,45,45,45,45
25,25,25,25,25,25,25,25,25,25,25
9,6,6,6,6,6,6,6,6,6,6
1,1,1,1,1,1,1,1,1,1,1
0,0,0,0,0,0,0,0,0,0,0
8,8,8,8,8,8,8,8,8,8,8
24,21,21,21,21,21,22,22,22,22,22
48,48,48,48,48,48,48,48,48,48,48
79,76,76,76,76,76,76,76,76,76,76
117,117,117,117,117,117,117,117,117,117,117
161,158,158,158,158,158,158,158,158,158,158
210,210,210,210,210,210,210,210,210,210,210
264,261,261,262,262,262,262,262,262,262,262
322,322,322,322,322,322,322,322,322,322,322
384,381,381,381,381,381,381,381,381,381,381
447,447,447,447,447,447,447,447,447,447,447
511,508,508,508,508,508,508,508,508,508,509
575,575,575,575,575,575,575,575,575,575,575
638,635,635,635,636,636,636,636,636,636,636
699,699,699,699,699,699,699,699,699,699,699
758,755,755,755,755,755,755,755,755,755,755
812,812,812,812,812,812,812,812,812,812,812
862,859,859,859,859,859,859,859,859,859,859
906,906,906,906,906,906,906,906,906,906,906
943,940,941,941,941,941,941,941,941,941,941
975,975,975,975,975,975,975,975,975,975,975
998,995,995,995,995,995,995,995,995,995,995
1014,1014,1014,1014,1014,1014,1014,1014,1014,1014,1014
1022,1019,1019,1019,1019,1019,1019,1019,1019,1019,1019
1023,1023,1023,1023,1023,1023,1023,1023,1023,1023,1023
1015,1012,1012,1012,1012,1011,1011,1011,1011,1011,1011
999,999,999,999,999,999,999,999,999,999,999
975,972,972,972,972,972,972,972,972,972,972
944,944,944,944,944,944,944,944,944,944,944
906,903,903,903,903,903,903,903,903,903,903
862,862,862,862,862,862,862,862,862,862,862
813,810,810,810,810,810,810,810,810,810,809
759,759,759,759,759,759,759,759,759,759,759
701,698,697,697,697,697,697,697,697,697,697
639,639,639,639,639,639,639,639,639,639,639
576,573,573,573,573,573,573,573,573,573,573
512,512,512,512,512,512,512,512,512,512,512
448,445,445,445,445,445,445,445,445,444,444
385,385,385,385,385,385,385,385,385,385,385
324,321,321,320,320,320,320,320,320,320,320
265,265,265,265,265,265,265,265,265,265,265
211,208,208,208,208,208,208,208,208,208,208
162,162,162,162,162,162,162,162,162,162,162
117,114,114,114,114,114,114,114,114,114,114
80,80,80,80,80,80,80,80,80,80,80
49,46,45,45,45,45,45,45,45,45,45
25,25,25,25,25,25,25,25,25,25,25
9,6,6,6,6,6,6,6,6,6,6
1,1,1,1,1,1,1,1,1,1,1
0,0,0,0,0,0,0,0,0,0,0
8,8,8,8,8,8,8,8,8,8,8
24,21,21,21,21,21,21,21,21,22,22
48,48,48,48,48,48,48,48,48,48,48
79,76,76,76,76,76,76,76,76,76,76
117,117,117,117,117,117,117,117,117,117,117
160,158,158,158,158,158,158,158,158,158,158
210,210,210,210,210,210,210,210,210,210,210
264,261,261,261,261,261,262,262,262,262,262
322,322,322,322,322,322,322,322,322,322,322
383,380,381,381,381,381,381,381,381,381,381
447,447,447,447,447,447,447,447,447,447,447
511,508,508,508,508,508,508,508,508,508,508
575,575,575,575,575,575,575,575,575,575,575
638,635,635,635,635,635,635,635,636,636,636
699,699,699,699,699,699,699,699,699,699,699
757,755,755,755,755,755,755,755,755,755,755
812,812,812,812,812,812,812,812,812,812,812
861,858,858,859,859,859,859,859,859,859,859
905,905,905,905,905,905,905,905,905,905,905
943,940,940,940,940,941,941,941,941,941,941
974,974,974,974,974,974,974,974,974,974,974
998,995,995,995,995,995,995,995,995,995,995
1014,1014,1014,1014,1014,1014,1014,1014,1014,1014,1014
1022,1019,1019,1019,1019,1019,1019,1019,1019,1019,1019
1023,1023,1023,1023,1023,1023,1023,1023,1023,1023,1023
1015,1012,1012,1012,1012,1012,1012,1012,1011,1011,1011
999,999,999,999,999,999,999,999,999,999,999
975,972,972,972,972,972,972,972,972,972,972
944,944,944,944,944,944,944,944,944,944,944
907,904,903,903,903,903,903,903,903,903,903
863,863,863,863,863,863,863,863,863,863,863
813,810,810,810,810,810,810,810,810,810,810
759,759,759,759,759,759,759,759,759,759,759
701,698,698,698,698,697,697,697,697,697,697
640,640,640,640,640,640,640,640,640,640,640
577,573,573,573,573,573,573,573,573,573,573
512,512,512,512,512,512,512,512,512,512,512
448,445,445,445,445,445,445,445,445,445,445
385,385,385,385,385,385,385,385,385,385,385
324,321,321,321,321,321,320,320,320,320,320
266,266,266,266,266,266,266,266,266,266,266
211,208,208,208,208,208,208,208,208,208,208
162,162,162,162,162,162,162,162,162,162,162
118,115,114,114,114,114,114,114,114,114,114
80,80,80,80,80,80,80,80,80,80,80
49,46,46,46,46,45,45,45,45,45,45
25,25,25,25,25,25,25,25,25,25,25
9,6,6,6,6,6,6,6,6,6,6
1,1,1,1,1,1,1,1,1,1,1
0,0,0,0,0,0,0,0,0,0,0
8,8,8,8,8,8,8,8,8,8,8
24,21,21,21,21,21,21,21,21,21,21
48,48,48,48,48,48,48,48,48,48,48
79,76,76,76,76,76,76,76,76,76,76
116,116,116,116,116,116,116,116,116,116,116
160,157,157,157,158,158,158,158,158,158,158
210,210,210,210,210,210,210,210,210,210,210
264,261,261,261,261,261,261,261,261,262,262
322,322,322,322,322,322,322,322,322,322,322
383,380,380,380,380,381,381,381,381,381,381
446,446,446,446,446,446,446,446,446,446,446
511,508,508,508,508,508,508,508,508,508,508
575,575,575,575,575,575,575,575,575,575,575
638,635,635,635,635,635,635,635,635,635,635
699,699,699,699,699,699,699,699,699,699,699
757,754,754,754,755,755,755,755,755,755,755
812,812,812,812,812,812,812,812,812,812,812
861,858,858,858,858,858,859,859,859,859,859
905,905,905,905,905,905,905,905,905,905,905
943,940,940,940,940,940,940,940,941,941,941
974,974,974,974,974,974,974,974,974,974,974
998,995,995,995,995,995,995,995,995,995,995
1014,1014,1014,1014,1014,1014,1014,1014,1014,1014,1014
1022,1019,1019,1019,1019,1019,1019,1019,1019,1019,1019
1023,1023,1023,1023,1023,1023,1023,1023,1023,1023,1023
1015,1012,1012,1012,1012,1012,1012,1012,1012,1012,1012
999,999,999,999,999,999,999,999,999,999,999
975,972,972,972,972,972,972,972,972,972,972
944,944,944,944,944,944,944,944,944,944,944
907,904,904,904,904,903,903,903,903,903,903
863,863,863,863,863,863,863,863,863,863,863
813,810,810,810,810,810,810,810,810,810,810
759,759,759,759,759,759,759,759,759,759,759
701,698,698,698,698,698,698,698,697,697,697
640,640,640,640,640,640,640,640,640,640,640
577,574,574,574,573,573,573,573,573,573,573
513,513,513,513,513,513,513,513,513,513,513
448,445,445,445,445,445,445,445,445,445,445
385,385,385,385,385,385,385,385,385,385,385
324,321,321,321,321,321,321,321,321,320,320
266,266,266,266,266,266,266,266,266,266,266
211,208,208,208,208,208,208,208,208,208,208
162,162,162,162,162,162,162,162,162,162,162
118,115,115,115,115,114,114,114,114,114,114
80,80,80,80,80,80,80,80,80,80,80
49,46,46,46,46,46,46,46,45,45,45
25,25,25,25,25,25,25,25,25,25,25
9,6,6,6,6,6,6,6,6,6,6
1,1,1,1,1,1,1,1,1,1,1
0,0,0,0,0,0,0,0,0,0,0
8,8,8,8,8,8,8,8,8,8,8
24,21,21,21,21,21,21,21,21,21,21
48,48,48,48,48,48,48,48,48,48,48
79,76,76,76,76,76,76,76,76,76,76
116,116,116,116,116,116,116,116,116,116,116
160,157,157,157,157,157,157,157,158,158,158
210,210,210,210,210,210,210,210,210,210,210
264,261,261,261,261,261,261,261,261,261,261
322,322,322,322,322,322,322,322,322,322,322
383,380,380,380,380,380,380,380,381,381,381
446,446,446,446,446,446,446,446,446,446,446
510,507,507,508,508,508,508,508,508,508,508
574,574,574,574,574,574,574,574,574,574,574
638,635,635,635,635,635,635,635,635,635,635
699,699,699,699,699,699,699,699,699,699,699
757,754,754,754,754,754,754,755,755,755,755
811,811,811,811,811,811,811,811,811,811,811
861,858,858,858,858,858,858,858,858,859,859
905,905,905,905,905,905,905,905,905,905,905
943,940,940,940,940,940,940,940,940,940,940
974,974,974,974,974,974,974,974,974,974,974
998,995,995,995,995,995,995,995,995,995,995
1014,1014,1014,1014,1014,1014,1014,1014,1014,1014,1014
1022,1019,1019,1019,1019,1019,1019,1019,1019,1019,1019
1023,1023,1023,1023,1023,1023,1023,1023,1023,1023,1023
1015,1012,1012,1012,1012,1012,1012,1012,1012,1012,1012
999,999,999,999,999,999,999,999,999,999,999
975,972,972,972,972,972,972,972,972,972,972
944,944,944,944,944,944,944,944,944,944,944
907,904,904,904,904,904,904,904,903,903,903
863,863,863,863,863,863,863,863,863,863,863
813,810,810,810,810,810,810,810,810,810,810
759,759,759,759,759,759,759,759,759,759,759
701,698,698,698,698,698,698,698,698,698,698
640,640,640,640,640,640,640,640,640,640,640
577,574,574,574,574,574,574,573,573,573,573
513,513,513,513,513,513,513,513,513,513,513
449,446,445,445,445,445,445,445,445,445,445
385,385,385,385,385,385,385,385,385,385,385
324,321,321,321,321,321,321,321,321,321,321
266,266,266,266,266,266,266,266,266,266,266
212,209,208,208,208,208,208,208,208,208,208
162,162,162,162,162,162,162,162,162,162,162
118,115,115,115,115,115,115,115,115,114,114
80,80,80,80,80,80,80,80,80,80,80
49,46,46,46,46,46,46,46,46,46,46
25,25,25,25,25,25,25,25,25,25,25
9,6,6,6,6,6,6,6,6,6,6
1,1,1,1,1,1,1,1,1,1,1
0,0,0,0,0,0,0,0,0,0,0
8,8,8,8,8,8,8,8,8,8,8
24,21,21,21,21,21,21,21,21,21,21
48,48,48,48,48,48,48,48,48,48,48
78,76,76,76,76,76,76,76,76,76,76
116,116,116,116,116,116,116,116,116,116,116
160,157,157,157,157,157,157,157,157,157,157
209,209,209,209,209,209,209,209,209,209,209
264,261,261,261,261,261,261,261,261,261,261
322,322,322,322,322,322,322,322,322,322,322
383,380,380,380,380,380,380,380,380,380,380
446,446,446,446,446,446,446,446,446,446,446
510,507,507,507,507,507,508,508,508,508,508
574,574,574,574,574,574,574,574,574,574,574
637,635,635,635,635,635,635,635,635,635,635
699,699,699,699,699,699,699,699,699,699,699
757,754,754,754,754,754,754,754,754,754,755
811,811,811,811,811,811,811,811,811,811,811
861,858,858,858,858,858,858,858,858,858,858
905,905,905,905,905,905,905,905,905,905,905
943,940,940,940,940,940,940,940,940,940,940
974,974,974,974,974,974,974,974,974,974,974
998,995,995,995,995,995,995,995,995,995,995
1014,1014,1014,1014,1014,1014,1014,1014,1014,1014,1014
1022,1019,1019,1019,1019,1019,1019,1019,1019,1019,1019
1023,1023,1023,1023,1023,1023,1023,1023,1023,1023,1023
1015,1012,1012,1012,1012,1012,1012,1012,1012,1012,1012
999,999,999,999,999,999,999,999,999,999,999
975,972,972,972,972,972,972,972,972,972,972
945,945,945,945,945,945,945,945,945,945,945
907,904,904,904,904,904,904,904,904,904,904
863,863,863,863,863,863,863,863,863,863,863
814,811,811,810,810,810,810,810,810,810,810
759,759,759,759,759,759,759,759,759,759,759
701,698,698,698,698,698,698,698,698,698,698
640,640,640,640,640,640,640,640,640,640,640
577,574,574,574,574,574,574,574,574,574,573
513,513,513,513,513,513,513,513,513,513,513
449,446,446,446,446,445,445,445,445,445,445
386,386,386,386,386,386,386,386,386,386,386
324,321,321,321,321,321,321,321,321,321,321
266,266,266,266,266,266,266,266,266,266,266
212,209,209,209,209,209,208,208,208,208,208
162,162,162,162,162,162,162,162,162,162,162
118,115,115,115,115,115,115,115,115,115,115
80,80,80,80,80,80,80,80,80,80,80
49,46,46,46,46,46,46,46,46,46,46
25,25,25,25,25,25,25,25,25,25,25
9,6,6,6,6,6,6,6,6,6,6
1,1,1,1,1,1,1,1,1,1,1
0,0,0,0,0,0,0,0,0,0,0
8,8,8,8,8,8,8,8,8,8,8
24,21,21,21,21,21,21,21,21,21,21
48,48,48,48,48,48,48,48,48,48,48
78,75,75,75,76,76,76,76,76,76,76
116,116,116,116,116,116,116,116,116,116,116
160,157,157,157,157,157,157,157,157,157,157
209,209,209,209,209,209,209,209,209,209,209
263,261,261,261,261,261,261,261,261,261,261
322,322,322,322,322,322,322,322,322,322,322
383,380,380,380,380,380,380,380,380,380,380
446,446,446,446,446,446,446,446,446,446,446
510,507,507,507,507,507,507,507,507,508,508
574,574,574,574,574,574,574,574,574,574,574
637,634,634,634,635,635,635,635,635,635,635
699,699,699,699,699,699,699,699,699,699,699
757,754,754,754,754,754,754,754,754,754,754
811,811,811,811,811,811,811,811,811,811,811
861,858,858,858,858,858,858,858,858,858,858
905,905,905,905,905,905,905,905,905,905,905
943,940,940,940,940,940,940,940,940,940,940
974,974,974,974,974,974,974,974,974,974,974
998,995,995,995,995,995,995,995,995,995,995
1014,1014,1014,1014,1014,1014,1014,1014,1014,1014,1014
1022,1019,1019,1019,1019,1019,1019,1019,1019,1019,1019
1023,1023,1023,1023,1023,1023,1023,1023,1023,1023,1023
1015,1012,1012,1012,1012,1012,1012,1012,1012,1012,1012
999,999,999,999,999,999,999,999,999,999,999
975,972,972,972,972,972,972,972,972,972,972
945,945,945,945,945,945,945,945,945,945,945
907,904,904,904,904,904,904,904,904,904,904
863,863,863,863,863,863,863,863,863,863,863
814,811,811,811,811,811,810,810,810,810,810
760,760,760,760,760,760,760,760,760,760,760
702,698,698,698,698,698,698,698,698,698,698
640,640,640,640,640,640,640,640,640,640,640
577,574,574,574,574,574,574,574,574,574,574
513,513,513,513,513,513,513,513,513,513,513
449,446,446,446,446,446,446,446,445,445,445
386,386,386,386,386,386,386,386,386,386,386
325,322,321,321,321,321,321,321,321,321,321
266,266,266,266,266,266,266,266,266,266,266
212,209,209,209,209,209,209,209,209,208,208
162,162,162,162,162,162,162,162,162,162,162
118,115,115,115,115,115,115,115,115,115,115
80,80,80,80,80,80,80,80,80,80,80
49,46,46,46,46,46,46,46,46,46,46
25,25,25,25,25,25,25,25,25,25,25
9,6,6,6,6,6,6,6,6,6,6
1,1,1,1,1,1,1,1,1,1,1
0,0,0,0,0,0,0,0,0,0,0
8,8,8,8,8,8,8,8,8,8,8
24,21,21,21,21,21,21,21,21,21,21
47,47,47,47,47,47,47,47,47,47,47
78,75,75,75,75,75,75,76,76,76,76
116,116,116,116,116,116,116,116,116,116,116
160,157,157,157,157,157,157,157,157,157,157
209,209,209,209,209,209,209,209,209,209,209
263,260,260,260,261,261,261,261,261,261,261
321,321,321,321,321,321,321,321,321,321,321
382,380,380,380,380,380,380,380,380,380,380
446,446,446,446,446,446,446,446,446,446,446
510,507,507,507,507,507,507,507,507,507,507
574,574,574,574,574,574,574,574,574,574,574
637,634,634,634,634,634,634,635,635,635,635
698,698,698,698,698,698,698,698,698,698,698
757,754,754,754,754,754,754,754,754,754,754
811,811,811,811,811,811,811,811,811,811,811
861,858,858,858,858,858,858,858,858,858,858
905,905,905,905,905,905,905,905,905,905,905
943,940,940,940,940,940,940,940,940,940,940
974,974,974,974,974,974,974,974,974,974,974
998,995,995,995,995,995,995,995,995,995,995
1014,1014,1014,1014,1014,1014,1014,1014,1014,1014,1014
1022,1019,1019,1019,1019,1019,1019,1019,1019,1019,1019
1023,1023,1023,1023,1023,1023,1023,1023,1023,1023,1023
1015,1012,1012,1012,1012,1012,1012,1012,1012,1012,1012
999,999,999,999,999,999,999,999,999,999,999
976,973,972,972,972,972,972,972,972,972,972
945,945,945,945,945,945,945,945,945,945,945
907,904,904,904,904,904,904,904,904,904,904
863,863,863,863,863,863,863,863,863,863,863
814,811,811,811,811,811,811,811,811,810,810
760,760,760,760,760,760,760,760,760,760,760
702,699,699,699,698,698,698,698,698,698,698
641,641,641,641,641,641,641,641,641,641,641
578,574,574,574,574,574,574,574,574,574,574
513,513,513,513,513,513,513,513,513,513,513
449,446,446,446,446,446,446,446,446,446,446
386,386,386,386,386,386,386,386,386,386,386
325,322,322,322,322,321,321,321,321,321,321
266,266,266,266,266,266,266,266,266,266,266
212,209,209,209,209,209,209,209,209,209,209
162,162,162,162,162,162,162,162,162,162,162
118,115,115,115,115,115,115,115,115,115,115
80,80,80,80,80,80,80,80,80,80,80
49,46,46,46,46,46,46,46,46,46,46
25,25,25,25,25,25,25,25,25,25,25
9,6,6,6,6,6,6,6,6,6,6
1,1,1,1,1,1,1,1,1,1,1
0,0,0,0,0,0,0,0,0,0,0
8,8,8,8,8,8,8,8,8,8,8
24,21,21,21,21,21,21,21,21,21,21
47,47,47,47,47,47,47,47,47,47,47
78,75,75,75,75,75,75,75,75,75,76
116,116,116,116,116,116,116,116,116,116,116
160,157,157,157,157,157,157,157,157,157,157
209,209,209,209,209,209,209,209,209,209,209
263,260,260,260,260,260,260,261,261,261,261
321,321,321,321,321,321,321,321,321,321,321
382,379,379,379,380,380,380,380,380,380,380
445,445,445,445,445,445,445,445,445,445,445
510,507,507,507,507,507,507,507,507,507,507
574,574,574,574,574,574,574,574,574,574,574
637,634,634,634,634,634,634,634,634,634,635
698,698,698,698,698,698,698,698,698,698,698
756,753,754,754,754,754,754,754,754,754,754
811,811,811,811,811,811,811,811,811,811,811
861,858,858,858,858,858,858,858,858,858,858
905,905,905,905,905,905,905,905,905,905,905
943,940,940,940,940,940,940,940,940,940,940
974,974,974,974,974,974,974,974,974,974,974
998,995,995,995,995,995,995,995,995,995,995
1014,1014,1014,1014,1014,1014,1014,1014,1014,1014,1014
1022,1019,1019,1019,1019,1019,1019,1019,1019,1019,1019
1023,1023,1023,1023,1023,1023,1023,1023,1023,1023,1023
1015,1012,1012,1012,1012,1012,1012,1012,1012,1012,1012
999,999,999,999,999,999,999,999,999,999,999
976,973,973,973,973,972,972,972,972,972,972
945,945,945,945,945,945,945,945,945,945,945
907,904,904,904,904,904,904,904,904,904,904
863,863,863,863,863,863,863,863,863,863,863
814,811,811,811,811,811,811,811,811,811,811
760,760,760,760,760,760,760,760,760,760,760
702,699,699,699,699,699,699,698,698,698,698
641,641,641,641,641,641,641,641,641,641,641
578,575,575,575,574,574,574,574,574,574,574
514,514,514,514,514,514,514,514,514,514,514
449,446,446,446,446,446,446,446,446,446,446
386,386,386,386,386,386,386,386,386,386,386
325,322,322,322,322,322,322,322,321,321,321
267,267,267,267,267,267,267,267,267,267,267
212,209,209,209,209,209,209,209,209,209,209
163,163,163,163,163,163,163,163,163,163,163
118,115,115,115,115,115,115,115,115,115,115
80,80,80,80,80,80,80,80,80,80,80
49,46,46,46,46,46,46,46,46,46,46
25,25,25,25,25,25,25,25,25,25,25
9,6,6,6,6,6,6,6,6,6,6
1,1,1,1,1,1,1,1,1,1,1
0,0,0,0,0,0,0,0,0,0,0
8,8,8,8,8,8,8,8,8,8,8
24,21,21,21,21,21,21,21,21,21,21
47,47,47,47,47,47,47,47,47,47,47
78,75,75,75,75,75,75,75,75,75,75
116,116,116,116,116,116,116,116,116,116,116
159,157,157,157,157,157,157,157,157,157,157
209,209,209,209,209,209,209,209,209,209,209
263,260,260,260,260,260,260,260,260,260,261
321,321,321,321,321,321,321,321,321,321,321
382,379,379,379,379,379,379,380,380,380,380
445,445,445,445,445,445,445,445,445,445,445
509,506,506,507,507,507,507,507,507,507,507
574,574,574,574,574,574,574,574,574,574,574
637,634,634,634,634,634,634,634,634,634,634
698,698,698,698,698,698,698,698,698,698,698
756,753,753,753,753,754,754,754,754,754,754
811,811,811,811,811,811,811,811,811,811,811
860,857,857,858,858,858,858,858,858,858,858
905,905,905,905,905,905,905,905,905,905,905
943,940,940,940,940,940,940,940,940,940,940
974,974,974,974,974,974,974,974,974,974,974
998,995,995,995,995,995,995,995,995,995,995
1014,1014,1014,1014,1014,1014,1014,1014,1014,1014,1014
1022,1019,1019,1019,1019,1019,1019,1019,1019,1019,1019
1023,1023,1023,1023,1023,1023,1023,1023,1023,1023,1023
1015,1012,1012,1012,1012,1012,1012,1012,1012,1012,1012
999,999,999,999,999,999,999,999,999,999,999
976,973,973,973,973,973,973,973,972,972,972
945,945,945,945,945,945,945,945,945,945,945
907,904,904,904,904,904,904,904,904,904,904
864,864,864,864,864,864,864,864,864,864,864
814,811,811,811,811,811,811,811,811,811,811
760,760,760,760,760,760,760,760,760,760,760
702,699,699,699,699,699,699,699,699,699,698
641,641,641,641,641,641,641,641,641,641,641
578,575,575,575,575,575,575,574,574,574,574
514,514,514,514,514,514,514,514,514,514,514
450,447,446,446,446,446,446,446,446,446,446
386,386,386,386,386,386,386,386,386,386,386
325,322,322,322,322,322,322,322,322,322,322
267,267,267,267,267,267,267,267,267,267,267
212,209,209,209,209,209,209,209,209,209,209
163,163,163,163,163,163,163,163,163,163,163
118,115,115,115,115,115,115,115,115,115,115
80,80,80,80,80,80,80,80,80,80,80
49,46,46,46,46,46,46,46,46,46,46
25,25,25,25,25,25,25,25,25,25,25
9,6,6,6,6,6,6,6,6,6,6
1,1,1,1,1,1,1,1,1,1,1
0,0,0,0,0,0,0,0,0,0,0
8,8,8,8,8,8,8,8,8,8,8
24,21,21,21,21,21,21,21,21,21,21
47,47,47,47,47,47,47,47,47,47,47
78,75,75,75,75,75,75,75,75,75,75
116,116,116,116,116,116,116,116,116,116,116
159,156,156,156,157,157,157,157,157,157,157
209,209,209,209,209,209,209,209,209,209,209
263,260,260,260,260,260,260,260,260,260,260
321,321,321,321,321,321,321,321,321,321,321
382,379,379,379,379,379,379,379,379,379,380
445,445,445,445,445,445,445,445,445,445,445
509,506,506,506,506,506,507,507,507,507,507
573,573,573,573,573,573,573,573,573,573,573
637,634,634,634,634,634,634,634,634,634,634
698,698,698,698,698,698,698,698,698,698,698
756,753,753,753,753,753,753,753,754,754,754
811,811,811,811,811,811,811,811,811,811,811
860,857,857,857,857,857,858,858,858,858,858
904,904,904,904,904,904,904,904,904,904,904
943,940,940,940,940,940,940,940,940,940,940
974,974,974,974,974,974,974,974,974,974,974
998,995,995,995,995,995,995,995,995,995,995
1014,1014,1014,1014,1014,1014,1014,1014,1014,1014,1014
1022,1019,1019,1019,1019,1019,1019,1019,1019,1019,1019
1023,1023,1023,1023,1023,1023,1023,1023,1023,1023,1023
1015,1012,1012,1012,1012,1012,1012,1012,1012,1012,1012
999,999,999,999,999,999,999,999,999,999,999
976,973,973,973,973,973,973,973,973,973,973
945,945,945,945,945,945,945,945,945,945,945
908,905,904,904,904,904,904,904,904,904,904
864,864,864,864,864,864,864,864,864,864,864
814,811,811,811,811,811,811,811,811,811,811
760,760,760,760,760,760,760,760,760,760,760
702,699,699,699,699,699,699,699,699,699,699
641,641,641,641,641,641,641,641,641,641,641
578,575,575,575,575,575,575,575,575,575,574
514,514,514,514,514,514,514,514,514,514,514
450,447,447,447,447,446,446,446,446,446,446
387,387,387,387,387,387,387,387,387,387,387
325,322,322,322,322,322,322,322,322,322,322
267,267,267,267,267,267,267,267,267,267,267
213,210,209,209,209,209,209,209,209,209,209
163,163,163,163,163,163,163,163,163,163,163
119,116,116,115,115,115,115,115,115,115,115
81,81,81,81,81,81,81,81,81,81,81
49,46,46,46,46,46,46,46,46,46,46
25,25,25,25,25,25,25,25,25,25,25
9,6,6,6,6,6,6,6,6,6,6
1,1,1,1,1,1,1,1,1,1,1
0,0,0,0,0,0,0,0,0,0,0
8,8,8,8,8,8,8,8,8,8,8
24,21,21,21,21,21,21,21,21,21,21
47,47,47,47,47,47,47,47,47,47,47
78,75,75,75,75,75,75,75,75,75,75
115,115,115,115,115,115,115,115,115,115,115
159,156,156,156,156,156,156,156,157,157,157
209,209,209,209,209,209,209,209,209,209,209
263,260,260,260,260,260,260,260,260,260,260
321,321,321,321,321,321,321,321,321,321,321
382,379,379,379,379,379,379,379,379,379,379
445,445,445,445,445,445,445,445,445,445,445
509,506,506,506,506,506,506,506,506,507,507
573,573,573,573,573,573,573,573,573,573,573
636,633,633,634,634,634,634,634,634,634,634
698,698,698,698,698,698,698,698,698,698,698
756,753,753,753,753,753,753,753,753,753,753
810,810,810,810,810,810,810,810,810,810,810
860,857,857,857,857,857,857,857,857,858,858
904,904,904,904,904,904,904,904,904,904,904
942,939,939,940,940,940,940,940,940,940,940
974,974,974,974,974,974,974,974,974,974,974
998,995,995,995,995,995,995,995,995,995,995
1014,1014,1014,1014,1014,1014,1014,1014,1014,1014,1014
1022,1019,1019,1019,1019,1019,1019,1019,1019,1019,1019
1023,1023,1023,1023,1023,1023,1023,1023,1023,1023,1023
1015,1012,1012,1012,1012,1012,1012,1012,1012,1012,1012
999,999,999,999,999,999,999,999,999,999,999
976,973,973,973,973,973,973,973,973,973,973
945,945,945,945,945,945,945,945,945,945,945
908,905,905,905,905,904,904,904,904,904,904
864,864,864,864,864,864,864,864,864,864,864
815,812,811,811,811,811,811,811,811,811,811
760,760,760,760,760,760,760,760,760,760,760
702,699,699,699,699,699,699,699,699,699,699
641,641,641,641,641,641,641,641,641,641,641
578,575,575,575,575,575,575,575,575,575,575
514,514,514,514,514,514,514,514,514,514,514
450,447,447,447,447,447,447,447,446,446,446
387,387,387,387,387,387,387,387,387,387,387
325,322,322,322,322,322,322,322,322,322,322
267,267,267,267,267,267,267,267,267,267,267
213,210,210,210,210,209,209,209,209,209,209
163,163,163,163,163,163,163,163,163,163,163
119,116,116,116,116,116,115,115,115,115,115
81,81,81,81,81,81,81,81,81,81,81
49,46,46,46,46,46,46,46,46,46,46
25,25,25,25,25,25,25,25,25,25,25
9,6,6,6,6,6,6,6,6,6,6
1,1,1,1,1,1,1,1,1,1,1
0,0,0,0,0,0,0,0,0,0,0
8,8,8,8,8,8,8,8,8,8,8
24,21,21,21,21,21,21,21,21,21,21
47,47,47,47,47,47,47,47,47,47,47
78,75,75,75,75,75,75,75,75,75,75
115,115,115,115,115,115,115,115,115,115,115
159,156,156,156,156,156,156,156,156,156,156
208,208,208,208,208,208,208,208,208,208,208
262,260,260,260,260,260,260,260,260,260,260
320,320,320,320,320,320,320,320,320,320,320
382,379,379,379,379,379,379,379,379,379,379
445,445,445,445,445,445,445,445,445,445,445
509,506,506,506,506,506,506,506,506,506,506
573,573,573,573,573,573,573,573,573,573,573
636,633,633,633,633,633,634,634,634,634,634
697,697,697,697,697,697,697,697,697,697,697
756,753,753,753,753,753,753,753,753,753,753
810,810,810,810,810,810,810,810,810,810,810
860,857,857,857,857,857,857,857,857,857,857
904,904,904,904,904,904,904,904,904,904,904
942,939,939,939,939,939,940,940,940,940,940
974,974,974,974,974,974,974,974,974,974,974
998,995,995,995,995,995,995,995,995,995,995
1014,1014,1014,1014,1014,1014,1014,1014,1014,1014,1014
1022,1019,1019,1019,1019,1019,1019,1019,1019,1019,1019
1023,1023,1023,1023,1023,1023,1023,1023,1023,1023,1023
1015,1012,1012,1012,1012,1012,1012,1012,1012,1012,1012
999,999,999,999,999,999,999,999,999,999,999
976,973,973,973,973,973,973,973,973,973,973
945,945,945,945,945,945,945,945,945,945,945
908,905,905,905,905,905,905,905,904,904,904
864,864,864,864,864,864,864,864,864,864,864
815,812,812,812,812,811,811,811,811,811,811
761,761,761,761,761,761,761,761,761,761,761
703,700,699,699,699,699,699,699,699,699,699
642,642,642,642,642,642,642,642,642,642,642
578,575,575,575,575,575,575,575,575,575,575
514,514,514,514,514,514,514,514,514,514,514
450,447,447,447,447,447,447,447,447,447,447
387,387,387,387,387,387,387,387,387,387,387
326,323,323,323,322,322,322,322,322,322,322
267,267,267,267,267,267,267,267,267,267,267
213,210,210,210,210,210,210,210,209,209,209
163,163,163,163,163,163,163,163,163,163,163
119,116,116,116,116,116,116,116,116,115,115
81,81,81,81,81,81,81,81,81,81,81
49,46,46,46,46,46,46,46,46,46,46
25,25,25,25,25,25,25,25,25,25,25
9,6,6,6,6,6,6,6,6,6,6
1,1,1,1,1,1,1,1,1,1,1
0,0,0,0,0,0,0,0,0,0,0
8,8,8,8,8,8,8,8,8,8,8
24,21,21,21,21,21,21,21,21,21,21
47,47,47,47,47,47,47,47,47,47,47
78,75,75,75,75,75,75,75,75,75,75
115,115,115,115,115,115,115,115,115,115,115
159,156,156,156,156,156,156,156,156,156,156
208,208,208,208,208,208,208,208,208,208,208
262,259,259,259,260,260,260,260,260,260,260
320,320,320,320,320,320,320,320,320,320,320
381,378,378,379,379,379,379,379,379,379,379
444,444,444,444,444,444,444,444,444,444,444
509,506,506,506,506,506,506,506,506,506,506
573,573,573,573,573,573,573,573,573,573,573
636,633,633,633,633,633,633,633,633,634,634
697,697,697,697,697,697,697,697,697,697,697
756,753,753,753,753,753,753,753,753,753,753
810,810,810,810,810,810,810,810,810,810,810
860,857,857,857,857,857,857,857,857,857,857
904,904,904,904,904,904,904,904,904,904,904
942,939,939,939,939,939,939,939,939,940,940
973,973,973,973,973,973,973,973,973,973,973
998,995,995,995,995,995,995,995,995,995,995
1014,1014,1014,1014,1014,1014,1014,1014,1014,1014,1014
1022,1019,1019,1019,1019,1019,1019,1019,1019,1019,1019
1023,1023,1023,1023,1023,1023,1023,1023,1023,1023,1023
1015,1012,1012,1012,1012,1012,1012,1012,1012,1012,1012
999,999,999,999,999,999,999,999,999,999,999
976,973,973,973,973,973,973,973,973,973,973
945,945,945,945,945,945,945,945,945,945,945
908,905,905,905,905,905,905,905,905,905,905
864,864,864,864,864,864,864,864,864,864,864
815,812,812,812,812,812,812,812,811,811,811
761,761,761,761,761,761,761,761,761,761,761
703,700,700,700,700,699,699,699,699,699,699
642,642,642,642,642,642,642,642,642,642,642
579,576,576,575,575,575,575,575,575,575,575
515,515,515,515,515,515,515,515,515,515,515
450,447,447,447,447,447,447,447,447,447,447
387,387,387,387,387,387,387,387,387,387,387
326,323,323,323,323,323,323,322,322,322,322
268,268,268,268,268,268,268,268,268,268,268
213,210,210,210,210,210,210,210,210,210,210
163,163,163,163,163,163,163,163,163,163,163
119,116,116,116,116,116,116,116,116,116,116
81,81,81,81,81,81,81,81,81,81,81
50,47,46,46,46,46,46,46,46,46,46
26,26,26,26,26,26,26,26,26,26,26
9,6,6,6,6,6,6,6,6,6,6
1,1,1,1,1,1,1,1,1,1,1
0,0,0,0,0,0,0,0,0,0,0
8,8,8,8,8,8,8,8,8,8,8
24,21,21,21,21,21,21,21,21,21,21
47,47,47,47,47,47,47,47,47,47,47
78,75,75,75,75,75,75,75,75,75,75
115,115,115,115,115,115,115,115,115,115,115
159,156,156,156,156,156,156,156,156,156,156
208,208,208,208,208,208,208,208,208,208,208
262,259,259,259,259,259,259,260,260,260,260
320,320,320,320,320,320,320,320,320,320,320
381,378,378,378,378,378,379,379,379,379,379
444,444,444,444,444,444,444,444,444,444,444
508,505,505,506,506,506,506,506,506,506,506
573,573,573,573,573,573,573,573,573,573,573
636,633,633,633,633,633,633,633,633,633,633
697,697,697,697,697,697,697,697,697,697,697
755,752,752,753,753,753,753,753,753,753,753
810,810,810,810,810,810,810,810,810,810,810
860,857,857,857,857,857,857,857,857,857,857
904,904,904,904,904,904,904,904,904,904,904
942,939,939,939,939,939,939,939,939,939,939
973,973,973,973,973,973,973,973,973,973,973
997,994,994,995,995,995,995,995,995,995,995
1014,1014,1014,1014,1014,1014,1014,1014,1014,1014,1014
1022,1019,1019,1019,1019,1019,1019,1019,1019,1019,1019
1023,1023,1023,1023,1023,1023,1023,1023,1023,1023,1023
1015,1012,1012,1012,1012,1012,1012,1012,1012,1012,1012
999,999,999,999,999,999,999,999,999,999,999
976,973,973,973,973,973,973,973,973,973,973
946,946,946,946,946,946,946,946,946,946,946
908,905,905,905,905,905,905,905,905,905,905
864,864,864,864,864,864,864,864,864,864,864
815,812,812,812,812,812,812,812,812,812,812
761,761,761,761,761,761,761,761,761,761,761
703,700,700,700,700,700,700,700,699,699,699
642,642,642,642,642,642,642,642,642,642,642
579,576,576,576,576,576,575,575,575,575,575
515,515,515,515,515,515,515,515,515,515,515
451,447,447,447,447,447,447,447,447,447,447
387,387,387,387,387,387,387,387,387,387,387
326,323,323,323,323,323,323,323,323,323,322
268,268,268,268,268,268,268,268,268,268,268
213,210,210,210,210,210,210,210,210,210,210
163,163,163,163,163,163,163,163,163,163,163
119,116,116,116,116,116,116,116,116,116,116
81,81,81,81,81,81,81,81,81,81,81
50,47,47,47,47,46,46,46,46,46,46
26,26,26,26,26,26,26,26,26,26,26
9,6,6,6,6,6,6,6,6,6,6
1,1,1,1,1,1,1,1,1,1,1
0,0,0,0,0,0,0,0,0,0,0
8,8,8,8,8,8,8,8,8,8,8
24,21,21,21,21,21,21,21,21,21,21
47,47,47,47,47,47,47,47,47,47,47
77,74,75,75,75,75,75,75,75,75,75
115,115,115,115,115,115,115,115,115,115,115
159,156,156,156,156,156,156,156,156,156,156
208,208,208,208,208,208,208,208,208,208,208
262,259,259,259,259,259,259,259,259,259,259
320,320,320,320,320,320,320,320,320,320,320
381,378,378,378,378,378,378,378,378,379,379
444,444,444,444,444,444,444,444,444,444,444
508,505,505,505,505,505,506,506,506,506,506
572,572,572,572,572,572,572,572,572,572,572
636,633,633,633,633,633,633,633,633,633,633
697,697,697,697,697,697,697,697,697,697,697
755,752,752,752,752,752,753,753,753,753,753
810,810,810,810,810,810,810,810,810,810,810
860,857,857,857,857,857,857,857,857,857,857
904,904,904,904,904,904,904,904,904,904,904
942,939,939,939,939,939,939,939,939,939,939
973,973,973,973,973,973,973,973,973,973,973
997,994,994,994,994,994,995,995,995,995,995
1014,1014,1014,1014,1014,1014,1014,1014,1014,1014,1014
1022,1019,1019,1019,1019,1019,1019,1019,1019,1019,1019
1023,1023,1023,1023,1023,1023,1023,1023,1023,1023,1023
1015,1012,1012,1012,1012,1012,1012,1012,1012,1012,1012
999,999,999,999,999,999,999,999,999,999,999
976,973,973,973,973,973,973,973,973,973,973
946,946,946,946,946,946,946,946,946,946,946
908,905,905,905,905,905,905,905,905,905,905
864,864,864,864,864,864,864,864,864,864,864
815,812,812,812,812,812,812,812,812,812,812
761,761,761,761,761,761,761,761,761,761,761
703,700,700,700,700,700,700,700,700,700,700
642,642,642,642,642,642,642,642,642,642,642
579,576,576,576,576,576,576,576,576,576,575
515,515,515,515,515,515,515,515,515,515,515
451,448,448,448,447,447,447,447,447,447,447
388,388,388,388,388,388,388,388,388,388,388
326,323,323,323,323,323,323,323,323,323,323
268,268,268,268,268,268,268,268,268,268,268
213,210,210,210,210,210,210,210,210,210,210
164,164,164,164,164,164,164,164,164,164,164
119,116,116,116,116,116,116,116,116,116,116
81,81,81,81,81,81,81,81,81,81,81
50,47,47,47,47,47,47,47,46,46,46
26,26,26,26,26,26,26,26,26,26,26
9,6,6,6,6,6,6,6,6,6,6
1,1,1,1,1,1,1,1,1,1,1
0,0,0,0,0,0,0,0,0,0,0
8,8,8,8,8,8,8,8,8,8,8
23,21,21,21,21,21,21,21,21,21,21
47,47,47,47,47,47,47,47,47,47,47
77,74,74,74,74,75,75,75,75,75,75
115,115,115,115,115,115,115,115,115,115,115
158,156,156,156,156,156,156,156,156,156,156
208,208,208,208,208,208,208,208,208,208,208
262,259,259,259,259,259,259,259,259,259,259
320,320,320,320,320,320,320,320,320,320,320
381,378,378,378,378,378,378,378,378,378,378
444,444,444,444,444,444,444,444,444,444,444
508,505,505,505,505,505,505,505,505,506,506
572,572,572,572,572,572,572,572,572,572,572
635,632,633,633,633,633,633,633,633,633,633
697,697,697,697,697,697,697,697,697,697,697
755,752,752,752,752,752,752,752,752,753,753
810,810,810,810,810,810,810,810,810,810,810
859,856,856,857,857,857,857,857,857,857,857
904,904,904,904,904,904,904,904,904,904,904
942,939,939,939,939,939,939,939,939,939,939
973,973,973,973,973,973,973,973,973,973,973
997,994,994,994,994,994,994,994,994,995,995
1014,1014,1014,1014,1014,1014,1014,1014,1014,1014,1014
1022,1019,1019,1019,1019,1019,1019,1019,1019,1019,1019
1023,1023,1023,1023,1023,1023,1023,1023,1023,1023,1023
1015,1012,1012,1012,1012,1012,1012,1012,1012,1012,1012
1000,1000,1000,1000,1000,1000,1000,1000,1000,1000,1000
976,973,973,973,973,973,973,973,973,973,973
946,946,946,946,946,946,946,946,946,946,946
908,905,905,905,905,905,905,905,905,905,905
865,865,865,865,865,865,865,865,865,865,865
815,812,812,812,812,812,812,812,812,812,812
761,761,761,761,761,761,761,761,761,761,761
703,700,700,700,700,700,700,700,700,700,700
642,642,642,642,642,642,642,642,642,642,642
579,576,576,576,576,576,576,576,576,576,576
515,515,515,515,515,515,515,515,515,515,515
451,448,448,448,448,448,448,447,447,447,447
388,388,388,388,388,388,388,388,388,388,388
326,323,323,323,323,323,323,323,323,323,323
268,268,268,268,268,268,268,268,268,268,268
214,210,210,210,210,210,210,210,210,210,210
164,164,164,164,164,164,164,164,164,164,164
119,116,116,116,116,116,116,116,116,116,116
81,81,81,81,81,81,81,81,81,81,81
50,47,47,47,47,47,47,47,47,47,47
26,26,26,26,26,26,26,26,26,26,26
9,6,6,6,6,6,6,6,6,6,6
1,1,1,1,1,1,1,1,1,1,1
0,0,0,0,0,0,0,0,0,0,0
8,8,8,8,8,8,8,8,8,8,8
23,20,20,20,21,21,21,21,21,21,21
47,47,47,47,47,47,47,47,47,47,47
77,74,74,74,74,74,74,74,75,75,75
115,115,115,115,115,115,115,115,115,115,115
158,155,155,155,156,156,156,156,156,156,156
208,208,208,208,208,208,208,208,208,208,208
262,259,259,259,259,259,259,259,259,259,259
320,320,320,320,320,320,320,320,320,320,320
381,378,378,378,378,378,378,378,378,378,378
444,444,444,444,444,444,444,444,444,444,444
508,505,505,505,505,505,505,505,505,505,505
572,572,572,572,572,572,572,572,572,572,572
635,632,632,632,632,633,633,633,633,633,633
696,696,696,696,696,696,696,696,696,696,696
755,752,752,752,752,752,752,752,752,752,752
809,809,809,809,809,809,809,809,809,809,809
859,856,856,856,856,856,857,857,857,857,857
904,904,904,904,904,904,904,904,904,904,904
942,939,939,939,939,939,939,939,939,939,939
973,973,973,973,973,973,973,973,973,973,973
997,994,994,994,994,994,994,994,994,994,994
1014,1014,1014,1014,1014,1014,1014,1014,1014,1014,1014
1022,1019,1019,1019,1019,1019,1019,1019,1019,1019,1019
1023,1023,1023,1023,1023,1023,1023,1023,1023,1023,1023
1015,1012,1012,1012,1012,1012,1012,1012,1012,1012,1012
1000,1000,1000,1000,1000,1000,1000,1000,1000,1000,1000
976,973,973,973,973,973,973,973,973,973,973
946,946,946,946,946,946,946,946,946,946,946
908,905,905,905,905,905,905,905,905,905,905
865,865,865,865,865,865,865,865,865,865,865
816,812,812,812,812,812,812,812,812,812,812
761,761,761,761,761,761,761,761,761,761,761
704,700,700,700,700,700,700,700,700,700,700
643,643,643,643,643,643,643,643,643,643,643
579,576,576,576,576,576,576,576,576,576,576
515,515,515,515,515,515,515,515,515,515,515
451,448,448,448,448,448,448,448,448,448,447
388,388,388,388,388,388,388,388,388,388,388
327,324,323,323,323,323,323,323,323,323,323
268,268,268,268,268,268,268,268,268,268,268
214,211,211,211,210,210,210,210,210,210,210
164,164,164,164,164,164,164,164,164,164,164
119,116,116,116,116,116,116,116,116,116,116
81,81,81,81,81,81,81,81,81,81,81
50,47,47,47,47,47,47,47,47,47,47
26,26,26,26,26,26,26,26,26,26,26
9,6,6,6,6,6,6,6,6,6,6
1,1,1,1,1,1,1,1,1,1,1
0,0,0,0,0,0,0,0,0,0,0
8,8,8,8,8,8,8,8,8,8,8
23,20,20,20,20,20,20,21,21,21,21
47,47,47,47,47,47,47,47,47,47,47
77,74,74,74,74,74,74,74,74,74,74
115,115,115,115,115,115,115,115,115,115,115
158,155,155,155,155,155,155,156,156,156,156
207,207,207,207,207,207,207,207,207,207,207
261,258,259,259,259,259,259,259,259,259,259
319,319,319,319,319,319,319,319,319,319,319
380,377,378,378,378,378,378,378,378,378,378
443,443,443,443,443,443,443,443,443,443,443
508,505,505,505,505,505,505,505,505,505,505
572,572,572,572,572,572,572,572,572,572,572
635,632,632,632,632,632,632,632,633,633,633
696,696,696,696,696,696,696,696,696,696,696
755,752,752,752,752,752,752,752,752,752,752
809,809,809,809,809,809,809,809,809,809,809
859,856,856,856,856,856,856,856,856,857,857
903,903,903,903,903,903,903,903,903,903,903
942,939,939,939,939,939,939,939,939,939,939
973,973,973,973,973,973,973,973,973,973,973
997,994,994,994,994,994,994,994,994,994,994
1014,1014,1014,1014,1014,1014,1014,1014,1014,1014,1014
1022,1019,1019,1019,1019,1019,1019,1019,1019,1019,1019
1023,1023,1023,1023,1023,1023,1023,1023,1023,1023,1023
1015,1012,1012,1012,1012,1012,1012,1012,1012,1012,1012
1000,1000,1000,1000,1000,1000,1000,1000,1000,1000,1000
976,973,973,973,973,973,973,973,973,973,973
946,946,946,946,946,946,946,946,946,946,946
909,905,905,905,905,905,905,905,905,905,905
865,865,865,865,865,865,865,865,865,865,865
816,813,813,813,812,812,812,812,812,812,812
762,762,762,762,762,762,762,762,762,762,762
704,701,701,701,700,700,700,700,700,700,700
643,643,643,643,643,643,643,643,643,643,643
580,577,577,576,576,576,576,576,576,576,576
516,516,516,516,516,516,516,516,516,516,516
451,448,448,448,448,448,448,448,448,448,448
388,388,388,388,388,388,388,388,388,388,388
327,324,324,324,324,323,323,323,323,323,323
268,268,268,268,268,268,268,268,268,268,268
214,211,211,211,211,211,211,210,210,210,210
164,164,164,164,164,164,164,164,164,164,164
120,117,117,116,116,116,116,116,116,116,116
81,81,81,81,81,81,81,81,81,81,81
50,47,47,47,47,47,47,47,47,47,47
26,26,26,26,26,26,26,26,26,26,26
9,6,6,6,6,6,6,6,6,6,6
1,1,1,1,1,1,1,1,1,1,1
0,0,0,0,0,0,0,0,0,0,0
8,8,8,8,8,8,8,8,8,8,8
23,20,20,20,20,20,20,20,20,20,21
47,47,47,47,47,47,47,47,47,47,47
77,74,74,74,74,74,74,74,74,74,74
114,114,114,114,114,114,114,114,114,114,114
158,155,155,155,155,155,155,155,155,155,156
207,207,207,207,207,207,207,207,207,207,207
261,258,258,258,258,259,259,259,259,259,259
319,319,319,319,319,319,319,319,319,319,319
380,377,377,377,377,377,378,378,378,378,378
443,443,443,443,443,443,443,443,443,443,443
507,504,505,505,505,505,505,505,505,505,505
572,572,572,572,572,572,572,572,572,572,572
635,632,632,632,632,632,632,632,632,632,632
696,696,696,696,696,696,696,696,696,696,696
755,752,752,752,752,752,752,752,752,752,752
809,809,809,809,809,809,809,809,809,809,809
859,856,856,856,856,856,856,856,856,856,856
903,903,903,903,903,903,903,903,903,903,903
942,939,939,939,939,939,939,939,939,939,939
973,973,973,973,973,973,973,973,973,973,973
997,994,994,994,994,994,994,994,994,994,994
1014,1014,1014,1014,1014,1014,1014,1014,1014,1014,1014
1022,1019,1019,1019,1019,1019,1019,1019,1019,1019,1019
1023,1023,1023,1023,1023,1023,1023,1023,1023,1023,1023
1015,1012,1012,1012,1012,1012,1012,1012,1012,1012,1012
1000,1000,1000,1000,1000,1000,1000,1000,1000,1000,1000
977,974,973,973,973,973,973,973,973,973,973
946,946,946,946,946,946,946,946,946,946,946
909,906,906,906,906,905,905,905,905,905,905
865,865,865,865,865,865,865,865,865,865,865
816,813,813,813,813,813,813,812,812,812,812
762,762,762,762,762,762,762,762,762,762,762
704,701,701,701,701,701,701,700,700,700,700
643,643,643,643,643,643,643,643,643,643,643
580,577,577,577,577,577,576,576,576,576,576
516,516,516,516,516,516,516,516,516,516,516
452,448,448,448,448,448,448,448,448,448,448
388,388,388,388,388,388,388,388,388,388,388
327,324,324,324,324,324,324,324,323,323,323
269,269,269,269,269,269,269,269,269,269,269
214,211,211,211,211,211,211,211,211,211,210
164,164,164,164,164,164,164,164,164,164,164
120,117,117,117,117,117,116,116,116,116,116
81,81,81,81,81,81,81,81,81,81,81
50,47,47,47,47,47,47,47,47,47,47
26,26,26,26,26,26,26,26,26,26,26
9,6,6,6,6,6,6,6,6,6,6
1,1,1,1,1,1,1,1,1,1,1
0,0,0,0,0,0,0,0,0,0,0
8,8,8,8,8,8,8,8,8,8,8
23,20,20,20,20,20,20,20,20,20,20
46,46,46,46,46,46,46,46,46,46,46
77,74,74,74,74,74,74,74,74,74,74
114,114,114,114,114,114,114,114,114,114,114
158,155,155,155,155,155,155,155,155,155,155
207,207,207,207,207,207,207,207,207,207,207
261,258,258,258,258,258,258,258,259,259,259
319,319,319,319,319,319,319,319,319,319,319
380,377,377,377,377,377,377,377,377,378,378
443,443,443,443,443,443,443,443,443,443,443
507,504,504,504,504,505,505,505,505,505,505
571,571,571,571,571,571,571,571,571,571,571
635,632,632,632,632,632,632,632,632,632,632
696,696,696,696,696,696,696,696,696,696,696
754,751,751,752,752,752,752,752,752,752,752
809,809,809,809,809,809,809,809,809,809,809
859,856,856,856,856,856,856,856,856,856,856
903,903,903,903,903,903,903,903,903,903,903
941,938,939,939,939,939,939,939,939,939,939
973,973,973,973,973,973,973,973,973,973,973
997,994,994,994,994,994,994,994,994,994,994
1014,1014,1014,1014,1014,1014,1014,1014,1014,1014,1014
1022,1019,1019,1019,1019,1019,1019,1019,1019,1019,1019
1023,1023,1023,1023,1023,1023,1023,1023,1023,1023,1023
1015,1012,1012,1012,1012,1012,1012,1012,1012,1012,1012
1000,1000,1000,1000,1000,1000,1000,1000,1000,1000,1000
977,974,974,974,974,973,973,973,973,973,973
946,946,946,946,946,946,946,946,946,946,946
909,906,906,906,906,906,906,906,905,905,905
865,865,865,865,865,865,865,865,865,865,865
816,813,813,813,813,813,813,813,813,813,812
762,762,762,762,762,762,762,762,762,762,762
704,701,701,701,701,701,701,701,701,701,700
643,643,643,643,643,643,643,643,643,643,643
580,577,577,577,577,577,577,577,577,576,576
516,516,516,516,516,516,516,516,516,516,516
452,449,449,449,448,448,448,448,448,448,448
388,388,388,388,388,388,388,388,388,388,388
327,324,324,324,324,324,324,324,324,324,324
269,269,269,269,269,269,269,269,269,269,269
214,211,211,211,211,211,211,211,211,211,211
164,164,164,164,164,164,164,164,164,164,164
120,117,117,117,117,117,117,117,117,116,116
82,82,82,82,82,82,82,82,82,82,82
50,47,47,47,47,47,47,47,47,47,47
26,26,26,26,26,26,26,26,26,26,26
9,6,6,6,6,6,6,6,6,6,6
1,1,1,1,1,1,1,1,1,1,1
0,0,0,0,0,0,0,0,0,0,0
8,8,8,8,8,8,8,8,8,8,8
23,20,20,20,20,20,20,20,20,20,20
46,46,46,46,46,46,46,46,46,46,46
77,74,74,74,74,74,74,74,74,74,74
114,114,114,114,114,114,114,114,114,114,114
158,155,155,155,155,155,155,155,155,155,155
207,207,207,207,207,207,207,207,207,207,207
261,258,258,258,258,258,258,258,258,258,258
319,319,319,319,319,319,319,319,319,319,319
380,377,377,377,377,377,377,377,377,377,377
443,443,443,443,443,443,443,443,443,443,443
507,504,504,504,504,504,504,504,504,505,505
571,571,571,571,571,571,571,571,571,571,571
634,632,632,632,632,632,632,632,632,632,632
696,696,696,696,696,696,696,696,696,696,696
754,751,751,751,751,751,752,752,752,752,752
809,809,809,809,809,809,809,809,809,809,809
859,856,856,856,856,856,856,856,856,856,856
903,903,903,903,903,903,903,903,903,903,903
941,938,938,938,938,939,939,939,939,939,939
973,973,973,973,973,973,973,973,973,973,973
997,994,994,994,994,994,994,994,994,994,994
1014,1014,1014,1014,1014,1014,1014,1014,1014,1014,1014
1022,1019,1019,1019,1019,1019,1019,1019,1019,1019,1019
1023,1023,1023,1023,1023,1023,1023,1023,1023,1023,1023
1015,1012,1012,1012,1012,1012,1012,1012,1012,1012,1012
1000,1000,1000,1000,1000,1000,1000,1000,1000,1000,1000
977,974,974,974,974,974,974,974,973,973,973
946,946,946,946,946,946,946,946,946,946,946
909,906,906,906,906,906,906,906,906,906,906
865,865,865,865,865,865,865,865,865,865,865
816,813,813,813,813,813,813,813,813,813,813
762,762,762,762,762,762,762,762,762,762,762
704,701,701,701,701,701,701,701,701,701,701
643,643,643,643,643,643,643,643,643,643,643
580,577,577,577,577,577,577,577,577,577,577
516,516,516,516,516,516,516,516,516,516,516
452,449,449,449,449,449,449,448,448,448,448
389,389,389,389,389,389,389,389,389,389,389
327,324,324,324,324,324,324,324,324,324,324
269,269,269,269,269,269,269,269,269,269,269
214,211,211,211,211,211,211,211,211,211,211
164,164,164,164,164,164,164,164,164,164,164
120,117,117,117,117,117,117,117,117,117,117
82,82,82,82,82,82,82,82,82,82,82
50,47,47,47,47,47,47,47,47,47,47
26,26,26,26,26,26,26,26,26,26,26
9,6,6,6,6,6,6,6,6,6,6
1,1,1,1,1,1,1,1,1,1,1
0,0,0,0,0,0,0,0,0,0,0
8,8,8,8,8,8,8,8,8,8,8
23,20,20,20,20,20,20,20,20,20,20
46,46,46,46,46,46,46,46,46,46,46
77,74,74,74,74,74,74,74,74,74,74
114,114,114,114,114,114,114,114,114,114,114
158,155,155,155,155,155,155,155,155,155,155
207,207,207,207,207,207,207,207,207,207,207
261,258,258,258,258,258,258,258,258,258,258
319,319,319,319,319,319,319,319,319,319,319
380,377,377,377,377,377,377,377,377,377,377
443,443,443,443,443,443,443,443,443,443,443
507,504,504,504,504,504,504,504,504,504,504
571,571,571,571,571,571,571,571,571,571,571
634,631,631,631,632,632,632,632,632,632,632
696,696,696,696,696,696,696,696,696,696,696
754,751,751,751,751,751,751,751,751,752,752
809,809,809,809,809,809,809,809,809,809,809
859,856,856,856,856,856,856,856,856,856,856
903,903,903,903,903,903,903,903,903,903,903
941,938,938,938,938,938,938,938,939,939,939
973,973,973,973,973,973,973,973,973,973,973
997,994,994,994,994,994,994,994,994,994,994
1014,1014,1014,1014,1014,1014,1014,1014,1014,1014,1014
1022,1019,1019,1019,1019,1019,1019,1019,1019,1019,1019
1023,1023,1023,1023,1023,1023,1023,1023,1023,1023,1023
1015,1012,1012,1012,1012,1012,1012,1012,1012,1012,1012
1000,1000,1000,1000,1000,1000,1000,1000,1000,1000,1000
977,974,974,974,974,974,974,974,974,974,974
946,946,946,946,946,946,946,946,946,946,946
909,906,906,906,906,906,906,906,906,906,906
865,865,865,865,865,865,865,865,865,865,865
816,813,813,813,813,813,813,813,813,813,813
762,762,762,762,762,762,762,762,762,762,762
704,701,701,701,701,701,701,701,701,701,701
643,643,643,643,643,643,643,643,643,643,643
580,577,577,577,577,577,577,577,577,577,577
516,516,516,516,516,516,516,516,516,516,516
452,449,449,449,449,449,449,449,449,449,448
389,389,389,389,389,389,389,389,389,389,389
328,324,324,324,324,324,324,324,324,324,324
269,269,269,269,269,269,269,269,269,269,269
214,211,211,211,211,211,211,211,211,211,211
165,165,165,165,165,165,165,165,165,165,165
120,117,117,117,117,117,117,117,117,117,117
82,82,82,82,82,82,82,82,82,82,82
50,47,47,47,47,47,47,47,47,47,47
26,26,26,26,26,26,26,26,26,26,26
10,6,6,6,6,6,6,6,6,6,6
1,1,1,1,1,1,1,1,1,1,1
0,0,0,0,0,0,0,0,0,0,0
8,8,8,8,8,8,8,8,8,8,8
23,20,20,20,20,20,20,20,20,20,20
46,46,46,46,46,46,46,46,46,46,46
77,74,74,74,74,74,74,74,74,74,74
114,114,114,114,114,114,114,114,114,114,114
157,155,155,155,155,155,155,155,155,155,155
207,207,207,207,207,207,207,207,207,207,207
261,258,258,258,258,258,258,258,258,258,258
318,318,318,318,318,318,318,318,318,318,318
379,376,377,377,377,377,377,377,377,377,377
442,442,442,442,442,442,442,442,442,442,442
507,504,504,504,504,504,504,504,504,504,504
571,571,571,571,571,571,571,571,571,571,571
634,631,631,631,631,631,631,631,632,632,632
695,695,695,695,695,695,695,695,695,695,695
754,751,751,751,751,751,751,751,751,751,751
808,808,808,808,808,808,808,808,808,808,808
858,855,855,856,856,856,856,856,856,856,856
903,903,903,903,903,903,903,903,903,903,903
941,938,938,938,938,938,938,938,938,938,938
973,973,973,973,973,973,973,973,973,973,973
997,994,994,994,994,994,994,994,994,994,994
1013,1013,1013,1013,1013,1013,1013,1013,1013,1013,1013
1022,1019,1019,1019,1019,1019,1019,1019,1019,1019,1019
1023,1023,1023,1023,1023,1023,1023,1023,1023,1023,1023
1015,1012,1012,1012,1012,1012,1012,1012,1012,1012,1012
1000,1000,1000,1000,1000,1000,1000,1000,1000,1000,1000
977,974,974,974,974,974,974,974,974,974,974
946,946,946,946,946,946,946,946,946,946,946
909,906,906,906,906,906,906,906,906,906,906
866,866,866,866,866,866,866,866,866,866,866
816,813,813,813,813,813,813,813,813,813,813
763,763,763,763,763,763,763,763,763,763,763
705,702,701,701,701,701,701,701,701,701,701
644,644,644,644,644,644,644,644,644,644,644
581,578,578,577,577,577,577,577,577,577,577
517,517,517,517,517,517,517,517,517,517,517
452,449,449,449,449,449,449,449,449,449,449
389,389,389,389,389,389,389,389,389,389,389
328,325,325,325,324,324,324,324,324,324,324
269,269,269,269,269,269,269,269,269,269,269
215,212,212,211,211,211,211,211,211,211,211
165,165,165,165,165,165,165,165,165,165,165
120,117,117,117,117,117,117,117,117,117,117
82,82,82,82,82,82,82,82,82,82,82
50,47,47,47,47,47,47,47,47,47,47
26,26,26,26,26,26,26,26,26,26,26
10,7,7,7,6,6,6,6,6,6,6
1,1,1,1,1,1,1,1,1,1,1
0,0,0,0,0,0,0,0,0,0,0
8,8,8,8,8,8,8,8,8,8,8
23,20,20,20,20,20,20,20,20,20,20
46,46,46,46,46,46,46,46,46,46,46
77,74,74,74,74,74,74,74,74,74,74
114,114,114,114,114,114,114,114,114,114,114
157,154,154,154,155,155,155,155,155,155,155
206,206,206,206,206,206,206,206,206,206,206
260,257,258,258,258,258,258,258,258,258,258
318,318,318,318,318,318,318,318,318,318,318
379,376,376,376,376,377,377,377,377,377,377
442,442,442,442,442,442,442,442,442,442,442
506,503,504,504,504,504,504,504,504,504,504
571,571,571,571,571,571,571,571,571,571,571
634,631,631,631,631,631,631,631,631,631,631
695,695,695,695,695,695,695,695,695,695,695
754,751,751,751,751,751,751,751,751,751,751
808,808,808,808,808,808,808,808,808,808,808
858,855,855,855,855,855,856,856,856,856,856
903,903,903,903,903,903,903,903,903,903,903
941,938,938,938,938,938,938,938,938,938,938
973,973,973,973,973,973,973,973,973,973,973
997,994,994,994,994,994,994,994,994,994,994
1013,1013,1013,1013,1013,1013,1013,1013,1013,1013,1013
1022,1019,1019,1019,1019,1019,1019,1019,1019,1019,1019
1023,1023,1023,1023,1023,1023,1023,1023,1023,1023,1023
1015,1012,1012,1012,1012,1012,1012,1012,1012,1012,1012
1000,1000,1000,1000,1000,1000,1000,1000,1000,1000,1000
977,974,974,974,974,974,974,974,974,974,974
947,947,947,947,947,947,947,947,947,947,947
909,906,906,906,906,906,906,906,906,906,906
866,866,866,866,866,866,866,866,866,866,866
817,814,814,813,813,813,813,813,813,813,813
763,763,763,763,763,763,763,763,763,763,763
705,702,702,702,702,701,701,701,701,701,701
644,644,644,644,644,644,644,644,644,644,644
581,578,578,578,578,578,577,577,577,577,577
517,517,517,517,517,517,517,517,517,517,517
452,449,449,449,449,449,449,449,449,449,449
389,389,389,389,389,389,389,389,389,389,389
328,325,325,325,325,325,325,324,324,324,324
269,269,269,269,269,269,269,269,269,269,269
215,212,212,212,212,212,211,211,211,211,211
165,165,165,165,165,165,165,165,165,165,165
120,117,117,117,117,117,117,117,117,117,117
82,82,82,82,82,82,82,82,82,82,82
50,47,47,47,47,47,47,47,47,47,47
26,26,26,26,26,26,26,26,26,26,26
10,7,7,7,7,7,7,6,6,6,6
1,1,1,1,1,1,1,1,1,1,1
0,0,0,0,0,0,0,0,0,0,0
8,8,8,8,8,8,8,8,8,8,8
23,20,20,20,20,20,20,20,20,20,20
46,46,46,46,46,46,46,46,46,46,46
76,73,73,74,74,74,74,74,74,74,74
114,114,114,114,114,114,114,114,114,114,114
157,154,154,154,154,154,154,155,155,155,155
206,206,206,206,206,206,206,206,206,206,206
260,257,257,257,257,258,258,258,258,258,258
318,318,318,318,318,318,318,318,318,318,318
379,376,376,376,376,376,376,376,377,377,377
442,442,442,442,442,442,442,442,442,442,442
506,503,503,503,503,504,504,504,504,504,504
570,570,570,570,570,570,570,570,570,570,570
634,631,631,631,631,631,631,631,631,631,631
695,695,695,695,695,695,695,695,695,695,695
753,751,751,751,751,751,751,751,751,751,751
808,808,808,808,808,808,808,808,808,808,808
858,855,855,855,855,855,855,855,855,856,856
903,903,903,903,903,903,903,903,903,903,903
941,938,938,938,938,938,938,938,938,938,938
972,972,972,972,972,972,972,972,972,972,972
997,994,994,994,994,994,994,994,994,994,994
1013,1013,1013,1013,1013,1013,1013,1013,1013,1013,1013
1022,1019,1019,1019,1019,1019,1019,1019,1019,1019,1019
1023,1023,1023,1023,1023,1023,1023,1023,1023,1023,1023
1015,1012,1012,1012,1012,1012,1012,1012,1012,1012,1012
1000,1000,1000,1000,1000,1000,1000,1000,1000,1000,1000
977,974,974,974,974,974,974,974,974,974,974
947,947,947,947,947,947,947,947,947,947,947
909,906,906,906,906,906,906,906,906,906,906
866,866,866,866,866,866,866,866,866,866,866
817,814,814,814,814,814,813,813,813,813,813
763,763,763,763,763,763,763,763,763,763,763
705,702,702,702,702,702,702,702,702,701,701
644,644,644,644,644,644,644,644,644,644,644
581,578,578,578,578,578,578,578,578,577,577
517,517,517,517,517,517,517,517,517,517,517
453,450,450,450,449,449,449,449,449,449,449
389,389,389,389,389,389,389,389,389,389,389
328,325,325,325,325,325,325,325,325,325,324
270,270,270,270,270,270,270,270,270,270,270
215,212,212,212,212,212,212,212,212,211,211
165,165,165,165,165,165,165,165,165,165,165
120,117,117,117,117,117,117,117,117,117,117
82,82,82,82,82,82,82,82,82,82,82
51,48,48,47,47,47,47,47,47,47,47
26,26,26,26,26,26,26,26,26,26,26
10,7,7,7,7,7,7,7,7,7,6
1,1,1,1,1,1,1,1,1,1,1
0,0,0,0,0,0,0,0,0,0,0
8,8,8,8,8,8,8,8,8,8,8
23,20,20,20,20,20,20,20,20,20,20
46,46,46,46,46,46,46,46,46,46,46
76,73,73,73,73,73,74,74,74,74,74
114,114,114,114,114,114,114,114,114,114,114
157,154,154,154,154,154,154,154,154,154,155
206,206,206,206,206,206,206,206,206,206,206
260,257,257,257,257,257,257,257,258,258,258
318,318,318,318,318,318,318,318,318,318,318
379,376,376,376,376,376,376,376,376,376,376
442,442,442,442,442,442,442,442,442,442,442
506,503,503,503,503,503,503,503,504,504,504
570,570,570,570,570,570,570,570,570,570,570
633,631,631,631,631,631,631,631,631,631,631
695,695,695,695,695,695,695,695,695,695,695
753,750,750,750,751,751,751,751,751,751,751
808,808,808,808,808,808,808,808,808,808,808
858,855,855,855,855,855,855,855,855,855,855
902,902,902,902,902,902,902,902,902,902,902
941,938,938,938,938,938,938,938,938,938,938
972,972,972,972,972,972,972,972,972,972,972
997,994,994,994,994,994,994,994,994,994,994
1013,1013,1013,1013,1013,1013,1013,1013,1013,1013,1013
1022,1019,1019,1019,1019,1019,1019,1019,1019,1019,1019
1023,1023,1023,1023,1023,1023,1023,1023,1023,1023,1023
1015,1012,1012,1012,1012,1012,1012,1012,1012,1012,1012
1000,1000,1000,1000,1000,1000,1000,1000,1000,1000,1000
977,974,974,974,974,974,974,974,974,974,974
947,947,947,947,947,947,947,947,947,947,947
910,906,906,906,906,906,906,906,906,906,906
866,866,866,866,866,866,866,866,866,866,866
817,814,814,814,814,814,814,814,814,813,813
763,763,763,763,763,763,763,763,763,763,763
705,702,702,702,702,702,702,702,702,702,702
644,644,644,644,644,644,644,644,644,644,644
581,578,578,578,578,578,578,578,578,578,578
517,517,517,517,517,517,517,517,517,517,517
453,450,450,450,450,450,450,449,449,449,449
390,390,390,390,390,390,390,390,390,390,390
328,325,325,325,325,325,325,325,325,325,325
270,270,270,270,270,270,270,270,270,270,270
215,212,212,212,212,212,212,212,212,212,212
165,165,165,165,165,165,165,165,165,165,165
121,118,118,117,117,117,117,117,117,117,117
82,82,82,82,82,82,82,82,82,82,82
51,48,48,48,48,48,47,47,47,47,47
26,26,26,26,26,26,26,26,26,26,26
10,7,7,7,7,7,7,7,7,7,7
1,1,1,1,1,1,1,1,1,1,1
0,0,0,0,0,0,0,0,0,0,0
8,8,8,8,8,8,8,8,8,8,8
23,20,20,20,20,20,20,20,20,20,20
46,46,46,46,46,46,46,46,46,46,46
76,73,73,73,73,73,73,73,73,74,74
113,113,113,113,113,113,113,113,113,113,113
157,154,154,154,154,154,154,154,154,154,154
206,206,206,206,206,206,206,206,206,206,206
260,257,257,257,257,257,257,257,257,257,257
318,318,318,318,318,318,318,318,318,318,318
379,376,376,376,376,376,376,376,376,376,376
442,442,442,442,442,442,442,442,442,442,442
506,503,503,503,503,503,503,503,503,503,503
570,570,570,570,570,570,570,570,570,570,570
633,630,630,630,631,631,631,631,631,631,631
695,695,695,695,695,695,695,695,695,695,695
753,750,750,750,750,750,750,751,751,751,751
808,808,808,808,808,808,808,808,808,808,808
858,855,855,855,855,855,855,855,855,855,855
902,902,902,902,902,902,902,902,902,902,902
941,938,938,938,938,938,938,938,938,938,938
972,972,972,972,972,972,972,972,972,972,972
997,994,994,994,994,994,994,994,994,994,994
1013,1013,1013,1013,1013,1013,1013,1013,1013,1013,1013
1022,1019,1019,1019,1019,1019,1019,1019,1019,1019,1019
1023,1023,1023,1023,1023,1023,1023,1023,1023,1023,1023
1015,1012,1012,1012,1012,1012,1012,1012,1012,1012,1012
1000,1000,1000,1000,1000,1000,1000,1000,1000,1000,1000
977,974,974,974,974,974,974,974,974,974,974
947,947,947,947,947,947,947,947,947,947,947
910,907,907,907,906,906,906,906,906,906,906
866,866,866,866,866,866,866,866,866,866,866
817,814,814,814,814,814,814,814,814,814,814
763,763,763,763,763,763,763,763,763,763,763
705,702,702,702,702,702,702,702,702,702,702
644,644,644,644,644,644,644,644,644,644,644
581,578,578,578,578,578,578,578,578,578,578
517,517,517,517,517,517,517,517,517,517,517
453,450,450,450,450,450,450,450,450,450,449
390,390,390,390,390,390,390,390,390,390,390
328,325,325,325,325,325,325,325,325,325,325
270,270,270,270,270,270,270,270,270,270,270
215,212,212,212,212,212,212,212,212,212,212
165,165,165,165,165,165,165,165,165,165,165
121,118,118,118,118,118,117,117,117,117,117
82,82,82,82,82,82,82,82,82,82,82
51,48,48,48,48,48,48,48,48,47,47
26,26,26,26,26,26,26,26,26,26,26
10,7,7,7,7,7,7,7,7,7,7
1,1,1,1,1,1,1,1,1,1,1
0,0,0,0,0,0,0,0,0,0,0
8,8,8,8,8,8,8,8,8,8,8
23,20,20,20,20,20,20,20,20,20,20
46,46,46,46,46,46,46,46,46,46,46
76,73,73,73,73,73,73,73,73,73,73
113,113,113,113,113,113,113,113,113,113,113
157,154,154,154,154,154,154,154,154,154,154
206,206,206,206,206,206,206,206,206,206,206
260,257,257,257,257,257,257,257,257,257,257
318,318,318,318,318,318,318,318,318,318,318
378,376,376,376,376,376,376,376,376,376,376
441,441,441,441,441,441,441,441,441,441,441
506,503,503,503,503,503,503,503,503,503,503
570,570,570,570,570,570,570,570,570,570,570
633,630,630,630,630,630,630,631,631,631,631
694,694,694,694,694,694,694,694,694,694,694
753,750,750,750,750,750,750,750,750,750,751
808,808,808,808,808,808,808,808,808,808,808
858,855,855,855,855,855,855,855,855,855,855
902,902,902,902,902,902,902,902,902,902,902
941,938,938,938,938,938,938,938,938,938,938
972,972,972,972,972,972,972,972,972,972,972
997,994,994,994,994,994,994,994,994,994,994
1013,1013,1013,1013,1013,1013,1013,1013,1013,1013,1013
1022,1019,1019,1019,1019,1019,1019,1019,1019,1019,1019
1023,1023,1023,1023,1023,1023,1023,1023,1023,1023,1023
1016,1012,1012,1012,1012,1012,1012,1012,1012,1012,1012
1000,1000,1000,1000,1000,1000,1000,1000,1000,1000,1000
977,974,974,974,974,974,974,974,974,974,974
947,947,947,947,947,947,947,947,947,947,947
910,907,907,907,907,907,907,906,906,906,906
866,866,866,866,866,866,866,866,866,866,866
817,814,814,814,814,814,814,814,814,814,814
763,763,763,763,763,763,763,763,763,763,763
706,702,702,702,702,702,702,702,702,702,702
645,645,645,645,645,645,645,645,645,645,645
582,579,578,578,578,578,578,578,578,578,578
517,517,517,517,517,517,517,517,517,517,517
453,450,450,450,450,450,450,450,450,450,450
390,390,390,390,390,390,390,390,390,390,390
329,326,325,325,325,325,325,325,325,325,325
270,270,270,270,270,270,270,270,270,270,270
215,212,212,212,212,212,212,212,212,212,212
165,165,165,165,165,165,165,165,165,165,165
121,118,118,118,118,118,118,118,118,117,117
82,82,82,82,82,82,82,82,82,82,82
51,48,48,48,48,48,48,48,48,48,48
26,26,26,26,26,26,26,26,26,26,26
10,7,7,7,7,7,7,7,7,7,7
1,1,1,1,1,1,1,1,1,1,1
0,0,0,0,0,0,0,0,0,0,0
7,7,7,7,7,7,7,7,7,7,7
23,20,20,20,20,20,20,20,20,20,20
46,46,46,46,46,46,46,46,46,46,46
76,73,73,73,73,73,73,73,73,73,73
113,113,113,113,113,113,113,113,113,113,113
157,154,154,154,154,154,154,154,154,154,154
206,206,206,206,206,206,206,206,206,206,206
260,257,257,257,257,257,257,257,257,257,257
317,317,317,317,317,317,317,317,317,317,317
378,375,375,375,376,376,376,376,376,376,376
441,441,441,441,441,441,441,441,441,441,441
505,502,503,503,503,503,503,503,503,503,503
570,570,570,570,570,570,570,570,570,570,570
633,630,630,630,630,630,630,630,630,630,631
694,694,694,694,694,694,694,694,694,694,694
753,750,750,750,750,750,750,750,750,750,750
807,807,807,807,807,807,807,807,807,807,807
858,855,855,855,855,855,855,855,855,855,855
902,902,902,902,902,902,902,902,902,902,902
940,938,938,938,938,938,938,938,938,938,938
972,972,972,972,972,972,972,972,972,972,972
997,994,994,994,994,994,994,994,994,994,994
1013,1013,1013,1013,1013,1013,1013,1013,1013,1013,1013
1022,1019,1019,1019,1019,1019,1019,1019,1019,1019,1019
1023,1023,1023,1023,1023,1023,1023,1023,1023,1023,1023
1016,1013,1013,1013,1013,1012,1012,1012,1012,1012,1012
1000,1000,1000,1000,1000,1000,1000,1000,1000,1000,1000
977,974,974,974,974,974,974,974,974,974,974
947,947,947,947,947,947,947,947,947,947,947
910,907,907,907,907,907,907,907,907,907,906
866,866,866,866,866,866,866,866,866,866,866
817,814,814,814,814,814,814,814,814,814,814
764,764,764,764,764,764,764,764,764,764,764
706,703,703,703,702,702,702,702,702,702,702
645,645,645,645,645,645,645,645,645,645,645
582,579,579,579,579,578,578,578,578,578,578
518,518,518,518,518,518,518,518,518,518,518
453,450,450,450,450,450,450,450,450,450,450
390,390,390,390,390,390,390,390,390,390,390
329,326,326,326,326,325,325,325,325,325,325
270,270,270,270,270,270,270,270,270,270,270
216,213,212,212,212,212,212,212,212,212,212
166,166,166,166,166,166,166,166,166,166,166
121,118,118,118,118,118,118,118,118,118,118
83,83,83,83,83,83,83,83,83,83,83
51,48,48,48,48,48,48,48,48,48,48
27,27,27,27,27,27,27,27,27,27,27
10,7,7,7,7,7,7,7,7,7,7
1,1,1,1,1,1,1,1,1,1,1
0,0,0,0,0,0,0,0,0,0,0
7,7,7,7,7,7,7,7,7,7,7
23,20,20,20,20,20,20,20,20,20,20
46,46,46,46,46,46,46,46,46,46,46
76,73,73,73,73,73,73,73,73,73,73
113,113,113,113,113,113,113,113,113,113,113
156,154,154,154,154,154,154,154,154,154,154
206,206,206,206,206,206,206,206,206,206,206
259,256,256,257,257,257,257,257,257,257,257
317,317,317,317,317,317,317,317,317,317,317
378,375,375,375,375,375,375,376,376,376,376
441,441,441,441,441,441,441,441,441,441,441
505,502,502,502,502,503,503,503,503,503,503
569,569,569,569,569,569,569,569,569,569,569
633,630,630,630,630,630,630,630,630,630,630
694,694,694,694,694,694,694,694,694,694,694
753,750,750,750,750,750,750,750,750,750,750
807,807,807,807,807,807,807,807,807,807,807
857,854,854,855,855,855,855,855,855,855,855
902,902,902,902,902,902,902,902,902,902,902
940,937,937,937,938,938,938,938,938,938,938
972,972,972,972,972,972,972,972,972,972,972
996,993,993,994,994,994,994,994,994,994,994
1013,1013,1013,1013,1013,1013,1013,1013,1013,1013,1013
1022,1019,1019,1019,1019,1019,1019,1019,1019,1019,1019
1023,1023,1023,1023,1023,1023,1023,1023,1023,1023,1023
1016,1013,1013,1013,1013,1013,1013,1013,1012,1012,1012
1000,1000,1000,1000,1000,1000,1000,1000,1000,1000,1000
977,974,974,974,974,974,974,974,974,974,974
947,947,947,947,947,947,947,947,947,947,947
910,907,907,907,907,907,907,907,907,907,907
867,867,867,867,867,867,867,867,867,867,867
818,815,814,814,814,814,814,814,814,814,814
764,764,764,764,764,764,764,764,764,764,764
706,703,703,703,703,703,703,702,702,702,702
645,645,645,645,645,645,645,645,645,645,645
582,579,579,579,579,579,579,579,578,578,578
518,518,518,518,518,518,518,518,518,518,518
454,451,451,450,450,450,450,450,450,450,450
390,390,390,390,390,390,390,390,390,390,390
329,326,326,326,326,326,326,326,325,325,325
270,270,270,270,270,270,270,270,270,270,270
216,213,213,213,213,212,212,212,212,212,212
166,166,166,166,166,166,166,166,166,166,166
121,118,118,118,118,118,118,118,118,118,118
83,83,83,83,83,83,83,83,83,83,83
51,48,48,48,48,48,48,48,48,48,48
27,27,27,27,27,27,27,27,27,27,27
10,7,7,7,7,7,7,7,7,7,7
1,1,1,1,1,1,1,1,1,1,1
0,0,0,0,0,0,0,0,0,0,0
7,7,7,7,7,7,7,7,7,7,7
23,20,20,20,20,20,20,20,20,20,20
46,46,46,46,46,46,46,46,46,46,46
76,73,73,73,73,73,73,73,73,73,73
113,113,113,113,113,113,113,113,113,113,113
156,153,153,153,154,154,154,154,154,154,154
205,205,205,205,205,205,205,205,205,205,205
259,256,256,256,256,256,257,257,257,257,257
317,317,317,317,317,317,317,317,317,317,317
378,375,375,375,375,375,375,375,375,375,376
441,441,441,441,441,441,441,441,441,441,441
505,502,502,502,502,502,502,502,503,503,503
569,569,569,569,569,569,569,569,569,569,569
633,630,630,630,630,630,630,630,630,630,630
694,694,694,694,694,694,694,694,694,694,694
752,750,750,750,750,750,750,750,750,750,750
807,807,807,807,807,807,807,807,807,807,807
857,854,854,854,854,854,855,855,855,855,855
902,902,902,902,902,902,902,902,902,902,902
940,937,937,937,937,937,937,938,938,938,938
972,972,972,972,972,972,972,972,972,972,972
996,993,993,993,993,993,994,994,994,994,994
1013,1013,1013,1013,1013,1013,1013,1013,1013,1013,1013
1022,1019,1019,1019,1019,1019,1019,1019,1019,1019,1019
1023,1023,1023,1023,1023,1023,1023,1023,1023,1023,1023
1016,1013,1013,1013,1013,1013,1013,1013,1013,1013,1013
1000,1000,1000,1000,1000,1000,1000,1000,1000,1000,1000
978,974,974,974,974,974,974,974,974,974,974
947,947,947,947,947,947,947,947,947,947,947
910,907,907,907,907,907,907,907,907,907,907
867,867,867,867,867,867,867,867,867,867,867
818,815,815,815,815,814,814,814,814,814,814
764,764,764,764,764,764,764,764,764,764,764
706,703,703,703,703,703,703,703,703,703,702
645,645,645,645,645,645,645,645,645,645,645
582,579,579,579,579,579,579,579,579,579,579
518,518,518,518,518,518,518,518,518,518,518
454,451,451,451,451,451,450,450,450,450,450
391,391,391,391,391,391,391,391,391,391,391
329,326,326,326,326,326,326,326,326,326,326
271,271,271,271,271,271,271,271,271,271,271
216,213,213,213,213,213,213,213,212,212,212
166,166,166,166,166,166,166,166,166,166,166
121,118,118,118,118,118,118,118,118,118,118
83,83,83,83,83,83,83,83,83,83,83
51,48,48,48,48,48,48,48,48,48,48
27,27,27,27,27,27,27,27,27,27,27
10,7,7,7,7,7,7,7,7,7,7
1,1,1,1,1,1,1,1,1,1,1
0,0,0,0,0,0,0,0,0,0,0
7,7,7,7,7,7,7,7,7,7,7
23,20,20,20,20,20,20,20,20,20,20
45,45,45,45,45,45,45,45,45,45,45
76,73,73,73,73,73,73,73,73,73,73
113,113,113,113,113,113,113,113,113,113,113
156,153,153,153,153,153,153,154,154,154,154
205,205,205,205,205,205,205,205,205,205,205
259,256,256,256,256,256,256,256,256,257,257
317,317,317,317,317,317,317,317,317,317,317
378,375,375,375,375,375,375,375,375,375,375
441,441,441,441,441,441,441,441,441,441,441
505,502,502,502,502,502,502,502,502,502,502
569,569,569,569,569,569,569,569,569,569,569
632,629,629,630,630,630,630,630,630,630,630
694,694,694,694,694,694,694,694,694,694,694
752,749,749,749,750,750,750,750,750,750,750
807,807,807,807,807,807,807,807,807,807,807
857,854,854,854,854,854,854,854,854,855,855
902,902,902,902,902,902,902,902,902,902,902
940,937,937,937,937,937,937,937,937,937,938
972,972,972,972,972,972,972,972,972,972,972
996,993,993,993,993,993,993,993,993,994,994
1013,1013,1013,1013,1013,1013,1013,1013,1013,1013,1013
1022,1019,1019,1019,1019,1019,1019,1019,1019,1019,1019
1023,1023,1023,1023,1023,1023,1023,1023,1023,1023,1023
1016,1013,1013,1013,1013,1013,1013,1013,1013,1013,1013
1000,1000,1000,1000,1000,1000,1000,1000,1000,1000,1000
978,975,975,975,974,974,974,974,974,974,974
947,947,947,947,947,947,947,947,947,947,947
910,907,907,907,907,907,907,907,907,907,907
867,867,867,867,867,867,867,867,867,867,867
818,815,815,815,815,815,815,815,814,814,814
764,764,764,764,764,764,764,764,764,764,764
706,703,703,703,703,703,703,703,703,703,703
645,645,645,645,645,645,645,645,645,645,645
582,579,579,579,579,579,579,579,579,579,579
518,518,518,518,518,518,518,518,518,518,518
454,451,451,451,451,451,451,451,451,450,450
391,391,391,391,391,391,391,391,391,391,391
329,326,326,326,326,326,326,326,326,326,326
271,271,271,271,271,271,271,271,271,271,271
216,213,213,213,213,213,213,213,213,213,213
166,166,166,166,166,166,166,166,166,166,166
121,118,118,118,118,118,118,118,118,118,118
83,83,83,83,83,83,83,83,83,83,83
51,48,48,48,48,48,48,48,48,48,48
27,27,27,27,27,27,27,27,27,27,27
10,7,7,7,7,7,7,7,7,7,7
1,1,1,1,1,1,1,1,1,1,1
0,0,0,0,0,0,0,0,0,0,0
7,7,7,7,7,7,7,7,7,7,7
22,20,20,20,20,20,20,20,20,20,20
45,45,45,45,45,45,45,45,45,45,45
76,73,73,73,73,73,73,73,73,73,73
113,113,113,113,113,113,113,113,113,113,113
156,153,153,153,153,153,153,153,153,153,154
205,205,205,205,205,205,205,205,205,205,205
259,256,256,256,256,256,256,256,256,256,256
317,317,317,317,317,317,317,317,317,317,317
378,375,375,375,375,375,375,375,375,375,375
441,441,441,441,441,441,441,441,441,441,441
505,502,502,502,502,502,502,502,502,502,502
569,569,569,569,569,569,569,569,569,569,569
632,629,629,629,629,629,630,630,630,630,630
694,694,694,694,694,694,694,694,694,694,694
752,749,749,749,749,749,749,749,750,750,750
807,807,807,807,807,807,807,807,807,807,807
857,854,854,854,854,854,854,854,854,854,854
902,902,902,902,902,902,902,902,902,902,902
940,937,937,937,937,937,937,937,937,937,937
972,972,972,972,972,972,972,972,972,972,972
996,993,993,993,993,993,993,993,993,993,993
1013,1013,1013,1013,1013,1013,1013,1013,1013,1013,1013
1022,1019,1019,1019,1019,1019,1019,1019,1019,1019,1019
1023,1023,1023,1023,1023,1023,1023,1023,1023,1023,1023
1016,1013,1013,1013,1013,1013,1013,1013,1013,1013,1013
1001,1001,1001,1001,1001,1001,1001,1001,1001,1001,1001
978,975,975,975,975,975,975,974,974,974,974
947,947,947,947,947,947,947,947,947,947,947
910,907,907,907,907,907,907,907,907,907,907
867,867,867,867,867,867,867,867,867,867,867
818,815,815,815,815,815,815,815,815,815,815
764,764,764,764,764,764,764,764,764,764,764
706,703,703,703,703,703,703,703,703,703,703
646,646,646,646,646,646,646,646,646,646,646
583,580,579,579,579,579,579,579,579,579,579
518,518,518,518,518,518,518,518,518,518,518
454,451,451,451,451,451,451,451,451,451,451
391,391,391,391,391,391,391,391,391,391,391
330,326,326,326,326,326,326,326,326,326,326
271,271,271,271,271,271,271,271,271,271,271
216,213,213,213,213,213,213,213,213,213,213
166,166,166,166,166,166,166,166,166,166,166
121,118,118,118,118,118,118,118,118,118,118
83,83,83,83,83,83,83,83,83,83,83
51,48,48,48,48,48,48,48,48,48,48
27,27,27,27,27,27,27,27,27,27,27
10,7,7,7,7,7,7,7,7,7,7
1,1,1,1,1,1,1,1,1,1,1
0,0,0,0,0,0,0,0,0,0,0
7,7,7,7,7,7,7,7,7,7,7
22,19,19,19,20,20,20,20,20,20,20
45,45,45,45,45,45,45,45,45,45,45
75,73,73,73,73,73,73,73,73,73,73
113,113,113,113,113,113,113,113,113,113,113
156,153,153,153,153,153,153,153,153,153,153
205,205,205,205,205,205,205,205,205,205,205
259,256,256,256,256,256,256,256,256,256,256
316,316,316,316,316,316,316,316,316,316,316
377,374,374,375,375,375,375,375,375,375,375
440,440,440,440,440,440,440,440,440,440,440
504,501,502,502,502,502,502,502,502,502,502
569,569,569,569,569,569,569,569,569,569,569
632,629,629,629,629,629,629,629,629,630,630
693,693,693,693,693,693,693,693,693,693,693
752,749,749,749,749,749,749,749,749,749,749
807,807,807,807,807,807,807,807,807,807,807
857,854,854,854,854,854,854,854,854,854,854
901,901,901,901,901,901,901,901,901,901,901
940,937,937,937,937,937,937,937,937,937,937
972,972,972,972,972,972,972,972,972,972,972
996,993,993,993,993,993,993,993,993,993,993
1013,1013,1013,1013,1013,1013,1013,1013,1013,1013,1013
1022,1019,1019,1019,1019,1019,1019,1019,1019,1019,1019
1023,1023,1023,1023,1023,1023,1023,1023,1023,1023,1023
1016,1013,1013,1013,1013,1013,1013,1013,1013,1013,1013
1001,1001,1001,1001,1001,1001,1001,1001,1001,1001,1001
978,975,975,975,975,975,975,975,975,975,974
948,948,948,948,948,948,948,948,948,948,948
911,907,907,907,907,907,907,907,907,907,907
867,867,867,867,867,867,867,867,867,867,867
818,815,815,815,815,815,815,815,815,815,815
764,764,764,764,764,764,764,764,764,764,764
707,704,703,703,703,703,703,703,703,703,703
646,646,646,646,646,646,646,646,646,646,646
583,580,580,580,580,579,579,579,579,579,579
519,519,519,519,519,519,519,519,519,519,519
454,451,451,451,451,451,451,451,451,451,451
391,391,391,391,391,391,391,391,391,391,391
330,327,327,327,326,326,326,326,326,326,326
271,271,271,271,271,271,271,271,271,271,271
216,213,213,213,213,213,213,213,213,213,213
166,166,166,166,166,166,166,166,166,166,166
122,119,119,118,118,118,118,118,118,118,118
83,83,83,83,83,83,83,83,83,83,83
51,48,48,48,48,48,48,48,48,48,48
27,27,27,27,27,27,27,27,27,27,27
10,7,7,7,7,7,7,7,7,7,7
1,1,1,1,1,1,1,1,1,1,1
0,0,0,0,0,0,0,0,0,0,0
7,7,7,7,7,7,7,7,7,7,7
22,19,19,19,19,19,19,20,20,20,20
45,45,45,45,45,45,45,45,45,45,45
75,72,72,72,73,73,73,73,73,73,73
112,112,112,112,112,112,112,112,112,112,112
156,153,153,153,153,153,153,153,153,153,153
205,205,205,205,205,205,205,205,205,205,205
259,256,256,256,256,256,256,256,256,256,256
316,316,316,316,316,316,316,316,316,316,316
377,374,374,374,374,374,375,375,375,375,375
440,440,440,440,440,440,440,440,440,440,440
504,501,501,501,501,502,502,502,502,502,502
568,568,568,568,568,568,568,568,568,568,568
632,629,629,629,629,629,629,629,629,629,629
693,693,693,693,693,693,693,693,693,693,693
752,749,749,749,749,749,749,749,749,749,749
807,807,807,807,807,807,807,807,807,807,807
857,854,854,854,854,854,854,854,854,854,854
901,901,901,901,901,901,901,901,901,901,901
940,937,937,937,937,937,937,937,937,937,937
972,972,972,972,972,972,972,972,972,972,972
996,993,993,993,993,993,993,993,993,993,993
1013,1013,1013,1013,1013,1013,1013,1013,1013,1013,1013
1022,1019,1019,1019,1019,1019,1019,1019,1019,1019,1019
1023,1023,1023,1023,1023,1023,1023,1023,1023,1023,1023
1016,1013,1013,1013,1013,1013,1013,1013,1013,1013,1013
1001,1001,1001,1001,1001,1001,1001,1001,1001,1001,1001
978,975,975,975,975,975,975,975,975,975,975
948,948,948,948,948,948,948,948,948,948,948
911,908,908,908,907,907,907,907,907,907,907
867,867,867,867,867,867,867,867,867,867,867
818,815,815,815,815,815,815,815,815,815,815
765,765,765,765,765,765,765,765,765,765,765
707,704,704,704,704,703,703,703,703,703,703
646,646,646,646,646,646,646,646,646,646,646
583,580,580,580,580,580,580,580,579,579,579
519,519,519,519,519,519,519,519,519,519,519
455,452,452,451,451,451,451,451,451,451,451
391,391,391,391,391,391,391,391,391,391,391
330,327,327,327,327,327,327,326,326,326,326
271,271,271,271,271,271,271,271,271,271,271
217,214,213,213,213,213,213,213,213,213,213
166,166,166,166,166,166,166,166,166,166,166
122,119,119,119,119,119,118,118,118,118,118
83,83,83,83,83,83,83,83,83,83,83
51,48,48,48,48,48,48,48,48,48,48
27,27,27,27,27,27,27,27,27,27,27
10,7,7,7,7,7,7,7,7,7,7
1,1,1,1,1,1,1,1,1,1,1
0,0,0,0,0,0,0,0,0,0,0
7,7,7,7,7,7,7,7,7,7,7
22,19,19,19,19,19,19,19,19,19,20
45,45,45,45,45,45,45,45,45,45,45
75,72,72,72,72,72,72,73,73,73,73
112,112,112,112,112,112,112,112,112,112,112
156,153,153,153,153,153,153,153,153,153,153
205,205,205,205,205,205,205,205,205,205,205
258,255,255,256,256,256,256,256,256,256,256
316,316,316,316,316,316,316,316,316,316,316
377,374,374,374,374,374,374,374,374,375,375
440,440,440,440,440,440,440,440,440,440,440
504,501,501,501,501,501,501,501,502,502,502
568,568,568,568,568,568,568,568,568,568,568
632,629,629,629,629,629,629,629,629,629,629
693,693,693,693,693,693,693,693,693,693,693
752,749,749,749,749,749,749,749,749,749,749
806,806,806,806,806,806,806,806,806,806,806
856,854,854,854,854,854,854,854,854,854,854
901,901,901,901,901,901,901,901,901,901,901
940,937,937,937,937,937,937,937,937,937,937
972,972,972,972,972,972,972,972,972,972,972
996,993,993,993,993,993,993,993,993,993,993
1013,1013,1013,1013,1013,1013,1013,1013,1013,1013,1013
1022,1019,1019,1019,1019,1019,1019,1019,1019,1019,1019
1023,1023,1023,1023,1023,1023,1023,1023,1023,1023,1023
1016,1013,1013,1013,1013,1013,1013,1013,1013,1013,1013
1001,1001,1001,1001,1001,1001,1001,1001,1001,1001,1001
978,975,975,975,975,975,975,975,975,975,975
948,948,948,948,948,948,948,948,948,948,948
911,908,908,908,908,908,908,907,907,907,907
867,867,867,867,867,867,867,867,867,867,867
819,815,815,815,815,815,815,815,815,815,815
765,765,765,765,765,765,765,765,765,765,765
707,704,704,704,704,704,704,704,704,703,703
646,646,646,646,646,646,646,646,646,646,646
583,580,580,580,580,580,580,580,580,580,580
519,519,519,519,519,519,519,519,519,519,519
455,452,452,452,452,452,451,451,451,451,451
392,392,392,392,392,392,392,392,392,392,392
330,327,327,327,327,327,327,327,327,327,326
272,272,272,272,272,272,272,272,272,272,272
217,214,214,214,214,213,213,213,213,213,213
167,167,167,167,167,167,167,167,167,167,167
122,119,119,119,119,119,119,119,119,119,118
83,83,83,83,83,83,83,83,83,83,83
52,48,48,48,48,48,48,48,48,48,48
27,27,27,27,27,27,27,27,27,27,27
10,7,7,7,7,7,7,7,7,7,7
1,1,1,1,1,1,1,1,1,1,1
0,0,0,0,0,0,0,0,0,0,0
7,7,7,7,7,7,7,7,7,7,7
22,19,19,19,19,19,19,19,19,19,19
45,45,45,45,45,45,45,45,45,45,45
75,72,72,72,72,72,72,72,72,72,73
112,112,112,112,112,112,112,112,112,112,112
155,153,153,153,153,153,153,153,153,153,153
204,204,204,204,204,204,204,204,204,204,204
258,255,255,255,255,255,256,256,256,256,256
316,316,316,316,316,316,316,316,316,316,316
377,374,374,374,374,374,374,374,374,374,374
440,440,440,440,440,440,440,440,440,440,440
504,501,501,501,501,501,501,501,501,501,501
568,568,568,568,568,568,568,568,568,568,568
631,628,629,629,629,629,629,629,629,629,629
693,693,693,693,693,693,693,693,693,693,693
751,748,749,749,749,749,749,749,749,749,749
806,806,806,806,806,806,806,806,806,806,806
856,853,853,853,854,854,854,854,854,854,854
901,901,901,901,901,901,901,901,901,901,901
940,937,937,937,937,937,937,937,937,937,937
971,971,971,971,971,971,971,971,971,971,971
996,993,993,993,993,993,993,993,993,993,993
1013,1013,1013,1013,1013,1013,1013,1013,1013,1013,1013
1022,1019,1019,1019,1019,1019,1019,1019,1019,1019,1019
1023,1023,1023,1023,1023,1023,1023,1023,1023,1023,1023
1016,1013,1013,1013,1013,1013,1013,1013,1013,1013,1013
1001,1001,1001,1001,1001,1001,1001,1001,1001,1001,1001
978,975,975,975,975,975,975,975,975,975,975
948,948,948,948,948,948,948,948,948,948,948
911,908,908,908,908,908,908,908,908,908,907
868,868,868,868,868,868,868,868,868,868,868
819,816,816,816,815,815,815,815,815,815,815
765,765,765,765,765,765,765,765,765,765,765
707,704,704,704,704,704,704,704,704,704,704
646,646,646,646,646,646,646,646,646,646,646
583,580,580,580,580,580,580,580,580,580,580
519,519,519,519,519,519,519,519,519,519,519
455,452,452,452,452,452,452,452,452,451,451
392,392,392,392,392,392,392,392,392,392,392
330,327,327,327,327,327,327,327,327,327,327
272,272,272,272,272,272,272,272,272,272,272
217,214,214,214,214,214,214,214,213,213,213
167,167,167,167,167,167,167,167,167,167,167
122,119,119,119,119,119,119,119,119,119,119
83,83,83,83,83,83,83,83,83,83,83
52,49,49,49,48,48,48,48,48,48,48
27,27,27,27,27,27,27,27,27,27,27
10,7,7,7,7,7,7,7,7,7,7
1,1,1,1,1,1,1,1,1,1,1
0,0,0,0,0,0,0,0,0,0,0
7,7,7,7,7,7,7,7,7,7,7
22,19,19,19,19,19,19,19,19,19,19
45,45,45,45,45,45,45,45,45,45,45
75,72,72,72,72,72,72,72,72,72,72
112,112,112,112,112,112,112,112,112,112,112
155,152,152,152,153,153,153,153,153,153,153
204,204,204,204,204,204,204,204,204,204,204
258,255,255,255,255,255,255,255,255,256,256
316,316,316,316,316,316,316,316,316,316,316
377,374,374,374,374,374,374,374,374,374,374
440,440,440,440,440,440,440,440,440,440,440
504,501,501,501,501,501,501,501,501,501,501
568,568,568,568,568,568,568,568,568,568,568
631,628,628,628,628,629,629,629,629,629,629
693,693,693,693,693,693,693,693,693,693,693
751,748,748,748,748,749,749,749,749,749,749
806,806,806,806,806,806,806,806,806,806,806
856,853,853,853,853,853,853,854,854,854,854
901,901,901,901,901,901,901,901,901,901,901
940,937,937,937,937,937,937,937,937,937,937
971,971,971,971,971,971,971,971,971,971,971
996,993,993,993,993,993,993,993,993,993,993
1013,1013,1013,1013,1013,1013,1013,1013,1013,1013,1013
1022,1019,1019,1019,1019,1019,1019,1019,1019,1019,1019
1023,1023,1023,1023,1023,1023,1023,1023,1023,1023,1023
1016,1013,1013,1013,1013,1013,1013,1013,1013,1013,1013
1001,1001,1001,1001,1001,1001,1001,1001,1001,1001,1001
978,975,975,975,975,975,975,975,975,975,975
948,948,948,948,948,948,948,948,948,948,948
911,908,908,908,908,908,908,908,908,908,908
868,868,868,868,868,868,868,868,868,868,868
819,816,816,816,816,816,816,815,815,815,815
765,765,765,765,765,765,765,765,765,765,765
707,704,704,704,704,704,704,704,704,704,704
647,647,647,647,647,647,647,647,647,647,647
584,580,580,580,580,580,580,580,580,580,580
519,519,519,519,519,519,519,519,519,519,519
455,452,452,452,452,452,452,452,452,452,452
392,392,392,392,392,392,392,392,392,392,392
330,327,327,327,327,327,327,327,327,327,327
272,272,272,272,272,272,272,272,272,272,272
217,214,214,214,214,214,214,214,214,214,214
167,167,167,167,167,167,167,167,167,167,167
122,119,119,119,119,119,119,119,119,119,119
84,84,84,84,84,84,84,84,84,84,84
52,49,49,49,49,49,49,48,48,48,48
27,27,27,27,27,27,27,27,27,27,27
10,7,7,7,7,7,7,7,7,7,7
1,1,1,1,1,1,1,1,1,1,1
0,0,0,0,0,0,0,0,0,0,0
7,7,7,7,7,7,7,7,7,7,7
22,19,19,19,19,19,19,19,19,19,19
45,45,45,45,45,45,45,45,45,45,45
75,72,72,72,72,72,72,72,72,72,72
112,112,112,112,112,112,112,112,112,112,112
155,152,152,152,152,152,152,153,153,153,153
204,204,204,204,204,204,204,204,204,204,204
258,255,255,255,255,255,255,255,255,255,255
316,316,316,316,316,316,316,316,316,316,316
376,373,374,374,374,374,374,374,374,374,374
439,439,439,439,439,439,439,439,439,439,439
503,501,501,501,501,501,501,501,501,501,501
568,568,568,568,568,568,568,568,568,568,568
631,628,628,628,628,628,628,628,629,629,629
692,692,692,692,692,692,692,692,692,692,692
751,748,748,748,748,748,748,748,749,749,749
806,806,806,806,806,806,806,806,806,806,806
856,853,853,853,853,853,853,853,853,853,854
901,901,901,901,901,901,901,901,901,901,901
939,936,936,937,937,937,937,937,937,937,937
971,971,971,971,971,971,971,971,971,971,971
996,993,993,993,993,993,993,993,993,993,993
1013,1013,1013,1013,1013,1013,1013,1013,1013,1013,1013
1022,1019,1019,1019,1019,1019,1019,1019,1019,1019,1019
1023,1023,1023,1023,1023,1023,1023,1023,1023,1023,1023
1016,1013,1013,1013,1013,1013,1013,1013,1013,1013,1013
1001,1001,1001,1001,1001,1001,1001,1001,1001,1001,1001
978,975,975,975,975,975,975,975,975,975,975
948,948,948,948,948,948,948,948,948,948,948
911,908,908,908,908,908,908,908,908,908,908
868,868,868,868,868,868,868,868,868,868,868
819,816,816,816,816,816,816,816,816,816,815
765,765,765,765,765,765,765,765,765,765,765
708,704,704,704,704,704,704,704,704,704,704
647,647,647,647,647,647,647,647,647,647,647
584,581,581,581,580,580,580,580,580,580,580
520,520,520,520,520,520,520,520,520,520,520
455,452,452,452,452,452,452,452,452,452,452
392,392,392,392,392,392,392,392,392,392,392
331,328,328,327,327,327,327,327,327,327,327
272,272,272,272,272,272,272,272,272,272,272
217,214,214,214,214,214,214,214,214,214,214
167,167,167,167,167,167,167,167,167,167,167
122,119,119,119,119,119,119,119,119,119,119
84,84,84,84,84,84,84,84,84,84,84
52,49,49,49,49,49,49,49,49,49,48
27,27,27,27,27,27,27,27,27,27,27
10,7,7,7,7,7,7,7,7,7,7
1,1,1,1,1,1,1,1,1,1,1
0,0,0,0,0,0,0,0,0,0,0
7,7,7,7,7,7,7,7,7,7,7
22,19,19,19,19,19,19,19,19,19,19
45,45,45,45,45,45,45,45,45,45,45
75,72,72,72,72,72,72,72,72,72,72
112,112,112,112,112,112,112,112,112,112,112
155,152,152,152,152,152,152,152,152,152,153
204,204,204,204,204,204,204,204,204,204,204
258,255,255,255,255,255,255,255,255,255,255
315,315,315,315,315,315,315,315,315,315,315
376,373,373,373,373,374,374,374,374,374,374
439,439,439,439,439,439,439,439,439,439,439
503,500,500,500,501,501,501,501,501,501,501
567,567,567,567,567,567,567,567,567,567,567
631,628,628,628,628,628,628,628,628,628,628
692,692,692,692,692,692,692,692,692,692,692
751,748,748,748,748,748,748,748,748,748,748
806,806,806,806,806,806,806,806,806,806,806
856,853,853,853,853,853,853,853,853,853,853
901,901,901,901,901,901,901,901,901,901,901
939,936,936,936,936,936,937,937,937,937,937
971,971,971,971,971,971,971,971,971,971,971
996,993,993,993,993,993,993,993,993,993,993
1013,1013,1013,1013,1013,1013,1013,1013,1013,1013,1013
1022,1019,1019,1019,1019,1019,1019,1019,1019,1019,1019
1023,1023,1023,1023,1023,1023,1023,1023,1023,1023,1023
1016,1013,1013,1013,1013,1013,1013,1013,1013,1013,1013
1001,1001,1001,1001,1001,1001,1001,1001,1001,1001,1001
978,975,975,975,975,975,975,975,975,975,975
948,948,948,948,948,948,948,948,948,948,948
911,908,908,908,908,908,908,908,908,908,908
868,868,868,868,868,868,868,868,868,868,868
819,816,816,816,816,816,816,816,816,816,816
765,765,765,765,765,765,765,765,765,765,765
708,705,705,705,704,704,704,704,704,704,704
647,647,647,647,647,647,647,647,647,647,647
584,581,581,581,581,581,581,580,580,580,580
520,520,520,520,520,520,520,520,520,520,520
456,453,452,452,452,452,452,452,452,452,452
392,392,392,392,392,392,392,392,392,392,392
331,328,328,328,328,328,327,327,327,327,327
272,272,272,272,272,272,272,272,272,272,272
217,214,214,214,214,214,214,214,214,214,214
167,167,167,167,167,167,167,167,167,167,167
122,119,119,119,119,119,119,119,119,119,119
84,84,84,84,84,84,84,84,84,84,84
52,49,49,49,49,49,49,49,49,49,49
27,27,27,27,27,27,27,27,27,27,27
10,7,7,7,7,7,7,7,7,7,7
1,1,1,1,1,1,1,1,1,1,1
0,0,0,0,0,0,0,0,0,0,0
7,7,7,7,7,7,7,7,7,7,7
22,19,19,19,19,19,19,19,19,19,19
45,45,45,45,45,45,45,45,45,45,45
75,72,72,72,72,72,72,72,72,72,72
112,112,112,112,112,112,112,112,112,112,112
155,152,152,152,152,152,152,152,152,152,152
204,204,204,204,204,204,204,204,204,204,204
257,255,255,255,255,255,255,255,255,255,255
315,315,315,315,315,315,315,315,315,315,315
376,373,373,373,373,373,373,373,374,374,374
439,439,439,439,439,439,439,439,439,439,439
503,500,500,500,500,500,500,501,501,501,501
567,567,567,567,567,567,567,567,567,567,567
631,628,628,628,628,628,628,628,628,628,628
692,692,692,692,692,692,692,692,692,692,692
751,748,748,748,748,748,748,748,748,748,748
806,806,806,806,806,806,806,806,806,806,806
856,853,853,853,853,853,853,853,853,853,853
901,901,901,901,901,901,901,901,901,901,901
939,936,936,936,936,936,936,936,936,937,937
971,971,971,971,971,971,971,971,971,971,971
996,993,993,993,993,993,993,993,993,993,993
1013,1013,1013,1013,1013,1013,1013,1013,1013,1013,1013
1022,1019,1019,1019,1019,1019,1019,1019,1019,1019,1019
1023,1023,1023,1023,1023,1023,1023,1023,1023,1023,1023
1016,1013,1013,1013,1013,1013,1013,1013,1013,1013,1013
1001,1001,1001,1001,1001,1001,1001,1001,1001,1001,1001
978,975,975,975,975,975,975,975,975,975,975
948,948,948,948,948,948,948,948,948,948,948
911,908,908,908,908,908,908,908,908,908,908
868,868,868,868,868,868,868,868,868,868,868
819,816,816,816,816,816,816,816,816,816,816
766,766,766,766,766,766,766,766,766,766,766
708,705,705,705,705,705,705,704,704,704,704
647,647,647,647,647,647,647,647,647,647,647
584,581,581,581,581,581,581,581,581,581,580
520,520,520,520,520,520,520,520,520,520,520
456,453,453,453,453,452,452,452,452,452,452
392,392,392,392,392,392,392,392,392,392,392
331,328,328,328,328,328,328,328,328,327,327
272,272,272,272,272,272,272,272,272,272,272
218,214,214,214,214,214,214,214,214,214,214
167,167,167,167,167,167,167,167,167,167,167
123,119,119,119,119,119,119,119,119,119,119
84,84,84,84,84,84,84,84,84,84,84
52,49,49,49,49,49,49,49,49,49,49
27,27,27,27,27,27,27,27,27,27,27
10,7,7,7,7,7,7,7,7,7,7
1,1,1,1,1,1,1,1,1,1,1
0,0,0,0,0,0,0,0,0,0,0
7,7,7,7,7,7,7,7,7,7,7
22,19,19,19,19,19,19,19,19,19,19
45,45,45,45,45,45,45,45,45,45,45
75,72,72,72,72,72,72,72,72,72,72
112,112,112,112,112,112,112,112,112,112,112
155,152,152,152,152,152,152,152,152,152,152
204,204,204,204,204,204,204,204,204,204,204
257,254,254,254,255,255,255,255,255,255,255
315,315,315,315,315,315,315,315,315,315,315
376,373,373,373,373,373,373,373,373,373,373
439,439,439,439,439,439,439,439,439,439,439
503,500,500,500,500,500,500,500,500,500,501
567,567,567,567,567,567,567,567,567,567,567
630,627,628,628,628,628,628,628,628,628,628
692,692,692,692,692,692,692,692,692,692,692
751,748,748,748,748,748,748,748,748,748,748
805,805,805,805,805,805,805,805,805,805,805
856,853,853,853,853,853,853,853,853,853,853
900,900,900,900,900,900,900,900,900,900,900
939,936,936,936,936,936,936,936,936,936,936
971,971,971,971,971,971,971,971,971,971,971
996,993,993,993,993,993,993,993,993,993,993
1013,1013,1013,1013,1013,1013,1013,1013,1013,1013,1013
1022,1019,1019,1019,1019,1019,1019,1019,1019,1019,1019
1023,1023,1023,1023,1023,1023,1023,1023,1023,1023,1023
1016,1013,1013,1013,1013,1013,1013,1013,1013,1013,1013
1001,1001,1001,1001,1001,1001,1001,1001,1001,1001,1001
978,975,975,975,975,975,975,975,975,975,975
948,948,948,948,948,948,948,948,948,948,948
911,908,908,908,908,908,908,908,908,908,908
868,868,868,868,868,868,868,868,868,868,868
819,816,816,816,816,816,816,816,816,816,816
766,766,766,766,766,766,766,766,766,766,766
708,705,705,705,705,705,705,705,705,705,704
647,647,647,647,647,647,647,647,647,647,647
584,581,581,581,581,581,581,581,581,581,581
520,520,520,520,520,520,520,520,520,520,520
456,453,453,453,453,453,453,453,452,452,452
393,393,393,393,393,393,393,393,393,393,393
331,328,328,328,328,328,328,328,328,328,328
273,273,273,273,273,273,273,273,273,273,273
218,215,215,215,214,214,214,214,214,214,214
167,167,167,167,167,167,167,167,167,167,167
123,120,120,120,119,119,119,119,119,119,119
84,84,84,84,84,84,84,84,84,84,84
52,49,49,49,49,49,49,49,49,49,49
27,27,27,27,27,27,27,27,27,27,27
10,7,7,7,7,7,7,7,7,7,7
1,1,1,1,1,1,1,1,1,1,1
0,0,0,0,0,0,0,0,0,0,0
7,7,7,7,7,7,7,7,7,7,7
22,19,19,19,19,19,19,19,19,19,19
45,45,45,45,45,45,45,45,45,45,45
75,72,72,72,72,72,72,72,72,72,72
111,111,111,111,111,111,111,111,111,111,111
155,152,152,152,152,152,152,152,152,152,152
203,203,203,203,203,203,203,203,203,203,203
257,254,254,254,254,254,254,255,255,255,255
315,315,315,315,315,315,315,315,315,315,315
376,373,373,373,373,373,373,373,373,373,373
439,439,439,439,439,439,439,439,439,439,439
503,500,500,500,500,500,500,500,500,500,500
567,567,567,567,567,567,567,567,567,567,567
630,627,627,627,627,628,628,628,628,628,628
692,692,692,692,692,692,692,692,692,692,692
750,747,747,748,748,748,748,748,748,748,748
805,805,805,805,805,805,805,805,805,805,805
855,853,853,853,853,853,853,853,853,853,853
900,900,900,900,900,900,900,900,900,900,900
939,936,936,936,936,936,936,936,936,936,936
971,971,971,971,971,971,971,971,971,971,971
996,993,993,993,993,993,993,993,993,993,993
1013,1013,1013,1013,1013,1013,1013,1013,1013,1013,1013
1022,1019,1019,1019,1019,1019,1019,1019,1019,1019,1019
1023,1023,1023,1023,1023,1023,1023,1023,1023,1023,1023
1016,1013,1013,1013,1013,1013,1013,1013,1013,1013,1013
1001,1001,1001,1001,1001,1001,1001,1001,1001,1001,1001
978,975,975,975,975,975,975,975,975,975,975
949,949,949,949,949,949,949,949,949,949,949
912,909,909,908,908,908,908,908,908,908,908
868,868,868,868,868,868,868,868,868,868,868
820,817,817,816,816,816,816,816,816,816,816
766,766,766,766,766,766,766,766,766,766,766
708,705,705,705,705,705,705,705,705,705,705
647,647,647,647,647,647,647,647,647,647,647
585,581,581,581,581,581,581,581,581,581,581
520,520,520,520,520,520,520,520,520,520,520
456,453,453,453,453,453,453,453,453,453,453
393,393,393,393,393,393,393,393,393,393,393
331,328,328,328,328,328,328,328,328,328,328
273,273,273,273,273,273,273,273,273,273,273
218,215,215,215,215,215,215,214,214,214,214
168,168,168,168,168,168,168,168,168,168,168
123,120,120,120,120,120,120,119,119,119,119
84,84,84,84,84,84,84,84,84,84,84
52,49,49,49,49,49,49,49,49,49,49
27,27,27,27,27,27,27,27,27,27,27
10,7,7,7,7,7,7,7,7,7,7
1,1,1,1,1,1,1,1,1,1,1
0,0,0,0,0,0,0,0,0,0,0
7,7,7,7,7,7,7,7,7,7,7
22,19,19,19,19,19,19,19,19,19,19
44,44,44,44,44,44,44,44,44,44,44
74,71,72,72,72,72,72,72,72,72,72
111,111,111,111,111,111,111,111,111,111,111
154,152,152,152,152,152,152,152,152,152,152
203,203,203,203,203,203,203,203,203,203,203
257,254,254,254,254,254,254,254,254,254,255
315,315,315,315,315,315,315,315,315,315,315
375,373,373,373,373,373,373,373,373,373,373
438,438,438,438,438,438,438,438,438,438,438
502,500,500,500,500,500,500,500,500,500,500
567,567,567,567,567,567,567,567,567,567,567
630,627,627,627,627,627,627,627,628,628,628
692,692,692,692,692,692,692,692,692,692,692
750,747,747,747,747,747,748,748,748,748,748
805,805,805,805,805,805,805,805,805,805,805
855,852,852,852,853,853,853,853,853,853,853
900,900,900,900,900,900,900,900,900,900,900
939,936,936,936,936,936,936,936,936,936,936
971,971,971,971,971,971,971,971,971,971,971
996,993,993,993,993,993,993,993,993,993,993
1013,1013,1013,1013,1013,1013,1013,1013,1013,1013,1013
1022,1019,1019,1019,1019,1019,1019,1019,1019,1019,1019
1023,1023,1023,1023,1023,1023,1023,1023,1023,1023,1023
1016,1013,1013,1013,1013,1013,1013,1013,1013,1013,1013
1001,1001,1001,1001,1001,1001,1001,1001,1001,1001,1001
979,976,976,975,975,975,975,975,975,975,975
949,949,949,949,949,949,949,949,949,949,949
912,909,909,909,909,909,909,908,908,908,908
869,869,869,869,869,869,869,869,869,869,869
820,817,817,817,817,817,816,816,816,816,816
766,766,766,766,766,766,766,766,766,766,766
708,705,705,705,705,705,705,705,705,705,705
648,648,648,648,648,648,648,648,648,648,648
585,582,582,582,581,581,581,581,581,581,581
521,521,521,521,521,521,521,521,521,521,521
456,453,453,453,453,453,453,453,453,453,453
393,393,393,393,393,393,393,393,393,393,393
332,328,328,328,328,328,328,328,328,328,328
273,273,273,273,273,273,273,273,273,273,273
218,215,215,215,215,215,215,215,215,215,214
168,168,168,168,168,168,168,168,168,168,168
123,120,120,120,120,120,120,120,120,120,119
84,84,84,84,84,84,84,84,84,84,84
52,49,49,49,49,49,49,49,49,49,49
27,27,27,27,27,27,27,27,27,27,27
10,7,7,7,7,7,7,7,7,7,7
1,1,1,1,1,1,1,1,1,1,1
0,0,0,0,0,0,0,0,0,0,0
7,7,7,7,7,7,7,7,7,7,7
22,19,19,19,19,19,19,19,19,19,19
44,44,44,44,44,44,44,44,44,44,44
74,71,71,71,71,72,72,72,72,72,72
111,111,111,111,111,111,111,111,111,111,111
154,151,151,151,152,152,152,152,152,152,152
203,203,203,203,203,203,203,203,203,203,203
257,254,254,254,254,254,254,254,254,254,254
314,314,314,314,314,314,314,314,314,314,314
375,372,372,372,373,373,373,373,373,373,373
438,438,438,438,438,438,438,438,438,438,438
502,499,499,499,500,500,500,500,500,500,500
567,567,567,567,567,567,567,567,567,567,567
630,627,627,627,627,627,627,627,627,627,627
691,691,691,691,691,691,691,691,691,691,691
750,747,747,747,747,747,747,747,747,748,748
805,805,805,805,805,805,805,805,805,805,805
855,852,852,852,852,852,852,853,853,853,853
900,900,900,900,900,900,900,900,900,900,900
939,936,936,936,936,936,936,936,936,936,936
971,971,971,971,971,971,971,971,971,971,971
995,993,993,993,993,993,993,993,993,993,993
1013,1013,1013,1013,1013,1013,1013,1013,1013,1013,1013
1022,1019,1019,1019,1019,1019,1019,1019,1019,1019,1019
1023,1023,1023,1023,1023,1023,1023,1023,1023,1023,1023
1016,1013,1013,1013,1013,1013,1013,1013,1013,1013,1013
1001,1001,1001,1001,1001,1001,1001,1001,1001,1001,1001
979,976,976,976,976,976,975,975,975,975,975
949,949,949,949,949,949,949,949,949,949,949
912,909,909,909,909,909,909,909,909,909,908
869,869,869,869,869,869,869,869,869,869,869
820,817,817,817,817,817,817,817,817,816,816
766,766,766,766,766,766,766,766,766,766,766
709,706,705,705,705,705,705,705,705,705,705
648,648,648,648,648,648,648,648,648,648,648
585,582,582,582,582,582,582,581,581,581,581
521,521,521,521,521,521,521,521,521,521,521
457,454,453,453,453,453,453,453,453,453,453
393,393,393,393,393,393,393,393,393,393,393
332,329,329,329,328,328,328,328,328,328,328
273,273,273,273,273,273,273,273,273,273,273
218,215,215,215,215,215,215,215,215,215,215
168,168,168,168,168,168,168,168,168,168,168
123,120,120,120,120,120,120,120,120,120,120
84,84,84,84,84,84,84,84,84,84,84
52,49,49,49,49,49,49,49,49,49,49
28,28,28,28,28,28,28,28,28,28,28
10,7,7,7,7,7,7,7,7,7,7
1,1,1,1,1,1,1,1,1,1,1
0,0,0,0,0,0,0,0,0,0,0
7,7,7,7,7,7,7,7,7,7,7
22,19,19,19,19,19,19,19,19,19,19
44,44,44,44,44,44,44,44,44,44,44
74,71,71,71,71,71,71,71,72,72,72
111,111,111,111,111,111,111,111,111,111,111
154,151,151,151,151,151,151,152,152,152,152
203,203,203,203,203,203,203,203,203,203,203
257,254,254,254,254,254,254,254,254,254,254
314,314,314,314,314,314,314,314,314,314,314
375,372,372,372,372,372,372,373,373,373,373
438,438,438,438,438,438,438,438,438,438,438
502,499,499,499,499,499,499,500,500,500,500
566,566,566,566,566,566,566,566,566,566,566
630,627,627,627,627,627,627,627,627,627,627
691,691,691,691,691,691,691,691,691,691,691
750,747,747,747,747,747,747,747,747,747,747
805,805,805,805,805,805,805,805,805,805,805
855,852,852,852,852,852,852,852,852,852,853
900,900,900,900,900,900,900,900,900,900,900
939,936,936,936,936,936,936,936,936,936,936
971,971,971,971,971,971,971,971,971,971,971
995,992,992,992,993,993,993,993,993,993,993
1013,1013,1013,1013,1013,1013,1013,1013,1013,1013,1013
1022,1019,1019,1019,1019,1019,1019,1019,1019,1019,1019
1023,1023,1023,1023,1023,1023,1023,1023,1023,1023,1023
1016,1013,1013,1013,1013,1013,1013,1013,1013,1013,1013
1001,1001,1001,1001,1001,1001,1001,1001,1001,1001,1001
979,976,976,976,976,976,976,976,976,975,975
949,949,949,949,949,949,949,949,949,949,949
912,909,909,909,909,909,909,909,909,909,909
869,869,869,869,869,869,869,869,869,869,869
820,817,817,817,817,817,817,817,817,817,817
766,766,766,766,766,766,766,766,766,766,766
709,706,706,706,706,705,705,705,705,705,705
648,648,648,648,648,648,648,648,648,648,648
585,582,582,582,582,582,582,582,582,582,581
521,521,521,521,521,521,521,521,521,521,521
457,454,454,454,454,453,453,453,453,453,453
393,393,393,393,393,393,393,393,393,393,393
332,329,329,329,329,329,329,328,328,328,328
273,273,273,273,273,273,273,273,273,273,273
218,215,215,215,215,215,215,215,215,215,215
168,168,168,168,168,168,168,168,168,168,168
123,120,120,120,120,120,120,120,120,120,120
84,84,84,84,84,84,84,84,84,84,84
52,49,49,49,49,49,49,49,49,49,49
28,28,28,28,28,28,28,28,28,28,28
10,7,7,7,7,7,7,7,7,7,7
1,1,1,1,1,1,1,1,1,1,1
0,0,0,0,0,0,0,0,0,0,0
7,7,7,7,7,7,7,7,7,7,7
22,19,19,19,19,19,19,19,19,19,19
44,44,44,44,44,44,44,44,44,44,44
74,71,71,71,71,71,71,71,71,71,71
111,111,111,111,111,111,111,111,111,111,111
154,151,151,151,151,151,151,151,151,151,152
203,203,203,203,203,203,203,203,203,203,203
256,254,254,254,254,254,254,254,254,254,254
314,314,314,314,314,314,314,314,314,314,314
375,372,372,372,372,372,372,372,372,372,373
438,438,438,438,438,438,438,438,438,438,438
502,499,499,499,499,499,499,499,499,499,500
566,566,566,566,566,566,566,566,566,566,566
629,627,627,627,627,627,627,627,627,627,627
691,691,691,691,691,691,691,691,691,691,691
750,747,747,747,747,747,747,747,747,747,747
805,805,805,805,805,805,805,805,805,805,805
855,852,852,852,852,852,852,852,852,852,852
900,900,900,900,900,900,900,900,900,900,900
939,936,936,936,936,936,936,936,936,936,936
971,971,971,971,971,971,971,971,971,971,971
995,992,992,992,992,992,992,993,993,993,993
1013,1013,1013,1013,1013,1013,1013,1013,1013,1013,1013
1022,1019,1019,1019,1019,1019,1019,1019,1019,1019,1019
1023,1023,1023,1023,1023,1023,1023,1023,1023,1023,1023
1016,1013,1013,1013,1013,1013,1013,1013,1013,1013,1013
1001,1001,1001,1001,1001,1001,1001,1001,1001,1001,1001
979,976,976,976,976,976,976,976,976,976,976
949,949,949,949,949,949,949,949,949,949,949
912,909,909,909,909,909,909,909,909,909,909
869,869,869,869,869,869,869,869,869,869,869
820,817,817,817,817,817,817,817,817,817,817
767,767,767,767,767,767,767,767,767,767,767
709,706,706,706,706,706,706,706,705,705,705
648,648,648,648,648,648,648,648,648,648,648
585,582,582,582,582,582,582,582,582,582,582
521,521,521,521,521,521,521,521,521,521,521
457,454,454,454,454,454,454,454,453,453,453
394,394,394,394,394,394,394,394,394,394,394
332,329,329,329,329,329,329,329,329,329,328
273,273,273,273,273,273,273,273,273,273,273
218,215,215,215,215,215,215,215,215,215,215
168,168,168,168,168,168,168,168,168,168,168
123,120,120,120,120,120,120,120,120,120,120
85,85,85,85,85,85,85,85,85,85,85
52,49,49,49,49,49,49,49,49,49,49
28,28,28,28,28,28,28,28,28,28,28
10,7,7,7,7,7,7,7,7,7,7
1,1,1,1,1,1,1,1,1,1,1
0,0,0,0,0,0,0,0,0,0,0
7,7,7,7,7,7,7,7,7,7,7
22,19,19,19,19,19,19,19,19,19,19
44,44,44,44,44,44,44,44,44,44,44
74,71,71,71,71,71,71,71,71,71,71
111,111,111,111,111,111,111,111,111,111,111
154,151,151,151,151,151,151,151,151,151,151
203,203,203,203,203,203,203,203,203,203,203
256,253,253,253,254,254,254,254,254,254,254
314,314,314,314,314,314,314,314,314,314,314
375,372,372,372,372,372,372,372,372,372,372
438,438,438,438,438,438,438,438,438,438,438
502,499,499,499,499,499,499,499,499,499,499
566,566,566,566,566,566,566,566,566,566,566
629,626,626,626,627,627,627,627,627,627,627
691,691,691,691,691,691,691,691,691,691,691
749,747,747,747,747,747,747,747,747,747,747
804,804,804,804,804,804,804,804,804,804,804
855,852,852,852,852,852,852,852,852,852,852
900,900,900,900,900,900,900,900,900,900,900
938,935,936,936,936,936,936,936,936,936,936
970,970,970,970,970,970,970,970,970,970,970
995,992,992,992,992,992,992,992,992,992,993
1012,1012,1012,1012,1012,1012,1012,1012,1012,1012,1012
1022,1019,1019,1019,1019,1019,1019,1019,1019,1019,1019
1023,1023,1023,1023,1023,1023,1023,1023,1023,1023,1023
1016,1013,1013,1013,1013,1013,1013,1013,1013,1013,1013
1001,1001,1001,1001,1001,1001,1001,1001,1001,1001,1001
979,976,976,976,976,976,976,976,976,976,976
949,949,949,949,949,949,949,949,949,949,949
912,909,909,909,909,909,909,909,909,909,909
869,869,869,869,869,869,869,869,869,869,869
820,817,817,817,817,817,817,817,817,817,817
767,767,767,767,767,767,767,767,767,767,767
709,706,706,706,706,706,706,706,706,706,706
648,648,648,648,648,648,648,648,648,648,648
585,582,582,582,582,582,582,582,582,582,582
521,521,521,521,521,521,521,521,521,521,521
457,454,454,454,454,454,454,454,454,454,454
394,394,394,394,394,394,394,394,394,394,394
332,329,329,329,329,329,329,329,329,329,329
274,274,274,274,274,274,274,274,274,274,274
219,216,216,215,215,215,215,215,215,215,215
168,168,168,168,168,168,168,168,168,168,168
123,120,120,120,120,120,120,120,120,120,120
85,85,85,85,85,85,85,85,85,85,85
53,50,49,49,49,49,49,49,49,49,49
28,28,28,28,28,28,28,28,28,28,28
11,8,8,7,7,7,7,7,7,7,7
1,1,1,1,1,1,1,1,1,1,1
0,0,0,0,0,0,0,0,0,0,0
7,7,7,7,7,7,7,7,7,7,7
22,19,19,19,19,19,19,19,19,19,19
44,44,44,44,44,44,44,44,44,44,44
74,71,71,71,71,71,71,71,71,71,71
111,111,111,111,111,111,111,111,111,111,111
154,151,151,151,151,151,151,151,151,151,151
203,203,203,203,203,203,203,203,203,203,203
256,253,253,253,253,253,253,254,254,254,254
314,314,314,314,314,314,314,314,314,314,314
375,372,372,372,372,372,372,372,372,372,372
437,437,437,437,437,437,437,437,437,437,437
501,499,499,499,499,499,499,499,499,499,499
566,566,566,566,566,566,566,566,566,566,566
629,626,626,626,626,626,626,627,627,627,627
691,691,691,691,691,691,691,691,691,691,691
749,746,746,746,747,747,747,747,747,747,747
804,804,804,804,804,804,804,804,804,804,804
855,852,852,852,852,852,852,852,852,852,852
900,900,900,900,900,900,900,900,900,900,900
938,935,935,935,935,936,936,936,936,936,936
970,970,970,970,970,970,970,970,970,970,970
995,992,992,992,992,992,992,992,992,992,992
1012,1012,1012,1012,1012,1012,1012,1012,1012,1012,1012
1022,1019,1019,1019,1019,1019,1019,1019,1019,1019,1019
1023,1023,1023,1023,1023,1023,1023,1023,1023,1023,1023
1016,1013,1013,1013,1013,1013,1013,1013,1013,1013,1013
1001,1001,1001,1001,1001,1001,1001,1001,1001,1001,1001
979,976,976,976,976,976,976,976,976,976,976
949,949,949,949,949,949,949,949,949,949,949
912,909,909,909,909,909,909,909,909,909,909
869,869,869,869,869,869,869,869,869,869,869
821,818,817,817,817,817,817,817,817,817,817
767,767,767,767,767,767,767,767,767,767,767
709,706,706,706,706,706,706,706,706,706,706
649,649,649,649,649,649,649,649,649,649,649
586,583,583,582,582,582,582,582,582,582,582
522,522,522,522,522,522,522,522,522,522,522
457,454,454,454,454,454,454,454,454,454,454
394,394,394,394,394,394,394,394,394,394,394
332,329,329,329,329,329,329,329,329,329,329
274,274,274,274,274,274,274,274,274,274,274
219,216,216,216,216,216,215,215,215,215,215
168,168,168,168,168,168,168,168,168,168,168
124,120,120,120,120,120,120,120,120,120,120
85,85,85,85,85,85,85,85,85,85,85
53,50,50,50,50,49,49,49,49,49,49
28,28,28,28,28,28,28,28,28,28,28
11,8,8,8,8,8,7,7,7,7,7
1,1,1,1,1,1,1,1,1,1,1
0,0,0,0,0,0,0,0,0,0,0
7,7,7,7,7,7,7,7,7,7,7
22,19,19,19,19,19,19,19,19,19,19
44,44,44,44,44,44,44,44,44,44,44
74,71,71,71,71,71,71,71,71,71,71
111,111,111,111,111,111,111,111,111,111,111
154,151,151,151,151,151,151,151,151,151,151
202,202,202,202,202,202,202,202,202,202,202
256,253,253,253,253,253,253,253,253,253,254
314,314,314,314,314,314,314,314,314,314,314
374,371,371,372,372,372,372,372,372,372,372
437,437,437,437,437,437,437,437,437,437,437
501,498,498,498,499,499,499,499,499,499,499
566,566,566,566,566,566,566,566,566,566,566
629,626,626,626,626,626,626,626,626,626,627
690,690,690,690,690,690,690,690,690,690,690
749,746,746,746,746,746,746,747,747,747,747
804,804,804,804,804,804,804,804,804,804,804
854,852,852,852,852,852,852,852,852,852,852
899,899,899,899,899,899,899,899,899,899,899
938,935,935,935,935,935,935,935,936,936,936
970,970,970,970,970,970,970,970,970,970,970
995,992,992,992,992,992,992,992,992,992,992
1012,1012,1012,1012,1012,1012,1012,1012,1012,1012,1012
1022,1019,1019,1019,1019,1019,1019,1019,1019,1019,1019
1023,1023,1023,1023,1023,1023,1023,1023,1023,1023,1023
1016,1013,1013,1013,1013,1013,1013,1013,1013,1013,1013
1002,1002,1002,1002,1002,1002,1002,1002,1002,1002,1002
979,976,976,976,976,976,976,976,976,976,976
949,949,949,949,949,949,949,949,949,949,949
912,909,909,909,909,909,909,909,909,909,909
869,869,869,869,869,869,869,869,869,869,869
821,818,818,818,818,817,817,817,817,817,817
767,767,767,767,767,767,767,767,767,767,767
710,706,706,706,706,706,706,706,706,706,706
649,649,649,649,649,649,649,649,649,649,649
586,583,583,583,583,583,582,582,582,582,582
522,522,522,522,522,522,522,522,522,522,522
458,455,454,454,454,454,454,454,454,454,454
394,394,394,394,394,394,394,394,394,394,394
333,330,330,329,329,329,329,329,329,329,329
274,274,274,274,274,274,274,274,274,274,274
219,216,216,216,216,216,216,216,216,215,215
169,169,169,169,169,169,169,169,169,169,169
124,121,121,121,120,120,120,120,120,120,120
85,85,85,85,85,85,85,85,85,85,85
53,50,50,50,50,50,50,50,49,49,49
28,28,28,28,28,28,28,28,28,28,28
11,8,8,8,8,8,8,8,8,7,7
1,1,1,1,1,1,1,1,1,1,1
0,0,0,0,0,0,0,0,0,0,0
7,7,7,7,7,7,7,7,7,7,7
21,18,18,19,19,19,19,19,19,19,19
44,44,44,44,44,44,44,44,44,44,44
74,71,71,71,71,71,71,71,71,71,71
110,110,110,110,110,110,110,110,110,110,110
154,151,151,151,151,151,151,151,151,151,151
202,202,202,202,202,202,202,202,202,202,202
256,253,253,253,253,253,253,253,253,253,253
313,313,313,313,313,313,313,313,313,313,313
374,371,371,371,371,371,371,372,372,372,372
437,437,437,437,437,437,437,437,437,437,437
501,498,498,498,498,498,498,499,499,499,499
565,565,565,565,565,565,565,565,565,565,565
629,626,626,626,626,626,626,626,626,626,626
690,690,690,690,690,690,690,690,690,690,690
749,746,746,746,746,746,746,746,746,746,747
804,804,804,804,804,804,804,804,804,804,804
854,851,851,851,852,852,852,852,852,852,852
899,899,899,899,899,899,899,899,899,899,899
938,935,935,935,935,935,935,935,935,935,935
970,970,970,970,970,970,970,970,970,970,970
995,992,992,992,992,992,992,992,992,992,992
1012,1012,1012,1012,1012,1012,1012,1012,1012,1012,1012
1022,1019,1019,1019,1019,1019,1019,1019,1019,1019,1019
1023,1023,1023,1023,1023,1023,1023,1023,1023,1023,1023
1016,1013,1013,1013,1013,1013,1013,1013,1013,1013,1013
1002,1002,1002,1002,1002,1002,1002,1002,1002,1002,1002
979,976,976,976,976,976,976,976,976,976,976
949,949,949,949,949,949,949,949,949,949,949
913,910,910,909,909,909,909,909,909,909,909
870,870,870,870,870,870,870,870,870,870,870
821,818,818,818,818,818,818,818,817,817,817
767,767,767,767,767,767,767,767,767,767,767
710,707,707,707,706,706,706,706,706,706,706
649,649,649,649,649,649,649,649,649,649,649
586,583,583,583,583,583,583,583,583,583,582
522,522,522,522,522,522,522,522,522,522,522
458,455,455,455,455,454,454,454,454,454,454
394,394,394,394,394,394,394,394,394,394,394
333,330,330,330,330,330,329,329,329,329,329
274,274,274,274,274,274,274,274,274,274,274
219,216,216,216,216,216,216,216,216,216,216
169,169,169,169,169,169,169,169,169,169,169
124,121,121,121,121,121,121,120,120,120,120
85,85,85,85,85,85,85,85,85,85,85
53,50,50,50,50,50,50,50,50,50,50
28,28,28,28,28,28,28,28,28,28,28
11,8,8,8,8,8,8,8,8,8,8
1,1,1,1,1,1,1,1,1,1,1
0,0,0,0,0,0,0,0,0,0,0
7,7,7,7,7,7,7,7,7,7,7
21,18,18,18,18,18,19,19,19,19,19
44,44,44,44,44,44,44,44,44,44,44
74,71,71,71,71,71,71,71,71,71,71
110,110,110,110,110,110,110,110,110,110,110
153,150,150,151,151,151,151,151,151,151,151
202,202,202,202,202,202,202,202,202,202,202
256,253,253,253,253,253,253,253,253,253,253
313,313,313,313,313,313,313,313,313,313,313
374,371,371,371,371,371,371,371,371,371,372
437,437,437,437,437,437,437,437,437,437,437
501,498,498,498,498,498,498,498,498,498,499
565,565,565,565,565,565,565,565,565,565,565
629,626,626,626,626,626,626,626,626,626,626
690,690,690,690,690,690,690,690,690,690,690
749,746,746,746,746,746,746,746,746,746,746
804,804,804,804,804,804,804,804,804,804,804
854,851,851,851,851,851,851,852,852,852,852
899,899,899,899,899,899,899,899,899,899,899
938,935,935,935,935,935,935,935,935,935,935
970,970,970,970,970,970,970,970,970,970,970
995,992,992,992,992,992,992,992,992,992,992
1012,1012,1012,1012,1012,1012,1012,1012,1012,1012,1012
1022,1019,1019,1019,1019,1019,1019,1019,1019,1019,1019
1023,1023,1023,1023,1023,1023,1023,1023,1023,1023,1023
1016,1013,1013,1013,1013,1013,1013,1013,1013,1013,1013
1002,1002,1002,1002,1002,1002,1002,1002,1002,1002,1002
979,976,976,976,976,976,976,976,976,976,976
949,949,949,949,949,949,949,949,949,949,949
913,910,910,910,910,910,909,909,909,909,909
870,870,870,870,870,870,870,870,870,870,870
821,818,818,818,818,818,818,818,818,818,818
767,767,767,767,767,767,767,767,767,767,767
710,707,707,707,707,707,707,706,706,706,706
649,649,649,649,649,649,649,649,649,649,649
586,583,583,583,583,583,583,583,583,583,583
522,522,522,522,522,522,522,522,522,522,522
458,455,455,455,455,455,455,455,454,454,454
395,395,395,395,395,395,395,395,395,395,395
333,330,330,330,330,330,330,330,330,329,329
274,274,274,274,274,274,274,274,274,274,274
219,216,216,216,216,216,216,216,216,216,216
169,169,169,169,169,169,169,169,169,169,169
124,121,121,121,121,121,121,121,121,121,121
85,85,85,85,85,85,85,85,85,85,85
53,50,50,50,50,50,50,50,50,50,50
28,28,28,28,28,28,28,28,28,28,28
11,8,8,8,8,8,8,8,8,8,8
1,1,1,1,1,1,1,1,1,1,1
0,0,0,0,0,0,0,0,0,0,0
7,7,7,7,7,7,7,7,7,7,7
21,18,18,18,18,18,18,18,18,19,19
44,44,44,44,44,44,44,44,44,44,44
74,71,71,71,71,71,71,71,71,71,71
110,110,110,110,110,110,110,110,110,110,110
153,150,150,150,150,150,151,151,151,151,151
202,202,202,202,202,202,202,202,202,202,202
255,253,253,253,253,253,253,253,253,253,253
313,313,313,313,313,313,313,313,313,313,313
374,371,371,371,371,371,371,371,371,371,371
437,437,437,437,437,437,437,437,437,437,437
501,498,498,498,498,498,498,498,498,498,498
565,565,565,565,565,565,565,565,565,565,565
628,625,625,626,626,626,626,626,626,626,626
690,690,690,690,690,690,690,690,690,690,690
749,746,746,746,746,746,746,746,746,746,746
804,804,804,804,804,804,804,804,804,804,804
854,851,851,851,851,851,851,851,851,851,851
899,899,899,899,899,899,899,899,899,899,899
938,935,935,935,935,935,935,935,935,935,935
970,970,970,970,970,970,970,970,970,970,970
995,992,992,992,992,992,992,992,992,992,992
1012,1012,1012,1012,1012,1012,1012,1012,1012,1012,1012
1022,1019,1019,1019,1019,1019,1019,1019,1019,1019,1019
1023,1023,1023,1023,1023,1023,1023,1023,1023,1023,1023
1016,1013,1013,1013,1013,1013,1013,1013,1013,1013,1013
1002,1002,1002,1002,1002,1002,1002,1002,1002,1002,1002
979,976,976,976,976,976,976,976,976,976,976
950,950,950,950,950,950,950,950,950,950,950
913,910,910,910,910,910,910,910,910,909,909
870,870,870,870,870,870,870,870,870,870,870
821,818,818,818,818,818,818,818,818,818,818
768,768,768,768,768,768,768,768,768,768,768
710,707,707,707,707,707,707,707,707,707,706
649,649,649,649,649,649,649,649,649,649,649
586,583,583,583,583,583,583,583,583,583,583
522,522,522,522,522,522,522,522,522,522,522
458,455,455,455,455,455,455,455,455,455,455
395,395,395,395,395,395,395,395,395,395,395
333,330,330,330,330,330,330,330,330,330,330
274,274,274,274,274,274,274,274,274,274,274
219,216,216,216,216,216,216,216,216,216,216
169,169,169,169,169,169,169,169,169,169,169
124,121,121,121,121,121,121,121,121,121,121
85,85,85,85,85,85,85,85,85,85,85
53,50,50,50,50,50,50,50,50,50,50
28,28,28,28,28,28,28,28,28,28,28
11,8,8,8,8,8,8,8,8,8,8
1,1,1,1,1,1,1,1,1,1,1
0,0,0,0,0,0,0,0,0,0,0
7,7,7,7,7,7,7,7,7,7,7
21,18,18,18,18,18,18,18,18,18,18
44,44,44,44,44,44,44,44,44,44,44
73,70,70,71,71,71,71,71,71,71,71
110,110,110,110,110,110,110,110,110,110,110
153,150,150,150,150,150,150,150,150,151,151
202,202,202,202,202,202,202,202,202,202,202
255,252,252,252,253,253,253,253,253,253,253
313,313,313,313,313,313,313,313,313,313,313
374,371,371,371,371,371,371,371,371,371,371
436,436,436,436,436,436,436,436,436,436,436
501,498,498,498,498,498,498,498,498,498,498
565,565,565,565,565,565,565,565,565,565,565
628,625,625,625,625,625,626,626,626,626,626
690,690,690,690,690,690,690,690,690,690,690
748,746,746,746,746,746,746,746,746,746,746
803,803,803,803,803,803,803,803,803,803,803
854,851,851,851,851,851,851,851,851,851,851
899,899,899,899,899,899,899,899,899,899,899
938,935,935,935,935,935,935,935,935,935,935
970,970,970,970,970,970,970,970,970,970,970
995,992,992,992,992,992,992,992,992,992,992
1012,1012,1012,1012,1012,1012,1012,1012,1012,1012,1012
1022,1019,1019,1019,1019,1019,1019,1019,1019,1019,1019
1023,1023,1023,1023,1023,1023,1023,1023,1023,1023,1023
1016,1013,1013,1013,1013,1013,1013,1013,1013,1013,1013
1002,1002,1002,1002,1002,1002,1002,1002,1002,1002,1002
979,976,976,976,976,976,976,976,976,976,976
950,950,950,950,950,950,950,950,950,950,950
913,910,910,910,910,910,910,910,910,910,910
870,870,870,870,870,870,870,870,870,870,870
821,818,818,818,818,818,818,818,818,818,818
768,768,768,768,768,768,768,768,768,768,768
710,707,707,707,707,707,707,707,707,707,707
650,650,650,650,650,650,650,650,650,650,650
587,584,584,583,583,583,583,583,583,583,583
523,523,523,523,523,523,523,523,523,523,523
458,455,455,455,455,455,455,455,455,455,455
395,395,395,395,395,395,395,395,395,395,395
333,330,330,330,330,330,330,330,330,330,330
275,275,275,275,275,275,275,275,275,275,275
220,217,217,216,216,216,216,216,216,216,216
169,169,169,169,169,169,169,169,169,169,169
124,121,121,121,121,121,121,121,121,121,121
85,85,85,85,85,85,85,85,85,85,85
53,50,50,50,50,50,50,50,50,50,50
28,28,28,28,28,28,28,28,28,28,28
11,8,8,8,8,8,8,8,8,8,8
1,1,1,1,1,1,1,1,1,1,1
0,0,0,0,0,0,0,0,0,0,0
7,7,7,7,7,7,7,7,7,7,7
21,18,18,18,18,18,18,18,18,18,18
44,44,44,44,44,44,44,44,44,44,44
73,70,70,70,70,70,71,71,71,71,71
110,110,110,110,110,110,110,110,110,110,110
153,150,150,150,150,150,150,150,150,150,150
202,202,202,202,202,202,202,202,202,202,202
255,252,252,252,252,252,252,252,253,253,253
313,313,313,313,313,313,313,313,313,313,313
373,370,370,371,371,371,371,371,371,371,371
436,436,436,436,436,436,436,436,436,436,436
500,497,497,498,498,498,498,498,498,498,498
565,565,565,565,565,565,565,565,565,565,565
628,625,625,625,625,625,625,625,625,626,626
690,690,690,690,690,690,690,690,690,690,690
748,745,745,745,746,746,746,746,746,746,746
803,803,803,803,803,803,803,803,803,803,803
854,851,851,851,851,851,851,851,851,851,851
899,899,899,899,899,899,899,899,899,899,899
938,935,935,935,935,935,935,935,935,935,935
970,970,970,970,970,970,970,970,970,970,970
995,992,992,992,992,992,992,992,992,992,992
1012,1012,1012,1012,1012,1012,1012,1012,1012,1012,1012
1022,1019,1019,1019,1019,1019,1019,1019,1019,1019,1019
1023,1023,1023,1023,1023,1023,1023,1023,1023,1023,1023
1016,1013,1013,1013,1013,1013,1013,1013,1013,1013,1013
1002,1002,1002,1002,1002,1002,1002,1002,1002,1002,1002
979,976,976,976,976,976,976,976,976,976,976
950,950,950,950,950,950,950,950,950,950,950
913,910,910,910,910,910,910,910,910,910,910
870,870,870,870,870,870,870,870,870,870,870
821,818,818,818,818,818,818,818,818,818,818
768,768,768,768,768,768,768,768,768,768,768
710,707,707,707,707,707,707,707,707,707,707
650,650,650,650,650,650,650,650,650,650,650
587,584,584,584,584,584,583,583,583,583,583
523,523,523,523,523,523,523,523,523,523,523
459,455,455,455,455,455,455,455,455,455,455
395,395,395,395,395,395,395,395,395,395,395
334,331,330,330,330,330,330,330,330,330,330
275,275,275,275,275,275,275,275,275,275,275
220,217,217,217,217,217,216,216,216,216,216
169,169,169,169,169,169,169,169,169,169,169
124,121,121,121,121,121,121,121,121,121,121
85,85,85,85,85,85,85,85,85,85,85
53,50,50,50,50,50,50,50,50,50,50
28,28,28,28,28,28,28,28,28,28,28
11,8,8,8,8,8,8,8,8,8,8
1,1,1,1,1,1,1,1,1,1,1
0,0,0,0,0,0,0,0,0,0,0
7,7,7,7,7,7,7,7,7,7,7
21,18,18,18,18,18,18,18,18,18,18
44,44,44,44,44,44,44,44,44,44,44
73,70,70,70,70,70,70,70,70,71,71
110,110,110,110,110,110,110,110,110,110,110
153,150,150,150,150,150,150,150,150,150,150
201,201,201,201,201,201,201,201,201,201,201
255,252,252,252,252,252,252,252,252,252,252
312,312,312,312,312,312,312,312,312,312,312
373,370,370,370,370,370,371,371,371,371,371
436,436,436,436,436,436,436,436,436,436,436
500,497,497,497,497,497,497,498,498,498,498
564,564,564,564,564,564,564,564,564,564,564
628,625,625,625,625,625,625,625,625,625,625
689,689,689,689,689,689,689,689,689,689,689
748,745,745,745,745,745,745,746,746,746,746
803,803,803,803,803,803,803,803,803,803,803
854,851,851,851,851,851,851,851,851,851,851
899,899,899,899,899,899,899,899,899,899,899
938,935,935,935,935,935,935,935,935,935,935
970,970,970,970,970,970,970,970,970,970,970
995,992,992,992,992,992,992,992,992,992,992
1012,1012,1012,1012,1012,1012,1012,1012,1012,1012,1012
1022,1019,1019,1019,1019,1019,1019,1019,1019,1019,1019
1023,1023,1023,1023,1023,1023,1023,1023,1023,1023,1023
1016,1013,1013,1013,1013,1013,1013,1013,1013,1013,1013
1002,1002,1002,1002,1002,1002,1002,1002,1002,1002,1002
980,977,976,976,976,976,976,976,976,976,976
950,950,950,950,950,950,950,950,950,950,950
913,910,910,910,910,910,910,910,910,910,910
870,870,870,870,870,870,870,870,870,870,870
822,819,819,818,818,818,818,818,818,818,818
768,768,768,768,768,768,768,768,768,768,768
711,708,707,707,707,707,707,707,707,707,707
650,650,650,650,650,650,650,650,650,650,650
587,584,584,584,584,584,584,584,584,583,583
523,523,523,523,523,523,523,523,523,523,523
459,456,456,456,455,455,455,455,455,455,455
395,395,395,395,395,395,395,395,395,395,395
334,331,331,331,331,330,330,330,330,330,330
275,275,275,275,275,275,275,275,275,275,275
220,217,217,217,217,217,217,217,217,216,216
169,169,169,169,169,169,169,169,169,169,169
124,121,121,121,121,121,121,121,121,121,121
85,85,85,85,85,85,85,85,85,85,85
53,50,50,50,50,50,50,50,50,50,50
28,28,28,28,28,28,28,28,28,28,28
11,8,8,8,8,8,8,8,8,8,8
1,1,1,1,1,1,1,1,1,1,1
0,0,0,0,0,0,0,0,0,0,0
7,7,7,7,7,7,7,7,7,7,7
21,18,18,18,18,18,18,18,18,18,18
43,43,43,43,43,43,43,43,43,43,43
73,70,70,70,70,70,70,70,70,70,70
110,110,110,110,110,110,110,110,110,110,110
153,150,150,150,150,150,150,150,150,150,150
201,201,201,201,201,201,201,201,201,201,201
255,252,252,252,252,252,252,252,252,252,252
312,312,312,312,312,312,312,312,312,312,312
373,370,370,370,370,370,370,370,370,371,371
436,436,436,436,436,436,436,436,436,436,436
500,497,497,497,497,497,497,497,497,497,498
564,564,564,564,564,564,564,564,564,564,564
628,625,625,625,625,625,625,625,625,625,625
689,689,689,689,689,689,689,689,689,689,689
748,745,745,745,745,745,745,745,745,745,746
803,803,803,803,803,803,803,803,803,803,803
853,850,851,851,851,851,851,851,851,851,851
899,899,899,899,899,899,899,899,899,899,899
937,934,935,935,935,935,935,935,935,935,935
970,970,970,970,970,970,970,970,970,970,970
995,992,992,992,992,992,992,992,992,992,992
1012,1012,1012,1012,1012,1012,1012,1012,1012,1012,1012
1022,1019,1019,1019,1019,1019,1019,1019,1019,1019,1019
1023,1023,1023,1023,1023,1023,1023,1023,1023,1023,1023
1016,1013,1013,1013,1013,1013,1013,1013,1013,1013,1013
1002,1002,1002,1002,1002,1002,1002,1002,1002,1002,1002
980,977,977,977,977,976,976,976,976,976,976
950,950,950,950,950,950,950,950,950,950,950
913,910,910,910,910,910,910,910,910,910,910
870,870,870,870,870,870,870,870,870,870,870
822,819,819,819,819,819,818,818,818,818,818
768,768,768,768,768,768,768,768,768,768,768
711,708,708,708,708,707,707,707,707,707,707
650,650,650,650,650,650,650,650,650,650,650
587,584,584,584,584,584,584,584,584,584,584
523,523,523,523,523,523,523,523,523,523,523
459,456,456,456,456,456,456,455,455,455,455
396,396,396,396,396,396,396,396,396,396,396
334,331,331,331,331,331,331,331,330,330,330
275,275,275,275,275,275,275,275,275,275,275
220,217,217,217,217,217,217,217,217,217,217
170,170,170,170,170,170,170,170,170,170,170
125,122,121,121,121,121,121,121,121,121,121
86,86,86,86,86,86,86,86,86,86,86
53,50,50,50,50,50,50,50,50,50,50
28,28,28,28,28,28,28,28,28,28,28
11,8,8,8,8,8,8,8,8,8,8
1,1,1,1,1,1,1,1,1,1,1
0,0,0,0,0,0,0,0,0,0,0
7,7,7,7,7,7,7,7,7,7,7
21,18,18,18,18,18,18,18,18,18,18
43,43,43,43,43,43,43,43,43,43,43
73,70,70,70,70,70,70,70,70,70,70
110,110,110,110,110,110,110,110,110,110,110
153,150,150,150,150,150,150,150,150,150,150
201,201,201,201,201,201,201,201,201,201,201
255,252,252,252,252,252,252,252,252,252,252
312,312,312,312,312,312,312,312,312,312,312
373,370,370,370,370,370,370,370,370,370,370
436,436,436,436,436,436,436,436,436,436,436
500,497,497,497,497,497,497,497,497,497,497
564,564,564,564,564,564,564,564,564,564,564
627,624,625,625,625,625,625,625,625,625,625
689,689,689,689,689,689,689,689,689,689,689
748,745,745,745,745,745,745,745,745,745,745
803,803,803,803,803,803,803,803,803,803,803
853,850,850,850,850,851,851,851,851,851,851
898,898,898,898,898,898,898,898,898,898,898
937,934,934,934,934,935,935,935,935,935,935
970,970,970,970,970,970,970,970,970,970,970
995,992,992,992,992,992,992,992,992,992,992
1012,1012,1012,1012,1012,1012,1012,1012,1012,1012,1012
1022,1019,1019,1019,1019,1019,1019,1019,1019,1019,1019
1023,1023,1023,1023,1023,1023,1023,1023,1023,1023,1023
1017,1014,1013,1013,1013,1013,1013,1013,1013,1013,1013
1002,1002,1002,1002,1002,1002,1002,1002,1002,1002,1002
980,977,977,977,977,977,977,977,976,976,976
950,950,950,950,950,950,950,950,950,950,950
913,910,910,910,910,910,910,910,910,910,910
871,871,871,871,871,871,871,871,871,871,871
822,819,819,819,819,819,819,819,819,818,818
768,768,768,768,768,768,768,768,768,768,768
711,708,708,708,708,708,708,708,707,707,707
650,650,650,650,650,650,650,650,650,650,650
587,584,584,584,584,584,584,584,584,584,584
523,523,523,523,523,523,523,523,523,523,523
459,456,456,456,456,456,456,456,456,456,455
396,396,396,396,396,396,396,396,396,396,396
334,331,331,331,331,331,331,331,331,331,331
275,275,275,275,275,275,275,275,275,275,275
220,217,217,217,217,217,217,217,217,217,217
170,170,170,170,170,170,170,170,170,170,170
125,122,122,122,122,121,121,121,121,121,121
86,86,86,86,86,86,86,86,86,86,86
53,50,50,50,50,50,50,50,50,50,50
28,28,28,28,28,28,28,28,28,28,28
11,8,8,8,8,8,8,8,8,8,8
1,1,1,1,1,1,1,1,1,1,1
0,0,0,0,0,0,0,0,0,0,0
6,6,6,6,6,6,6,6,6,6,6
21,18,18,18,18,18,18,18,18,18,18
43,43,43,43,43,43,43,43,43,43,43
73,70,70,70,70,70,70,70,70,70,70
109,109,109,109,109,109,109,109,109,109,109
152,149,149,150,150,150,150,150,150,150,150
201,201,201,201,201,201,201,201,201,201,201
254,251,252,252,252,252,252,252,252,252,252
312,312,312,312,312,312,312,312,312,312,312
373,370,370,370,370,370,370,370,370,370,370
435,435,435,435,435,435,435,435,435,435,435
500,497,497,497,497,497,497,497,497,497,497
564,564,564,564,564,564,564,564,564,564,564
627,624,624,624,624,625,625,625,625,625,625
689,689,689,689,689,689,689,689,689,689,689
748,745,745,745,745,745,745,745,745,745,745
803,803,803,803,803,803,803,803,803,803,803
853,850,850,850,850,850,850,850,851,851,851
898,898,898,898,898,898,898,898,898,898,898
937,934,934,934,934,934,934,934,935,935,935
970,970,970,970,970,970,970,970,970,970,970
995,992,992,992,992,992,992,992,992,992,992
1012,1012,1012,1012,1012,1012,1012,1012,1012,1012,1012
1022,1019,1019,1019,1019,1019,1019,1019,1019,1019,1019
1023,1023,1023,1023,1023,1023,1023,1023,1023,1023,1023
1017,1014,1014,1014,1014,1013,1013,1013,1013,1013,1013
1002,1002,1002,1002,1002,1002,1002,1002,1002,1002,1002
980,977,977,977,977,977,977,977,977,977,977
950,950,950,950,950,950,950,950,950,950,950
914,911,910,910,910,910,910,910,910,910,910
871,871,871,871,871,871,871,871,871,871,871
822,819,819,819,819,819,819,819,819,819,819
769,769,769,769,769,769,769,769,769,769,769
711,708,708,708,708,708,708,708,708,708,708
650,650,650,650,650,650,650,650,650,650,650
588,585,585,584,584,584,584,584,584,584,584
524,524,524,524,524,524,524,524,524,524,524
459,456,456,456,456,456,456,456,456,456,456
396,396,396,396,396,396,396,396,396,396,396
334,331,331,331,331,331,331,331,331,331,331
276,276,276,276,276,276,276,276,276,276,276
220,217,217,217,217,217,217,217,217,217,217
170,170,170,170,170,170,170,170,170,170,170
125,122,122,122,122,122,122,122,121,121,121
86,86,86,86,86,86,86,86,86,86,86
54,50,50,50,50,50,50,50,50,50,50
28,28,28,28,28,28,28,28,28,28,28
11,8,8,8,8,8,8,8,8,8,8
1,1,1,1,1,1,1,1,1,1,1
0,0,0,0,0,0,0,0,0,0,0
6,6,6,6,6,6,6,6,6,6,6
21,18,18,18,18,18,18,18,18,18,18
43,43,43,43,43,43,43,43,43,43,43
73,70,70,70,70,70,70,70,70,70,70
109,109,109,109,109,109,109,109,109,109,109
152,149,149,149,149,149,150,150,150,150,150
201,201,201,201,201,201,201,201,201,201,201
254,251,251,251,251,252,252,252,252,252,252
312,312,312,312,312,312,312,312,312,312,312
372,369,370,370,370,370,370,370,370,370,370
435,435,435,435,435,435,435,435,435,435,435
499,496,496,497,497,497,497,497,497,497,497
564,564,564,564,564,564,564,564,564,564,564
627,624,624,624,624,624,624,624,624,625,625
689,689,689,689,689,689,689,689,689,689,689
747,744,745,745,745,745,745,745,745,745,745
802,802,802,802,802,802,802,802,802,802,802
853,850,850,850,850,850,850,850,850,850,850
898,898,898,898,898,898,898,898,898,898,898
937,934,934,934,934,934,934,934,934,934,934
969,969,969,969,969,969,969,969,969,969,969
995,992,992,992,992,992,992,992,992,992,992
1012,1012,1012,1012,1012,1012,1012,1012,1012,1012,1012
1022,1019,1019,1019,1019,1019,1019,1019,1019,1019,1019
1023,1023,1023,1023,1023,1023,1023,1023,1023,1023,1023
1017,1014,1014,1014,1014,1014,1014,1014,1013,1013,1013
1002,1002,1002,1002,1002,1002,1002,1002,1002,1002,1002
980,977,977,977,977,977,977,977,977,977,977
950,950,950,950,950,950,950,950,950,950,950
914,911,911,911,911,910,910,910,910,910,910
871,871,871,871,871,871,871,871,871,871,871
822,819,819,819,819,819,819,819,819,819,819
769,769,769,769,769,769,769,769,769,769,769
711,708,708,708,708,708,708,708,708,708,708
651,651,651,651,651,651,651,651,651,651,651
588,585,585,585,585,585,584,584,584,584,584
524,524,524,524,524,524,524,524,524,524,524
460,456,456,456,456,456,456,456,456,456,456
396,396,396,396,396,396,396,396,396,396,396
334,331,331,331,331,331,331,331,331,331,331
276,276,276,276,276,276,276,276,276,276,276
221,218,217,217,217,217,217,217,217,217,217
170,170,170,170,170,170,170,170,170,170,170
125,122,122,122,122,122,122,122,122,122,122
86,86,86,86,86,86,86,86,86,86,86
54,51,51,51,50,50,50,50,50,50,50
29,29,29,29,29,29,29,29,29,29,29
11,8,8,8,8,8,8,8,8,8,8
1,1,1,1,1,1,1,1,1,1,1
0,0,0,0,0,0,0,0,0,0,0
6,6,6,6,6,6,6,6,6,6,6
21,18,18,18,18,18,18,18,18,18,18
43,43,43,43,43,43,43,43,43,43,43
73,70,70,70,70,70,70,70,70,70,70
109,109,109,109,109,109,109,109,109,109,109
152,149,149,149,149,149,149,149,149,150,150
201,201,201,201,201,201,201,201,201,201,201
254,251,251,251,251,251,251,251,252,252,252
312,312,312,312,312,312,312,312,312,312,312
372,369,369,369,369,370,370,370,370,370,370
435,435,435,435,435,435,435,435,435,435,435
499,496,496,496,496,496,497,497,497,497,497
563,563,563,563,563,563,563,563,563,563,563
627,624,624,624,624,624,624,624,624,624,624
688,688,688,688,688,688,688,688,688,688,688
747,744,744,744,744,745,745,745,745,745,745
802,802,802,802,802,802,802,802,802,802,802
853,850,850,850,850,850,850,850,850,850,850
898,898,898,898,898,898,898,898,898,898,898
937,934,934,934,934,934,934,934,934,934,934
969,969,969,969,969,969,969,969,969,969,969
994,991,992,992,992,992,992,992,992,992,992
1012,1012,1012,1012,1012,1012,1012,1012,1012,1012,1012
1022,1019,1019,1019,1019,1019,1019,1019,1019,1019,1019
1023,1023,1023,1023,1023,1023,1023,1023,1023,1023,1023
1017,1014,1014,1014,1014,1014,1014,1014,1014,1014,1014
1002,1002,1002,1002,1002,1002,1002,1002,1002,1002,1002
980,977,977,977,977,977,977,977,977,977,977
950,950,950,950,950,950,950,950,950,950,950
914,911,911,911,911,911,911,911,910,910,910
871,871,871,871,871,871,871,871,871,871,871
822,819,819,819,819,819,819,819,819,819,819
769,769,769,769,769,769,769,769,769,769,769
712,708,708,708,708,708,708,708,708,708,708
651,651,651,651,651,651,651,651,651,651,651
588,585,585,585,585,585,585,585,585,584,584
524,524,524,524,524,524,524,524,524,524,524
460,457,457,457,456,456,456,456,456,456,456
396,396,396,396,396,396,396,396,396,396,396
335,332,332,331,331,331,331,331,331,331,331
276,276,276,276,276,276,276,276,276,276,276
221,218,218,218,218,217,217,217,217,217,217
170,170,170,170,170,170,170,170,170,170,170
125,122,122,122,122,122,122,122,122,122,122
86,86,86,86,86,86,86,86,86,86,86
54,51,51,51,51,51,51,50,50,50,50
29,29,29,29,29,29,29,29,29,29,29
11,8,8,8,8,8,8,8,8,8,8
1,1,1,1,1,1,1,1,1,1,1
0,0,0,0,0,0,0,0,0,0,0
6,6,6,6,6,6,6,6,6,6,6
21,18,18,18,18,18,18,18,18,18,18
43,43,43,43,43,43,43,43,43,43,43
73,70,70,70,70,70,70,70,70,70,70
109,109,109,109,109,109,109,109,109,109,109
152,149,149,149,149,149,149,149,149,149,149
200,200,200,200,200,200,200,200,200,200,200
254,251,251,251,251,251,251,251,251,251,251
311,311,311,311,311,311,311,311,311,311,311
372,369,369,369,369,369,369,369,370,370,370
435,435,435,435,435,435,435,435,435,435,435
499,496,496,496,496,496,496,496,496,497,497
563,563,563,563,563,563,563,563,563,563,563
627,624,624,624,624,624,624,624,624,624,624
688,688,688,688,688,688,688,688,688,688,688
747,744,744,744,744,744,744,744,745,745,745
802,802,802,802,802,802,802,802,802,802,802
853,850,850,850,850,850,850,850,850,850,850
898,898,898,898,898,898,898,898,898,898,898
937,934,934,934,934,934,934,934,934,934,934
969,969,969,969,969,969,969,969,969,969,969
994,991,991,991,991,992,992,992,992,992,992
1012,1012,1012,1012,1012,1012,1012,1012,1012,1012,1012
1022,1019,1019,1019,1019,1019,1019,1019,1019,1019,1019
1023,1023,1023,1023,1023,1023,1023,1023,1023,1023,1023
1017,1014,1014,1014,1014,1014,1014,1014,1014,1014,1014
1002,1002,1002,1002,1002,1002,1002,1002,1002,1002,1002
980,977,977,977,977,977,977,977,977,977,977
950,950,950,950,950,950,950,950,950,950,950
914,911,911,911,911,911,911,911,911,911,911
871,871,871,871,871,871,871,871,871,871,871
823,820,819,819,819,819,819,819,819,819,819
769,769,769,769,769,769,769,769,769,769,769
712,709,709,709,708,708,708,708,708,708,708
651,651,651,651,651,651,651,651,651,651,651
588,585,585,585,585,585,585,585,585,585,585
524,524,524,524,524,524,524,524,524,524,524
460,457,457,457,457,457,457,456,456,456,456
396,396,396,396,396,396,396,396,396,396,396
335,332,332,332,332,332,332,331,331,331,331
276,276,276,276,276,276,276,276,276,276,276
221,218,218,218,218,218,218,218,217,217,217
170,170,170,170,170,170,170,170,170,170,170
125,122,122,122,122,122,122,122,122,122,122
86,86,86,86,86,86,86,86,86,86,86
54,51,51,51,51,51,51,51,51,51,50
29,29,29,29,29,29,29,29,29,29,29
11,8,8,8,8,8,8,8,8,8,8
1,1,1,1,1,1,1,1,1,1,1
0,0,0,0,0,0,0,0,0,0,0
6,6,6,6,6,6,6,6,6,6,6
21,18,18,18,18,18,18,18,18,18,18
43,43,43,43,43,43,43,43,43,43,43
73,70,70,70,70,70,70,70,70,70,70
109,109,109,109,109,109,109,109,109,109,109
152,149,149,149,149,149,149,149,149,149,149
200,200,200,200,200,200,200,200,200,200,200
254,251,251,251,251,251,251,251,251,251,251
311,311,311,311,311,311,311,311,311,311,311
372,369,369,369,369,369,369,369,369,369,369
435,435,435,435,435,435,435,435,435,435,435
499,496,496,496,496,496,496,496,496,496,496
563,563,563,563,563,563,563,563,563,563,563
626,623,624,624,624,624,624,624,624,624,624
688,688,688,688,688,688,688,688,688,688,688
747,744,744,744,744,744,744,744,744,744,744
802,802,802,802,802,802,802,802,802,802,802
853,850,850,850,850,850,850,850,850,850,850
898,898,898,898,898,898,898,898,898,898,898
937,934,934,934,934,934,934,934,934,934,934
969,969,969,969,969,969,969,969,969,969,969
994,991,991,991,991,991,991,991,992,992,992
1012,1012,1012,1012,1012,1012,1012,1012,1012,1012,1012
1022,1019,1019,1019,1019,1019,1019,1019,1019,1019,1019
1023,1023,1023,1023,1023,1023,1023,1023,1023,1023,1023
1017,1014,1014,1014,1014,1014,1014,1014,1014,1014,1014
1002,1002,1002,1002,1002,1002,1002,1002,1002,1002,1002
980,977,977,977,977,977,977,977,977,977,977
951,951,951,951,951,951,951,951,951,951,951
914,911,911,911,911,911,911,911,911,911,911
871,871,871,871,871,871,871,871,871,871,871
823,820,820,820,820,819,819,819,819,819,819
769,769,769,769,769,769,769,769,769,769,769
712,709,709,709,709,709,709,708,708,708,708
651,651,651,651,651,651,651,651,651,651,651
588,585,585,585,585,585,585,585,585,585,585
524,524,524,524,524,524,524,524,524,524,524
460,457,457,457,457,457,457,457,457,457,456
397,397,397,397,397,397,397,397,397,397,397
335,332,332,332,332,332,332,332,332,332,331
276,276,276,276,276,276,276,276,276,276,276
221,218,218,218,218,218,218,218,218,218,218
171,171,171,171,171,171,171,171,171,171,171
125,122,122,122,122,122,122,122,122,122,122
86,86,86,86,86,86,86,86,86,86,86
54,51,51,51,51,51,51,51,51,51,51
29,29,29,29,29,29,29,29,29,29,29
11,8,8,8,8,8,8,8,8,8,8
1,1,1,1,1,1,1,1,1,1,1
0,0,0,0,0,0,0,0,0,0,0
6,6,6,6,6,6,6,6,6,6,6
21,18,18,18,18,18,18,18,18,18,18
43,43,43,43,43,43,43,43,43,43,43
72,69,69,70,70,70,70,70,70,70,70
109,109,109,109,109,109,109,109,109,109,109
152,149,149,149,149,149,149,149,149,149,149
200,200,200,200,200,200,200,200,200,200,200
254,251,251,251,251,251,251,251,251,251,251
311,311,311,311,311,311,311,311,311,311,311
372,369,369,369,369,369,369,369,369,369,369
434,434,434,434,434,434,434,434,434,434,434
499,496,496,496,496,496,496,496,496,496,496
563,563,563,563,563,563,563,563,563,563,563
626,623,623,623,623,624,624,624,624,624,624
688,688,688,688,688,688,688,688,688,688,688
747,744,744,744,744,744,744,744,744,744,744
802,802,802,802,802,802,802,802,802,802,802
852,849,850,850,850,850,850,850,850,850,850
898,898,898,898,898,898,898,898,898,898,898
937,934,934,934,934,934,934,934,934,934,934
969,969,969,969,969,969,969,969,969,969,969
994,991,991,991,991,991,991,991,991,991,991
1012,1012,1012,1012,1012,1012,1012,1012,1012,1012,1012
1022,1019,1019,1019,1019,1019,1019,1019,1019,1019,1019
1023,1023,1023,1023,1023,1023,1023,1023,1023,1023,1023
1017,1014,1014,1014,1014,1014,1014,1014,1014,1014,1014
1002,1002,1002,1002,1002,1002,1002,1002,1002,1002,1002
980,977,977,977,977,977,977,977,977,977,977
951,951,951,951,951,951,951,951,951,951,951
914,911,911,911,911,911,911,911,911,911,911
871,871,871,871,871,871,871,871,871,871,871
823,820,820,820,820,820,820,820,819,819,819
770,770,770,770,770,770,770,770,770,770,770
712,709,709,709,709,709,709,709,709,709,708
651,651,651,651,651,651,651,651,651,651,651
589,586,585,585,585,585,585,585,585,585,585
525,525,525,525,525,525,525,525,525,525,525
460,457,457,457,457,457,457,457,457,457,457
397,397,397,397,397,397,397,397,397,397,397
335,332,332,332,332,332,332,332,332,332,332
276,276,276,276,276,276,276,276,276,276,276
221,218,218,218,218,218,218,218,218,218,218
171,171,171,171,171,171,171,171,171,171,171
125,122,122,122,122,122,122,122,122,122,122
86,86,86,86,86,86,86,86,86,86,86
54,51,51,51,51,51,51,51,51,51,51
29,29,29,29,29,29,29,29,29,29,29
11,8,8,8,8,8,8,8,8,8,8
2,2,2,2,2,2,2,2,2,2,2
0,0,0,0,0,0,0,0,0,0,0
6,6,6,6,6,6,6,6,6,6,6
21,18,18,18,18,18,18,18,18,18,18
43,43,43,43,43,43,43,43,43,43,43
72,69,69,69,69,69,70,70,70,70,70
109,109,109,109,109,109,109,109,109,109,109
152,149,149,149,149,149,149,149,149,149,149
200,200,200,200,200,200,200,200,200,200,200
253,250,251,251,251,251,251,251,251,251,251
311,311,311,311,311,311,311,311,311,311,311
371,369,369,369,369,369,369,369,369,369,369
434,434,434,434,434,434,434,434,434,434,434
498,495,495,496,496,496,496,496,496,496,496
563,563,563,563,563,563,563,563,563,563,563
626,623,623,623,623,623,623,623,624,624,624
688,688,688,688,688,688,688,688,688,688,688
747,744,744,744,744,744,744,744,744,744,744
802,802,802,802,802,802,802,802,802,802,802
852,849,849,849,849,850,850,850,850,850,850
897,897,897,897,897,897,897,897,897,897,897
937,934,934,934,934,934,934,934,934,934,934
969,969,969,969,969,969,969,969,969,969,969
994,991,991,991,991,991,991,991,991,991,991
1012,1012,1012,1012,1012,1012,1012,1012,1012,1012,1012
1021,1018,1019,1019,1019,1019,1019,1019,1019,1019,1019
1023,1023,1023,1023,1023,1023,1023,1023,1023,1023,1023
1017,1014,1014,1014,1014,1014,1014,1014,1014,1014,1014
1002,1002,1002,1002,1002,1002,1002,1002,1002,1002,1002
980,977,977,977,977,977,977,977,977,977,977
951,951,951,951,951,951,951,951,951,951,951
914,911,911,911,911,911,911,911,911,911,911
872,872,872,872,872,872,872,872,872,872,872
823,820,820,820,820,820,820,820,820,820,820
770,770,770,770,770,770,770,770,770,770,770
712,709,709,709,709,709,709,709,709,709,709
652,652,652,652,652,652,652,652,652,652,652
589,586,586,586,586,585,585,585,585,585,585
525,525,525,525,525,525,525,525,525,525,525
461,457,457,457,457,457,457,457,457,457,457
397,397,397,397,397,397,397,397,397,397,397
335,332,332,332,332,332,332,332,332,332,332
277,277,277,277,277,277,277,277,277,277,277
221,218,218,218,218,218,218,218,218,218,218
171,171,171,171,171,171,171,171,171,171,171
126,123,123,122,122,122,122,122,122,122,122
86,86,86,86,86,86,86,86,86,86,86
54,51,51,51,51,51,51,51,51,51,51
29,29,29,29,29,29,29,29,29,29,29
11,8,8,8,8,8,8,8,8,8,8
2,2,2,2,2,2,2,2,2,2,2
0,0,0,0,0,0,0,0,0,0,0
6,6,6,6,6,6,6,6,6,6,6
21,18,18,18,18,18,18,18,18,18,18
43,43,43,43,43,43,43,43,43,43,43
72,69,69,69,69,69,69,69,69,70,70
109,109,109,109,109,109,109,109,109,109,109
151,148,149,149,149,149,149,149,149,149,149
200,200,200,200,200,200,200,200,200,200,200
253,250,250,250,250,251,251,251,251,251,251
311,311,311,311,311,311,311,311,311,311,311
371,368,368,368,369,369,369,369,369,369,369
434,434,434,434,434,434,434,434,434,434,434
498,495,495,495,495,495,496,496,496,496,496
562,562,562,562,562,562,562,562,562,562,562
626,623,623,623,623,623,623,623,623,623,623
687,687,687,687,687,687,687,687,687,687,687
746,743,743,744,744,744,744,744,744,744,744
802,802,802,802,802,802,802,802,802,802,802
852,849,849,849,849,849,849,849,850,850,850
897,897,897,897,897,897,897,897,897,897,897
936,934,934,934,934,934,934,934,934,934,934
969,969,969,969,969,969,969,969,969,969,969
994,991,991,991,991,991,991,991,991,991,991
1012,1012,1012,1012,1012,1012,1012,1012,1012,1012,1012
1021,1018,1018,1018,1018,1019,1019,1019,1019,1019,1019
1023,1023,1023,1023,1023,1023,1023,1023,1023,1023,1023
1017,1014,1014,1014,1014,1014,1014,1014,1014,1014,1014
1002,1002,1002,1002,1002,1002,1002,1002,1002,1002,1002
980,977,977,977,977,977,977,977,977,977,977
951,951,951,951,951,951,951,951,951,951,951
914,911,911,911,911,911,911,911,911,911,911
872,872,872,872,872,872,872,872,872,872,872
823,820,820,820,820,820,820,820,820,820,820
770,770,770,770,770,770,770,770,770,770,770
712,709,709,709,709,709,709,709,709,709,709
652,652,652,652,652,652,652,652,652,652,652
589,586,586,586,586,586,586,586,585,585,585
525,525,525,525,525,525,525,525,525,525,525
461,458,458,458,457,457,457,457,457,457,457
397,397,397,397,397,397,397,397,397,397,397
336,333,332,332,332,332,332,332,332,332,332
277,277,277,277,277,277,277,277,277,277,277
222,219,218,218,218,218,218,218,218,218,218
171,171,171,171,171,171,171,171,171,171,171
126,123,123,123,123,123,122,122,122,122,122
87,87,87,87,87,87,87,87,87,87,87
54,51,51,51,51,51,51,51,51,51,51
29,29,29,29,29,29,29,29,29,29,29
11,8,8,8,8,8,8,8,8,8,8
2,2,2,2,2,2,2,2,2,2,2
0,0,0,0,0,0,0,0,0,0,0
6,6,6,6,6,6,6,6,6,6,6
21,18,18,18,18,18,18,18,18,18,18
43,43,43,43,43,43,43,43,43,43,43
72,69,69,69,69,69,69,69,69,69,69
109,109,109,109,109,109,109,109,109,109,109
151,148,148,148,148,149,149,149,149,149,149
200,200,200,200,200,200,200,200,200,200,200
253,250,250,250,250,250,250,250,251,251,251
311,311,311,311,311,311,311,311,311,311,311
371,368,368,368,368,368,368,369,369,369,369
434,434,434,434,434,434,434,434,434,434,434
498,495,495,495,495,495,495,495,495,496,496
562,562,562,562,562,562,562,562,562,562,562
626,623,623,623,623,623,623,623,623,623,623
687,687,687,687,687,687,687,687,687,687,687
746,743,743,743,743,743,744,744,744,744,744
801,801,801,801,801,801,801,801,801,801,801
852,849,849,849,849,849,849,849,849,849,849
897,897,897,897,897,897,897,897,897,897,897
936,933,933,933,934,934,934,934,934,934,934
969,969,969,969,969,969,969,969,969,969,969
994,991,991,991,991,991,991,991,991,991,991
1012,1012,1012,1012,1012,1012,1012,1012,1012,1012,1012
1021,1018,1018,1018,1018,1018,1018,1018,1019,1019,1019
1023,1023,1023,1023,1023,1023,1023,1023,1023,1023,1023
1017,1014,1014,1014,1014,1014,1014,1014,1014,1014,1014
1002,1002,1002,1002,1002,1002,1002,1002,1002,1002,1002
980,977,977,977,977,977,977,977,977,977,977
951,951,951,951,951,951,951,951,951,951,951
915,912,911,911,911,911,911,911,911,911,911
872,872,872,872,872,872,872,872,872,872,872
823,820,820,820,820,820,820,820,820,820,820
770,770,770,770,770,770,770,770,770,770,770
713,710,709,709,709,709,709,709,709,709,709
652,652,652,652,652,652,652,652,652,652,652
589,586,586,586,586,586,586,586,586,586,586
525,525,525,525,525,525,525,525,525,525,525
461,458,458,458,458,458,458,457,457,457,457
397,397,397,397,397,397,397,397,397,397,397
336,333,333,333,333,332,332,332,332,332,332
277,277,277,277,277,277,277,277,277,277,277
222,219,219,219,219,218,218,218,218,218,218
171,171,171,171,171,171,171,171,171,171,171
126,123,123,123,123,123,123,123,123,122,122
87,87,87,87,87,87,87,87,87,87,87
54,51,51,51,51,51,51,51,51,51,51
29,29,29,29,29,29,29,29,29,29,29
11,8,8,8,8,8,8,8,8,8,8
2,2,2,2,2,2,2,2,2,2,2
0,0,0,0,0,0,0,0,0,0,0
6,6,6,6,6,6,6,6,6,6,6
20,18,18,18,18,18,18,18,18,18,18
43,43,43,43,43,43,43,43,43,43,43
72,69,69,69,69,69,69,69,69,69,69
108,108,108,108,108,108,108,108,108,108,108
151,148,148,148,148,148,148,148,149,149,149
200,200,200,200,200,200,200,200,200,200,200
253,250,250,250,250,250,250,250,250,250,250
310,310,310,310,310,310,310,310,310,310,310
371,368,368,368,368,368,368,368,368,368,369
434,434,434,434,434,434,434,434,434,434,434
498,495,495,495,495,495,495,495,495,495,495
562,562,562,562,562,562,562,562,562,562,562
625,623,623,623,623,623,623,623,623,623,623
687,687,687,687,687,687,687,687,687,687,687
746,743,743,743,743,743,743,743,743,744,744
801,801,801,801,801,801,801,801,801,801,801
852,849,849,849,849,849,849,849,849,849,849
897,897,897,897,897,897,897,897,897,897,897
936,933,933,933,933,933,933,934,934,934,934
969,969,969,969,969,969,969,969,969,969,969
994,991,991,991,991,991,991,991,991,991,991
1012,1012,1012,1012,1012,1012,1012,1012,1012,1012,1012
1021,1018,1018,1018,1018,1018,1018,1018,1018,1018,1018
1023,1023,1023,1023,1023,1023,1023,1023,1023,1023,1023
1017,1014,1014,1014,1014,1014,1014,1014,1014,1014,1014
1003,1003,1003,1003,1003,1003,1003,1003,1003,1003,1003
980,977,977,977,977,977,977,977,977,977,977
951,951,951,951,951,951,951,951,951,951,951
915,912,912,912,912,911,911,911,911,911,911
872,872,872,872,872,872,872,872,872,872,872
824,820,820,820,820,820,820,820,820,820,820
770,770,770,770,770,770,770,770,770,770,770
713,710,710,710,710,709,709,709,709,709,709
652,652,652,652,652,652,652,652,652,652,652
589,586,586,586,586,586,586,586,586,586,586
525,525,525,525,525,525,525,525,525,525,525
461,458,458,458,458,458,458,458,458,458,457
398,398,398,398,398,398,398,398,398,398,398
336,333,333,333,333,333,333,333,332,332,332
277,277,277,277,277,277,277,277,277,277,277
222,219,219,219,219,219,219,219,218,218,218
171,171,171,171,171,171,171,171,171,171,171
126,123,123,123,123,123,123,123,123,123,123
87,87,87,87,87,87,87,87,87,87,87
54,51,51,51,51,51,51,51,51,51,51
29,29,29,29,29,29,29,29,29,29,29
11,8,8,8,8,8,8,8,8,8,8
2,2,2,2,2,2,2,2,2,2,2
0,0,0,0,0,0,0,0,0,0,0
6,6,6,6,6,6,6,6,6,6,6
20,17,17,17,18,18,18,18,18,18,18
42,42,42,42,42,42,42,42,42,42,42
72,69,69,69,69,69,69,69,69,69,69
108,108,108,108,108,108,108,108,108,108,108
151,148,148,148,148,148,148,148,148,148,148
199,199,199,199,199,199,199,199,199,199,199
253,250,250,250,250,250,250,250,250,250,250
310,310,310,310,310,310,310,310,310,310,310
371,368,368,368,368,368,368,368,368,368,368
434,434,434,434,434,434,434,434,434,434,434
498,495,495,495,495,495,495,495,495,495,495
562,562,562,562,562,562,562,562,562,562,562
625,622,622,622,623,623,623,623,623,623,623
687,687,687,687,687,687,687,687,687,687,687
746,743,743,743,743,743,743,743,743,743,743
801,801,801,801,801,801,801,801,801,801,801
852,849,849,849,849,849,849,849,849,849,849
897,897,897,897,897,897,897,897,897,897,897
936,933,933,933,933,933,933,933,933,933,934
969,969,969,969,969,969,969,969,969,969,969
994,991,991,991,991,991,991,991,991,991,991
1012,1012,1012,1012,1012,1012,1012,1012,1012,1012,1012
1021,1018,1018,1018,1018,1018,1018,1018,1018,1018,1018
1023,1023,1023,1023,1023,1023,1023,1023,1023,1023,1023
1017,1014,1014,1014,1014,1014,1014,1014,1014,1014,1014
1003,1003,1003,1003,1003,1003,1003,1003,1003,1003,1003
981,978,978,977,977,977,977,977,977,977,977
951,951,951,951,951,951,951,951,951,951,951
915,912,912,912,912,912,912,912,911,911,911
872,872,872,872,872,872,872,872,872,872,872
824,821,821,821,820,820,820,820,820,820,820
770,770,770,770,770,770,770,770,770,770,770
713,710,710,710,710,710,710,710,709,709,709
652,652,652,652,652,652,652,652,652,652,652
590,587,586,586,586,586,586,586,586,586,586
526,526,526,526,526,526,526,526,526,526,526
461,458,458,458,458,458,458,458,458,458,458
398,398,398,398,398,398,398,398,398,398,398
336,333,333,333,333,333,333,333,333,333,333
277,277,277,277,277,277,277,277,277,277,277
222,219,219,219,219,219,219,219,219,219,219
171,171,171,171,171,171,171,171,171,171,171
126,123,123,123,123,123,123,123,123,123,123
87,87,87,87,87,87,87,87,87,87,87
54,51,51,51,51,51,51,51,51,51,51
29,29,29,29,29,29,29,29,29,29,29
11,8,8,8,8,8,8,8,8,8,8
2,2,2,2,2,2,2,2,2,2,2
0,0,0,0,0,0,0,0,0,0,0
6,6,6,6,6,6,6,6,6,6,6
20,17,17,17,17,17,17,18,18,18,18
42,42,42,42,42,42,42,42,42,42,42
72,69,69,69,69,69,69,69,69,69,69
108,108,108,108,108,108,108,108,108,108,108
151,148,148,148,148,148,148,148,148,148,148
199,199,199,199,199,199,199,199,199,199,199
253,250,250,250,250,250,250,250,250,250,250
310,310,310,310,310,310,310,310,310,310,310
371,368,368,368,368,368,368,368,368,368,368
433,433,433,433,433,433,433,433,433,433,433
497,494,494,495,495,495,495,495,495,495,495
562,562,562,562,562,562,562,562,562,562,562
625,622,622,622,622,622,622,623,623,623,623
687,687,687,687,687,687,687,687,687,687,687
746,743,743,743,743,743,743,743,743,743,743
801,801,801,801,801,801,801,801,801,801,801
852,849,849,849,849,849,849,849,849,849,849
897,897,897,897,897,897,897,897,897,897,897
936,933,933,933,933,933,933,933,933,933,933
969,969,969,969,969,969,969,969,969,969,969
994,991,991,991,991,991,991,991,991,991,991
1012,1012,1012,1012,1012,1012,1012,1012,1012,1012,1012
1021,1018,1018,1018,1018,1018,1018,1018,1018,1018,1018
1023,1023,1023,1023,1023,1023,1023,1023,1023,1023,1023
1017,1014,1014,1014,1014,1014,1014,1014,1014,1014,1014
1003,1003,1003,1003,1003,1003,1003,1003,1003,1003,1003
981,978,978,978,978,978,977,977,977,977,977
951,951,951,951,951,951,951,951,951,951,951
915,912,912,912,912,912,912,912,912,912,912
872,872,872,872,872,872,872,872,872,872,872
824,821,821,821,821,821,821,820,820,820,820
771,771,771,771,771,771,771,771,771,771,771
713,710,710,710,710,710,710,710,710,710,710
653,653,653,653,653,653,653,653,653,653,653
590,587,587,587,587,586,586,586,586,586,586
526,526,526,526,526,526,526,526,526,526,526
461,458,458,458,458,458,458,458,458,458,458
398,398,398,398,398,398,398,398,398,398,398
336,333,333,333,333,333,333,333,333,333,333
277,277,277,277,277,277,277,277,277,277,277
222,219,219,219,219,219,219,219,219,219,219
172,172,172,172,172,172,172,172,172,172,172
126,123,123,123,123,123,123,123,123,123,123
87,87,87,87,87,87,87,87,87,87,87
54,51,51,51,51,51,51,51,51,51,51
29,29,29,29,29,29,29,29,29,29,29
11,8,8,8,8,8,8,8,8,8,8
2,2,2,2,2,2,2,2,2,2,2
0,0,0,0,0,0,0,0,0,0,0
6,6,6,6,6,6,6,6,6,6,6
20,17,17,17,17,17,17,17,17,17,18
42,42,42,42,42,42,42,42,42,42,42
72,69,69,69,69,69,69,69,69,69,69
108,108,108,108,108,108,108,108,108,108,108
151,148,148,148,148,148,148,148,148,148,148
199,199,199,199,199,199,199,199,199,199,199
252,249,250,250,250,250,250,250,250,250,250
310,310,310,310,310,310,310,310,310,310,310
370,367,367,368,368,368,368,368,368,368,368
433,433,433,433,433,433,433,433,433,433,433
497,494,494,494,494,494,495,495,495,495,495
561,561,561,561,561,561,561,561,561,561,561
625,622,622,622,622,622,622,622,622,622,623
687,687,687,687,687,687,687,687,687,687,687
745,743,743,743,743,743,743,743,743,743,743
801,801,801,801,801,801,801,801,801,801,801
851,848,848,849,849,849,849,849,849,849,849
897,897,897,897,897,897,897,897,897,897,897
936,933,933,933,933,933,933,933,933,933,933
968,968,968,968,968,968,968,968,968,968,968
994,991,991,991,991,991,991,991,991,991,991
1012,1012,1012,1012,1012,1012,1012,1012,1012,1012,1012
1021,1018,1018,1018,1018,1018,1018,1018,1018,1018,1018
1023,1023,1023,1023,1023,1023,1023,1023,1023,1023,1023
1017,1014,1014,1014,1014,1014,1014,1014,1014,1014,1014
1003,1003,1003,1003,1003,1003,1003,1003,1003,1003,1003
981,978,978,978,978,978,978,978,978,977,977
951,951,951,951,951,951,951,951,951,951,951
915,912,912,912,912,912,912,912,912,912,912
872,872,872,872,872,872,872,872,872,872,872
824,821,821,821,821,821,821,821,821,821,820
771,771,771,771,771,771,771,771,771,771,771
713,710,710,710,710,710,710,710,710,710,710
653,653,653,653,653,653,653,653,653,653,653
590,587,587,587,587,587,587,587,586,586,586
526,526,526,526,526,526,526,526,526,526,526
462,459,459,458,458,458,458,458,458,458,458
398,398,398,398,398,398,398,398,398,398,398
337,333,333,333,333,333,333,333,333,333,333
278,278,278,278,278,278,278,278,278,278,278
222,219,219,219,219,219,219,219,219,219,219
172,172,172,172,172,172,172,172,172,172,172
126,123,123,123,123,123,123,123,123,123,123
87,87,87,87,87,87,87,87,87,87,87
55,52,52,51,51,51,51,51,51,51,51
29,29,29,29,29,29,29,29,29,29,29
11,8,8,8,8,8,8,8,8,8,8
2,2,2,2,2,2,2,2,2,2,2
0,0,0,0,0,0,0,0,0,0,0
6,6,6,6,6,6,6,6,6,6,6
20,17,17,17,17,17,17,17,17,17,17
42,42,42,42,42,42,42,42,42,42,42
72,69,69,69,69,69,69,69,69,69,69
108,108,108,108,108,108,108,108,108,108,108
151,148,148,148,148,148,148,148,148,148,148
199,199,199,199,199,199,199,199,199,199,199
252,249,249,249,249,250,250,250,250,250,250
310,310,310,310,310,310,310,310,310,310,310
370,367,367,367,367,367,368,368,368,368,368
433,433,433,433,433,433,433,433,433,433,433
497,494,494,494,494,494,494,494,494,495,495
561,561,561,561,561,561,561,561,561,561,561
625,622,622,622,622,622,622,622,622,622,622
686,686,686,686,686,686,686,686,686,686,686
745,742,742,742,743,743,743,743,743,743,743
801,801,801,801,801,801,801,801,801,801,801
851,848,848,848,848,848,849,849,849,849,849
897,897,897,897,897,897,897,897,897,897,897
936,933,933,933,933,933,933,933,933,933,933
968,968,968,968,968,968,968,968,968,968,968
994,991,991,991,991,991,991,991,991,991,991
1011,1011,1011,1011,1011,1011,1011,1011,1011,1011,1011
1021,1018,1018,1018,1018,1018,1018,1018,1018,1018,1018
1023,1023,1023,1023,1023,1023,1023,1023,1023,1023,1023
1017,1014,1014,1014,1014,1014,1014,1014,1014,1014,1014
1003,1003,1003,1003,1003,1003,1003,1003,1003,1003,1003
981,978,978,978,978,978,978,978,978,978,978
951,951,951,951,951,951,951,951,951,951,951
915,912,912,912,912,912,912,912,912,912,912
872,872,872,872,872,872,872,872,872,872,872
824,821,821,821,821,821,821,821,821,821,821
771,771,771,771,771,771,771,771,771,771,771
713,710,710,710,710,710,710,710,710,710,710
653,653,653,653,653,653,653,653,653,653,653
590,587,587,587,587,587,587,587,587,587,587
526,526,526,526,526,526,526,526,526,526,526
462,459,459,459,459,459,458,458,458,458,458
398,398,398,398,398,398,398,398,398,398,398
337,334,334,334,333,333,333,333,333,333,333
278,278,278,278,278,278,278,278,278,278,278
223,219,219,219,219,219,219,219,219,219,219
172,172,172,172,172,172,172,172,172,172,172
126,123,123,123,123,123,123,123,123,123,123
87,87,87,87,87,87,87,87,87,87,87
55,52,52,52,52,52,51,51,51,51,51
29,29,29,29,29,29,29,29,29,29,29
12,9,8,8,8,8,8,8,8,8,8
2,2,2,2,2,2,2,2,2,2,2
0,0,0,0,0,0,0,0,0,0,0
6,6,6,6,6,6,6,6,6,6,6
20,17,17,17,17,17,17,17,17,17,17
42,42,42,42,42,42,42,42,42,42,42
72,69,69,69,69,69,69,69,69,69,69
108,108,108,108,108,108,108,108,108,108,108
150,147,148,148,148,148,148,148,148,148,148
199,199,199,199,199,199,199,199,199,199,199
252,249,249,249,249,249,249,249,249,250,250
309,309,309,309,309,309,309,309,309,309,309
370,367,367,367,367,367,367,367,367,368,368
433,433,433,433,433,433,433,433,433,433,433
497,494,494,494,494,494,494,494,494,494,494
561,561,561,561,561,561,561,561,561,561,561
625,622,622,622,622,622,622,622,622,622,622
686,686,686,686,686,686,686,686,686,686,686
745,742,742,742,742,742,742,743,743,743,743
800,800,800,800,800,800,800,800,800,800,800
851,848,848,848,848,848,848,848,848,849,849
896,896,896,896,896,896,896,896,896,896,896
936,933,933,933,933,933,933,933,933,933,933
968,968,968,968,968,968,968,968,968,968,968
994,991,991,991,991,991,991,991,991,991,991
1011,1011,1011,1011,1011,1011,1011,1011,1011,1011,1011
1021,1018,1018,1018,1018,1018,1018,1018,1018,1018,1018
1023,1023,1023,1023,1023,1023,1023,1023,1023,1023,1023
1017,1014,1014,1014,1014,1014,1014,1014,1014,1014,1014
1003,1003,1003,1003,1003,1003,1003,1003,1003,1003,1003
981,978,978,978,978,978,978,978,978,978,978
952,952,952,952,952,952,952,952,952,952,952
915,912,912,912,912,912,912,912,912,912,912
873,873,873,873,873,873,873,873,873,873,873
824,821,821,821,821,821,821,821,821,821,821
771,771,771,771,771,771,771,771,771,771,771
714,711,711,710,710,710,710,710,710,710,710
653,653,653,653,653,653,653,653,653,653,653
590,587,587,587,587,587,587,587,587,587,587
526,526,526,526,526,526,526,526,526,526,526
462,459,459,459,459,459,459,459,459,458,458
399,399,399,399,399,399,399,399,399,399,399
337,334,334,334,334,334,334,333,333,333,333
278,278,278,278,278,278,278,278,278,278,278
223,220,220,220,219,219,219,219,219,219,219
172,172,172,172,172,172,172,172,172,172,172
127,124,124,124,123,123,123,123,123,123,123
87,87,87,87,87,87,87,87,87,87,87
55,52,52,52,52,52,52,52,52,51,51
29,29,29,29,29,29,29,29,29,29,29
12,9,9,9,9,8,8,8,8,8,8
2,2,2,2,2,2,2,2,2,2,2
0,0,0,0,0,0,0,0,0,0,0
6,6,6,6,6,6,6,6,6,6,6
20,17,17,17,17,17,17,17,17,17,17
42,42,42,42,42,42,42,42,42,42,42
71,68,68,69,69,69,69,69,69,69,69
108,108,108,108,108,108,108,108,108,108,108
150,147,147,147,147,148,148,148,148,148,148
199,199,199,199,199,199,199,199,199,199,199
252,249,249,249,249,249,249,249,249,249,249
309,309,309,309,309,309,309,309,309,309,309
370,367,367,367,367,367,367,367,367,367,367
433,433,433,433,433,433,433,433,433,433,433
497,494,494,494,494,494,494,494,494,494,494
561,561,561,561,561,561,561,561,561,561,561
624,621,621,622,622,622,622,622,622,622,622
686,686,686,686,686,686,686,686,686,686,686
745,742,742,742,742,742,742,742,742,742,743
800,800,800,800,800,800,800,800,800,800,800
851,848,848,848,848,848,848,848,848,848,848
896,896,896,896,896,896,896,896,896,896,896
936,933,933,933,933,933,933,933,933,933,933
968,968,968,968,968,968,968,968,968,968,968
994,991,991,991,991,991,991,991,991,991,991
1011,1011,1011,1011,1011,1011,1011,1011,1011,1011,1011
1021,1018,1018,1018,1018,1018,1018,1018,1018,1018,1018
1023,1023,1023,1023,1023,1023,1023,1023,1023,1023,1023
1017,1014,1014,1014,1014,1014,1014,1014,1014,1014,1014
1003,1003,1003,1003,1003,1003,1003,1003,1003,1003,1003
981,978,978,978,978,978,978,978,978,978,978
952,952,952,952,952,952,952,952,952,952,952
915,912,912,912,912,912,912,912,912,912,912
873,873,873,873,873,873,873,873,873,873,873
824,821,821,821,821,821,821,821,821,821,821
771,771,771,771,771,771,771,771,771,771,771
714,711,711,711,711,711,710,710,710,710,710
653,653,653,653,653,653,653,653,653,653,653
591,587,587,587,587,587,587,587,587,587,587
527,527,527,527,527,527,527,527,527,527,527
462,459,459,459,459,459,459,459,459,459,459
399,399,399,399,399,399,399,399,399,399,399
337,334,334,334,334,334,334,334,334,334,333
278,278,278,278,278,278,278,278,278,278,278
223,220,220,220,220,220,220,219,219,219,219
172,172,172,172,172,172,172,172,172,172,172
127,124,124,124,124,124,124,123,123,123,123
87,87,87,87,87,87,87,87,87,87,87
55,52,52,52,52,52,52,52,52,52,52
29,29,29,29,29,29,29,29,29,29,29
12,9,9,9,9,9,9,9,8,8,8
2,2,2,2,2,2,2,2,2,2,2
0,0,0,0,0,0,0,0,0,0,0
6,6,6,6,6,6,6,6,6,6,6
20,17,17,17,17,17,17,17,17,17,17
42,42,42,42,42,42,42,42,42,42,42
71,68,68,68,68,68,69,69,69,69,69
108,108,108,108,108,108,108,108,108,108,108
150,147,147,147,147,147,147,147,148,148,148
198,198,198,198,198,198,198,198,198,198,198
252,249,249,249,249,249,249,249,249,249,249
309,309,309,309,309,309,309,309,309,309,309
370,367,367,367,367,367,367,367,367,367,367
432,432,432,432,432,432,432,432,432,432,432
496,493,494,494,494,494,494,494,494,494,494
561,561,561,561,561,561,561,561,561,561,561
624,621,621,621,621,621,622,622,622,622,622
686,686,686,686,686,686,686,686,686,686,686
745,742,742,742,742,742,742,742,742,742,742
800,800,800,800,800,800,800,800,800,800,800
851,848,848,848,848,848,848,848,848,848,848
896,896,896,896,896,896,896,896,896,896,896
935,933,933,933,933,933,933,933,933,933,933
968,968,968,968,968,968,968,968,968,968,968
994,991,991,991,991,991,991,991,991,991,991
1011,1011,1011,1011,1011,1011,1011,1011,1011,1011,1011
1021,1018,1018,1018,1018,1018,1018,1018,1018,1018,1018
1023,1023,1023,1023,1023,1023,1023,1023,1023,1023,1023
1017,1014,1014,1014,1014,1014,1014,1014,1014,1014,1014
1003,1003,1003,1003,1003,1003,1003,1003,1003,1003,1003
981,978,978,978,978,978,978,978,978,978,978
952,952,952,952,952,952,952,952,952,952,952
916,912,912,912,912,912,912,912,912,912,912
873,873,873,873,873,873,873,873,873,873,873
825,822,822,821,821,821,821,821,821,821,821
771,771,771,771,771,771,771,771,771,771,771
714,711,711,711,711,711,711,711,711,711,710
654,654,654,654,654,654,654,654,654,654,654
591,588,588,588,587,587,587,587,587,587,587
527,527,527,527,527,527,527,527,527,527,527
462,459,459,459,459,459,459,459,459,459,459
399,399,399,399,399,399,399,399,399,399,399
337,334,334,334,334,334,334,334,334,334,334
278,278,278,278,278,278,278,278,278,278,278
223,220,220,220,220,220,220,220,220,220,219
172,172,172,172,172,172,172,172,172,172,172
127,124,124,124,124,124,124,124,124,124,123
88,88,88,88,88,88,88,88,88,88,88
55,52,52,52,52,52,52,52,52,52,52
29,29,29,29,29,29,29,29,29,29,29
12,9,9,9,9,9,9,9,9,9,9
2,2,2,2,2,2,2,2,2,2,2
0,0,0,0,0,0,0,0,0,0,0
6,6,6,6,6,6,6,6,6,6,6
20,17,17,17,17,17,17,17,17,17,17
42,42,42,42,42,42,42,42,42,42,42
71,68,68,68,68,68,68,68,68,69,69
107,107,107,107,107,107,107,107,107,107,107
150,147,147,147,147,147,147,147,147,147,147
198,198,198,198,198,198,198,198,198,198,198
252,249,249,249,249,249,249,249,249,249,249
309,309,309,309,309,309,309,309,309,309,309
369,366,367,367,367,367,367,367,367,367,367
432,432,432,432,432,432,432,432,432,432,432
496,493,493,493,493,494,494,494,494,494,494
560,560,560,560,560,560,560,560,560,560,560
624,621,621,621,621,621,621,621,621,621,622
686,686,686,686,686,686,686,686,686,686,686
745,742,742,742,742,742,742,742,742,742,742
800,800,800,800,800,800,800,800,800,800,800
851,848,848,848,848,848,848,848,848,848,848
896,896,896,896,896,896,896,896,896,896,896
935,932,932,932,933,933,933,933,933,933,933
968,968,968,968,968,968,968,968,968,968,968
993,990,991,991,991,991,991,991,991,991,991
1011,1011,1011,1011,1011,1011,1011,1011,1011,1011,1011
1021,1018,1018,1018,1018,1018,1018,1018,1018,1018,1018
1023,1023,1023,1023,1023,1023,1023,1023,1023,1023,1023
1017,1014,1014,1014,1014,1014,1014,1014,1014,1014,1014
1003,1003,1003,1003,1003,1003,1003,1003,1003,1003,1003
981,978,978,978,978,978,978,978,978,978,978
952,952,952,952,952,952,952,952,952,952,952
916,913,913,913,912,912,912,912,912,912,912
873,873,873,873,873,873,873,873,873,873,873
825,822,822,822,822,822,821,821,821,821,821
772,772,772,772,772,772,772,772,772,772,772
714,711,711,711,711,711,711,711,711,711,711
654,654,654,654,654,654,654,654,654,654,654
591,588,588,588,588,588,588,587,587,587,587
527,527,527,527,527,527,527,527,527,527,527
463,460,460,459,459,459,459,459,459,459,459
399,399,399,399,399,399,399,399,399,399,399
337,334,334,334,334,334,334,334,334,334,334
278,278,278,278,278,278,278,278,278,278,278
223,220,220,220,220,220,220,220,220,220,220
172,172,172,172,172,172,172,172,172,172,172
127,124,124,124,124,124,124,124,124,124,124
88,88,88,88,88,88,88,88,88,88,88
55,52,52,52,52,52,52,52,52,52,52
30,30,30,30,30,30,30,30,30,30,30
12,9,9,9,9,9,9,9,9,9,9
2,2,2,2,2,2,2,2,2,2,2
0,0,0,0,0,0,0,0,0,0,0
6,6,6,6,6,6,6,6,6,6,6
20,17,17,17,17,17,17,17,17,17,17
42,42,42,42,42,42,42,42,42,42,42
71,68,68,68,68,68,68,68,68,68,68
107,107,107,107,107,107,107,107,107,107,107
150,147,147,147,147,147,147,147,147,147,147
198,198,198,198,198,198,198,198,198,198,198
251,248,248,249,249,249,249,249,249,249,249
309,309,309,309,309,309,309,309,309,309,309
369,366,366,366,366,367,367,367,367,367,367
432,432,432,432,432,432,432,432,432,432,432
496,493,493,493,493,493,493,493,494,494,494
560,560,560,560,560,560,560,560,560,560,560
624,621,621,621,621,621,621,621,621,621,621
685,685,685,685,685,685,685,685,685,685,685
744,741,742,742,742,742,742,742,742,742,742
800,800,800,800,800,800,800,800,800,800,800
851,848,848,848,848,848,848,848,848,848,848
896,896,896,896,896,896,896,896,896,896,896
935,932,932,932,932,932,932,933,933,933,933
968,968,968,968,968,968,968,968,968,968,968
993,990,990,990,990,991,991,991,991,991,991
1011,1011,1011,1011,1011,1011,1011,1011,1011,1011,1011
1021,1018,1018,1018,1018,1018,1018,1018,1018,1018,1018
1023,1023,1023,1023,1023,1023,1023,1023,1023,1023,1023
1017,1014,1014,1014,1014,1014,1014,1014,1014,1014,1014
1003,1003,1003,1003,1003,1003,1003,1003,1003,1003,1003
981,978,978,978,978,978,978,978,978,978,978
952,952,952,952,952,952,952,952,952,952,952
916,913,913,913,913,913,913,912,912,912,912
873,873,873,873,873,873,873,873,873,873,873
825,822,822,822,822,822,822,822,822,821,821
772,772,772,772,772,772,772,772,772,772,772
714,711,711,711,711,711,711,711,711,711,711
654,654,654,654,654,654,654,654,654,654,654
591,588,588,588,588,588,588,588,588,588,587
527,527,527,527,527,527,527,527,527,527,527
463,460,460,460,460,460,459,459,459,459,459
399,399,399,399,399,399,399,399,399,399,399
338,335,335,334,334,334,334,334,334,334,334
279,279,279,279,279,279,279,279,279,279,279
223,220,220,220,220,220,220,220,220,220,220
173,173,173,173,173,173,173,173,173,173,173
127,124,124,124,124,124,124,124,124,124,124
88,88,88,88,88,88,88,88,88,88,88
55,52,52,52,52,52,52,52,52,52,52
30,30,30,30,30,30,30,30,30,30,30
12,9,9,9,9,9,9,9,9,9,9
2,2,2,2,2,2,2,2,2,2,2
0,0,0,0,0,0,0,0,0,0,0
6,6,6,6,6,6,6,6,6,6,6
20,17,17,17,17,17,17,17,17,17,17
42,42,42,42,42,42,42,42,42,42,42
71,68,68,68,68,68,68,68,68,68,68
107,107,107,107,107,107,107,107,107,107,107
150,147,147,147,147,147,147,147,147,147,147
198,198,198,198,198,198,198,198,198,198,198
251,248,248,248,248,248,249,249,249,249,249
309,309,309,309,309,309,309,309,309,309,309
369,366,366,366,366,366,366,366,367,367,367
432,432,432,432,432,432,432,432,432,432,432
496,493,493,493,493,493,493,493,493,493,493
560,560,560,560,560,560,560,560,560,560,560
624,621,621,621,621,621,621,621,621,621,621
685,685,685,685,685,685,685,685,685,685,685
744,741,741,741,741,742,742,742,742,742,742
800,800,800,800,800,800,800,800,800,800,800
850,847,847,848,848,848,848,848,848,848,848
896,896,896,896,896,896,896,896,896,896,896
935,932,932,932,932,932,932,932,932,932,933
968,968,968,968,968,968,968,968,968,968,968
993,990,990,990,990,990,990,990,991,991,991
1011,1011,1011,1011,1011,1011,1011,1011,1011,1011,1011
1021,1018,1018,1018,1018,1018,1018,1018,1018,1018,1018
1023,1023,1023,1023,1023,1023,1023,1023,1023,1023,1023
1017,1014,1014,1014,1014,1014,1014,1014,1014,1014,1014
1003,1003,1003,1003,1003,1003,1003,1003,1003,1003,1003
981,978,978,978,978,978,978,978,978,978,978
952,952,952,952,952,952,952,952,952,952,952
916,913,913,913,913,913,913,913,913,913,912
873,873,873,873,873,873,873,873,873,873,873
825,822,822,822,822,822,822,822,822,822,822
772,772,772,772,772,772,772,772,772,772,772
715,712,711,711,711,711,711,711,711,711,711
654,654,654,654,654,654,654,654,654,654,654
591,588,588,588,588,588,588,588,588,588,588
527,527,527,527,527,527,527,527,527,527,527
463,460,460,460,460,460,460,460,460,459,459
400,400,400,400,400,400,400,400,400,400,400
338,335,335,335,335,335,334,334,334,334,334
279,279,279,279,279,279,279,279,279,279,279
223,220,220,220,220,220,220,220,220,220,220
173,173,173,173,173,173,173,173,173,173,173
127,124,124,124,124,124,124,124,124,124,124
88,88,88,88,88,88,88,88,88,88,88
55,52,52,52,52,52,52,52,52,52,52
30,30,30,30,30,30,30,30,30,30,30
12,9,9,9,9,9,9,9,9,9,9
2,2,2,2,2,2,2,2,2,2,2
0,0,0,0,0,0,0,0,0,0,0
6,6,6,6,6,6,6,6,6,6,6
20,17,17,17,17,17,17,17,17,17,17
42,42,42,42,42,42,42,42,42,42,42
71,68,68,68,68,68,68,68,68,68,68
107,107,107,107,107,107,107,107,107,107,107
150,147,147,147,147,147,147,147,147,147,147
198,198,198,198,198,198,198,198,198,198,198
251,248,248,248,248,248,248,248,248,249,249
308,308,308,308,308,308,308,308,308,308,308
369,366,366,366,366,366,366,366,366,366,366
432,432,432,432,432,432,432,432,432,432,432
496,493,493,493,493,493,493,493,493,493,493
560,560,560,560,560,560,560,560,560,560,560
623,620,620,621,621,621,621,621,621,621,621
685,685,685,685,685,685,685,685,685,685,685
744,741,741,741,741,741,741,741,742,742,742
799,799,799,799,799,799,799,799,799,799,799
850,847,847,847,847,847,847,848,848,848,848
896,896,896,896,896,896,896,896,896,896,896
935,932,932,932,932,932,932,932,932,932,932
968,968,968,968,968,968,968,968,968,968,968
993,990,990,990,990,990,990,990,990,990,990
1011,1011,1011,1011,1011,1011,1011,1011,1011,1011,1011
1021,1018,1018,1018,1018,1018,1018,1018,1018,1018,1018
1023,1023,1023,1023,1023,1023,1023,1023,1023,1023,1023
1017,1014,1014,1014,1014,1014,1014,1014,1014,1014,1014
1003,1003,1003,1003,1003,1003,1003,1003,1003,1003,1003
981,978,978,978,978,978,978,978,978,978,978
952,952,952,952,952,952,952,952,952,952,952
916,913,913,913,913,913,913,913,913,913,913
873,873,873,873,873,873,873,873,873,873,873
825,822,822,822,822,822,822,822,822,822,822
772,772,772,772,772,772,772,772,772,772,772
715,712,712,712,712,711,711,711,711,711,711
654,654,654,654,654,654,654,654,654,654,654
592,588,588,588,588,588,588,588,588,588,588
527,527,527,527,527,527,527,527,527,527,527
463,460,460,460,460,460,460,460,460,460,460
400,400,400,400,400,400,400,400,400,400,400
338,335,335,335,335,335,335,335,335,334,334
279,279,279,279,279,279,279,279,279,279,279
224,221,221,221,220,220,220,220,220,220,220
173,173,173,173,173,173,173,173,173,173,173
127,124,124,124,124,124,124,124,124,124,124
88,88,88,88,88,88,88,88,88,88,88
55,52,52,52,52,52,52,52,52,52,52
30,30,30,30,30,30,30,30,30,30,30
12,9,9,9,9,9,9,9,9,9,9
2,2,2,2,2,2,2,2,2,2,2
0,0,0,0,0,0,0,0,0,0,0
6,6,6,6,6,6,6,6,6,6,6
20,17,17,17,17,17,17,17,17,17,17
42,42,42,42,42,42,42,42,42,42,42
71,68,68,68,68,68,68,68,68,68,68
107,107,107,107,107,107,107,107,107,107,107
149,147,147,147,147,147,147,147,147,147,147
198,198,198,198,198,198,198,198,198,198,198
251,248,248,248,248,248,248,248,248,248,248
308,308,308,308,308,308,308,308,308,308,308
369,366,366,366,366,366,366,366,366,366,366
431,431,431,431,431,431,431,431,431,431,431
495,492,493,493,493,493,493,493,493,493,493
560,560,560,560,560,560,560,560,560,560,560
623,620,620,620,620,620,621,621,621,621,621
685,685,685,685,685,685,685,685,685,685,685
744,741,741,741,741,741,741,741,741,741,741
799,799,799,799,799,799,799,799,799,799,799
850,847,847,847,847,847,847,847,847,847,848
896,896,896,896,896,896,896,896,896,896,896
935,932,932,932,932,932,932,932,932,932,932
968,968,968,968,968,968,968,968,968,968,968
993,990,990,990,990,990,990,990,990,990,990
1011,1011,1011,1011,1011,1011,1011,1011,1011,1011,1011
1021,1018,1018,1018,1018,1018,1018,1018,1018,1018,1018
1023,1023,1023,1023,1023,1023,1023,1023,1023,1023,1023
1017,1014,1014,1014,1014,1014,1014,1014,1014,1014,1014
1003,1003,1003,1003,1003,1003,1003,1003,1003,1003,1003
981,978,978,978,978,978,978,978,978,978,978
952,952,952,952,952,952,952,952,952,952,952
916,913,913,913,913,913,913,913,913,913,913
874,874,874,874,874,874,874,874,874,874,874
825,822,822,822,822,822,822,822,822,822,822
772,772,772,772,772,772,772,772,772,772,772
715,712,712,712,712,712,712,712,711,711,711
654,654,654,654,654,654,654,654,654,654,654
592,589,589,589,588,588,588,588,588,588,588
528,528,528,528,528,528,528,528,528,528,528
463,460,460,460,460,460,460,460,460,460,460
400,400,400,400,400,400,400,400,400,400,400
338,335,335,335,335,335,335,335,335,335,335
279,279,279,279,279,279,279,279,279,279,279
224,221,221,221,221,221,221,220,220,220,220
173,173,173,173,173,173,173,173,173,173,173
128,124,124,124,124,124,124,124,124,124,124
88,88,88,88,88,88,88,88,88,88,88
55,52,52,52,52,52,52,52,52,52,52
30,30,30,30,30,30,30,30,30,30,30
12,9,9,9,9,9,9,9,9,9,9
2,2,2,2,2,2,2,2,2,2,2
0,0,0,0,0,0,0,0,0,0,0
6,6,6,6,6,6,6,6,6,6,6
20,17,17,17,17,17,17,17,17,17,17
42,42,42,42,42,42,42,42,42,42,42
71,68,68,68,68,68,68,68,68,68,68
107,107,107,107,107,107,107,107,107,107,107
149,146,146,146,147,147,147,147,147,147,147
198,198,198,198,198,198,198,198,198,198,198
251,248,248,248,248,248,248,248,248,248,248
308,308,308,308,308,308,308,308,308,308,308
368,366,366,366,366,366,366,366,366,366,366
431,431,431,431,431,431,431,431,431,431,431
495,492,492,492,492,493,493,493,493,493,493
559,559,559,559,559,559,559,559,559,559,559
623,620,620,620,620,620,620,620,620,621,621
685,685,685,685,685,685,685,685,685,685,685
744,741,741,741,741,741,741,741,741,741,741
799,799,799,799,799,799,799,799,799,799,799
850,847,847,847,847,847,847,847,847,847,847
895,895,895,895,895,895,895,895,895,895,895
935,932,932,932,932,932,932,932,932,932,932
968,968,968,968,968,968,968,968,968,968,968
993,990,990,990,990,990,990,990,990,990,990
1011,1011,1011,1011,1011,1011,1011,1011,1011,1011,1011
1021,1018,1018,1018,1018,1018,1018,1018,1018,1018,1018
1023,1023,1023,1023,1023,1023,1023,1023,1023,1023,1023
1017,1014,1014,1014,1014,1014,1014,1014,1014,1014,1014
1003,1003,1003,1003,1003,1003,1003,1003,1003,1003,1003
981,978,978,978,978,978,978,978,978,978,978
952,952,952,952,952,952,952,952,952,952,952
916,913,913,913,913,913,913,913,913,913,913
874,874,874,874,874,874,874,874,874,874,874
826,822,822,822,822,822,822,822,822,822,822
772,772,772,772,772,772,772,772,772,772,772
715,712,712,712,712,712,712,712,712,712,712
655,655,655,655,655,655,655,655,655,655,655
592,589,589,589,589,589,589,588,588,588,588
528,528,528,528,528,528,528,528,528,528,528
464,461,461,460,460,460,460,460,460,460,460
400,400,400,400,400,400,400,400,400,400,400
338,335,335,335,335,335,335,335,335,335,335
279,279,279,279,279,279,279,279,279,279,279
224,221,221,221,221,221,221,221,221,221,220
173,173,173,173,173,173,173,173,173,173,173
128,125,125,125,124,124,124,124,124,124,124
88,88,88,88,88,88,88,88,88,88,88
55,52,52,52,52,52,52,52,52,52,52
30,30,30,30,30,30,30,30,30,30,30
12,9,9,9,9,9,9,9,9,9,9
2,2,2,2,2,2,2,2,2,2,2
0,0,0,0,0,0,0,0,0,0,0
6,6,6,6,6,6,6,6,6,6,6
20,17,17,17,17,17,17,17,17,17,17
41,41,41,41,41,41,41,41,41,41,41
71,68,68,68,68,68,68,68,68,68,68
107,107,107,107,107,107,107,107,107,107,107
149,146,146,146,146,146,146,147,147,147,147
197,197,197,197,197,197,197,197,197,197,197
251,248,248,248,248,248,248,248,248,248,248
308,308,308,308,308,308,308,308,308,308,308
368,365,365,365,366,366,366,366,366,366,366
431,431,431,431,431,431,431,431,431,431,431
495,492,492,492,492,492,492,492,493,493,493
559,559,559,559,559,559,559,559,559,559,559
623,620,620,620,620,620,620,620,620,620,620
685,685,685,685,685,685,685,685,685,685,685
744,741,741,741,741,741,741,741,741,741,741
799,799,799,799,799,799,799,799,799,799,799
850,847,847,847,847,847,847,847,847,847,847
895,895,895,895,895,895,895,895,895,895,895
935,932,932,932,932,932,932,932,932,932,932
967,967,967,967,967,967,967,967,967,967,967
993,990,990,990,990,990,990,990,990,990,990
1011,1011,1011,1011,1011,1011,1011,1011,1011,1011,1011
1021,1018,1018,1018,1018,1018,1018,1018,1018,1018,1018
1023,1023,1023,1023,1023,1023,1023,1023,1023,1023,1023
1017,1014,1014,1014,1014,1014,1014,1014,1014,1014,1014
1003,1003,1003,1003,1003,1003,1003,1003,1003,1003,1003
982,979,979,979,978,978,978,978,978,978,978
952,952,952,952,952,952,952,952,952,952,952
916,913,913,913,913,913,913,913,913,913,913
874,874,874,874,874,874,874,874,874,874,874
826,823,823,823,822,822,822,822,822,822,822
773,773,773,773,773,773,773,773,773,773,773
715,712,712,712,712,712,712,712,712,712,712
655,655,655,655,655,655,655,655,655,655,655
592,589,589,589,589,589,589,589,589,589,588
528,528,528,528,528,528,528,528,528,528,528
464,461,461,461,461,461,460,460,460,460,460
400,400,400,400,400,400,400,400,400,400,400
339,335,335,335,335,335,335,335,335,335,335
280,280,280,280,280,280,280,280,280,280,280
224,221,221,221,221,221,221,221,221,221,221
173,173,173,173,173,173,173,173,173,173,173
128,125,125,125,125,125,125,124,124,124,124
88,88,88,88,88,88,88,88,88,88,88
56,53,52,52,52,52,52,52,52,52,52
30,30,30,30,30,30,30,30,30,30,30
12,9,9,9,9,9,9,9,9,9,9
2,2,2,2,2,2,2,2,2,2,2
0,0,0,0,0,0,0,0,0,0,0
6,6,6,6,6,6,6,6,6,6,6
20,17,17,17,17,17,17,17,17,17,17
41,41,41,41,41,41,41,41,41,41,41
71,68,68,68,68,68,68,68,68,68,68
107,107,107,107,107,107,107,107,107,107,107
149,146,146,146,146,146,146,146,146,146,147
197,197,197,197,197,197,197,197,197,197,197
250,247,247,248,248,248,248,248,248,248,248
308,308,308,308,308,308,308,308,308,308,308
368,365,365,365,365,365,365,366,366,366,366
431,431,431,431,431,431,431,431,431,431,431
495,492,492,492,492,492,492,492,492,492,492
559,559,559,559,559,559,559,559,559,559,559
623,620,620,620,620,620,620,620,620,620,620
684,684,684,684,684,684,684,684,684,684,684
743,740,741,741,741,741,741,741,741,741,741
799,799,799,799,799,799,799,799,799,799,799
850,847,847,847,847,847,847,847,847,847,847
895,895,895,895,895,895,895,895,895,895,895
935,932,932,932,932,932,932,932,932,932,932
967,967,967,967,967,967,967,967,967,967,967
993,990,990,990,990,990,990,990,990,990,990
1011,1011,1011,1011,1011,1011,1011,1011,1011,1011,1011
1021,1018,1018,1018,1018,1018,1018,1018,1018,1018,1018
1023,1023,1023,1023,1023,1023,1023,1023,1023,1023,1023
1017,1014,1014,1014,1014,1014,1014,1014,1014,1014,1014
1003,1003,1003,1003,1003,1003,1003,1003,1003,1003,1003
982,979,979,979,979,979,979,978,978,978,978
953,953,953,953,953,953,953,953,953,953,953
916,913,913,913,913,913,913,913,913,913,913
874,874,874,874,874,874,874,874,874,874,874
826,823,823,823,823,823,823,822,822,822,822
773,773,773,773,773,773,773,773,773,773,773
715,712,712,712,712,712,712,712,712,712,712
655,655,655,655,655,655,655,655,655,655,655
592,589,589,589,589,589,589,589,589,589,589
528,528,528,528,528,528,528,528,528,528,528
464,461,461,461,461,461,461,461,461,460,460
401,401,401,401,401,401,401,401,401,401,401
339,336,336,336,335,335,335,335,335,335,335
280,280,280,280,280,280,280,280,280,280,280
224,221,221,221,221,221,221,221,221,221,221
173,173,173,173,173,173,173,173,173,173,173
128,125,125,125,125,125,125,125,125,125,125
88,88,88,88,88,88,88,88,88,88,88
56,53,53,53,53,52,52,52,52,52,52
30,30,30,30,30,30,30,30,30,30,30
12,9,9,9,9,9,9,9,9,9,9
2,2,2,2,2,2,2,2,2,2,2
0,0,0,0,0,0,0,0,0,0,0
6,6,6,6,6,6,6,6,6,6,6
20,17,17,17,17,17,17,17,17,17,17
41,41,41,41,41,41,41,41,41,41,41
70,67,67,68,68,68,68,68,68,68,68
106,106,106,106,106,106,106,106,106,106,106
149,146,146,146,146,146,146,146,146,146,146
197,197,197,197,197,197,197,197,197,197,197
250,247,247,247,247,247,248,248,248,248,248
307,307,307,307,307,307,307,307,307,307,307
368,365,365,365,365,365,365,365,365,365,366
431,431,431,431,431,431,431,431,431,431,431
495,492,492,492,492,492,492,492,492,492,492
559,559,559,559,559,559,559,559,559,559,559
622,619,620,620,620,620,620,620,620,620,620
684,684,684,684,684,684,684,684,684,684,684
743,740,740,740,740,741,741,741,741,741,741
799,799,799,799,799,799,799,799,799,799,799
849,847,847,847,847,847,847,847,847,847,847
895,895,895,895,895,895,895,895,895,895,895
934,932,932,932,932,932,932,932,932,932,932
967,967,967,967,967,967,967,967,967,967,967
993,990,990,990,990,990,990,990,990,990,990
1011,1011,1011,1011,1011,1011,1011,1011,1011,1011,1011
1021,1018,1018,1018,1018,1018,1018,1018,1018,1018,1018
1023,1023,1023,1023,1023,1023,1023,1023,1023,1023,1023
1017,1014,1014,1014,1014,1014,1014,1014,1014,1014,1014
1003,1003,1003,1003,1003,1003,1003,1003,1003,1003,1003
982,979,979,979,979,979,979,979,979,979,978
953,953,953,953,953,953,953,953,953,953,953
917,914,914,913,913,913,913,913,913,913,913
874,874,874,874,874,874,874,874,874,874,874
826,823,823,823,823,823,823,823,823,823,822
773,773,773,773,773,773,773,773,773,773,773
716,713,713,712,712,712,712,712,712,712,712
655,655,655,655,655,655,655,655,655,655,655
592,589,589,589,589,589,589,589,589,589,589
528,528,528,528,528,528,528,528,528,528,528
464,461,461,461,461,461,461,461,461,461,461
401,401,401,401,401,401,401,401,401,401,401
339,336,336,336,336,336,336,335,335,335,335
280,280,280,280,280,280,280,280,280,280,280
224,221,221,221,221,221,221,221,221,221,221
174,174,174,174,174,174,174,174,174,174,174
128,125,125,125,125,125,125,125,125,125,125
89,89,89,89,89,89,89,89,89,89,89
56,53,53,53,53,53,53,53,52,52,52
30,30,30,30,30,30,30,30,30,30,30
12,9,9,9,9,9,9,9,9,9,9
2,2,2,2,2,2,2,2,2,2,2
0,0,0,0,0,0,0,0,0,0,0
6,6,6,6,6,6,6,6,6,6,6
20,17,17,17,17,17,17,17,17,17,17
41,41,41,41,41,41,41,41,41,41,41
70,67,67,67,67,67,68,68,68,68,68
106,106,106,106,106,106,106,106,106,106,106
149,146,146,146,146,146,146,146,146,146,146
197,197,197,197,197,197,197,197,197,197,197
250,247,247,247,247,247,247,247,247,248,248
307,307,307,307,307,307,307,307,307,307,307
368,365,365,365,365,365,365,365,365,365,365
430,430,430,430,430,430,430,430,430,430,430
494,491,492,492,492,492,492,492,492,492,492
559,559,559,559,559,559,559,559,559,559,559
622,619,619,619,619,620,620,620,620,620,620
684,684,684,684,684,684,684,684,684,684,684
743,740,740,740,740,740,740,740,740,741,741
798,798,798,798,798,798,798,798,798,798,798
849,846,846,846,847,847,847,847,847,847,847
895,895,895,895,895,895,895,895,895,895,895
934,931,931,931,932,932,932,932,932,932,932
967,967,967,967,967,967,967,967,967,967,967
993,990,990,990,990,990,990,990,990,990,990
1011,1011,1011,1011,1011,1011,1011,1011,1011,1011,1011
1021,1018,1018,1018,1018,1018,1018,1018,1018,1018,1018
1023,1023,1023,1023,1023,1023,1023,1023,1023,1023,1023
1017,1014,1014,1014,1014,1014,1014,1014,1014,1014,1014
1003,1003,1003,1003,1003,1003,1003,1003,1003,1003,1003
982,979,979,979,979,979,979,979,979,979,979
953,953,953,953,953,953,953,953,953,953,953
917,914,914,914,914,914,913,913,913,913,913
874,874,874,874,874,874,874,874,874,874,874
826,823,823,823,823,823,823,823,823,823,823
773,773,773,773,773,773,773,773,773,773,773
716,713,713,713,713,713,712,712,712,712,712
655,655,655,655,655,655,655,655,655,655,655
593,590,590,589,589,589,589,589,589,589,589
529,529,529,529,529,529,529,529,529,529,529
464,461,461,461,461,461,461,461,461,461,461
401,401,401,401,401,401,401,401,401,401,401
339,336,336,336,336,336,336,336,336,336,336
280,280,280,280,280,280,280,280,280,280,280
225,222,222,221,221,221,221,221,221,221,221
174,174,174,174,174,174,174,174,174,174,174
128,125,125,125,125,125,125,125,125,125,125
89,89,89,89,89,89,89,89,89,89,89
56,53,53,53,53,53,53,53,53,53,53
30,30,30,30,30,30,30,30,30,30,30
12,9,9,9,9,9,9,9,9,9,9
2,2,2,2,2,2,2,2,2,2,2
0,0,0,0,0,0,0,0,0,0,0
6,6,6,6,6,6,6,6,6,6,6
20,17,17,17,17,17,17,17,17,17,17
41,41,41,41,41,41,41,41,41,41,41
70,67,67,67,67,67,67,67,67,68,68
106,106,106,106,106,106,106,106,106,106,106
149,146,146,146,146,146,146,146,146,146,146
197,197,197,197,197,197,197,197,197,197,197
250,247,247,247,247,247,247,247,247,247,247
307,307,307,307,307,307,307,307,307,307,307
368,365,365,365,365,365,365,365,365,365,365
430,430,430,430,430,430,430,430,430,430,430
494,491,491,491,491,492,492,492,492,492,492
558,558,558,558,558,558,558,558,558,558,558
622,619,619,619,619,619,619,619,620,620,620
684,684,684,684,684,684,684,684,684,684,684
743,740,740,740,740,740,740,740,740,740,740
798,798,798,798,798,798,798,798,798,798,798
849,846,846,846,846,846,846,847,847,847,847
895,895,895,895,895,895,895,895,895,895,895
934,931,931,931,931,931,931,932,932,932,932
967,967,967,967,967,967,967,967,967,967,967
993,990,990,990,990,990,990,990,990,990,990
1011,1011,1011,1011,1011,1011,1011,1011,1011,1011,1011
1021,1018,1018,1018,1018,1018,1018,1018,1018,1018,1018
1023,1023,1023,1023,1023,1023,1023,1023,1023,1023,1023
1017,1014,1014,1014,1014,1014,1014,1014,1014,1014,1014
1004,1004,1004,1004,1004,1004,1004,1004,1004,1004,1004
982,979,979,979,979,979,979,979,979,979,979
953,953,953,953,953,953,953,953,953,953,953
917,914,914,914,914,914,914,914,914,913,913
874,874,874,874,874,874,874,874,874,874,874
826,823,823,823,823,823,823,823,823,823,823
773,773,773,773,773,773,773,773,773,773,773
716,713,713,713,713,713,713,713,713,712,712
656,656,656,656,656,656,656,656,656,656,656
593,590,590,590,590,590,589,589,589,589,589
529,529,529,529,529,529,529,529,529,529,529
465,462,461,461,461,461,461,461,461,461,461
401,401,401,401,401,401,401,401,401,401,401
339,336,336,336,336,336,336,336,336,336,336
280,280,280,280,280,280,280,280,280,280,280
225,222,222,222,222,222,221,221,221,221,221
174,174,174,174,174,174,174,174,174,174,174
128,125,125,125,125,125,125,125,125,125,125
89,89,89,89,89,89,89,89,89,89,89
56,53,53,53,53,53,53,53,53,53,53
30,30,30,30,30,30,30,30,30,30,30
12,9,9,9,9,9,9,9,9,9,9
2,2,2,2,2,2,2,2,2,2,2
0,0,0,0,0,0,0,0,0,0,0
6,6,6,6,6,6,6,6,6,6,6
19,16,16,17,17,17,17,17,17,17,17
41,41,41,41,41,41,41,41,41,41,41
70,67,67,67,67,67,67,67,67,67,67
106,106,106,106,106,106,106,106,106,106,106
148,146,146,146,146,146,146,146,146,146,146
197,197,197,197,197,197,197,197,197,197,197
250,247,247,247,247,247,247,247,247,247,247
307,307,307,307,307,307,307,307,307,307,307
367,364,364,365,365,365,365,365,365,365,365
430,430,430,430,430,430,430,430,430,430,430
494,491,491,491,491,491,491,491,492,492,492
558,558,558,558,558,558,558,558,558,558,558
622,619,619,619,619,619,619,619,619,619,619
684,684,684,684,684,684,684,684,684,684,684
743,740,740,740,740,740,740,740,740,740,740
798,798,798,798,798,798,798,798,798,798,798
849,846,846,846,846,846,846,846,846,846,847
895,895,895,895,895,895,895,895,895,895,895
934,931,931,931,931,931,931,931,931,931,932
967,967,967,967,967,967,967,967,967,967,967
993,990,990,990,990,990,990,990,990,990,990
1011,1011,1011,1011,1011,1011,1011,1011,1011,1011,1011
1021,1018,1018,1018,1018,1018,1018,1018,1018,1018,1018
1023,1023,1023,1023,1023,1023,1023,1023,1023,1023,1023
1017,1014,1014,1014,1014,1014,1014,1014,1014,1014,1014
1004,1004,1004,1004,1004,1004,1004,1004,1004,1004,1004
982,979,979,979,979,979,979,979,979,979,979
953,953,953,953,953,953,953,953,953,953,953
917,914,914,914,914,914,914,914,914,914,914
875,875,875,875,875,875,875,875,875,875,875
826,823,823,823,823,823,823,823,823,823,823
773,773,773,773,773,773,773,773,773,773,773
716,713,713,713,713,713,713,713,713,713,713
656,656,656,656,656,656,656,656,656,656,656
593,590,590,590,590,590,590,590,590,589,589
529,529,529,529,529,529,529,529,529,529,529
465,462,462,462,462,461,461,461,461,461,461
401,401,401,401,401,401,401,401,401,401,401
339,336,336,336,336,336,336,336,336,336,336
280,280,280,280,280,280,280,280,280,280,280
225,222,222,222,222,222,222,222,222,221,221
174,174,174,174,174,174,174,174,174,174,174
128,125,125,125,125,125,125,125,125,125,125
89,89,89,89,89,89,89,89,89,89,89
56,53,53,53,53,53,53,53,53,53,53
30,30,30,30,30,30,30,30,30,30,30
12,9,9,9,9,9,9,9,9,9,9
2,2,2,2,2,2,2,2,2,2,2
0,0,0,0,0,0,0,0,0,0,0
6,6,6,6,6,6,6,6,6,6,6
19,16,16,16,16,16,17,17,17,17,17
41,41,41,41,41,41,41,41,41,41,41
70,67,67,67,67,67,67,67,67,67,67
106,106,106,106,106,106,106,106,106,106,106
148,145,145,145,146,146,146,146,146,146,146
196,196,196,196,196,196,196,196,196,196,196
250,247,247,247,247,247,247,247,247,247,247
307,307,307,307,307,307,307,307,307,307,307
367,364,364,364,364,364,365,365,365,365,365
430,430,430,430,430,430,430,430,430,430,430
494,491,491,491,491,491,491,491,491,491,491
558,558,558,558,558,558,558,558,558,558,558
622,619,619,619,619,619,619,619,619,619,619
683,683,683,683,683,683,683,683,683,683,683
743,740,740,740,740,740,740,740,740,740,740
798,798,798,798,798,798,798,798,798,798,798
849,846,846,846,846,846,846,846,846,846,846
894,894,894,894,894,894,894,894,894,894,894
934,931,931,931,931,931,931,931,931,931,931
967,967,967,967,967,967,967,967,967,967,967
993,990,990,990,990,990,990,990,990,990,990
1011,1011,1011,1011,1011,1011,1011,1011,1011,1011,1011
1021,1018,1018,1018,1018,1018,1018,1018,1018,1018,1018
1023,1023,1023,1023,1023,1023,1023,1023,1023,1023,1023
1017,1014,1014,1014,1014,1014,1014,1014,1014,1014,1014
1004,1004,1004,1004,1004,1004,1004,1004,1004,1004,1004
982,979,979,979,979,979,979,979,979,979,979
953,953,953,953,953,953,953,953,953,953,953
917,914,914,914,914,914,914,914,914,914,914
875,875,875,875,875,875,875,875,875,875,875
827,824,824,823,823,823,823,823,823,823,823
774,774,774,774,774,774,774,774,774,774,774
716,713,713,713,713,713,713,713,713,713,713
656,656,656,656,656,656,656,656,656,656,656
593,590,590,590,590,590,590,590,590,590,590
529,529,529,529,529,529,529,529,529,529,529
465,462,462,462,462,462,462,462,461,461,461
401,401,401,401,401,401,401,401,401,401,401
340,337,337,336,336,336,336,336,336,336,336
281,281,281,281,281,281,281,281,281,281,281
225,222,222,222,222,222,222,222,222,222,222
174,174,174,174,174,174,174,174,174,174,174
129,126,125,125,125,125,125,125,125,125,125
89,89,89,89,89,89,89,89,89,89,89
56,53,53,53,53,53,53,53,53,53,53
30,30,30,30,30,30,30,30,30,30,30
12,9,9,9,9,9,9,9,9,9,9
2,2,2,2,2,2,2,2,2,2,2
0,0,0,0,0,0,0,0,0,0,0
6,6,6,6,6,6,6,6,6,6,6
19,16,16,16,16,16,16,16,16,17,17
41,41,41,41,41,41,41,41,41,41,41
70,67,67,67,67,67,67,67,67,67,67
106,106,106,106,106,106,106,106,106,106,106
148,145,145,145,145,145,145,146,146,146,146
196,196,196,196,196,196,196,196,196,196,196
249,246,246,247,247,247,247,247,247,247,247
307,307,307,307,307,307,307,307,307,307,307
367,364,364,364,364,364,364,364,364,365,365
430,430,430,430,430,430,430,430,430,430,430
494,491,491,491,491,491,491,491,491,491,491
558,558,558,558,558,558,558,558,558,558,558
621,619,619,619,619,619,619,619,619,619,619
683,683,683,683,683,683,683,683,683,683,683
742,739,739,740,740,740,740,740,740,740,740
798,798,798,798,798,798,798,798,798,798,798
849,846,846,846,846,846,846,846,846,846,846
894,894,894,894,894,894,894,894,894,894,894
934,931,931,931,931,931,931,931,931,931,931
967,967,967,967,967,967,967,967,967,967,967
993,990,990,990,990,990,990,990,990,990,990
1011,1011,1011,1011,1011,1011,1011,1011,1011,1011,1011
1021,1018,1018,1018,1018,1018,1018,1018,1018,1018,1018
1023,1023,1023,1023,1023,1023,1023,1023,1023,1023,1023
1017,1014,1014,1014,1014,1014,1014,1014,1014,1014,1014
1004,1004,1004,1004,1004,1004,1004,1004,1004,1004,1004
982,979,979,979,979,979,979,979,979,979,979
953,953,953,953,953,953,953,953,953,953,953
917,914,914,914,914,914,914,914,914,914,914
875,875,875,875,875,875,875,875,875,875,875
827,824,824,824,824,824,823,823,823,823,823
774,774,774,774,774,774,774,774,774,774,774
717,713,713,713,713,713,713,713,713,713,713
656,656,656,656,656,656,656,656,656,656,656
593,590,590,590,590,590,590,590,590,590,590
529,529,529,529,529,529,529,529,529,529,529
465,462,462,462,462,462,462,462,462,462,462
402,402,402,402,402,402,402,402,402,402,402
340,337,337,337,337,337,336,336,336,336,336
281,281,281,281,281,281,281,281,281,281,281
225,222,222,222,222,222,222,222,222,222,222
174,174,174,174,174,174,174,174,174,174,174
129,126,126,126,126,125,125,125,125,125,125
89,89,89,89,89,89,89,89,89,89,89
56,53,53,53,53,53,53,53,53,53,53
30,30,30,30,30,30,30,30,30,30,30
12,9,9,9,9,9,9,9,9,9,9
2,2,2,2,2,2,2,2,2,2,2
0,0,0,0,0,0,0,0,0,0,0
6,6,6,6,6,6,6,6,6,6,6
19,16,16,16,16,16,16,16,16,16,16
41,41,41,41,41,41,41,41,41,41,41
70,67,67,67,67,67,67,67,67,67,67
106,106,106,106,106,106,106,106,106,106,106
148,145,145,145,145,145,145,145,145,145,146
196,196,196,196,196,196,196,196,196,196,196
249,246,246,246,246,246,247,247,247,247,247
306,306,306,306,306,306,306,306,306,306,306
367,364,364,364,364,364,364,364,364,364,364
429,429,429,429,429,429,429,429,429,429,429
493,491,491,491,491,491,491,491,491,491,491
558,558,558,558,558,558,558,558,558,558,558
621,618,618,618,619,619,619,619,619,619,619
683,683,683,683,683,683,683,683,683,683,683
742,739,739,739,739,739,740,740,740,740,740
798,798,798,798,798,798,798,798,798,798,798
849,846,846,846,846,846,846,846,846,846,846
894,894,894,894,894,894,894,894,894,894,894
934,931,931,931,931,931,931,931,931,931,931
967,967,967,967,967,967,967,967,967,967,967
993,990,990,990,990,990,990,990,990,990,990
1011,1011,1011,1011,1011,1011,1011,1011,1011,1011,1011
1021,1018,1018,1018,1018,1018,1018,1018,1018,1018,1018
1023,1023,1023,1023,1023,1023,1023,1023,1023,1023,1023
1018,1015,1014,1014,1014,1014,1014,1014,1014,1014,1014
1004,1004,1004,1004,1004,1004,1004,1004,1004,1004,1004
982,979,979,979,979,979,979,979,979,979,979
953,953,953,953,953,953,953,953,953,953,953
917,914,914,914,914,914,914,914,914,914,914
875,875,875,875,875,875,875,875,875,875,875
827,824,824,824,824,824,824,824,824,823,823
774,774,774,774,774,774,774,774,774,774,774
717,714,714,714,713,713,713,713,713,713,713
656,656,656,656,656,656,656,656,656,656,656
594,591,591,590,590,590,590,590,590,590,590
530,530,530,530,530,530,530,530,530,530,530
465,462,462,462,462,462,462,462,462,462,462
402,402,402,402,402,402,402,402,402,402,402
340,337,337,337,337,337,337,337,337,336,336
281,281,281,281,281,281,281,281,281,281,281
225,222,222,222,222,222,222,222,222,222,222
174,174,174,174,174,174,174,174,174,174,174
129,126,126,126,126,126,126,126,125,125,125
89,89,89,89,89,89,89,89,89,89,89
56,53,53,53,53,53,53,53,53,53,53
30,30,30,30,30,30,30,30,30,30,30
12,9,9,9,9,9,9,9,9,9,9
2,2,2,2,2,2,2,2,2,2,2
0,0,0,0,0,0,0,0,0,0,0
5,5,5,5,5,5,5,5,5,5,5
19,16,16,16,16,16,16,16,16,16,16
41,41,41,41,41,41,41,41,41,41,41
70,67,67,67,67,67,67,67,67,67,67
106,106,106,106,106,106,106,106,106,106,106
148,145,145,145,145,145,145,145,145,145,145
196,196,196,196,196,196,196,196,196,196,196
249,246,246,246,246,246,246,246,246,247,247
306,306,306,306,306,306,306,306,306,306,306
367,364,364,364,364,364,364,364,364,364,364
429,429,429,429,429,429,429,429,429,429,429
493,490,490,490,491,491,491,491,491,491,491
558,558,558,558,558,558,558,558,558,558,558
621,618,618,618,618,618,618,618,619,619,619
683,683,683,683,683,683,683,683,683,683,683
742,739,739,739,739,739,739,739,739,740,740
797,797,797,797,797,797,797,797,797,797,797
848,845,846,846,846,846,846,846,846,846,846
894,894,894,894,894,894,894,894,894,894,894
934,931,931,931,931,931,931,931,931,931,931
967,967,967,967,967,967,967,967,967,967,967
992,989,990,990,990,990,990,990,990,990,990
1011,1011,1011,1011,1011,1011,1011,1011,1011,1011,1011
1021,1018,1018,1018,1018,1018,1018,1018,1018,1018,1018
1023,1023,1023,1023,1023,1023,1023,1023,1023,1023,1023
1018,1015,1015,1015,1015,1014,1014,1014,1014,1014,1014
1004,1004,1004,1004,1004,1004,1004,1004,1004,1004,1004
982,979,979,979,979,979,979,979,979,979,979
953,953,953,953,953,953,953,953,953,953,953
917,914,914,914,914,914,914,914,914,914,914
875,875,875,875,875,875,875,875,875,875,875
827,824,824,824,824,824,824,824,824,824,824
774,774,774,774,774,774,774,774,774,774,774
717,714,714,714,714,714,714,714,713,713,713
657,657,657,657,657,657,657,657,657,657,657
594,591,591,591,591,591,590,590,590,590,590
530,530,530,530,530,530,530,530,530,530,530
466,463,462,462,462,462,462,462,462,462,462
402,402,402,402,402,402,402,402,402,402,402
340,337,337,337,337,337,337,337,337,337,337
281,281,281,281,281,281,281,281,281,281,281
226,223,223,222,222,222,222,222,222,222,222
175,175,175,175,175,175,175,175,175,175,175
129,126,126,126,126,126,126,126,126,126,126
89,89,89,89,89,89,89,89,89,89,89
56,53,53,53,53,53,53,53,53,53,53
31,31,31,31,31,31,31,31,31,31,31
12,9,9,9,9,9,9,9,9,9,9
2,2,2,2,2,2,2,2,2,2,2
0,0,0,0,0,0,0,0,0,0,0
5,5,5,5,5,5,5,5,5,5,5
19,16,16,16,16,16,16,16,16,16,16
41,41,41,41,41,41,41,41,41,41,41
70,67,67,67,67,67,67,67,67,67,67
106,106,106,106,106,106,106,106,106,106,106
148,145,145,145,145,145,145,145,145,145,145
196,196,196,196,196,196,196,196,196,196,196
249,246,246,246,246,246,246,246,246,246,246
306,306,306,306,306,306,306,306,306,306,306
366,363,364,364,364,364,364,364,364,364,364
429,429,429,429,429,429,429,429,429,429,429
493,490,490,490,490,490,490,490,491,491,491
557,557,557,557,557,557,557,557,557,557,557
621,618,618,618,618,618,618,618,618,618,618
683,683,683,683,683,683,683,683,683,683,683
742,739,739,739,739,739,739,739,739,739,739
797,797,797,797,797,797,797,797,797,797,797
848,845,845,845,845,846,846,846,846,846,846
894,894,894,894,894,894,894,894,894,894,894
934,931,931,931,931,931,931,931,931,931,931
967,967,967,967,967,967,967,967,967,967,967
992,989,989,989,989,990,990,990,990,990,990
1011,1011,1011,1011,1011,1011,1011,1011,1011,1011,1011
1021,1018,1018,1018,1018,1018,1018,1018,1018,1018,1018
1023,1023,1023,1023,1023,1023,1023,1023,1023,1023,1023
1018,1015,1015,1015,1015,1015,1015,1015,1014,1014,1014
1004,1004,1004,1004,1004,1004,1004,1004,1004,1004,1004
982,979,979,979,979,979,979,979,979,979,979
953,953,953,953,953,953,953,953,953,953,953
918,915,914,914,914,914,914,914,914,914,914
875,875,875,875,875,875,875,875,875,875,875
827,824,824,824,824,824,824,824,824,824,824
774,774,774,774,774,774,774,774,774,774,774
717,714,714,714,714,714,714,714,714,714,714
657,657,657,657,657,657,657,657,657,657,657
594,591,591,591,591,591,591,591,591,590,590
530,530,530,530,530,530,530,530,530,530,530
466,463,463,463,463,462,462,462,462,462,462
402,402,402,402,402,402,402,402,402,402,402
340,337,337,337,337,337,337,337,337,337,337
281,281,281,281,281,281,281,281,281,281,281
226,223,223,223,223,223,222,222,222,222,222
175,175,175,175,175,175,175,175,175,175,175
129,126,126,126,126,126,126,126,126,126,126
89,89,89,89,89,89,89,89,89,89,89
56,53,53,53,53,53,53,53,53,53,53
31,31,31,31,31,31,31,31,31,31,31
12,9,9,9,9,9,9,9,9,9,9
2,2,2,2,2,2,2,2,2,2,2
0,0,0,0,0,0,0,0,0,0,0
5,5,5,5,5,5,5,5,5,5,5
19,16,16,16,16,16,16,16,16,16,16
41,41,41,41,41,41,41,41,41,41,41
70,67,67,67,67,67,67,67,67,67,67
105,105,105,105,105,105,105,105,105,105,105
148,145,145,145,145,145,145,145,145,145,145
196,196,196,196,196,196,196,196,196,196,196
249,246,246,246,246,246,246,246,246,246,246
306,306,306,306,306,306,306,306,306,306,306
366,363,363,363,363,364,364,364,364,364,364
429,429,429,429,429,429,429,429,429,429,429
493,490,490,490,490,490,490,490,490,490,490
557,557,557,557,557,557,557,557,557,557,557
621,618,618,618,618,618,618,618,618,618,618
683,683,683,683,683,683,683,683,683,683,683
742,739,739,739,739,739,739,739,739,739,739
797,797,797,797,797,797,797,797,797,797,797
848,845,845,845,845,845,845,845,846,846,846
894,894,894,894,894,894,894,894,894,894,894
933,931,931,931,931,931,931,931,931,931,931
967,967,967,967,967,967,967,967,967,967,967
992,989,989,989,989,989,989,989,990,990,990
1011,1011,1011,1011,1011,1011,1011,1011,1011,1011,1011
1021,1018,1018,1018,1018,1018,1018,1018,1018,1018,1018
1023,1023,1023,1023,1023,1023,1023,1023,1023,1023,1023
1018,1015,1015,1015,1015,1015,1015,1015,1015,1015,1015
1004,1004,1004,1004,1004,1004,1004,1004,1004,1004,1004
982,979,979,979,979,979,979,979,979,979,979
954,954,954,954,954,954,954,954,954,954,954
918,915,915,915,915,914,914,914,914,914,914
875,875,875,875,875,875,875,875,875,875,875
827,824,824,824,824,824,824,824,824,824,824
774,774,774,774,774,774,774,774,774,774,774
717,714,714,714,714,714,714,714,714,714,714
657,657,657,657,657,657,657,657,657,657,657
594,591,591,591,591,591,591,591,591,591,591
530,530,530,530,530,530,530,530,530,530,530
466,463,463,463,463,463,463,463,462,462,462
402,402,402,402,402,402,402,402,402,402,402
341,338,337,337,337,337,337,337,337,337,337
281,281,281,281,281,281,281,281,281,281,281
226,223,223,223,223,223,223,223,223,222,222
175,175,175,175,175,175,175,175,175,175,175
129,126,126,126,126,126,126,126,126,126,126
90,90,90,90,90,90,90,90,90,90,90
57,54,53,53,53,53,53,53,53,53,53
31,31,31,31,31,31,31,31,31,31,31
12,9,9,9,9,9,9,9,9,9,9
2,2,2,2,2,2,2,2,2,2,2
0,0,0,0,0,0,0,0,0,0,0
5,5,5,5,5,5,5,5,5,5,5
19,16,16,16,16,16,16,16,16,16,16
41,41,41,41,41,41,41,41,41,41,41
69,66,66,67,67,67,67,67,67,67,67
105,105,105,105,105,105,105,105,105,105,105
148,145,145,145,145,145,145,145,145,145,145
196,196,196,196,196,196,196,196,196,196,196
249,246,246,246,246,246,246,246,246,246,246
306,306,306,306,306,306,306,306,306,306,306
366,363,363,363,363,363,363,363,364,364,364
429,429,429,429,429,429,429,429,429,429,429
493,490,490,490,490,490,490,490,490,490,490
557,557,557,557,557,557,557,557,557,557,557
620,618,618,618,618,618,618,618,618,618,618
682,682,682,682,682,682,682,682,682,682,682
741,739,739,739,739,739,739,739,739,739,739
797,797,797,797,797,797,797,797,797,797,797
848,845,845,845,845,845,845,845,845,845,845
894,894,894,894,894,894,894,894,894,894,894
933,930,930,930,931,931,931,931,931,931,931
966,966,966,966,966,966,966,966,966,966,966
992,989,989,989,989,989,989,989,989,989,989
1011,1011,1011,1011,1011,1011,1011,1011,1011,1011,1011
1021,1018,1018,1018,1018,1018,1018,1018,1018,1018,1018
1023,1023,1023,1023,1023,1023,1023,1023,1023,1023,1023
1018,1015,1015,1015,1015,1015,1015,1015,1015,1015,1015
1004,1004,1004,1004,1004,1004,1004,1004,1004,1004,1004
983,979,979,979,979,979,979,979,979,979,979
954,954,954,954,954,954,954,954,954,954,954
918,915,915,915,915,915,915,915,914,914,914
876,876,876,876,876,876,876,876,876,876,876
828,824,824,824,824,824,824,824,824,824,824
775,775,775,775,775,775,775,775,775,775,775
717,714,714,714,714,714,714,714,714,714,714
657,657,657,657,657,657,657,657,657,657,657
594,591,591,591,591,591,591,591,591,591,591
530,530,530,530,530,530,530,530,530,530,530
466,463,463,463,463,463,463,463,463,463,463
403,403,403,403,403,403,403,403,403,403,403
341,338,338,338,338,337,337,337,337,337,337
282,282,282,282,282,282,282,282,282,282,282
226,223,223,223,223,223,223,223,223,223,223
175,175,175,175,175,175,175,175,175,175,175
129,126,126,126,126,126,126,126,126,126,126
90,90,90,90,90,90,90,90,90,90,90
57,54,54,54,54,53,53,53,53,53,53
31,31,31,31,31,31,31,31,31,31,31
12,9,9,9,9,9,9,9,9,9,9
2,2,2,2,2,2,2,2,2,2,2
0,0,0,0,0,0,0,0,0,0,0
5,5,5,5,5,5,5,5,5,5,5
19,16,16,16,16,16,16,16,16,16,16
40,40,40,40,40,40,40,40,40,40,40
69,66,66,66,66,66,67,67,67,67,67
105,105,105,105,105,105,105,105,105,105,105
147,144,144,145,145,145,145,145,145,145,145
195,195,195,195,195,195,195,195,195,195,195
248,245,245,246,246,246,246,246,246,246,246
305,305,305,305,305,305,305,305,305,305,305
366,363,363,363,363,363,363,363,363,363,363
428,428,428,428,428,428,428,428,428,428,428
492,490,490,490,490,490,490,490,490,490,490
557,557,557,557,557,557,557,557,557,557,557
620,617,617,617,618,618,618,618,618,618,618
682,682,682,682,682,682,682,682,682,682,682
741,738,738,738,739,739,739,739,739,739,739
797,797,797,797,797,797,797,797,797,797,797
848,845,845,845,845,845,845,845,845,845,845
894,894,894,894,894,894,894,894,894,894,894
933,930,930,930,930,930,930,931,931,931,931
966,966,966,966,966,966,966,966,966,966,966
992,989,989,989,989,989,989,989,989,989,989
1011,1011,1011,1011,1011,1011,1011,1011,1011,1011,1011
1021,1018,1018,1018,1018,1018,1018,1018,1018,1018,1018
1023,1023,1023,1023,1023,1023,1023,1023,1023,1023,1023
1018,1015,1015,1015,1015,1015,1015,1015,1015,1015,1015
1004,1004,1004,1004,1004,1004,1004,1004,1004,1004,1004
983,980,980,980,979,979,979,979,979,979,979
954,954,954,954,954,954,954,954,954,954,954
918,915,915,915,915,915,915,915,915,915,915
876,876,876,876,876,876,876,876,876,876,876
828,825,825,825,825,824,824,824,824,824,824
775,775,775,775,775,775,775,775,775,775,775
718,715,715,714,714,714,714,714,714,714,714
657,657,657,657,657,657,657,657,657,657,657
595,592,591,591,591,591,591,591,591,591,591
531,531,531,531,531,531,531,531,531,531,531
466,463,463,463,463,463,463,463,463,463,463
403,403,403,403,403,403,403,403,403,403,403
341,338,338,338,338,338,338,338,337,337,337
282,282,282,282,282,282,282,282,282,282,282
226,223,223,223,223,223,223,223,223,223,223
175,175,175,175,175,175,175,175,175,175,175
129,126,126,126,126,126,126,126,126,126,126
90,90,90,90,90,90,90,90,90,90,90
57,54,54,54,54,54,54,54,53,53,53
31,31,31,31,31,31,31,31,31,31,31
13,10,9,9,9,9,9,9,9,9,9
2,2,2,2,2,2,2,2,2,2,2
0,0,0,0,0,0,0,0,0,0,0
5,5,5,5,5,5,5,5,5,5,5
19,16,16,16,16,16,16,16,16,16,16
40,40,40,40,40,40,40,40,40,40,40
69,66,66,66,66,66,66,66,66,67,67
105,105,105,105,105,105,105,105,105,105,105
147,144,144,144,144,144,145,145,145,145,145
195,195,195,195,195,195,195,195,195,195,195
248,245,245,245,245,245,246,246,246,246,246
305,305,305,305,305,305,305,305,305,305,305
366,363,363,363,363,363,363,363,363,363,363
428,428,428,428,428,428,428,428,428,428,428
492,489,489,489,490,490,490,490,490,490,490
557,557,557,557,557,557,557,557,557,557,557
620,617,617,617,617,617,617,618,618,618,618
682,682,682,682,682,682,682,682,682,682,682
741,738,738,738,738,738,738,739,739,739,739
797,797,797,797,797,797,797,797,797,797,797
848,845,845,845,845,845,845,845,845,845,845
893,893,893,893,893,893,893,893,893,893,893
933,930,930,930,930,930,930,930,930,930,931
966,966,966,966,966,966,966,966,966,966,966
992,989,989,989,989,989,989,989,989,989,989
1010,1010,1010,1010,1010,1010,1010,1010,1010,1010,1010
1021,1018,1018,1018,1018,1018,1018,1018,1018,1018,1018
1023,1023,1023,1023,1023,1023,1023,1023,1023,1023,1023
1018,1015,1015,1015,1015,1015,1015,1015,1015,1015,1015
1004,1004,1004,1004,1004,1004,1004,1004,1004,1004,1004
983,980,980,980,980,980,980,979,979,979,979
954,954,954,954,954,954,954,954,954,954,954
918,915,915,915,915,915,915,915,915,915,915
876,876,876,876,876,876,876,876,876,876,876
828,825,825,825,825,825,825,825,824,824,824
775,775,775,775,775,775,775,775,775,775,775
718,715,715,715,715,715,714,714,714,714,714
657,657,657,657,657,657,657,657,657,657,657
595,592,592,592,592,591,591,591,591,591,591
531,531,531,531,531,531,531,531,531,531,531
467,463,463,463,463,463,463,463,463,463,463
403,403,403,403,403,403,403,403,403,403,403
341,338,338,338,338,338,338,338,338,338,338
282,282,282,282,282,282,282,282,282,282,282
226,223,223,223,223,223,223,223,223,223,223
175,175,175,175,175,175,175,175,175,175,175
130,127,127,126,126,126,126,126,126,126,126
90,90,90,90,90,90,90,90,90,90,90
57,54,54,54,54,54,54,54,54,54,54
31,31,31,31,31,31,31,31,31,31,31
13,10,10,10,10,9,9,9,9,9,9
2,2,2,2,2,2,2,2,2,2,2
0,0,0,0,0,0,0,0,0,0,0
5,5,5,5,5,5,5,5,5,5,5
19,16,16,16,16,16,16,16,16,16,16
40,40,40,40,40,40,40,40,40,40,40
69,66,66,66,66,66,66,66,66,66,66
105,105,105,105,105,105,105,105,105,105,105
147,144,144,144,144,144,144,144,144,145,145
195,195,195,195,195,195,195,195,195,195,195
248,245,245,245,245,245,245,245,245,245,246
305,305,305,305,305,305,305,305,305,305,305
365,363,363,363,363,363,363,363,363,363,363
428,428,428,428,428,428,428,428,428,428,428
492,489,489,489,489,489,489,490,490,490,490
556,556,556,556,556,556,556,556,556,556,556
620,617,617,617,617,617,617,617,617,617,618
682,682,682,682,682,682,682,682,682,682,682
741,738,738,738,738,738,738,738,738,738,739
796,796,796,796,796,796,796,796,796,796,796
848,845,845,845,845,845,845,845,845,845,845
893,893,893,893,893,893,893,893,893,893,893
933,930,930,930,930,930,930,930,930,930,930
966,966,966,966,966,966,966,966,966,966,966
992,989,989,989,989,989,989,989,989,989,989
1010,1010,1010,1010,1010,1010,1010,1010,1010,1010,1010
1021,1018,1018,1018,1018,1018,1018,1018,1018,1018,1018
1023,1023,1023,1023,1023,1023,1023,1023,1023,1023,1023
1018,1015,1015,1015,1015,1015,1015,1015,1015,1015,1015
1004,1004,1004,1004,1004,1004,1004,1004,1004,1004,1004
983,980,980,980,980,980,980,980,980,980,979
954,954,954,954,954,954,954,954,954,954,954
918,915,915,915,915,915,915,915,915,915,915
876,876,876,876,876,876,876,876,876,876,876
828,825,825,825,825,825,825,825,825,825,825
775,775,775,775,775,775,775,775,775,775,775
718,715,715,715,715,715,715,715,715,714,714
658,658,658,658,658,658,658,658,658,658,658
595,592,592,592,592,592,592,592,591,591,591
531,531,531,531,531,531,531,531,531,531,531
467,464,464,464,464,463,463,463,463,463,463
403,403,403,403,403,403,403,403,403,403,403
341,338,338,338,338,338,338,338,338,338,338
282,282,282,282,282,282,282,282,282,282,282
227,224,223,223,223,223,223,223,223,223,223
176,176,176,176,176,176,176,176,176,176,176
130,127,127,127,127,127,126,126,126,126,126
90,90,90,90,90,90,90,90,90,90,90
57,54,54,54,54,54,54,54,54,54,54
31,31,31,31,31,31,31,31,31,31,31
13,10,10,10,10,10,10,10,9,9,9
2,2,2,2,2,2,2,2,2,2,2
0,0,0,0,0,0,0,0,0,0,0
5,5,5,5,5,5,5,5,5,5,5
19,16,16,16,16,16,16,16,16,16,16
40,40,40,40,40,40,40,40,40,40,40
69,66,66,66,66,66,66,66,66,66,66
105,105,105,105,105,105,105,105,105,105,105
147,144,144,144,144,144,144,144,144,144,144
195,195,195,195,195,195,195,195,195,195,195
248,245,245,245,245,245,245,245,245,245,245
305,305,305,305,305,305,305,305,305,305,305
365,362,362,362,363,363,363,363,363,363,363
428,428,428,428,428,428,428,428,428,428,428
492,489,489,489,489,489,489,489,489,489,490
556,556,556,556,556,556,556,556,556,556,556
620,617,617,617,617,617,617,617,617,617,617
682,682,682,682,682,682,682,682,682,682,682
741,738,738,738,738,738,738,738,738,738,738
796,796,796,796,796,796,796,796,796,796,796
847,844,844,845,845,845,845,845,845,845,845
893,893,893,893,893,893,893,893,893,893,893
933,930,930,930,930,930,930,930,930,930,930
966,966,966,966,966,966,966,966,966,966,966
992,989,989,989,989,989,989,989,989,989,989
1010,1010,1010,1010,1010,1010,1010,1010,1010,1010,1010
1021,1018,1018,1018,1018,1018,1018,1018,1018,1018,1018
1023,1023,1023,1023,1023,1023,1023,1023,1023,1023,1023
1018,1015,1015,1015,1015,1015,1015,1015,1015,1015,1015
1004,1004,1004,1004,1004,1004,1004,1004,1004,1004,1004
983,980,980,980,980,980,980,980,980,980,980
954,954,954,954,954,954,954,954,954,954,954
918,915,915,915,915,915,915,915,915,915,915
876,876,876,876,876,876,876,876,876,876,876
828,825,825,825,825,825,825,825,825,825,825
775,775,775,775,775,775,775,775,775,775,775
718,715,715,715,715,715,715,715,715,715,715
658,658,658,658,658,658,658,658,658,658,658
595,592,592,592,592,592,592,592,592,592,592
531,531,531,531,531,531,531,531,531,531,531
467,464,464,464,464,464,464,464,463,463,463
403,403,403,403,403,403,403,403,403,403,403
342,338,338,338,338,338,338,338,338,338,338
282,282,282,282,282,282,282,282,282,282,282
227,224,224,224,224,223,223,223,223,223,223
176,176,176,176,176,176,176,176,176,176,176
130,127,127,127,127,127,127,127,127,126,126
90,90,90,90,90,90,90,90,90,90,90
57,54,54,54,54,54,54,54,54,54,54
31,31,31,31,31,31,31,31,31,31,31
13,10,10,10,10,10,10,10,10,10,10
2,2,2,2,2,2,2,2,2,2,2
0,0,0,0,0,0,0,0,0,0,0
5,5,5,5,5,5,5,5,5,5,5
19,16,16,16,16,16,16,16,16,16,16
40,40,40,40,40,40,40,40,40,40,40
69,66,66,66,66,66,66,66,66,66,66
105,105,105,105,105,105,105,105,105,105,105
147,144,144,144,144,144,144,144,144,144,144
195,195,195,195,195,195,195,195,195,195,195
248,245,245,245,245,245,245,245,245,245,245
305,305,305,305,305,305,305,305,305,305,305
365,362,362,362,362,362,362,363,363,363,363
428,428,428,428,428,428,428,428,428,428,428
492,489,489,489,489,489,489,489,489,489,489
556,556,556,556,556,556,556,556,556,556,556
620,617,617,617,617,617,617,617,617,617,617
681,681,681,681,681,681,681,681,681,681,681
741,738,738,738,738,738,738,738,738,738,738
796,796,796,796,796,796,796,796,796,796,796
847,844,844,844,844,844,845,845,845,845,845
893,893,893,893,893,893,893,893,893,893,893
933,930,930,930,930,930,930,930,930,930,930
966,966,966,966,966,966,966,966,966,966,966
992,989,989,989,989,989,989,989,989,989,989
1010,1010,1010,1010,1010,1010,1010,1010,1010,1010,1010
1021,1018,1018,1018,1018,1018,1018,1018,1018,1018,1018
1023,1023,1023,1023,1023,1023,1023,1023,1023,1023,1023
1018,1015,1015,1015,1015,1015,1015,1015,1015,1015,1015
1004,1004,1004,1004,1004,1004,1004,1004,1004,1004,1004
983,980,980,980,980,980,980,980,980,980,980
954,954,954,954,954,954,954,954,954,954,954
918,915,915,915,915,915,915,915,915,915,915
876,876,876,876,876,876,876,876,876,876,876
828,825,825,825,825,825,825,825,825,825,825
775,775,775,775,775,775,775,775,775,775,775
718,715,715,715,715,715,715,715,715,715,715
658,658,658,658,658,658,658,658,658,658,658
595,592,592,592,592,592,592,592,592,592,592
531,531,531,531,531,531,531,531,531,531,531
467,464,464,464,464,464,464,464,464,464,464
404,404,404,404,404,404,404,404,404,404,404
342,339,339,339,338,338,338,338,338,338,338
283,283,283,283,283,283,283,283,283,283,283
227,224,224,224,224,224,224,224,223,223,223
176,176,176,176,176,176,176,176,176,176,176
130,127,127,127,127,127,127,127,127,127,127
90,90,90,90,90,90,90,90,90,90,90
57,54,54,54,54,54,54,54,54,54,54
31,31,31,31,31,31,31,31,31,31,31
13,10,10,10,10,10,10,10,10,10,10
2,2,2,2,2,2,2,2,2,2,2
0,0,0,0,0,0,0,0,0,0,0
5,5,5,5,5,5,5,5,5,5,5
19,16,16,16,16,16,16,16,16,16,16
40,40,40,40,40,40,40,40,40,40,40
69,66,66,66,66,66,66,66,66,66,66
105,105,105,105,105,105,105,105,105,105,105
147,144,144,144,144,144,144,144,144,144,144
195,195,195,195,195,195,195,195,195,195,195
247,245,245,245,245,245,245,245,245,245,245
305,305,305,305,305,305,305,305,305,305,305
365,362,362,362,362,362,362,362,362,362,362
428,428,428,428,428,428,428,428,428,428,428
491,489,489,489,489,489,489,489,489,489,489
556,556,556,556,556,556,556,556,556,556,556
619,616,616,617,617,617,617,617,617,617,617
681,681,681,681,681,681,681,681,681,681,681
740,737,738,738,738,738,738,738,738,738,738
796,796,796,796,796,796,796,796,796,796,796
847,844,844,844,844,844,844,844,844,845,845
893,893,893,893,893,893,893,893,893,893,893
933,930,930,930,930,930,930,930,930,930,930
966,966,966,966,966,966,966,966,966,966,966
992,989,989,989,989,989,989,989,989,989,989
1010,1010,1010,1010,1010,1010,1010,1010,1010,1010,1010
1021,1018,1018,1018,1018,1018,1018,1018,1018,1018,1018
1023,1023,1023,1023,1023,1023,1023,1023,1023,1023,1023
1018,1015,1015,1015,1015,1015,1015,1015,1015,1015,1015
1004,1004,1004,1004,1004,1004,1004,1004,1004,1004,1004
983,980,980,980,980,980,980,980,980,980,980
954,954,954,954,954,954,954,954,954,954,954
919,915,915,915,915,915,915,915,915,915,915
876,876,876,876,876,876,876,876,876,876,876
828,825,825,825,825,825,825,825,825,825,825
776,776,776,776,776,776,776,776,776,776,776
719,715,715,715,715,715,715,715,715,715,715
658,658,658,658,658,658,658,658,658,658,658
596,593,592,592,592,592,592,592,592,592,592
532,532,532,532,532,532,532,532,532,532,532
467,464,464,464,464,464,464,464,464,464,464
404,404,404,404,404,404,404,404,404,404,404
342,339,339,339,339,339,339,338,338,338,338
283,283,283,283,283,283,283,283,283,283,283
227,224,224,224,224,224,224,224,224,224,224
176,176,176,176,176,176,176,176,176,176,176
130,127,127,127,127,127,127,127,127,127,127
90,90,90,90,90,90,90,90,90,90,90
57,54,54,54,54,54,54,54,54,54,54
31,31,31,31,31,31,31,31,31,31,31
13,10,10,10,10,10,10,10,10,10,10
2,2,2,2,2,2,2,2,2,2,2
0,0,0,0,0,0,0,0,0,0,0
5,5,5,5,5,5,5,5,5,5,5
19,16,16,16,16,16,16,16,16,16,16
40,40,40,40,40,40,40,40,40,40,40
69,66,66,66,66,66,66,66,66,66,66
104,104,104,104,104,104,104,104,104,104,104
147,144,144,144,144,144,144,144,144,144,144
194,194,194,194,194,194,194,194,194,194,194
247,244,244,244,245,245,245,245,245,245,245
304,304,304,304,304,304,304,304,304,304,304
365,362,362,362,362,362,362,362,362,362,362
427,427,427,427,427,427,427,427,427,427,427
491,488,488,488,489,489,489,489,489,489,489
556,556,556,556,556,556,556,556,556,556,556
619,616,616,616,616,616,617,617,617,617,617
681,681,681,681,681,681,681,681,681,681,681
740,737,737,737,737,738,738,738,738,738,738
796,796,796,796,796,796,796,796,796,796,796
847,844,844,844,844,844,844,844,844,844,844
893,893,893,893,893,893,893,893,893,893,893
933,930,930,930,930,930,930,930,930,930,930
966,966,966,966,966,966,966,966,966,966,966
992,989,989,989,989,989,989,989,989,989,989
1010,1010,1010,1010,1010,1010,1010,1010,1010,1010,1010
1021,1018,1018,1018,1018,1018,1018,1018,1018,1018,1018
1023,1023,1023,1023,1023,1023,1023,1023,1023,1023,1023
1018,1015,1015,1015,1015,1015,1015,1015,1015,1015,1015
1004,1004,1004,1004,1004,1004,1004,1004,1004,1004,1004
983,980,980,980,980,980,980,980,980,980,980
954,954,954,954,954,954,954,954,954,954,954
919,916,916,916,915,915,915,915,915,915,915
877,877,877,877,877,877,877,877,877,877,877
829,826,826,825,825,825,825,825,825,825,825
776,776,776,776,776,776,776,776,776,776,776
719,716,716,716,715,715,715,715,715,715,715
658,658,658,658,658,658,658,658,658,658,658
596,593,593,593,593,592,592,592,592,592,592
532,532,532,532,532,532,532,532,532,532,532
468,464,464,464,464,464,464,464,464,464,464
404,404,404,404,404,404,404,404,404,404,404
342,339,339,339,339,339,339,339,339,339,338
283,283,283,283,283,283,283,283,283,283,283
227,224,224,224,224,224,224,224,224,224,224
176,176,176,176,176,176,176,176,176,176,176
130,127,127,127,127,127,127,127,127,127,127
90,90,90,90,90,90,90,90,90,90,90
57,54,54,54,54,54,54,54,54,54,54
31,31,31,31,31,31,31,31,31,31,31
13,10,10,10,10,10,10,10,10,10,10
2,2,2,2,2,2,2,2,2,2,2
0,0,0,0,0,0,0,0,0,0,0
5,5,5,5,5,5,5,5,5,5,5
19,16,16,16,16,16,16,16,16,16,16
40,40,40,40,40,40,40,40,40,40,40
69,66,66,66,66,66,66,66,66,66,66
104,104,104,104,104,104,104,104,104,104,104
146,143,144,144,144,144,144,144,144,144,144
194,194,194,194,194,194,194,194,194,194,194
247,244,244,244,244,244,244,245,245,245,245
304,304,304,304,304,304,304,304,304,304,304
365,362,362,362,362,362,362,362,362,362,362
427,427,427,427,427,427,427,427,427,427,427
491,488,488,488,488,488,488,489,489,489,489
555,555,555,555,555,555,555,555,555,555,555
619,616,616,616,616,616,616,616,616,617,617
681,681,681,681,681,681,681,681,681,681,681
740,737,737,737,737,737,737,737,738,738,738
796,796,796,796,796,796,796,796,796,796,796
847,844,844,844,844,844,844,844,844,844,844
893,893,893,893,893,893,893,893,893,893,893
932,930,930,930,930,930,930,930,930,930,930
966,966,966,966,966,966,966,966,966,966,966
992,989,989,989,989,989,989,989,989,989,989
1010,1010,1010,1010,1010,1010,1010,1010,1010,1010,1010
1021,1018,1018,1018,1018,1018,1018,1018,1018,1018,1018
1023,1023,1023,1023,1023,1023,1023,1023,1023,1023,1023
1018,1015,1015,1015,1015,1015,1015,1015,1015,1015,1015
1004,1004,1004,1004,1004,1004,1004,1004,1004,1004,1004
983,980,980,980,980,980,980,980,980,980,980
954,954,954,954,954,954,954,954,954,954,954
919,916,916,916,916,916,916,915,915,915,915
877,877,877,877,877,877,877,877,877,877,877
829,826,826,826,826,826,825,825,825,825,825
776,776,776,776,776,776,776,776,776,776,776
719,716,716,716,716,716,716,715,715,715,715
659,659,659,659,659,659,659,659,659,659,659
596,593,593,593,593,593,593,593,592,592,592
532,532,532,532,532,532,532,532,532,532,532
468,465,465,465,464,464,464,464,464,464,464
404,404,404,404,404,404,404,404,404,404,404
342,339,339,339,339,339,339,339,339,339,339
283,283,283,283,283,283,283,283,283,283,283
227,224,224,224,224,224,224,224,224,224,224
176,176,176,176,176,176,176,176,176,176,176
130,127,127,127,127,127,127,127,127,127,127
91,91,91,91,91,91,91,91,91,91,91
57,54,54,54,54,54,54,54,54,54,54
31,31,31,31,31,31,31,31,31,31,31
13,10,10,10,10,10,10,10,10,10,10
2,2,2,2,2,2,2,2,2,2,2
0,0,0,0,0,0,0,0,0,0,0
5,5,5,5,5,5,5,5,5,5,5
19,16,16,16,16,16,16,16,16,16,16
40,40,40,40,40,40,40,40,40,40,40
69,66,66,66,66,66,66,66,66,66,66
104,104,104,104,104,104,104,104,104,104,104
146,143,143,143,143,144,144,144,144,144,144
194,194,194,194,194,194,194,194,194,194,194
247,244,244,244,244,244,244,244,244,244,245
304,304,304,304,304,304,304,304,304,304,304
364,361,361,362,362,362,362,362,362,362,362
427,427,427,427,427,427,427,427,427,427,427
491,488,488,488,488,488,488,488,488,488,489
555,555,555,555,555,555,555,555,555,555,555
619,616,616,616,616,616,616,616,616,616,616
681,681,681,681,681,681,681,681,681,681,681
740,737,737,737,737,737,737,737,737,737,737
796,796,796,796,796,796,796,796,796,796,796
847,844,844,844,844,844,844,844,844,844,844
893,893,893,893,893,893,893,893,893,893,893
932,929,929,929,930,930,930,930,930,930,930
966,966,966,966,966,966,966,966,966,966,966
992,989,989,989,989,989,989,989,989,989,989
1010,1010,1010,1010,1010,1010,1010,1010,1010,1010,1010
1021,1018,1018,1018,1018,1018,1018,1018,1018,1018,1018
1023,1023,1023,1023,1023,1023,1023,1023,1023,1023,1023
1018,1015,1015,1015,1015,1015,1015,1015,1015,1015,1015
1004,1004,1004,1004,1004,1004,1004,1004,1004,1004,1004
983,980,980,980,980,980,980,980,980,980,980
955,955,955,955,955,955,955,955,955,955,955
919,916,916,916,916,916,916,916,916,916,915
877,877,877,877,877,877,877,877,877,877,877
829,826,826,826,826,826,826,826,826,825,825
776,776,776,776,776,776,776,776,776,776,776
719,716,716,716,716,716,716,716,716,716,715
659,659,659,659,659,659,659,659,659,659,659
596,593,593,593,593,593,593,593,593,593,593
532,532,532,532,532,532,532,532,532,532,532
468,465,465,465,465,465,465,464,464,464,464
404,404,404,404,404,404,404,404,404,404,404
342,339,339,339,339,339,339,339,339,339,339
283,283,283,283,283,283,283,283,283,283,283
228,225,224,224,224,224,224,224,224,224,224
176,176,176,176,176,176,176,176,176,176,176
131,127,127,127,127,127,127,127,127,127,127
91,91,91,91,91,91,91,91,91,91,91
57,54,54,54,54,54,54,54,54,54,54
31,31,31,31,31,31,31,31,31,31,31
13,10,10,10,10,10,10,10,10,10,10
2,2,2,2,2,2,2,2,2,2,2
0,0,0,0,0,0,0,0,0,0,0
5,5,5,5,5,5,5,5,5,5,5
19,16,16,16,16,16,16,16,16,16,16
40,40,40,40,40,40,40,40,40,40,40
68,65,65,66,66,66,66,66,66,66,66
104,104,104,104,104,104,104,104,104,104,104
146,143,143,143,143,143,143,143,144,144,144
194,194,194,194,194,194,194,194,194,194,194
247,244,244,244,244,244,244,244,244,244,244
304,304,304,304,304,304,304,304,304,304,304
364,361,361,361,361,361,361,362,362,362,362
427,427,427,427,427,427,427,427,427,427,427
491,488,488,488,488,488,488,488,488,488,488
555,555,555,555,555,555,555,555,555,555,555
619,616,616,616,616,616,616,616,616,616,616
680,680,680,680,680,680,680,680,680,680,680
740,737,737,737,737,737,737,737,737,737,737
795,795,795,795,795,795,795,795,795,795,795
847,844,844,844,844,844,844,844,844,844,844
892,892,892,892,892,892,892,892,892,892,892
932,929,929,929,929,929,929,930,930,930,930
966,966,966,966,966,966,966,966,966,966,966
992,989,989,989,989,989,989,989,989,989,989
1010,1010,1010,1010,1010,1010,1010,1010,1010,1010,1010
1021,1018,1018,1018,1018,1018,1018,1018,1018,1018,1018
1023,1023,1023,1023,1023,1023,1023,1023,1023,1023,1023
1018,1015,1015,1015,1015,1015,1015,1015,1015,1015,1015
1004,1004,1004,1004,1004,1004,1004,1004,1004,1004,1004
983,980,980,980,980,980,980,980,980,980,980
955,955,955,955,955,955,955,955,955,955,955
919,916,916,916,916,916,916,916,916,916,916
877,877,877,877,877,877,877,877,877,877,877
829,826,826,826,826,826,826,826,826,826,826
776,776,776,776,776,776,776,776,776,776,776
719,716,716,716,716,716,716,716,716,716,716
659,659,659,659,659,659,659,659,659,659,659
596,593,593,593,593,593,593,593,593,593,593
532,532,532,532,532,532,532,532,532,532,532
468,465,465,465,465,465,465,465,465,465,464
405,405,405,405,405,405,405,405,405,405,405
343,340,340,339,339,339,339,339,339,339,339
283,283,283,283,283,283,283,283,283,283,283
228,225,225,225,225,224,224,224,224,224,224
177,177,177,177,177,177,177,177,177,177,177
131,128,128,128,127,127,127,127,127,127,127
91,91,91,91,91,91,91,91,91,91,91
58,55,54,54,54,54,54,54,54,54,54
31,31,31,31,31,31,31,31,31,31,31
13,10,10,10,10,10,10,10,10,10,10
2,2,2,2,2,2,2,2,2,2,2
0,0,0,0,0,0,0,0,0,0,0
5,5,5,5,5,5,5,5,5,5,5
18,16,16,16,16,16,16,16,16,16,16
40,40,40,40,40,40,40,40,40,40,40
68,65,65,65,65,65,66,66,66,66,66
104,104,104,104,104,104,104,104,104,104,104
146,143,143,143,143,143,143,143,143,143,143
194,194,194,194,194,194,194,194,194,194,194
247,244,244,244,244,244,244,244,244,244,244
304,304,304,304,304,304,304,304,304,304,304
364,361,361,361,361,361,361,361,361,361,362
427,427,427,427,427,427,427,427,427,427,427
490,488,488,488,488,488,488,488,488,488,488
555,555,555,555,555,555,555,555,555,555,555
618,615,615,616,616,616,616,616,616,616,616
680,680,680,680,680,680,680,680,680,680,680
740,737,737,737,737,737,737,737,737,737,737
795,795,795,795,795,795,795,795,795,795,795
846,843,843,844,844,844,844,844,844,844,844
892,892,892,892,892,892,892,892,892,892,892
932,929,929,929,929,929,929,929,929,929,930
965,965,965,965,965,965,965,965,965,965,965
992,989,989,989,989,989,989,989,989,989,989
1010,1010,1010,1010,1010,1010,1010,1010,1010,1010,1010
1021,1018,1018,1018,1018,1018,1018,1018,1018,1018,1018
1023,1023,1023,1023,1023,1023,1023,1023,1023,1023,1023
1018,1015,1015,1015,1015,1015,1015,1015,1015,1015,1015
1005,1005,1005,1005,1005,1005,1005,1005,1005,1005,1005
983,980,980,980,980,980,980,980,980,980,980
955,955,955,955,955,955,955,955,955,955,955
919,916,916,916,916,916,916,916,916,916,916
877,877,877,877,877,877,877,877,877,877,877
829,826,826,826,826,826,826,826,826,826,826
776,776,776,776,776,776,776,776,776,776,776
719,716,716,716,716,716,716,716,716,716,716
659,659,659,659,659,659,659,659,659,659,659
597,593,593,593,593,593,593,593,593,593,593
533,533,533,533,533,533,533,533,533,533,533
468,465,465,465,465,465,465,465,465,465,465
405,405,405,405,405,405,405,405,405,405,405
343,340,340,340,340,340,339,339,339,339,339
284,284,284,284,284,284,284,284,284,284,284
228,225,225,225,225,225,225,225,224,224,224
177,177,177,177,177,177,177,177,177,177,177
131,128,128,128,128,128,128,128,127,127,127
91,91,91,91,91,91,91,91,91,91,91
58,55,55,55,55,54,54,54,54,54,54
32,32,32,32,32,32,32,32,32,32,32
13,10,10,10,10,10,10,10,10,10,10
2,2,2,2,2,2,2,2,2,2,2
0,0,0,0,0,0,0,0,0,0,0
5,5,5,5,5,5,5,5,5,5,5
18,15,15,15,16,16,16,16,16,16,16
40,40,40,40,40,40,40,40,40,40,40
68,65,65,65,65,65,65,65,65,66,66
104,104,104,104,104,104,104,104,104,104,104
146,143,143,143,143,143,143,143,143,143,143
194,194,194,194,194,194,194,194,194,194,194
246,244,244,244,244,244,244,244,244,244,244
303,303,303,303,303,303,303,303,303,303,303
364,361,361,361,361,361,361,361,361,361,361
426,426,426,426,426,426,426,426,426,426,426
490,487,487,487,488,488,488,488,488,488,488
555,555,555,555,555,555,555,555,555,555,555
618,615,615,615,615,615,616,616,616,616,616
680,680,680,680,680,680,680,680,680,680,680
739,736,736,737,737,737,737,737,737,737,737
795,795,795,795,795,795,795,795,795,795,795
846,843,843,843,843,843,844,844,844,844,844
892,892,892,892,892,892,892,892,892,892,892
932,929,929,929,929,929,929,929,929,929,929
965,965,965,965,965,965,965,965,965,965,965
991,988,989,989,989,989,989,989,989,989,989
1010,1010,1010,1010,1010,1010,1010,1010,1010,1010,1010
1021,1018,1018,1018,1018,1018,1018,1018,1018,1018,1018
1023,1023,1023,1023,1023,1023,1023,1023,1023,1023,1023
1018,1015,1015,1015,1015,1015,1015,1015,1015,1015,1015
1005,1005,1005,1005,1005,1005,1005,1005,1005,1005,1005
983,980,980,980,980,980,980,980,980,980,980
955,955,955,955,955,955,955,955,955,955,955
919,916,916,916,916,916,916,916,916,916,916
877,877,877,877,877,877,877,877,877,877,877
829,826,826,826,826,826,826,826,826,826,826
777,777,777,777,777,777,777,777,777,777,777
720,717,716,716,716,716,716,716,716,716,716
659,659,659,659,659,659,659,659,659,659,659
597,594,594,594,593,593,593,593,593,593,593
533,533,533,533,533,533,533,533,533,533,533
469,465,465,465,465,465,465,465,465,465,465
405,405,405,405,405,405,405,405,405,405,405
343,340,340,340,340,340,340,340,340,339,339
284,284,284,284,284,284,284,284,284,284,284
228,225,225,225,225,225,225,225,225,225,225
177,177,177,177,177,177,177,177,177,177,177
131,128,128,128,128,128,128,128,128,128,128
91,91,91,91,91,91,91,91,91,91,91
58,55,55,55,55,55,55,55,54,54,54
32,32,32,32,32,32,32,32,32,32,32
13,10,10,10,10,10,10,10,10,10,10
2,2,2,2,2,2,2,2,2,2,2
0,0,0,0,0,0,0,0,0,0,0
5,5,5,5,5,5,5,5,5,5,5
18,15,15,15,15,15,15,16,16,16,16
40,40,40,40,40,40,40,40,40,40,40
68,65,65,65,65,65,65,65,65,65,65
104,104,104,104,104,104,104,104,104,104,104
146,143,143,143,143,143,143,143,143,143,143
194,194,194,194,194,194,194,194,194,194,194
246,243,243,243,244,244,244,244,244,244,244
303,303,303,303,303,303,303,303,303,303,303
364,361,361,361,361,361,361,361,361,361,361
426,426,426,426,426,426,426,426,426,426,426
490,487,487,487,487,487,487,488,488,488,488
554,554,554,554,554,554,554,554,554,554,554
618,615,615,615,615,615,615,615,615,616,616
680,680,680,680,680,680,680,680,680,680,680
739,736,736,736,736,736,737,737,737,737,737
795,795,795,795,795,795,795,795,795,795,795
846,843,843,843,843,843,843,843,843,844,844
892,892,892,892,892,892,892,892,892,892,892
932,929,929,929,929,929,929,929,929,929,929
965,965,965,965,965,965,965,965,965,965,965
991,988,988,988,988,989,989,989,989,989,989
1010,1010,1010,1010,1010,1010,1010,1010,1010,1010,1010
1021,1018,1018,1018,1018,1018,1018,1018,1018,1018,1018
1023,1023,1023,1023,1023,1023,1023,1023,1023,1023,1023
1018,1015,1015,1015,1015,1015,1015,1015,1015,1015,1015
1005,1005,1005,1005,1005,1005,1005,1005,1005,1005,1005
984,980,980,980,980,980,980,980,980,980,980
955,955,955,955,955,955,955,955,955,955,955
919,916,916,916,916,916,916,916,916,916,916
877,877,877,877,877,877,877,877,877,877,877
830,827,826,826,826,826,826,826,826,826,826
777,777,777,777,777,777,777,777,777,777,777
720,717,717,717,717,716,716,716,716,716,716
660,660,660,660,660,660,660,660,660,660,660
597,594,594,594,594,594,594,593,593,593,593
533,533,533,533,533,533,533,533,533,533,533
469,466,466,466,465,465,465,465,465,465,465
405,405,405,405,405,405,405,405,405,405,405
343,340,340,340,340,340,340,340,340,340,340
284,284,284,284,284,284,284,284,284,284,284
228,225,225,225,225,225,225,225,225,225,225
177,177,177,177,177,177,177,177,177,177,177
131,128,128,128,128,128,128,128,128,128,128
91,91,91,91,91,91,91,91,91,91,91
58,55,55,55,55,55,55,55,55,55,55
32,32,32,32,32,32,32,32,32,32,32
13,10,10,10,10,10,10,10,10,10,10
2,2,2,2,2,2,2,2,2,2,2
0,0,0,0,0,0,0,0,0,0,0
5,5,5,5,5,5,5,5,5,5,5
18,15,15,15,15,15,15,15,15,15,16
39,39,39,39,39,39,39,39,39,39,39
68,65,65,65,65,65,65,65,65,65,65
104,104,104,104,104,104,104,104,104,104,104
146,143,143,143,143,143,143,143,143,143,143
193,193,193,193,193,193,193,193,193,193,193
246,243,243,243,243,243,243,244,244,244,244
303,303,303,303,303,303,303,303,303,303,303
363,360,361,361,361,361,361,361,361,361,361
426,426,426,426,426,426,426,426,426,426,426
490,487,487,487,487,487,487,487,487,487,488
554,554,554,554,554,554,554,554,554,554,554
618,615,615,615,615,615,615,615,615,615,615
680,680,680,680,680,680,680,680,680,680,680
739,736,736,736,736,736,736,736,736,737,737
795,795,795,795,795,795,795,795,795,795,795
846,843,843,843,843,843,843,843,843,843,843
892,892,892,892,892,892,892,892,892,892,892
932,929,929,929,929,929,929,929,929,929,929
965,965,965,965,965,965,965,965,965,965,965
991,988,988,988,988,988,988,988,989,989,989
1010,1010,1010,1010,1010,1010,1010,1010,1010,1010,1010
1021,1018,1018,1018,1018,1018,1018,1018,1018,1018,1018
1023,1023,1023,1023,1023,1023,1023,1023,1023,1023,1023
1018,1015,1015,1015,1015,1015,1015,1015,1015,1015,1015
1005,1005,1005,1005,1005,1005,1005,1005,1005,1005,1005
984,981,981,981,980,980,980,980,980,980,980
955,955,955,955,955,955,955,955,955,955,955
919,916,916,916,916,916,916,916,916,916,916
877,877,877,877,877,877,877,877,877,877,877
830,827,827,827,827,826,826,826,826,826,826
777,777,777,777,777,777,777,777,777,777,777
720,717,717,717,717,717,717,717,716,716,716
660,660,660,660,660,660,660,660,660,660,660
597,594,594,594,594,594,594,594,594,594,593
533,533,533,533,533,533,533,533,533,533,533
469,466,466,466,466,466,466,465,465,465,465
405,405,405,405,405,405,405,405,405,405,405
343,340,340,340,340,340,340,340,340,340,340
284,284,284,284,284,284,284,284,284,284,284
228,225,225,225,225,225,225,225,225,225,225
177,177,177,177,177,177,177,177,177,177,177
131,128,128,128,128,128,128,128,128,128,128
91,91,91,91,91,91,91,91,91,91,91
58,55,55,55,55,55,55,55,55,55,55
32,32,32,32,32,32,32,32,32,32,32
13,10,10,10,10,10,10,10,10,10,10
2,2,2,2,2,2,2,2,2,2,2
0,0,0,0,0,0,0,0,0,0,0
5,5,5,5,5,5,5,5,5,5,5
18,15,15,15,15,15,15,15,15,15,15
39,39,39,39,39,39,39,39,39,39,39
68,65,65,65,65,65,65,65,65,65,65
103,103,103,103,103,103,103,103,103,103,103
145,143,143,143,143,143,143,143,143,143,143
193,193,193,193,193,193,193,193,193,193,193
246,243,243,243,243,243,243,243,243,243,244
303,303,303,303,303,303,303,303,303,303,303
363,360,360,360,360,360,361,361,361,361,361
426,426,426,426,426,426,426,426,426,426,426
490,487,487,487,487,487,487,487,487,487,487
554,554,554,554,554,554,554,554,554,554,554
618,615,615,615,615,615,615,615,615,615,615
680,680,680,680,680,680,680,680,680,680,680
739,736,736,736,736,736,736,736,736,736,736
795,795,795,795,795,795,795,795,795,795,795
846,843,843,843,843,843,843,843,843,843,843
892,892,892,892,892,892,892,892,892,892,892
932,929,929,929,929,929,929,929,929,929,929
965,965,965,965,965,965,965,965,965,965,965
991,988,988,988,988,988,988,988,988,988,988
1010,1010,1010,1010,1010,1010,1010,1010,1010,1010,1010
1021,1018,1018,1018,1018,1018,1018,1018,1018,1018,1018
1023,1023,1023,1023,1023,1023,1023,1023,1023,1023,1023
1018,1015,1015,1015,1015,1015,1015,1015,1015,1015,1015
1005,1005,1005,1005,1005,1005,1005,1005,1005,1005,1005
984,981,981,981,981,981,981,980,980,980,980
955,955,955,955,955,955,955,955,955,955,955
920,917,916,916,916,916,916,916,916,916,916
878,878,878,878,878,878,878,878,878,878,878
830,827,827,827,827,827,827,827,826,826,826
777,777,777,777,777,777,777,777,777,777,777
720,717,717,717,717,717,717,717,717,717,717
660,660,660,660,660,660,660,660,660,660,660
597,594,594,594,594,594,594,594,594,594,594
533,533,533,533,533,533,533,533,533,533,533
469,466,466,466,466,466,466,466,466,466,465
405,405,405,405,405,405,405,405,405,405,405
344,340,340,340,340,340,340,340,340,340,340
284,284,284,284,284,284,284,284,284,284,284
229,225,225,225,225,225,225,225,225,225,225
177,177,177,177,177,177,177,177,177,177,177
131,128,128,128,128,128,128,128,128,128,128
91,91,91,91,91,91,91,91,91,91,91
58,55,55,55,55,55,55,55,55,55,55
32,32,32,32,32,32,32,32,32,32,32
13,10,10,10,10,10,10,10,10,10,10
2,2,2,2,2,2,2,2,2,2,2
0,0,0,0,0,0,0,0,0,0,0
5,5,5,5,5,5,5,5,5,5,5
18,15,15,15,15,15,15,15,15,15,15
39,39,39,39,39,39,39,39,39,39,39
68,65,65,65,65,65,65,65,65,65,65
103,103,103,103,103,103,103,103,103,103,103
145,142,142,142,143,143,143,143,143,143,143
193,193,193,193,193,193,193,193,193,193,193
246,243,243,243,243,243,243,243,243,243,243
303,303,303,303,303,303,303,303,303,303,303
363,360,360,360,360,360,360,360,360,361,361
426,426,426,426,426,426,426,426,426,426,426
490,487,487,487,487,487,487,487,487,487,487
554,554,554,554,554,554,554,554,554,554,554
617,614,615,615,615,615,615,615,615,615,615
679,679,679,679,679,679,679,679,679,679,679
739,736,736,736,736,736,736,736,736,736,736
794,794,794,794,794,794,794,794,794,794,794
846,843,843,843,843,843,843,843,843,843,843
892,892,892,892,892,892,892,892,892,892,892
932,929,929,929,929,929,929,929,929,929,929
965,965,965,965,965,965,965,965,965,965,965
991,988,988,988,988,988,988,988,988,988,988
1010,1010,1010,1010,1010,1010,1010,1010,1010,1010,1010
1021,1018,1018,1018,1018,1018,1018,1018,1018,1018,1018
1023,1023,1023,1023,1023,1023,1023,1023,1023,1023,1023
1018,1015,1015,1015,1015,1015,1015,1015,1015,1015,1015
1005,1005,1005,1005,1005,1005,1005,1005,1005,1005,1005
984,981,981,981,981,981,981,981,981,981,980
955,955,955,955,955,955,955,955,955,955,955
920,917,917,917,917,917,916,916,916,916,916
878,878,878,878,878,878,878,878,878,878,878
830,827,827,827,827,827,827,827,827,827,827
777,777,777,777,777,777,777,777,777,777,777
720,717,717,717,717,717,717,717,717,717,717
660,660,660,660,660,660,660,660,660,660,660
598,594,594,594,594,594,594,594,594,594,594
534,534,534,534,534,534,534,534,534,534,534
469,466,466,466,466,466,466,466,466,466,466
406,406,406,406,406,406,406,406,406,406,406
344,341,341,341,340,340,340,340,340,340,340
284,284,284,284,284,284,284,284,284,284,284
229,226,226,226,226,225,225,225,225,225,225
177,177,177,177,177,177,177,177,177,177,177
131,128,128,128,128,128,128,128,128,128,128
91,91,91,91,91,91,91,91,91,91,91
58,55,55,55,55,55,55,55,55,55,55
32,32,32,32,32,32,32,32,32,32,32
13,10,10,10,10,10,10,10,10,10,10
2,2,2,2,2,2,2,2,2,2,2
0,0,0,0,0,0,0,0,0,0,0
5,5,5,5,5,5,5,5,5,5,5
18,15,15,15,15,15,15,15,15,15,15
39,39,39,39,39,39,39,39,39,39,39
68,65,65,65,65,65,65,65,65,65,65
103,103,103,103,103,103,103,103,103,103,103
145,142,142,142,142,142,142,143,143,143,143
193,193,193,193,193,193,193,193,193,193,193
246,243,243,243,243,243,243,243,243,243,243
303,303,303,303,303,303,303,303,303,303,303
363,360,360,360,360,360,360,360,360,360,360
425,425,425,425,425,425,425,425,425,425,425
489,486,486,487,487,487,487,487,487,487,487
554,554,554,554,554,554,554,554,554,554,554
617,614,614,614,614,615,615,615,615,615,615
679,679,679,679,679,679,679,679,679,679,679
738,736,736,736,736,736,736,736,736,736,736
794,794,794,794,794,794,794,794,794,794,794
845,843,843,843,843,843,843,843,843,843,843
891,891,891,891,891,891,891,891,891,891,891
931,929,929,929,929,929,929,929,929,929,929
965,965,965,965,965,965,965,965,965,965,965
991,988,988,988,988,988,988,988,988,988,988
1010,1010,1010,1010,1010,1010,1010,1010,1010,1010,1010
1021,1018,1018,1018,1018,1018,1018,1018,1018,1018,1018
1023,1023,1023,1023,1023,1023,1023,1023,1023,1023,1023
1018,1015,1015,1015,1015,1015,1015,1015,1015,1015,1015
1005,1005,1005,1005,1005,1005,1005,1005,1005,1005,1005
984,981,981,981,981,981,981,981,981,981,981
955,955,955,955,955,955,955,955,955,955,955
920,917,917,917,917,917,917,917,917,916,916
878,878,878,878,878,878,878,878,878,878,878
830,827,827,827,827,827,827,827,827,827,827
777,777,777,777,777,777,777,777,777,777,777
721,717,717,717,717,717,717,717,717,717,717
660,660,660,660,660,660,660,660,660,660,660
598,595,595,595,594,594,594,594,594,594,594
534,534,534,534,534,534,534,534,534,534,534
469,466,466,466,466,466,466,466,466,466,466
406,406,406,406,406,406,406,406,406,406,406
344,341,341,341,341,341,341,340,340,340,340
285,285,285,285,285,285,285,285,285,285,285
229,226,226,226,226,226,226,226,225,225,225
178,178,178,178,178,178,178,178,178,178,178
132,129,129,128,128,128,128,128,128,128,128
92,92,92,92,92,92,92,92,92,92,92
58,55,55,55,55,55,55,55,55,55,55
32,32,32,32,32,32,32,32,32,32,32
13,10,10,10,10,10,10,10,10,10,10
2,2,2,2,2,2,2,2,2,2,2
0,0,0,0,0,0,0,0,0,0,0
5,5,5,5,5,5,5,5,5,5,5
18,15,15,15,15,15,15,15,15,15,15
39,39,39,39,39,39,39,39,39,39,39
68,65,65,65,65,65,65,65,65,65,65
103,103,103,103,103,103,103,103,103,103,103
145,142,142,142,142,142,142,142,142,142,143
193,193,193,193,193,193,193,193,193,193,193
245,243,243,243,243,243,243,243,243,243,243
302,302,302,302,302,302,302,302,302,302,302
363,360,360,360,360,360,360,360,360,360,360
425,425,425,425,425,425,425,425,425,425,425
489,486,486,486,486,486,487,487,487,487,487
553,553,553,553,553,553,553,553,553,553,553
617,614,614,614,614,614,614,614,615,615,615
679,679,679,679,679,679,679,679,679,679,679
738,735,735,735,736,736,736,736,736,736,736
794,794,794,794,794,794,794,794,794,794,794
845,842,842,842,843,843,843,843,843,843,843
891,891,891,891,891,891,891,891,891,891,891
931,928,928,928,929,929,929,929,929,929,929
965,965,965,965,965,965,965,965,965,965,965
991,988,988,988,988,988,988,988,988,988,988
1010,1010,1010,1010,1010,1010,1010,1010,1010,1010,1010
1021,1018,1018,1018,1018,1018,1018,1018,1018,1018,1018
1023,1023,1023,1023,1023,1023,1023,1023,1023,1023,1023
1018,1015,1015,1015,1015,1015,1015,1015,1015,1015,1015
1005,1005,1005,1005,1005,1005,1005,1005,1005,1005,1005
984,981,981,981,981,981,981,981,981,981,981
955,955,955,955,955,955,955,955,955,955,955
920,917,917,917,917,917,917,917,917,917,917
878,878,878,878,878,878,878,878,878,878,878
830,827,827,827,827,827,827,827,827,827,827
778,778,778,778,778,778,778,778,778,778,778
721,718,718,718,717,717,717,717,717,717,717
660,660,660,660,660,660,660,660,660,660,660
598,595,595,595,595,595,595,594,594,594,594
534,534,534,534,534,534,534,534,534,534,534
470,467,467,467,466,466,466,466,466,466,466
406,406,406,406,406,406,406,406,406,406,406
344,341,341,341,341,341,341,341,341,341,341
285,285,285,285,285,285,285,285,285,285,285
229,226,226,226,226,226,226,226,226,226,226
178,178,178,178,178,178,178,178,178,178,178
132,129,129,129,129,129,128,128,128,128,128
92,92,92,92,92,92,92,92,92,92,92
58,55,55,55,55,55,55,55,55,55,55
32,32,32,32,32,32,32,32,32,32,32
13,10,10,10,10,10,10,10,10,10,10
2,2,2,2,2,2,2,2,2,2,2
0,0,0,0,0,0,0,0,0,0,0
5,5,5,5,5,5,5,5,5,5,5
18,15,15,15,15,15,15,15,15,15,15
39,39,39,39,39,39,39,39,39,39,39
68,65,65,65,65,65,65,65,65,65,65
103,103,103,103,103,103,103,103,103,103,103
145,142,142,142,142,142,142,142,142,142,142
193,193,193,193,193,193,193,193,193,193,193
245,242,242,242,243,243,243,243,243,243,243
302,302,302,302,302,302,302,302,302,302,302
362,359,360,360,360,360,360,360,360,360,360
425,425,425,425,425,425,425,425,425,425,425
489,486,486,486,486,486,486,486,486,487,487
553,553,553,553,553,553,553,553,553,553,553
617,614,614,614,614,614,614,614,614,614,614
679,679,679,679,679,679,679,679,679,679,679
738,735,735,735,735,735,735,736,736,736,736
794,794,794,794,794,794,794,794,794,794,794
845,842,842,842,842,842,842,843,843,843,843
891,891,891,891,891,891,891,891,891,891,891
931,928,928,928,928,928,928,929,929,929,929
965,965,965,965,965,965,965,965,965,965,965
991,988,988,988,988,988,988,988,988,988,988
1010,1010,1010,1010,1010,1010,1010,1010,1010,1010,1010
1021,1018,1018,1018,1018,1018,1018,1018,1018,1018,1018
1023,1023,1023,1023,1023,1023,1023,1023,1023,1023,1023
1018,1015,1015,1015,1015,1015,1015,1015,1015,1015,1015
1005,1005,1005,1005,1005,1005,1005,1005,1005,1005,1005
984,981,981,981,981,981,981,981,981,981,981
956,956,956,956,956,956,956,956,956,956,956
920,917,917,917,917,917,917,917,917,917,917
878,878,878,878,878,878,878,878,878,878,878
830,827,827,827,827,827,827,827,827,827,827
778,778,778,778,778,778,778,778,778,778,778
721,718,718,718,718,718,718,717,717,717,717
661,661,661,661,661,661,661,661,661,661,661
598,595,595,595,595,595,595,595,595,595,594
534,534,534,534,534,534,534,534,534,534,534
470,467,467,467,467,467,467,466,466,466,466
406,406,406,406,406,406,406,406,406,406,406
344,341,341,341,341,341,341,341,341,341,341
285,285,285,285,285,285,285,285,285,285,285
229,226,226,226,226,226,226,226,226,226,226
178,178,178,178,178,178,178,178,178,178,178
132,129,129,129,129,129,129,129,129,128,128
92,92,92,92,92,92,92,92,92,92,92
58,55,55,55,55,55,55,55,55,55,55
32,32,32,32,32,32,32,32,32,32,32
13,10,10,10,10,10,10,10,10,10,10
2,2,2,2,2,2,2,2,2,2,2
0,0,0,0,0,0,0,0,0,0,0
5,5,5,5,5,5,5,5,5,5,5
18,15,15,15,15,15,15,15,15,15,15
39,39,39,39,39,39,39,39,39,39,39
67,64,65,65,65,65,65,65,65,65,65
103,103,103,103,103,103,103,103,103,103,103
145,142,142,142,142,142,142,142,142,142,142
192,192,192,192,192,192,192,192,192,192,192
245,242,242,242,242,242,242,243,243,243,243
302,302,302,302,302,302,302,302,302,302,302
362,359,359,359,359,360,360,360,360,360,360
425,425,425,425,425,425,425,425,425,425,425
489,486,486,486,486,486,486,486,486,486,486
553,553,553,553,553,553,553,553,553,553,553
617,614,614,614,614,614,614,614,614,614,614
679,679,679,679,679,679,679,679,679,679,679
738,735,735,735,735,735,735,735,735,735,736
794,794,794,794,794,794,794,794,794,794,794
845,842,842,842,842,842,842,842,842,842,843
891,891,891,891,891,891,891,891,891,891,891
931,928,928,928,928,928,928,928,928,928,929
965,965,965,965,965,965,965,965,965,965,965
991,988,988,988,988,988,988,988,988,988,988
1010,1010,1010,1010,1010,1010,1010,1010,1010,1010,1010
1021,1018,1018,1018,1018,1018,1018,1018,1018,1018,1018
1023,1023,1023,1023,1023,1023,1023,1023,1023,1023,1023
1018,1015,1015,1015,1015,1015,1015,1015,1015,1015,1015
1005,1005,1005,1005,1005,1005,1005,1005,1005,1005,1005
984,981,981,981,981,981,981,981,981,981,981
956,956,956,956,956,956,956,956,956,956,956
920,917,917,917,917,917,917,917,917,917,917
878,878,878,878,878,878,878,878,878,878,878
831,828,828,827,827,827,827,827,827,827,827
778,778,778,778,778,778,778,778,778,778,778
721,718,718,718,718,718,718,718,718,718,717
661,661,661,661,661,661,661,661,661,661,661
598,595,595,595,595,595,595,595,595,595,595
534,534,534,534,534,534,534,534,534,534,534
470,467,467,467,467,467,467,467,467,467,466
406,406,406,406,406,406,406,406,406,406,406
344,341,341,341,341,341,341,341,341,341,341
285,285,285,285,285,285,285,285,285,285,285
229,226,226,226,226,226,226,226,226,226,226
178,178,178,178,178,178,178,178,178,178,178
132,129,129,129,129,129,129,129,129,129,129
92,92,92,92,92,92,92,92,92,92,92
58,55,55,55,55,55,55,55,55,55,55
32,32,32,32,32,32,32,32,32,32,32
13,10,10,10,10,10,10,10,10,10,10
2,2,2,2,2,2,2,2,2,2,2
0,0,0,0,0,0,0,0,0,0,0
5,5,5,5,5,5,5,5,5,5,5
18,15,15,15,15,15,15,15,15,15,15
39,39,39,39,39,39,39,39,39,39,39
67,64,64,64,64,65,65,65,65,65,65
103,103,103,103,103,103,103,103,103,103,103
145,142,142,142,142,142,142,142,142,142,142
192,192,192,192,192,192,192,192,192,192,192
245,242,242,242,242,242,242,242,242,242,243
302,302,302,302,302,302,302,302,302,302,302
362,359,359,359,359,359,359,359,360,360,360
425,425,425,425,425,425,425,425,425,425,425
489,486,486,486,486,486,486,486,486,486,486
553,553,553,553,553,553,553,553,553,553,553
616,614,614,614,614,614,614,614,614,614,614
678,678,678,678,678,678,678,678,678,678,678
738,735,735,735,735,735,735,735,735,735,735
794,794,794,794,794,794,794,794,794,794,794
845,842,842,842,842,842,842,842,842,842,842
891,891,891,891,891,891,891,891,891,891,891
931,928,928,928,928,928,928,928,928,928,928
965,965,965,965,965,965,965,965,965,965,965
991,988,988,988,988,988,988,988,988,988,988
1010,1010,1010,1010,1010,1010,1010,1010,1010,1010,1010
1021,1018,1018,1018,1018,1018,1018,1018,1018,1018,1018
1023,1023,1023,1023,1023,1023,1023,1023,1023,1023,1023
1018,1015,1015,1015,1015,1015,1015,1015,1015,1015,1015
1005,1005,1005,1005,1005,1005,1005,1005,1005,1005,1005
984,981,981,981,981,981,981,981,981,981,981
956,956,956,956,956,956,956,956,956,956,956
920,917,917,917,917,917,917,917,917,917,917
878,878,878,878,878,878,878,878,878,878,878
831,828,828,828,828,828,827,827,827,827,827
778,778,778,778,778,778,778,778,778,778,778
721,718,718,718,718,718,718,718,718,718,718
661,661,661,661,661,661,661,661,661,661,661
598,595,595,595,595,595,595,595,595,595,595
535,535,535,535,535,535,535,535,535,535,535
470,467,467,467,467,467,467,467,467,467,467
407,407,407,407,407,407,407,407,407,407,407
345,342,342,341,341,341,341,341,341,341,341
285,285,285,285,285,285,285,285,285,285,285
230,226,226,226,226,226,226,226,226,226,226
178,178,178,178,178,178,178,178,178,178,178
132,129,129,129,129,129,129,129,129,129,129
92,92,92,92,92,92,92,92,92,92,92
59,56,55,55,55,55,55,55,55,55,55
32,32,32,32,32,32,32,32,32,32,32
13,10,10,10,10,10,10,10,10,10,10
2,2,2,2,2,2,2,2,2,2,2
0,0,0,0,0,0,0,0,0,0,0
5,5,5,5,5,5,5,5,5,5,5
18,15,15,15,15,15,15,15,15,15,15
39,39,39,39,39,39,39,39,39,39,39
67,64,64,64,64,64,64,64,65,65,65
103,103,103,103,103,103,103,103,103,103,103
145,142,142,142,142,142,142,142,142,142,142
192,192,192,192,192,192,192,192,192,192,192
245,242,242,242,242,242,242,242,242,242,242
302,302,302,302,302,302,302,302,302,302,302
362,359,359,359,359,359,359,359,359,359,359
424,424,424,424,424,424,424,424,424,424,424
488,485,485,486,486,486,486,486,486,486,486
553,553,553,553,553,553,553,553,553,553,553
616,613,613,613,614,614,614,614,614,614,614
678,678,678,678,678,678,678,678,678,678,678
738,735,735,735,735,735,735,735,735,735,735
793,793,793,793,793,793,793,793,793,793,793
845,842,842,842,842,842,842,842,842,842,842
891,891,891,891,891,891,891,891,891,891,891
931,928,928,928,928,928,928,928,928,928,928
964,964,964,964,964,964,964,964,964,964,964
991,988,988,988,988,988,988,988,988,988,988
1010,1010,1010,1010,1010,1010,1010,1010,1010,1010,1010
1021,1018,1018,1018,1018,1018,1018,1018,1018,1018,1018
1023,1023,1023,1023,1023,1023,1023,1023,1023,1023,1023
1018,1015,1015,1015,1015,1015,1015,1015,1015,1015,1015
1005,1005,1005,1005,1005,1005,1005,1005,1005,1005,1005
984,981,981,981,981,981,981,981,981,981,981
956,956,956,956,956,956,956,956,956,956,956
920,917,917,917,917,917,917,917,917,917,917
879,879,879,879,879,879,879,879,879,879,879
831,828,828,828,828,828,828,828,828,827,827
778,778,778,778,778,778,778,778,778,778,778
721,718,718,718,718,718,718,718,718,718,718
661,661,661,661,661,661,661,661,661,661,661
599,596,596,595,595,595,595,595,595,595,595
535,535,535,535,535,535,535,535,535,535,535
470,467,467,467,467,467,467,467,467,467,467
407,407,407,407,407,407,407,407,407,407,407
345,342,342,342,342,342,341,341,341,341,341
285,285,285,285,285,285,285,285,285,285,285
230,227,227,227,226,226,226,226,226,226,226
178,178,178,178,178,178,178,178,178,178,178
132,129,129,129,129,129,129,129,129,129,129
92,92,92,92,92,92,92,92,92,92,92
59,56,56,56,56,55,55,55,55,55,55
32,32,32,32,32,32,32,32,32,32,32
13,10,10,10,10,10,10,10,10,10,10
3,3,3,3,3,3,3,3,3,3,3
0,0,0,0,0,0,0,0,0,0,0
5,5,5,5,5,5,5,5,5,5,5
18,15,15,15,15,15,15,15,15,15,15
39,39,39,39,39,39,39,39,39,39,39
67,64,64,64,64,64,64,64,64,64,64
103,103,103,103,103,103,103,103,103,103,103
144,141,141,142,142,142,142,142,142,142,142
192,192,192,192,192,192,192,192,192,192,192
245,242,242,242,242,242,242,242,242,242,242
302,302,302,302,302,302,302,302,302,302,302
362,359,359,359,359,359,359,359,359,359,359
424,424,424,424,424,424,424,424,424,424,424
488,485,485,485,485,485,486,486,486,486,486
552,552,552,552,552,552,552,552,552,552,552
616,613,613,613,613,613,613,614,614,614,614
678,678,678,678,678,678,678,678,678,678,678
737,734,735,735,735,735,735,735,735,735,735
793,793,793,793,793,793,793,793,793,793,793
845,842,842,842,842,842,842,842,842,842,842
891,891,891,891,891,891,891,891,891,891,891
931,928,928,928,928,928,928,928,928,928,928
964,964,964,964,964,964,964,964,964,964,964
991,988,988,988,988,988,988,988,988,988,988
1010,1010,1010,1010,1010,1010,1010,1010,1010,1010,1010
1020,1017,1017,1018,1018,1018,1018,1018,1018,1018,1018
1023,1023,1023,1023,1023,1023,1023,1023,1023,1023,1023
1018,1015,1015,1015,1015,1015,1015,1015,1015,1015,1015
1005,1005,1005,1005,1005,1005,1005,1005,1005,1005,1005
984,981,981,981,981,981,981,981,981,981,981
956,956,956,956,956,956,956,956,956,956,956
921,917,917,917,917,917,917,917,917,917,917
879,879,879,879,879,879,879,879,879,879,879
831,828,828,828,828,828,828,828,828,828,828
778,778,778,778,778,778,778,778,778,778,778
722,719,718,718,718,718,718,718,718,718,718
661,661,661,661,661,661,661,661,661,661,661
599,596,596,596,596,596,595,595,595,595,595
535,535,535,535,535,535,535,535,535,535,535
471,468,468,467,467,467,467,467,467,467,467
407,407,407,407,407,407,407,407,407,407,407
345,342,342,342,342,342,342,342,342,341,341
286,286,286,286,286,286,286,286,286,286,286
230,227,227,227,227,227,227,226,226,226,226
178,178,178,178,178,178,178,178,178,178,178
132,129,129,129,129,129,129,129,129,129,129
92,92,92,92,92,92,92,92,92,92,92
59,56,56,56,56,56,56,56,55,55,55
32,32,32,32,32,32,32,32,32,32,32
14,10,10,10,10,10,10,10,10,10,10
3,3,3,3,3,3,3,3,3,3,3
0,0,0,0,0,0,0,0,0,0,0
5,5,5,5,5,5,5,5,5,5,5
18,15,15,15,15,15,15,15,15,15,15
39,39,39,39,39,39,39,39,39,39,39
67,64,64,64,64,64,64,64,64,64,64
102,102,102,102,102,102,102,102,102,102,102
144,141,141,141,141,141,141,142,142,142,142
192,192,192,192,192,192,192,192,192,192,192
244,242,242,242,242,242,242,242,242,242,242
301,301,301,301,301,301,301,301,301,301,301
361,359,359,359,359,359,359,359,359,359,359
424,424,424,424,424,424,424,424,424,424,424
488,485,485,485,485,485,485,485,485,486,486
552,552,552,552,552,552,552,552,552,552,552
616,613,613,613,613,613,613,613,613,613,614
678,678,678,678,678,678,678,678,678,678,678
737,734,734,734,734,735,735,735,735,735,735
793,793,793,793,793,793,793,793,793,793,793
844,841,842,842,842,842,842,842,842,842,842
891,891,891,891,891,891,891,891,891,891,891
931,928,928,928,928,928,928,928,928,928,928
964,964,964,964,964,964,964,964,964,964,964
991,988,988,988,988,988,988,988,988,988,988
1009,1009,1009,1009,1009,1009,1009,1009,1009,1009,1009
1020,1017,1017,1017,1017,1017,1018,1018,1018,1018,1018
1023,1023,1023,1023,1023,1023,1023,1023,1023,1023,1023
1018,1015,1015,1015,1015,1015,1015,1015,1015,1015,1015
1005,1005,1005,1005,1005,1005,1005,1005,1005,1005,1005
984,981,981,981,981,981,981,981,981,981,981
956,956,956,956,956,956,956,956,956,956,956
921,918,918,918,917,917,917,917,917,917,917
879,879,879,879,879,879,879,879,879,879,879
831,828,828,828,828,828,828,828,828,828,828
779,779,779,779,779,779,779,779,779,779,779
722,719,719,719,719,718,718,718,718,718,718
662,662,662,662,662,662,662,662,662,662,662
599,596,596,596,596,596,596,596,596,595,595
535,535,535,535,535,535,535,535,535,535,535
471,468,468,468,468,468,467,467,467,467,467
407,407,407,407,407,407,407,407,407,407,407
345,342,342,342,342,342,342,342,342,342,342
286,286,286,286,286,286,286,286,286,286,286
230,227,227,227,227,227,227,227,227,227,226
179,179,179,179,179,179,179,179,179,179,179
133,129,129,129,129,129,129,129,129,129,129
92,92,92,92,92,92,92,92,92,92,92
59,56,56,56,56,56,56,56,56,56,56
32,32,32,32,32,32,32,32,32,32,32
14,11,11,11,10,10,10,10,10,10,10
3,3,3,3,3,3,3,3,3,3,3
0,0,0,0,0,0,0,0,0,0,0
5,5,5,5,5,5,5,5,5,5,5
18,15,15,15,15,15,15,15,15,15,15
39,39,39,39,39,39,39,39,39,39,39
67,64,64,64,64,64,64,64,64,64,64
102,102,102,102,102,102,102,102,102,102,102
144,141,141,141,141,141,141,141,141,141,142
192,192,192,192,192,192,192,192,192,192,192
244,241,241,241,242,242,242,242,242,242,242
301,301,301,301,301,301,301,301,301,301,301
361,358,358,358,359,359,359,359,359,359,359
424,424,424,424,424,424,424,424,424,424,424
488,485,485,485,485,485,485,485,485,485,485
552,552,552,552,552,552,552,552,552,552,552
616,613,613,613,613,613,613,613,613,613,613
678,678,678,678,678,678,678,678,678,678,678
737,734,734,734,734,734,734,734,735,735,735
793,793,793,793,793,793,793,793,793,793,793
844,841,841,841,841,842,842,842,842,842,842
890,890,890,890,890,890,890,890,890,890,890
931,928,928,928,928,928,928,928,928,928,928
964,964,964,964,964,964,964,964,964,964,964
991,988,988,988,988,988,988,988,988,988,988
1009,1009,1009,1009,1009,1009,1009,1009,1009,1009,1009
1020,1017,1017,1017,1017,1017,1017,1017,1017,1018,1018
1023,1023,1023,1023,1023,1023,1023,1023,1023,1023,1023
1018,1015,1015,1015,1015,1015,1015,1015,1015,1015,1015
1005,1005,1005,1005,1005,1005,1005,1005,1005,1005,1005
984,981,981,981,981,981,981,981,981,981,981
956,956,956,956,956,956,956,956,956,956,956
921,918,918,918,918,918,918,917,917,917,917
879,879,879,879,879,879,879,879,879,879,879
831,828,828,828,828,828,828,828,828,828,828
779,779,779,779,779,779,779,779,779,779,779
722,719,719,719,719,719,719,719,718,718,718
662,662,662,662,662,662,662,662,662,662,662
599,596,596,596,596,596,596,596,596,596,596
535,535,535,535,535,535,535,535,535,535,535
471,468,468,468,468,468,468,468,468,467,467
407,407,407,407,407,407,407,407,407,407,407
345,342,342,342,342,342,342,342,342,342,342
286,286,286,286,286,286,286,286,286,286,286
230,227,227,227,227,227,227,227,227,227,227
179,179,179,179,179,179,179,179,179,179,179
133,130,130,130,129,129,129,129,129,129,129
92,92,92,92,92,92,92,92,92,92,92
59,56,56,56,56,56,56,56,56,56,56
32,32,32,32,32,32,32,32,32,32,32
14,11,11,11,11,11,11,10,10,10,10
3,3,3,3,3,3,3,3,3,3,3
0,0,0,0,0,0,0,0,0,0,0
5,5,5,5,5,5,5,5,5,5,5
18,15,15,15,15,15,15,15,15,15,15
39,39,39,39,39,39,39,39,39,39,39
67,64,64,64,64,64,64,64,64,64,64
102,102,102,102,102,102,102,102,102,102,102
144,141,141,141,141,141,141,141,141,141,141
192,192,192,192,192,192,192,192,192,192,192
244,241,241,241,241,241,241,242,242,242,242
301,301,301,301,301,301,301,301,301,301,301
361,358,358,358,358,358,358,359,359,359,359
424,424,424,424,424,424,424,424,424,424,424
488,485,485,485,485,485,485,485,485,485,485
552,552,552,552,552,552,552,552,552,552,552
615,613,613,613,613,613,613,613,613,613,613
677,677,677,677,677,677,677,677,677,677,677
737,734,734,734,734,734,734,734,734,734,734
793,793,793,793,793,793,793,793,793,793,793
844,841,841,841,841,841,841,841,842,842,842
890,890,890,890,890,890,890,890,890,890,890
930,928,928,928,928,928,928,928,928,928,928
964,964,964,964,964,964,964,964,964,964,964
990,988,988,988,988,988,988,988,988,988,988
1009,1009,1009,1009,1009,1009,1009,1009,1009,1009,1009
1020,1017,1017,1017,1017,1017,1017,1017,1017,1017,1017
1023,1023,1023,1023,1023,1023,1023,1023,1023,1023,1023
1018,1015,1015,1015,1015,1015,1015,1015,1015,1015,1015
1005,1005,1005,1005,1005,1005,1005,1005,1005,1005,1005
984,981,981,981,981,981,981,981,981,981,981
956,956,956,956,956,956,956,956,956,956,956
921,918,918,918,918,918,918,918,918,918,917
879,879,879,879,879,879,879,879,879,879,879
832,829,828,828,828,828,828,828,828,828,828
779,779,779,779,779,779,779,779,779,779,779
722,719,719,719,719,719,719,719,719,719,719
662,662,662,662,662,662,662,662,662,662,662
599,596,596,596,596,596,596,596,596,596,596
536,536,536,536,536,536,536,536,536,536,536
471,468,468,468,468,468,468,468,468,468,468
408,408,408,408,408,408,408,408,408,408,408
346,343,342,342,342,342,342,342,342,342,342
286,286,286,286,286,286,286,286,286,286,286
230,227,227,227,227,227,227,227,227,227,227
179,179,179,179,179,179,179,179,179,179,179
133,130,130,130,130,130,130,129,129,129,129
93,93,93,93,93,93,93,93,93,93,93
59,56,56,56,56,56,56,56,56,56,56
33,33,33,33,33,33,33,33,33,33,33
14,11,11,11,11,11,11,11,11,11,10
3,3,3,3,3,3,3,3,3,3,3
0,0,0,0,0,0,0,0,0,0,0
5,5,5,5,5,5,5,5,5,5,5
18,15,15,15,15,15,15,15,15,15,15
38,38,38,38,38,38,38,38,38,38,38
67,64,64,64,64,64,64,64,64,64,64
102,102,102,102,102,102,102,102,102,102,102
144,141,141,141,141,141,141,141,141,141,141
191,191,191,191,191,191,191,191,191,191,191
244,241,241,241,241,241,241,241,241,241,242
301,301,301,301,301,301,301,301,301,301,301
361,358,358,358,358,358,358,358,358,358,359
423,423,423,423,423,423,423,423,423,423,423
487,484,484,485,485,485,485,485,485,485,485
552,552,552,552,552,552,552,552,552,552,552
615,612,612,612,613,613,613,613,613,613,613
677,677,677,677,677,677,677,677,677,677,677
737,734,734,734,734,734,734,734,734,734,734
793,793,793,793,793,793,793,793,793,793,793
844,841,841,841,841,841,841,841,841,841,841
890,890,890,890,890,890,890,890,890,890,890
930,927,927,927,928,928,928,928,928,928,928
964,964,964,964,964,964,964,964,964,964,964
990,987,987,987,988,988,988,988,988,988,988
1009,1009,1009,1009,1009,1009,1009,1009,1009,1009,1009
1020,1017,1017,1017,1017,1017,1017,1017,1017,1017,1017
1023,1023,1023,1023,1023,1023,1023,1023,1023,1023,1023
1018,1015,1015,1015,1015,1015,1015,1015,1015,1015,1015
1005,1005,1005,1005,1005,1005,1005,1005,1005,1005,1005
985,982,982,981,981,981,981,981,981,981,981
956,956,956,956,956,956,956,956,956,956,956
921,918,918,918,918,918,918,918,918,918,918
879,879,879,879,879,879,879,879,879,879,879
832,829,829,829,829,828,828,828,828,828,828
779,779,779,779,779,779,779,779,779,779,779
722,719,719,719,719,719,719,719,719,719,719
662,662,662,662,662,662,662,662,662,662,662
600,597,597,596,596,596,596,596,596,596,596
536,536,536,536,536,536,536,536,536,536,536
471,468,468,468,468,468,468,468,468,468,468
408,408,408,408,408,408,408,408,408,408,408
346,343,343,343,343,342,342,342,342,342,342
286,286,286,286,286,286,286,286,286,286,286
231,227,227,227,227,227,227,227,227,227,227
179,179,179,179,179,179,179,179,179,179,179
133,130,130,130,130,130,130,130,130,130,129
93,93,93,93,93,93,93,93,93,93,93
59,56,56,56,56,56,56,56,56,56,56
33,33,33,33,33,33,33,33,33,33,33
14,11,11,11,11,11,11,11,11,11,11
3,3,3,3,3,3,3,3,3,3,3
0,0,0,0,0,0,0,0,0,0,0
5,5,5,5,5,5,5,5,5,5,5
18,15,15,15,15,15,15,15,15,15,15
38,38,38,38,38,38,38,38,38,38,38
67,64,64,64,64,64,64,64,64,64,64
102,102,102,102,102,102,102,102,102,102,102
144,141,141,141,141,141,141,141,141,141,141
191,191,191,191,191,191,191,191,191,191,191
244,241,241,241,241,241,241,241,241,241,241
301,301,301,301,301,301,301,301,301,301,301
361,358,358,358,358,358,358,358,358,358,358
423,423,423,423,423,423,423,423,423,423,423
487,484,484,484,484,484,485,485,485,485,485
551,551,551,551,551,551,551,551,551,551,551
615,612,612,612,612,612,612,613,613,613,613
677,677,677,677,677,677,677,677,677,677,677
737,734,734,734,734,734,734,734,734,734,734
792,792,792,792,792,792,792,792,792,792,792
844,841,841,841,841,841,841,841,841,841,841
890,890,890,890,890,890,890,890,890,890,890
930,927,927,927,927,927,927,928,928,928,928
964,964,964,964,964,964,964,964,964,964,964
990,987,987,987,987,987,987,988,988,988,988
1009,1009,1009,1009,1009,1009,1009,1009,1009,1009,1009
1020,1017,1017,1017,1017,1017,1017,1017,1017,1017,1017
1023,1023,1023,1023,1023,1023,1023,1023,1023,1023,1023
1018,1015,1015,1015,1015,1015,1015,1015,1015,1015,1015
1005,1005,1005,1005,1005,1005,1005,1005,1005,1005,1005
985,982,982,982,982,982,981,981,981,981,981
956,956,956,956,956,956,956,956,956,956,956
921,918,918,918,918,918,918,918,918,918,918
879,879,879,879,879,879,879,879,879,879,879
832,829,829,829,829,829,829,829,828,828,828
779,779,779,779,779,779,779,779,779,779,779
722,719,719,719,719,719,719,719,719,719,719
662,662,662,662,662,662,662,662,662,662,662
600,597,597,597,597,597,596,596,596,596,596
536,536,536,536,536,536,536,536,536,536,536
472,469,469,468,468,468,468,468,468,468,468
408,408,408,408,408,408,408,408,408,408,408
346,343,343,343,343,343,343,343,342,342,342
287,287,287,287,287,287,287,287,287,287,287
231,228,228,228,227,227,227,227,227,227,227
179,179,179,179,179,179,179,179,179,179,179
133,130,130,130,130,130,130,130,130,130,130
93,93,93,93,93,93,93,93,93,93,93
59,56,56,56,56,56,56,56,56,56,56
33,33,33,33,33,33,33,33,33,33,33
14,11,11,11,11,11,11,11,11,11,11
3,3,3,3,3,3,3,3,3,3,3
0,0,0,0,0,0,0,0,0,0,0
5,5,5,5,5,5,5,5,5,5,5
18,15,15,15,15,15,15,15,15,15,15
38,38,38,38,38,38,38,38,38,38,38
67,64,64,64,64,64,64,64,64,64,64
102,102,102,102,102,102,102,102,102,102,102
144,141,141,141,141,141,141,141,141,141,141
191,191,191,191,191,191,191,191,191,191,191
244,241,241,241,241,241,241,241,241,241,241
300,300,300,300,300,300,300,300,300,300,300
361,358,358,358,358,358,358,358,358,358,358
423,423,423,423,423,423,423,423,423,423,423
487,484,484,484,484,484,484,484,484,485,485
551,551,551,551,551,551,551,551,551,551,551
615,612,612,612,612,612,612,612,612,612,613
677,677,677,677,677,677,677,677,677,677,677
736,733,733,734,734,734,734,734,734,734,734
792,792,792,792,792,792,792,792,792,792,792
844,841,841,841,841,841,841,841,841,841,841
890,890,890,890,890,890,890,890,890,890,890
930,927,927,927,927,927,927,927,927,927,928
964,964,964,964,964,964,964,964,964,964,964
990,987,987,987,987,987,987,987,987,987,988
1009,1009,1009,1009,1009,1009,1009,1009,1009,1009,1009
1020,1017,1017,1017,1017,1017,1017,1017,1017,1017,1017
1023,1023,1023,1023,1023,1023,1023,1023,1023,1023,1023
1018,1015,1015,1015,1015,1015,1015,1015,1015,1015,1015
1005,1005,1005,1005,1005,1005,1005,1005,1005,1005,1005
985,982,982,982,982,982,982,982,982,981,981
956,956,956,956,956,956,956,956,956,956,956
921,918,918,918,918,918,918,918,918,918,918
880,880,880,880,880,880,880,880,880,880,880
832,829,829,829,829,829,829,829,829,829,829
779,779,779,779,779,779,779,779,779,779,779
723,720,720,719,719,719,719,719,719,719,719
663,663,663,663,663,663,663,663,663,663,663
600,597,597,597,597,597,597,597,597,596,596
536,536,536,536,536,536,536,536,536,536,536
472,469,469,469,469,469,468,468,468,468,468
408,408,408,408,408,408,408,408,408,408,408
346,343,343,343,343,343,343,343,343,343,343
287,287,287,287,287,287,287,287,287,287,287
231,228,228,228,228,228,228,227,227,227,227
179,179,179,179,179,179,179,179,179,179,179
133,130,130,130,130,130,130,130,130,130,130
93,93,93,93,93,93,93,93,93,93,93
59,56,56,56,56,56,56,56,56,56,56
33,33,33,33,33,33,33,33,33,33,33
14,11,11,11,11,11,11,11,11,11,11
3,3,3,3,3,3,3,3,3,3,3
0,0,0,0,0,0,0,0,0,0,0
5,5,5,5,5,5,5,5,5,5,5
17,15,15,15,15,15,15,15,15,15,15
38,38,38,38,38,38,38,38,38,38,38
66,64,64,64,64,64,64,64,64,64,64
102,102,102,102,102,102,102,102,102,102,102
143,140,140,141,141,141,141,141,141,141,141
191,191,191,191,191,191,191,191,191,191,191
243,241,241,241,241,241,241,241,241,241,241
300,300,300,300,300,300,300,300,300,300,300
360,357,357,358,358,358,358,358,358,358,358
423,423,423,423,423,423,423,423,423,423,423
487,484,484,484,484,484,484,484,484,484,484
551,551,551,551,551,551,551,551,551,551,551
615,612,612,612,612,612,612,612,612,612,612
677,677,677,677,677,677,677,677,677,677,677
736,733,733,733,733,733,734,734,734,734,734
792,792,792,792,792,792,792,792,792,792,792
844,841,841,841,841,841,841,841,841,841,841
890,890,890,890,890,890,890,890,890,890,890
930,927,927,927,927,927,927,927,927,927,927
964,964,964,964,964,964,964,964,964,964,964
990,987,987,987,987,987,987,987,987,987,987
1009,1009,1009,1009,1009,1009,1009,1009,1009,1009,1009
1020,1017,1017,1017,1017,1017,1017,1017,1017,1017,1017
1023,1023,1023,1023,1023,1023,1023,1023,1023,1023,1023
1018,1015,1015,1015,1015,1015,1015,1015,1015,1015,1015
1006,1006,1006,1006,1006,1006,1006,1006,1006,1006,1006
985,982,982,982,982,982,982,982,982,982,982
957,957,957,957,957,957,957,957,957,957,957
921,918,918,918,918,918,918,918,918,918,918
880,880,880,880,880,880,880,880,880,880,880
832,829,829,829,829,829,829,829,829,829,829
780,780,780,780,780,780,780,780,780,780,780
723,720,720,720,720,720,719,719,719,719,719
663,663,663,663,663,663,663,663,663,663,663
600,597,597,597,597,597,597,597,597,597,597
536,536,536,536,536,536,536,536,536,536,536
472,469,469,469,469,469,469,469,469,468,468
408,408,408,408,408,408,408,408,408,408,408
346,343,343,343,343,343,343,343,343,343,343
287,287,287,287,287,287,287,287,287,287,287
231,228,228,228,228,228,228,228,228,228,227
180,180,180,180,180,180,180,180,180,180,180
133,130,130,130,130,130,130,130,130,130,130
93,93,93,93,93,93,93,93,93,93,93
59,56,56,56,56,56,56,56,56,56,56
33,33,33,33,33,33,33,33,33,33,33
14,11,11,11,11,11,11,11,11,11,11
3,3,3,3,3,3,3,3,3,3,3
0,0,0,0,0,0,0,0,0,0,0
5,5,5,5,5,5,5,5,5,5,5
17,14,14,14,15,15,15,15,15,15,15
38,38,38,38,38,38,38,38,38,38,38
66,63,63,63,64,64,64,64,64,64,64
102,102,102,102,102,102,102,102,102,102,102
143,140,140,140,140,140,141,141,141,141,141
191,191,191,191,191,191,191,191,191,191,191
243,240,240,240,241,241,241,241,241,241,241
300,300,300,300,300,300,300,300,300,300,300
360,357,357,357,357,357,358,358,358,358,358
423,423,423,423,423,423,423,423,423,423,423
487,484,484,484,484,484,484,484,484,484,484
551,551,551,551,551,551,551,551,551,551,551
615,612,612,612,612,612,612,612,612,612,612
677,677,677,677,677,677,677,677,677,677,677
736,733,733,733,733,733,733,733,733,734,734
792,792,792,792,792,792,792,792,792,792,792
843,840,840,841,841,841,841,841,841,841,841
890,890,890,890,890,890,890,890,890,890,890
930,927,927,927,927,927,927,927,927,927,927
964,964,964,964,964,964,964,964,964,964,964
990,987,987,987,987,987,987,987,987,987,987
1009,1009,1009,1009,1009,1009,1009,1009,1009,1009,1009
1020,1017,1017,1017,1017,1017,1017,1017,1017,1017,1017
1023,1023,1023,1023,1023,1023,1023,1023,1023,1023,1023
1019,1016,1015,1015,1015,1015,1015,1015,1015,1015,1015
1006,1006,1006,1006,1006,1006,1006,1006,1006,1006,1006
985,982,982,982,982,982,982,982,982,982,982
957,957,957,957,957,957,957,957,957,957,957
921,918,918,918,918,918,918,918,918,918,918
880,880,880,880,880,880,880,880,880,880,880
832,829,829,829,829,829,829,829,829,829,829
780,780,780,780,780,780,780,780,780,780,780
723,720,720,720,720,720,720,720,720,719,719
663,663,663,663,663,663,663,663,663,663,663
600,597,597,597,597,597,597,597,597,597,597
537,537,537,537,537,537,537,537,537,537,537
472,469,469,469,469,469,469,469,469,469,469
409,409,409,409,409,409,409,409,409,409,409
347,343,343,343,343,343,343,343,343,343,343
287,287,287,287,287,287,287,287,287,287,287
231,228,228,228,228,228,228,228,228,228,228
180,180,180,180,180,180,180,180,180,180,180
133,130,130,130,130,130,130,130,130,130,130
93,93,93,93,93,93,93,93,93,93,93
59,56,56,56,56,56,56,56,56,56,56
33,33,33,33,33,33,33,33,33,33,33
14,11,11,11,11,11,11,11,11,11,11
3,3,3,3,3,3,3,3,3,3,3
0,0,0,0,0,0,0,0,0,0,0
4,4,4,4,4,4,4,4,4,4,4
17,14,14,14,14,14,14,15,15,15,15
38,38,38,38,38,38,38,38,38,38,38
66,63,63,63,63,63,63,64,64,64,64
101,101,101,101,101,101,101,101,101,101,101
143,140,140,140,140,140,140,140,140,141,141
191,191,191,191,191,191,191,191,191,191,191
243,240,240,240,240,240,240,241,241,241,241
300,300,300,300,300,300,300,300,300,300,300
360,357,357,357,357,357,357,357,357,358,358
422,422,422,422,422,422,422,422,422,422,422
486,483,484,484,484,484,484,484,484,484,484
551,551,551,551,551,551,551,551,551,551,551
614,611,611,612,612,612,612,612,612,612,612
676,676,676,676,676,676,676,676,676,676,676
736,733,733,733,733,733,733,733,733,733,733
792,792,792,792,792,792,792,792,792,792,792
843,840,840,840,840,840,841,841,841,841,841
889,889,889,889,889,889,889,889,889,889,889
930,927,927,927,927,927,927,927,927,927,927
964,964,964,964,964,964,964,964,964,964,964
990,987,987,987,987,987,987,987,987,987,987
1009,1009,1009,1009,1009,1009,1009,1009,1009,1009,1009
1020,1017,1017,1017,1017,1017,1017,1017,1017,1017,1017
1023,1023,1023,1023,1023,1023,1023,1023,1023,1023,1023
1019,1016,1016,1016,1016,1015,1015,1015,1015,1015,1015
1006,1006,1006,1006,1006,1006,1006,1006,1006,1006,1006
985,982,982,982,982,982,982,982,982,982,982
957,957,957,957,957,957,957,957,957,957,957
922,919,919,918,918,918,918,918,918,918,918
880,880,880,880,880,880,880,880,880,880,880
832,829,829,829,829,829,829,829,829,829,829
780,780,780,780,780,780,780,780,780,780,780
723,720,720,720,720,720,720,720,720,720,720
663,663,663,663,663,663,663,663,663,663,663
601,598,597,597,597,597,597,597,597,597,597
537,537,537,537,537,537,537,537,537,537,537
472,469,469,469,469,469,469,469,469,469,469
409,409,409,409,409,409,409,409,409,409,409
347,344,344,344,343,343,343,343,343,343,343
287,287,287,287,287,287,287,287,287,287,287
231,228,228,228,228,228,228,228,228,228,228
180,180,180,180,180,180,180,180,180,180,180
134,131,130,130,130,130,130,130,130,130,130
93,93,93,93,93,93,93,93,93,93,93
60,57,56,56,56,56,56,56,56,56,56
33,33,33,33,33,33,33,33,33,33,33
14,11,11,11,11,11,11,11,11,11,11
3,3,3,3,3,3,3,3,3,3,3
0,0,0,0,0,0,0,0,0,0,0
4,4,4,4,4,4,4,4,4,4,4
17,14,14,14,14,14,14,14,14,14,15
38,38,38,38,38,38,38,38,38,38,38
66,63,63,63,63,63,63,63,63,63,63
101,101,101,101,101,101,101,101,101,101,101
143,140,140,140,140,140,140,140,140,140,140
190,190,190,190,190,190,190,190,190,190,190
243,240,240,240,240,240,240,240,240,240,241
300,300,300,300,300,300,300,300,300,300,300
360,357,357,357,357,357,357,357,357,357,357
422,422,422,422,422,422,422,422,422,422,422
486,483,483,483,483,484,484,484,484,484,484
550,550,550,550,550,550,550,550,550,550,550
614,611,611,611,611,611,612,612,612,612,612
676,676,676,676,676,676,676,676,676,676,676
736,733,733,733,733,733,733,733,733,733,733
792,792,792,792,792,792,792,792,792,792,792
843,840,840,840,840,840,840,840,840,841,841
889,889,889,889,889,889,889,889,889,889,889
930,927,927,927,927,927,927,927,927,927,927
963,963,963,963,963,963,963,963,963,963,963
990,987,987,987,987,987,987,987,987,987,987
1009,1009,1009,1009,1009,1009,1009,1009,1009,1009,1009
1020,1017,1017,1017,1017,1017,1017,1017,1017,1017,1017
1023,1023,1023,1023,1023,1023,1023,1023,1023,1023,1023
1019,1016,1016,1016,1016,1016,1016,1016,1015,1015,1015
1006,1006,1006,1006,1006,1006,1006,1006,1006,1006,1006
985,982,982,982,982,982,982,982,982,982,982
957,957,957,957,957,957,957,957,957,957,957
922,919,919,919,919,919,918,918,918,918,918
880,880,880,880,880,880,880,880,880,880,880
833,830,830,829,829,829,829,829,829,829,829
780,780,780,780,780,780,780,780,780,780,780
723,720,720,720,720,720,720,720,720,720,720
663,663,663,663,663,663,663,663,663,663,663
601,598,598,598,598,597,597,597,597,597,597
537,537,537,537,537,537,537,537,537,537,537
473,470,470,469,469,469,469,469,469,469,469
409,409,409,409,409,409,409,409,409,409,409
347,344,344,344,344,344,344,343,343,343,343
287,287,287,287,287,287,287,287,287,287,287
232,228,228,228,228,228,228,228,228,228,228
180,180,180,180,180,180,180,180,180,180,180
134,131,131,131,131,130,130,130,130,130,130
93,93,93,93,93,93,93,93,93,93,93
60,57,57,57,57,56,56,56,56,56,56
33,33,33,33,33,33,33,33,33,33,33
14,11,11,11,11,11,11,11,11,11,11
3,3,3,3,3,3,3,3,3,3,3
0,0,0,0,0,0,0,0,0,0,0
4,4,4,4,4,4,4,4,4,4,4
17,14,14,14,14,14,14,14,14,14,14
38,38,38,38,38,38,38,38,38,38,38
66,63,63,63,63,63,63,63,63,63,63
101,101,101,101,101,101,101,101,101,101,101
143,140,140,140,140,140,140,140,140,140,140
190,190,190,190,190,190,190,190,190,190,190
243,240,240,240,240,240,240,240,240,240,240
300,300,300,300,300,300,300,300,300,300,300
360,357,357,357,357,357,357,357,357,357,357
422,422,422,422,422,422,422,422,422,422,422
486,483,483,483,483,483,483,483,483,484,484
550,550,550,550,550,550,550,550,550,550,550
614,611,611,611,611,611,611,611,611,612,612
676,676,676,676,676,676,676,676,676,676,676
735,733,733,733,733,733,733,733,733,733,733
791,791,791,791,791,791,791,791,791,791,791
843,840,840,840,840,840,840,840,840,840,840
889,889,889,889,889,889,889,889,889,889,889
930,927,927,927,927,927,927,927,927,927,927
963,963,963,963,963,963,963,963,963,963,963
990,987,987,987,987,987,987,987,987,987,987
1009,1009,1009,1009,1009,1009,1009,1009,1009,1009,1009
1020,1017,1017,1017,1017,1017,1017,1017,1017,1017,1017
1023,1023,1023,1023,1023,1023,1023,1023,1023,1023,1023
1019,1016,1016,1016,1016,1016,1016,1016,1016,1016,1016
1006,1006,1006,1006,1006,1006,1006,1006,1006,1006,1006
985,982,982,982,982,982,982,982,982,982,982
957,957,957,957,957,957,957,957,957,957,957
922,919,919,919,919,919,919,919,919,918,918
880,880,880,880,880,880,880,880,880,880,880
833,830,830,830,830,830,829,829,829,829,829
780,780,780,780,780,780,780,780,780,780,780
724,720,720,720,720,720,720,720,720,720,720
663,663,663,663,663,663,663,663,663,663,663
601,598,598,598,598,598,598,598,597,597,597
537,537,537,537,537,537,537,537,537,537,537
473,470,470,470,470,470,469,469,469,469,469
409,409,409,409,409,409,409,409,409,409,409
347,344,344,344,344,344,344,344,344,344,343
288,288,288,288,288,288,288,288,288,288,288
232,229,229,229,228,228,228,228,228,228,228
180,180,180,180,180,180,180,180,180,180,180
134,131,131,131,131,131,131,131,130,130,130
93,93,93,93,93,93,93,93,93,93,93
60,57,57,57,57,57,57,57,56,56,56
33,33,33,33,33,33,33,33,33,33,33
14,11,11,11,11,11,11,11,11,11,11
3,3,3,3,3,3,3,3,3,3,3
0,0,0,0,0,0,0,0,0,0,0
4,4,4,4,4,4,4,4,4,4,4
17,14,14,14,14,14,14,14,14,14,14
38,38,38,38,38,38,38,38,38,38,38
66,63,63,63,63,63,63,63,63,63,63
101,101,101,101,101,101,101,101,101,101,101
143,140,140,140,140,140,140,140,140,140,140
190,190,190,190,190,190,190,190,190,190,190
243,240,240,240,240,240,240,240,240,240,240
299,299,299,299,299,299,299,299,299,299,299
359,356,357,357,357,357,357,357,357,357,357
422,422,422,422,422,422,422,422,422,422,422
486,483,483,483,483,483,483,483,483,483,483
550,550,550,550,550,550,550,550,550,550,550
614,611,611,611,611,611,611,611,611,611,611
676,676,676,676,676,676,676,676,676,676,676
735,732,732,732,733,733,733,733,733,733,733
791,791,791,791,791,791,791,791,791,791,791
843,840,840,840,840,840,840,840,840,840,840
889,889,889,889,889,889,889,889,889,889,889
929,926,927,927,927,927,927,927,927,927,927
963,963,963,963,963,963,963,963,963,963,963
990,987,987,987,987,987,987,987,987,987,987
1009,1009,1009,1009,1009,1009,1009,1009,1009,1009,1009
1020,1017,1017,1017,1017,1017,1017,1017,1017,1017,1017
1023,1023,1023,1023,1023,1023,1023,1023,1023,1023,1023
1019,1016,1016,1016,1016,1016,1016,1016,1016,1016,1016
1006,1006,1006,1006,1006,1006,1006,1006,1006,1006,1006
985,982,982,982,982,982,982,982,982,982,982
957,957,957,957,957,957,957,957,957,957,957
922,919,919,919,919,919,919,919,919,919,919
880,880,880,880,880,880,880,880,880,880,880
833,830,830,830,830,830,830,830,830,829,829
780,780,780,780,780,780,780,780,780,780,780
724,721,721,721,720,720,720,720,720,720,720
664,664,664,664,664,664,664,664,664,664,664
601,598,598,598,598,598,598,598,598,598,598
537,537,537,537,537,537,537,537,537,537,537
473,470,470,470,470,470,470,470,470,469,469
409,409,409,409,409,409,409,409,409,409,409
347,344,344,344,344,344,344,344,344,344,344
288,288,288,288,288,288,288,288,288,288,288
232,229,229,229,229,229,229,228,228,228,228
180,180,180,180,180,180,180,180,180,180,180
134,131,131,131,131,131,131,131,131,131,131
94,94,94,94,94,94,94,94,94,94,94
60,57,57,57,57,57,57,57,57,57,57
33,33,33,33,33,33,33,33,33,33,33
14,11,11,11,11,11,11,11,11,11,11
3,3,3,3,3,3,3,3,3,3,3
0,0,0,0,0,0,0,0,0,0,0
4,4,4,4,4,4,4,4,4,4,4
17,14,14,14,14,14,14,14,14,14,14
38,38,38,38,38,38,38,38,38,38,38
66,63,63,63,63,63,63,63,63,63,63
101,101,101,101,101,101,101,101,101,101,101
143,140,140,140,140,140,140,140,140,140,140
190,190,190,190,190,190,190,190,190,190,190
242,240,240,240,240,240,240,240,240,240,240
299,299,299,299,299,299,299,299,299,299,299
359,356,356,356,356,357,357,357,357,357,357
422,422,422,422,422,422,422,422,422,422,422
486,483,483,483,483,483,483,483,483,483,483
550,550,550,550,550,550,550,550,550,550,550
614,611,611,611,611,611,611,611,611,611,611
676,676,676,676,676,676,676,676,676,676,676
735,732,732,732,732,732,732,733,733,733,733
791,791,791,791,791,791,791,791,791,791,791
843,840,840,840,840,840,840,840,840,840,840
889,889,889,889,889,889,889,889,889,889,889
929,926,926,926,926,927,927,927,927,927,927
963,963,963,963,963,963,963,963,963,963,963
990,987,987,987,987,987,987,987,987,987,987
1009,1009,1009,1009,1009,1009,1009,1009,1009,1009,1009
1020,1017,1017,1017,1017,1017,1017,1017,1017,1017,1017
1023,1023,1023,1023,1023,1023,1023,1023,1023,1023,1023
1019,1016,1016,1016,1016,1016,1016,1016,1016,1016,1016
1006,1006,1006,1006,1006,1006,1006,1006,1006,1006,1006
985,982,982,982,982,982,982,982,982,982,982
957,957,957,957,957,957,957,957,957,957,957
922,919,919,919,919,919,919,919,919,919,919
880,880,880,880,880,880,880,880,880,880,880
833,830,830,830,830,830,830,830,830,830,830
781,781,781,781,781,781,781,781,781,781,781
724,721,721,721,721,721,721,720,720,720,720
664,664,664,664,664,664,664,664,664,664,664
601,598,598,598,598,598,598,598,598,598,598
538,538,538,538,538,538,538,538,538,538,538
473,470,470,470,470,470,470,470,470,470,470
410,410,410,410,410,410,410,410,410,410,410
347,344,344,344,344,344,344,344,344,344,344
288,288,288,288,288,288,288,288,288,288,288
232,229,229,229,229,229,229,229,229,229,228
180,180,180,180,180,180,180,180,180,180,180
134,131,131,131,131,131,131,131,131,131,131
94,94,94,94,94,94,94,94,94,94,94
60,57,57,57,57,57,57,57,57,57,57
33,33,33,33,33,33,33,33,33,33,33
14,11,11,11,11,11,11,11,11,11,11
3,3,3,3,3,3,3,3,3,3,3
0,0,0,0,0,0,0,0,0,0,0
4,4,4,4,4,4,4,4,4,4,4
17,14,14,14,14,14,14,14,14,14,14
38,38,38,38,38,38,38,38,38,38,38
66,63,63,63,63,63,63,63,63,63,63
101,101,101,101,101,101,101,101,101,101,101
142,140,140,140,140,140,140,140,140,140,140
190,190,190,190,190,190,190,190,190,190,190
242,239,239,239,240,240,240,240,240,240,240
299,299,299,299,299,299,299,299,299,299,299
359,356,356,356,356,356,356,356,357,357,357
422,422,422,422,422,422,422,422,422,422,422
485,482,483,483,483,483,483,483,483,483,483
550,550,550,550,550,550,550,550,550,550,550
613,610,610,611,611,611,611,611,611,611,611
675,675,675,675,675,675,675,675,675,675,675
735,732,732,732,732,732,732,732,732,732,733
791,791,791,791,791,791,791,791,791,791,791
842,840,840,840,840,840,840,840,840,840,840
889,889,889,889,889,889,889,889,889,889,889
929,926,926,926,926,926,926,926,927,927,927
963,963,963,963,963,963,963,963,963,963,963
990,987,987,987,987,987,987,987,987,987,987
1009,1009,1009,1009,1009,1009,1009,1009,1009,1009,1009
1020,1017,1017,1017,1017,1017,1017,1017,1017,1017,1017
1023,1023,1023,1023,1023,1023,1023,1023,1023,1023,1023
1019,1016,1016,1016,1016,1016,1016,1016,1016,1016,1016
1006,1006,1006,1006,1006,1006,1006,1006,1006,1006,1006
985,982,982,982,982,982,982,982,982,982,982
957,957,957,957,957,957,957,957,957,957,957
922,919,919,919,919,919,919,919,919,919,919
881,881,881,881,881,881,881,881,881,881,881
833,830,830,830,830,830,830,830,830,830,830
781,781,781,781,781,781,781,781,781,781,781
724,721,721,721,721,721,721,721,721,721,720
664,664,664,664,664,664,664,664,664,664,664
602,599,598,598,598,598,598,598,598,598,598
538,538,538,538,538,538,538,538,538,538,538
473,470,470,470,470,470,470,470,470,470,470
410,410,410,410,410,410,410,410,410,410,410
348,345,345,344,344,344,344,344,344,344,344
288,288,288,288,288,288,288,288,288,288,288
232,229,229,229,229,229,229,229,229,229,229
181,181,181,181,181,181,181,181,181,181,181
134,131,131,131,131,131,131,131,131,131,131
94,94,94,94,94,94,94,94,94,94,94
60,57,57,57,57,57,57,57,57,57,57
33,33,33,33,33,33,33,33,33,33,33
14,11,11,11,11,11,11,11,11,11,11
3,3,3,3,3,3,3,3,3,3,3
0,0,0,0,0,0,0,0,0,0,0
4,4,4,4,4,4,4,4,4,4,4
17,14,14,14,14,14,14,14,14,14,14
38,38,38,38,38,38,38,38,38,38,38
66,63,63,63,63,63,63,63,63,63,63
101,101,101,101,101,101,101,101,101,101,101
142,139,139,139,139,140,140,140,140,140,140
190,190,190,190,190,190,190,190,190,190,190
242,239,239,239,239,239,239,240,240,240,240
299,299,299,299,299,299,299,299,299,299,299
359,356,356,356,356,356,356,356,356,356,356
421,421,421,421,421,421,421,421,421,421,421
485,482,482,482,482,483,483,483,483,483,483
549,549,549,549,549,549,549,549,549,549,549
613,610,610,610,610,610,611,611,611,611,611
675,675,675,675,675,675,675,675,675,675,675
735,732,732,732,732,732,732,732,732,732,732
791,791,791,791,791,791,791,791,791,791,791
842,839,839,839,840,840,840,840,840,840,840
889,889,889,889,889,889,889,889,889,889,889
929,926,926,926,926,926,926,926,926,926,926
963,963,963,963,963,963,963,963,963,963,963
990,987,987,987,987,987,987,987,987,987,987
1009,1009,1009,1009,1009,1009,1009,1009,1009,1009,1009
1020,1017,1017,1017,1017,1017,1017,1017,1017,1017,1017
1023,1023,1023,1023,1023,1023,1023,1023,1023,1023,1023
1019,1016,1016,1016,1016,1016,1016,1016,1016,1016,1016
1006,1006,1006,1006,1006,1006,1006,1006,1006,1006,1006
985,982,982,982,982,982,982,982,982,982,982
957,957,957,957,957,957,957,957,957,957,957
922,919,919,919,919,919,919,919,919,919,919
881,881,881,881,881,881,881,881,881,881,881
833,830,830,830,830,830,830,830,830,830,830
781,781,781,781,781,781,781,781,781,781,781
724,721,721,721,721,721,721,721,721,721,721
664,664,664,664,664,664,664,664,664,664,664
602,599,599,599,599,598,598,598,598,598,598
538,538,538,538,538,538,538,538,538,538,538
474,471,470,470,470,470,470,470,470,470,470
410,410,410,410,410,410,410,410,410,410,410
348,345,345,345,345,345,344,344,344,344,344
288,288,288,288,288,288,288,288,288,288,288
232,229,229,229,229,229,229,229,229,229,229
181,181,181,181,181,181,181,181,181,181,181
134,131,131,131,131,131,131,131,131,131,131
94,94,94,94,94,94,94,94,94,94,94
60,57,57,57,57,57,57,57,57,57,57
33,33,33,33,33,33,33,33,33,33,33
14,11,11,11,11,11,11,11,11,11,11
3,3,3,3,3,3,3,3,3,3,3
0,0,0,0,0,0,0,0,0,0,0
4,4,4,4,4,4,4,4,4,4,4
17,14,14,14,14,14,14,14,14,14,14
38,38,38,38,38,38,38,38,38,38,38
66,63,63,63,63,63,63,63,63,63,63
101,101,101,101,101,101,101,101,101,101,101
142,139,139,139,139,139,139,139,140,140,140
190,190,190,190,190,190,190,190,190,190,190
242,239,239,239,239,239,239,239,239,239,240
299,299,299,299,299,299,299,299,299,299,299
359,356,356,356,356,356,356,356,356,356,356
421,421,421,421,421,421,421,421,421,421,421
485,482,482,482,482,482,482,482,483,483,483
549,549,549,549,549,549,549,549,549,549,549
613,610,610,610,610,610,610,610,610,611,611
675,675,675,675,675,675,675,675,675,675,675
735,732,732,732,732,732,732,732,732,732,732
791,791,791,791,791,791,791,791,791,791,791
842,839,839,839,839,839,839,840,840,840,840
889,889,889,889,889,889,889,889,889,889,889
929,926,926,926,926,926,926,926,926,926,926
963,963,963,963,963,963,963,963,963,963,963
990,987,987,987,987,987,987,987,987,987,987
1009,1009,1009,1009,1009,1009,1009,1009,1009,1009,1009
1020,1017,1017,1017,1017,1017,1017,1017,1017,1017,1017
1023,1023,1023,1023,1023,1023,1023,1023,1023,1023,1023
1019,1016,1016,1016,1016,1016,1016,1016,1016,1016,1016
1006,1006,1006,1006,1006,1006,1006,1006,1006,1006,1006
985,982,982,982,982,982,982,982,982,982,982
957,957,957,957,957,957,957,957,957,957,957
922,919,919,919,919,919,919,919,919,919,919
881,881,881,881,881,881,881,881,881,881,881
834,830,830,830,830,830,830,830,830,830,830
781,781,781,781,781,781,781,781,781,781,781
724,721,721,721,721,721,721,721,721,721,721
664,664,664,664,664,664,664,664,664,664,664
602,599,599,599,599,599,599,599,598,598,598
538,538,538,538,538,538,538,538,538,538,538
474,471,471,471,471,470,470,470,470,470,470
410,410,410,410,410,410,410,410,410,410,410
348,345,345,345,345,345,345,345,345,344,344
288,288,288,288,288,288,288,288,288,288,288
232,229,229,229,229,229,229,229,229,229,229
181,181,181,181,181,181,181,181,181,181,181
134,131,131,131,131,131,131,131,131,131,131
94,94,94,94,94,94,94,94,94,94,94
60,57,57,57,57,57,57,57,57,57,57
33,33,33,33,33,33,33,33,33,33,33
14,11,11,11,11,11,11,11,11,11,11
3,3,3,3,3,3,3,3,3,3,3
0,0,0,0,0,0,0,0,0,0,0
4,4,4,4,4,4,4,4,4,4,4
17,14,14,14,14,14,14,14,14,14,14
38,38,38,38,38,38,38,38,38,38,38
66,63,63,63,63,63,63,63,63,63,63
101,101,101,101,101,101,101,101,101,101,101
142,139,139,139,139,139,139,139,139,139,139
189,189,189,189,189,189,189,189,189,189,189
242,239,239,239,239,239,239,239,239,239,239
298,298,298,298,298,298,298,298,298,298,298
358,356,356,356,356,356,356,356,356,356,356
421,421,421,421,421,421,421,421,421,421,421
485,482,482,482,482,482,482,482,482,482,482
549,549,549,549,549,549,549,549,549,549,549
613,610,610,610,610,610,610,610,610,610,610
675,675,675,675,675,675,675,675,675,675,675
734,731,732,732,732,732,732,732,732,732,732
790,790,790,790,790,790,790,790,790,790,790
842,839,839,839,839,839,839,839,839,839,840
888,888,888,888,888,888,888,888,888,888,888
929,926,926,926,926,926,926,926,926,926,926
963,963,963,963,963,963,963,963,963,963,963
990,987,987,987,987,987,987,987,987,987,987
1009,1009,1009,1009,1009,1009,1009,1009,1009,1009,1009
1020,1017,1017,1017,1017,1017,1017,1017,1017,1017,1017
1023,1023,1023,1023,1023,1023,1023,1023,1023,1023,1023
1019,1016,1016,1016,1016,1016,1016,1016,1016,1016,1016
1006,1006,1006,1006,1006,1006,1006,1006,1006,1006,1006
986,983,982,982,982,982,982,982,982,982,982
958,958,958,958,958,958,958,958,958,958,958
923,919,919,919,919,919,919,919,919,919,919
881,881,881,881,881,881,881,881,881,881,881
834,831,831,831,830,830,830,830,830,830,830
781,781,781,781,781,781,781,781,781,781,781
725,722,722,721,721,721,721,721,721,721,721
665,665,665,665,665,665,665,665,665,665,665
602,599,599,599,599,599,599,599,599,599,599
538,538,538,538,538,538,538,538,538,538,538
474,471,471,471,471,471,471,471,470,470,470
410,410,410,410,410,410,410,410,410,410,410
348,345,345,345,345,345,345,345,345,345,345
289,289,289,289,289,289,289,289,289,289,289
233,230,230,229,229,229,229,229,229,229,229
181,181,181,181,181,181,181,181,181,181,181
135,132,132,132,131,131,131,131,131,131,131
94,94,94,94,94,94,94,94,94,94,94
60,57,57,57,57,57,57,57,57,57,57
34,34,34,34,34,34,34,34,34,34,34
14,11,11,11,11,11,11,11,11,11,11
3,3,3,3,3,3,3,3,3,3,3
0,0,0,0,0,0,0,0,0,0,0
4,4,4,4,4,4,4,4,4,4,4
17,14,14,14,14,14,14,14,14,14,14
37,37,37,37,37,37,37,37,37,37,37
65,62,62,63,63,63,63,63,63,63,63
100,100,100,100,100,100,100,100,100,100,100
142,139,139,139,139,139,139,139,139,139,139
189,189,189,189,189,189,189,189,189,189,189
242,239,239,239,239,239,239,239,239,239,239
298,298,298,298,298,298,298,298,298,298,298
358,355,355,355,356,356,356,356,356,356,356
421,421,421,421,421,421,421,421,421,421,421
485,482,482,482,482,482,482,482,482,482,482
549,549,549,549,549,549,549,549,549,549,549
613,610,610,610,610,610,610,610,610,610,610
675,675,675,675,675,675,675,675,675,675,675
734,731,731,731,731,732,732,732,732,732,732
790,790,790,790,790,790,790,790,790,790,790
842,839,839,839,839,839,839,839,839,839,839
888,888,888,888,888,888,888,888,888,888,888
929,926,926,926,926,926,926,926,926,926,926
963,963,963,963,963,963,963,963,963,963,963
989,986,986,987,987,987,987,987,987,987,987
1009,1009,1009,1009,1009,1009,1009,1009,1009,1009,1009
1020,1017,1017,1017,1017,1017,1017,1017,1017,1017,1017
1023,1023,1023,1023,1023,1023,1023,1023,1023,1023,1023
1019,1016,1016,1016,1016,1016,1016,1016,1016,1016,1016
1006,1006,1006,1006,1006,1006,1006,1006,1006,1006,1006
986,983,983,983,983,982,982,982,982,982,982
958,958,958,958,958,958,958,958,958,958,958
923,920,920,920,919,919,919,919,919,919,919
881,881,881,881,881,881,881,881,881,881,881
834,831,831,831,831,831,831,830,830,830,830
781,781,781,781,781,781,781,781,781,781,781
725,722,722,722,722,722,721,721,721,721,721
665,665,665,665,665,665,665,665,665,665,665
602,599,599,599,599,599,599,599,599,599,599
538,538,538,538,538,538,538,538,538,538,538
474,471,471,471,471,471,471,471,471,471,471
410,410,410,410,410,410,410,410,410,410,410
348,345,345,345,345,345,345,345,345,345,345
289,289,289,289,289,289,289,289,289,289,289
233,230,230,230,230,230,229,229,229,229,229
181,181,181,181,181,181,181,181,181,181,181
135,132,132,132,132,132,132,131,131,131,131
94,94,94,94,94,94,94,94,94,94,94
60,57,57,57,57,57,57,57,57,57,57
34,34,34,34,34,34,34,34,34,34,34
14,11,11,11,11,11,11,11,11,11,11
3,3,3,3,3,3,3,3,3,3,3
0,0,0,0,0,0,0,0,0,0,0
4,4,4,4,4,4,4,4,4,4,4
17,14,14,14,14,14,14,14,14,14,14
37,37,37,37,37,37,37,37,37,37,37
65,62,62,62,62,62,63,63,63,63,63
100,100,100,100,100,100,100,100,100,100,100
142,139,139,139,139,139,139,139,139,139,139
189,189,189,189,189,189,189,189,189,189,189
241,239,239,239,239,239,239,239,239,239,239
298,298,298,298,298,298,298,298,298,298,298
358,355,355,355,355,355,355,356,356,356,356
421,421,421,421,421,421,421,421,421,421,421
484,481,482,482,482,482,482,482,482,482,482
549,549,549,549,549,549,549,549,549,549,549
612,609,610,610,610,610,610,610,610,610,610
675,675,675,675,675,675,675,675,675,675,675
734,731,731,731,731,731,731,731,732,732,732
790,790,790,790,790,790,790,790,790,790,790
842,839,839,839,839,839,839,839,839,839,839
888,888,888,888,888,888,888,888,888,888,888
929,926,926,926,926,926,926,926,926,926,926
963,963,963,963,963,963,963,963,963,963,963
989,986,986,986,986,986,987,987,987,987,987
1009,1009,1009,1009,1009,1009,1009,1009,1009,1009,1009
1020,1017,1017,1017,1017,1017,1017,1017,1017,1017,1017
1023,1023,1023,1023,1023,1023,1023,1023,1023,1023,1023
1019,1016,1016,1016,1016,1016,1016,1016,1016,1016,1016
1006,1006,1006,1006,1006,1006,1006,1006,1006,1006,1006
986,983,983,983,983,983,983,983,982,982,982
958,958,958,958,958,958,958,958,958,958,958
923,920,920,920,920,920,920,919,919,919,919
881,881,881,881,881,881,881,881,881,881,881
834,831,831,831,831,831,831,831,831,831,830
782,782,782,782,782,782,782,782,782,782,782
725,722,722,722,722,722,722,722,722,721,721
665,665,665,665,665,665,665,665,665,665,665
603,599,599,599,599,599,599,599,599,599,599
539,539,539,539,539,539,539,539,539,539,539
474,471,471,471,471,471,471,471,471,471,471
411,411,411,411,411,411,411,411,411,411,411
349,346,345,345,345,345,345,345,345,345,345
289,289,289,289,289,289,289,289,289,289,289
233,230,230,230,230,230,230,230,230,229,229
181,181,181,181,181,181,181,181,181,181,181
135,132,132,132,132,132,132,132,132,132,131
94,94,94,94,94,94,94,94,94,94,94
60,57,57,57,57,57,57,57,57,57,57
34,34,34,34,34,34,34,34,34,34,34
14,11,11,11,11,11,11,11,11,11,11
3,3,3,3,3,3,3,3,3,3,3
0,0,0,0,0,0,0,0,0,0,0
4,4,4,4,4,4,4,4,4,4,4
17,14,14,14,14,14,14,14,14,14,14
37,37,37,37,37,37,37,37,37,37,37
65,62,62,62,62,62,62,62,62,63,63
100,100,100,100,100,100,100,100,100,100,100
142,139,139,139,139,139,139,139,139,139,139
189,189,189,189,189,189,189,189,189,189,189
241,238,238,238,239,239,239,239,239,239,239
298,298,298,298,298,298,298,298,298,298,298
358,355,355,355,355,355,355,355,355,355,356
420,420,420,420,420,420,420,420,420,420,420
484,481,481,481,481,482,482,482,482,482,482
549,549,549,549,549,549,549,549,549,549,549
612,609,609,609,609,610,610,610,610,610,610
674,674,674,674,674,674,674,674,674,674,674
734,731,731,731,731,731,731,731,731,731,731
790,790,790,790,790,790,790,790,790,790,790
842,839,839,839,839,839,839,839,839,839,839
888,888,888,888,888,888,888,888,888,888,888
929,926,926,926,926,926,926,926,926,926,926
962,962,962,962,962,962,962,962,962,962,962
989,986,986,986,986,986,986,986,986,987,987
1009,1009,1009,1009,1009,1009,1009,1009,1009,1009,1009
1020,1017,1017,1017,1017,1017,1017,1017,1017,1017,1017
1023,1023,1023,1023,1023,1023,1023,1023,1023,1023,1023
1019,1016,1016,1016,1016,1016,1016,1016,1016,1016,1016
1006,1006,1006,1006,1006,1006,1006,1006,1006,1006,1006
986,983,983,983,983,983,983,983,983,983,983
958,958,958,958,958,958,958,958,958,958,958
923,920,920,920,920,920,920,920,920,920,919
881,881,881,881,881,881,881,881,881,881,881
834,831,831,831,831,831,831,831,831,831,831
782,782,782,782,782,782,782,782,782,782,782
725,722,722,722,722,722,722,722,722,722,722
665,665,665,665,665,665,665,665,665,665,665
603,600,600,600,599,599,599,599,599,599,599
539,539,539,539,539,539,539,539,539,539,539
475,472,471,471,471,471,471,471,471,471,471
411,411,411,411,411,411,411,411,411,411,411
349,346,346,346,346,345,345,345,345,345,345
289,289,289,289,289,289,289,289,289,289,289
233,230,230,230,230,230,230,230,230,230,230
181,181,181,181,181,181,181,181,181,181,181
135,132,132,132,132,132,132,132,132,132,132
95,95,95,95,95,95,95,95,95,95,95
61,58,58,57,57,57,57,57,57,57,57
34,34,34,34,34,34,34,34,34,34,34
14,11,11,11,11,11,11,11,11,11,11
3,3,3,3,3,3,3,3,3,3,3
0,0,0,0,0,0,0,0,0,0,0
4,4,4,4,4,4,4,4,4,4,4
17,14,14,14,14,14,14,14,14,14,14
37,37,37,37,37,37,37,37,37,37,37
65,62,62,62,62,62,62,62,62,62,62
100,100,100,100,100,100,100,100,100,100,100
142,139,139,139,139,139,139,139,139,139,139
189,189,189,189,189,189,189,189,189,189,189
241,238,238,238,238,238,238,239,239,239,239
298,298,298,298,298,298,298,298,298,298,298
358,355,355,355,355,355,355,355,355,355,355
420,420,420,420,420,420,420,420,420,420,420
484,481,481,481,481,481,481,481,482,482,482
548,548,548,548,548,548,548,548,548,548,548
612,609,609,609,609,609,609,609,610,610,610
674,674,674,674,674,674,674,674,674,674,674
734,731,731,731,731,731,731,731,731,731,731
790,790,790,790,790,790,790,790,790,790,790
841,838,839,839,839,839,839,839,839,839,839
888,888,888,888,888,888,888,888,888,888,888
928,925,926,926,926,926,926,926,926,926,926
962,962,962,962,962,962,962,962,962,962,962
989,986,986,986,986,986,986,986,986,986,986
1009,1009,1009,1009,1009,1009,1009,1009,1009,1009,1009
1020,1017,1017,1017,1017,1017,1017,1017,1017,1017,1017
1023,1023,1023,1023,1023,1023,1023,1023,1023,1023,1023
1019,1016,1016,1016,1016,1016,1016,1016,1016,1016,1016
1006,1006,1006,1006,1006,1006,1006,1006,1006,1006,1006
986,983,983,983,983,983,983,983,983,983,983
958,958,958,958,958,958,958,958,958,958,958
923,920,920,920,920,920,920,920,920,920,920
882,882,882,882,882,882,882,882,882,882,882
834,831,831,831,831,831,831,831,831,831,831
782,782,782,782,782,782,782,782,782,782,782
725,722,722,722,722,722,722,722,722,722,722
665,665,665,665,665,665,665,665,665,665,665
603,600,600,600,600,600,600,599,599,599,599
539,539,539,539,539,539,539,539,539,539,539
475,472,472,472,472,471,471,471,471,471,471
411,411,411,411,411,411,411,411,411,411,411
349,346,346,346,346,346,346,346,345,345,345
289,289,289,289,289,289,289,289,289,289,289
233,230,230,230,230,230,230,230,230,230,230
182,182,182,182,182,182,182,182,182,182,182
135,132,132,132,132,132,132,132,132,132,132
95,95,95,95,95,95,95,95,95,95,95
61,58,58,58,58,58,57,57,57,57,57
34,34,34,34,34,34,34,34,34,34,34
14,11,11,11,11,11,11,11,11,11,11
3,3,3,3,3,3,3,3,3,3,3
0,0,0,0,0,0,0,0,0,0,0
4,4,4,4,4,4,4,4,4,4,4
17,14,14,14,14,14,14,14,14,14,14
37,37,37,37,37,37,37,37,37,37,37
65,62,62,62,62,62,62,62,62,62,62
100,100,100,100,100,100,100,100,100,100,100
141,138,138,139,139,139,139,139,139,139,139
189,189,189,189,189,189,189,189,189,189,189
241,238,238,238,238,238,238,238,238,238,239
298,298,298,298,298,298,298,298,298,298,298
358,355,355,355,355,355,355,355,355,355,355
420,420,420,420,420,420,420,420,420,420,420
484,481,481,481,481,481,481,481,481,481,481
548,548,548,548,548,548,548,548,548,548,548
612,609,609,609,609,609,609,609,609,609,609
674,674,674,674,674,674,674,674,674,674,674
734,731,731,731,731,731,731,731,731,731,731
790,790,790,790,790,790,790,790,790,790,790
841,838,838,838,838,839,839,839,839,839,839
888,888,888,888,888,888,888,888,888,888,888
928,925,925,925,925,926,926,926,926,926,926
962,962,962,962,962,962,962,962,962,962,962
989,986,986,986,986,986,986,986,986,986,986
1009,1009,1009,1009,1009,1009,1009,1009,1009,1009,1009
1020,1017,1017,1017,1017,1017,1017,1017,1017,1017,1017
1023,1023,1023,1023,1023,1023,1023,1023,1023,1023,1023
1019,1016,1016,1016,1016,1016,1016,1016,1016,1016,1016
1006,1006,1006,1006,1006,1006,1006,1006,1006,1006,1006
986,983,983,983,983,983,983,983,983,983,983
958,958,958,958,958,958,958,958,958,958,958
923,920,920,920,920,920,920,920,920,920,920
882,882,882,882,882,882,882,882,882,882,882
834,831,831,831,831,831,831,831,831,831,831
782,782,782,782,782,782,782,782,782,782,782
726,722,722,722,722,722,722,722,722,722,722
666,666,666,666,666,666,666,666,666,666,666
603,600,600,600,600,600,600,600,600,600,599
539,539,539,539,539,539,539,539,539,539,539
475,472,472,472,472,472,472,472,471,471,471
411,411,411,411,411,411,411,411,411,411,411
349,346,346,346,346,346,346,346,346,346,346
290,290,290,290,290,290,290,290,290,290,290
233,230,230,230,230,230,230,230,230,230,230
182,182,182,182,182,182,182,182,182,182,182
135,132,132,132,132,132,132,132,132,132,132
95,95,95,95,95,95,95,95,95,95,95
61,58,58,58,58,58,58,58,58,57,57
34,34,34,34,34,34,34,34,34,34,34
15,12,11,11,11,11,11,11,11,11,11
3,3,3,3,3,3,3,3,3,3,3
0,0,0,0,0,0,0,0,0,0,0
4,4,4,4,4,4,4,4,4,4,4
17,14,14,14,14,14,14,14,14,14,14
37,37,37,37,37,37,37,37,37,37,37
65,62,62,62,62,62,62,62,62,62,62
100,100,100,100,100,100,100,100,100,100,100
141,138,138,138,138,138,138,139,139,139,139
188,188,188,188,188,188,188,188,188,188,188
241,238,238,238,238,238,238,238,238,238,238
297,297,297,297,297,297,297,297,297,297,297
357,354,354,355,355,355,355,355,355,355,355
420,420,420,420,420,420,420,420,420,420,420
484,481,481,481,481,481,481,481,481,481,481
548,548,548,548,548,548,548,548,548,548,548
612,609,609,609,609,609,609,609,609,609,609
674,674,674,674,674,674,674,674,674,674,674
733,730,730,731,731,731,731,731,731,731,731
789,789,789,789,789,789,789,789,789,789,789
841,838,838,838,838,838,838,838,839,839,839
888,888,888,888,888,888,888,888,888,888,888
928,925,925,925,925,925,925,925,926,926,926
962,962,962,962,962,962,962,962,962,962,962
989,986,986,986,986,986,986,986,986,986,986
1008,1008,1008,1008,1008,1008,1008,1008,1008,1008,1008
1020,1017,1017,1017,1017,1017,1017,1017,1017,1017,1017
1023,1023,1023,1023,1023,1023,1023,1023,1023,1023,1023
1019,1016,1016,1016,1016,1016,1016,1016,1016,1016,1016
1006,1006,1006,1006,1006,1006,1006,1006,1006,1006,1006
986,983,983,983,983,983,983,983,983,983,983
958,958,958,958,958,958,958,958,958,958,958
923,920,920,920,920,920,920,920,920,920,920
882,882,882,882,882,882,882,882,882,882,882
835,832,832,831,831,831,831,831,831,831,831
782,782,782,782,782,782,782,782,782,782,782
726,723,723,723,722,722,722,722,722,722,722
666,666,666,666,666,666,666,666,666,666,666
603,600,600,600,600,600,600,600,600,600,600
539,539,539,539,539,539,539,539,539,539,539
475,472,472,472,472,472,472,472,472,472,472
411,411,411,411,411,411,411,411,411,411,411
349,346,346,346,346,346,346,346,346,346,346
290,290,290,290,290,290,290,290,290,290,290
234,231,231,230,230,230,230,230,230,230,230
182,182,182,182,182,182,182,182,182,182,182
135,132,132,132,132,132,132,132,132,132,132
95,95,95,95,95,95,95,95,95,95,95
61,58,58,58,58,58,58,58,58,58,58
34,34,34,34,34,34,34,34,34,34,34
15,12,12,12,12,11,11,11,11,11,11
3,3,3,3,3,3,3,3,3,3,3
0,0,0,0,0,0,0,0,0,0,0
4,4,4,4,4,4,4,4,4,4,4
17,14,14,14,14,14,14,14,14,14,14
37,37,37,37,37,37,37,37,37,37,37
65,62,62,62,62,62,62,62,62,62,62
100,100,100,100,100,100,100,100,100,100,100
141,138,138,138,138,138,138,138,138,138,139
188,188,188,188,188,188,188,188,188,188,188
241,238,238,238,238,238,238,238,238,238,238
297,297,297,297,297,297,297,297,297,297,297
357,354,354,354,354,354,355,355,355,355,355
420,420,420,420,420,420,420,420,420,420,420
483,481,481,481,481,481,481,481,481,481,481
548,548,548,548,548,548,548,548,548,548,548
611,609,609,609,609,609,609,609,609,609,609
674,674,674,674,674,674,674,674,674,674,674
733,730,730,730,730,730,731,731,731,731,731
789,789,789,789,789,789,789,789,789,789,789
841,838,838,838,838,838,838,838,838,838,838
888,888,888,888,888,888,888,888,888,888,888
928,925,925,925,925,925,925,925,925,925,925
962,962,962,962,962,962,962,962,962,962,962
989,986,986,986,986,986,986,986,986,986,986
1008,1008,1008,1008,1008,1008,1008,1008,1008,1008,1008
1020,1017,1017,1017,1017,1017,1017,1017,1017,1017,1017
1023,1023,1023,1023,1023,1023,1023,1023,1023,1023,1023
1019,1016,1016,1016,1016,1016,1016,1016,1016,1016,1016
1006,1006,1006,1006,1006,1006,1006,1006,1006,1006,1006
986,983,983,983,983,983,983,983,983,983,983
958,958,958,958,958,958,958,958,958,958,958
923,920,920,920,920,920,920,920,920,920,920
882,882,882,882,882,882,882,882,882,882,882
835,832,832,832,832,832,831,831,831,831,831
782,782,782,782,782,782,782,782,782,782,782
726,723,723,723,723,723,723,722,722,722,722
666,666,666,666,666,666,666,666,666,666,666
604,600,600,600,600,600,600,600,600,600,600
540,540,540,540,540,540,540,540,540,540,540
475,472,472,472,472,472,472,472,472,472,472
412,412,412,412,412,412,412,412,412,412,412
350,346,346,346,346,346,346,346,346,346,346
290,290,290,290,290,290,290,290,290,290,290
234,231,231,231,231,231,230,230,230,230,230
182,182,182,182,182,182,182,182,182,182,182
136,133,132,132,132,132,132,132,132,132,132
95,95,95,95,95,95,95,95,95,95,95
61,58,58,58,58,58,58,58,58,58,58
34,34,34,34,34,34,34,34,34,34,34
15,12,12,12,12,12,12,12,11,11,11
3,3,3,3,3,3,3,3,3,3,3
0,0,0,0,0,0,0,0,0,0,0
4,4,4,4,4,4,4,4,4,4,4
17,14,14,14,14,14,14,14,14,14,14
37,37,37,37,37,37,37,37,37,37,37
65,62,62,62,62,62,62,62,62,62,62
100,100,100,100,100,100,100,100,100,100,100
141,138,138,138,138,138,138,138,138,138,138
188,188,188,188,188,188,188,188,188,188,188
240,238,238,238,238,238,238,238,238,238,238
297,297,297,297,297,297,297,297,297,297,297
357,354,354,354,354,354,354,354,354,355,355
419,419,419,419,419,419,419,419,419,419,419
483,480,480,480,480,481,481,481,481,481,481
548,548,548,548,548,548,548,548,548,548,548
611,608,608,608,609,609,609,609,609,609,609
673,673,673,673,673,673,673,673,673,673,673
733,730,730,730,730,730,730,730,730,731,731
789,789,789,789,789,789,789,789,789,789,789
841,838,838,838,838,838,838,838,838,838,838
887,887,887,887,887,887,887,887,887,887,887
928,925,925,925,925,925,925,925,925,925,925
962,962,962,962,962,962,962,962,962,962,962
989,986,986,986,986,986,986,986,986,986,986
1008,1008,1008,1008,1008,1008,1008,1008,1008,1008,1008
1020,1017,1017,1017,1017,1017,1017,1017,1017,1017,1017
1023,1023,1023,1023,1023,1023,1023,1023,1023,1023,1023
1019,1016,1016,1016,1016,1016,1016,1016,1016,1016,1016
1006,1006,1006,1006,1006,1006,1006,1006,1006,1006,1006
986,983,983,983,983,983,983,983,983,983,983
958,958,958,958,958,958,958,958,958,958,958
923,920,920,920,920,920,920,920,920,920,920
882,882,882,882,882,882,882,882,882,882,882
835,832,832,832,832,832,832,832,832,831,831
783,783,783,783,783,783,783,783,783,783,783
726,723,723,723,723,723,723,723,723,723,722
666,666,666,666,666,666,666,666,666,666,666
604,601,601,601,600,600,600,600,600,600,600
540,540,540,540,540,540,540,540,540,540,540
476,473,472,472,472,472,472,472,472,472,472
412,412,412,412,412,412,412,412,412,412,412
350,347,347,347,346,346,346,346,346,346,346
290,290,290,290,290,290,290,290,290,290,290
234,231,231,231,231,231,231,231,231,230,230
182,182,182,182,182,182,182,182,182,182,182
136,133,133,133,133,132,132,132,132,132,132
95,95,95,95,95,95,95,95,95,95,95
61,58,58,58,58,58,58,58,58,58,58
34,34,34,34,34,34,34,34,34,34,34
15,12,12,12,12,12,12,12,12,12,12
3,3,3,3,3,3,3,3,3,3,3
0,0,0,0,0,0,0,0,0,0,0
4,4,4,4,4,4,4,4,4,4,4
17,14,14,14,14,14,14,14,14,14,14
37,37,37,37,37,37,37,37,37,37,37
65,62,62,62,62,62,62,62,62,62,62
99,99,99,99,99,99,99,99,99,99,99
141,138,138,138,138,138,138,138,138,138,138
188,188,188,188,188,188,188,188,188,188,188
240,237,237,237,238,238,238,238,238,238,238
297,297,297,297,297,297,297,297,297,297,297
357,354,354,354,354,354,354,354,354,354,354
419,419,419,419,419,419,419,419,419,419,419
483,480,480,480,480,480,480,480,481,481,481
547,547,547,547,547,547,547,547,547,547,547
611,608,608,608,608,608,608,609,609,609,609
673,673,673,673,673,673,673,673,673,673,673
733,730,730,730,730,730,730,730,730,730,730
789,789,789,789,789,789,789,789,789,789,789
841,838,838,838,838,838,838,838,838,838,838
887,887,887,887,887,887,887,887,887,887,887
928,925,925,925,925,925,925,925,925,925,925
962,962,962,962,962,962,962,962,962,962,962
989,986,986,986,986,986,986,986,986,986,986
1008,1008,1008,1008,1008,1008,1008,1008,1008,1008,1008
1020,1017,1017,1017,1017,1017,1017,1017,1017,1017,1017
1023,1023,1023,1023,1023,1023,1023,1023,1023,1023,1023
1019,1016,1016,1016,1016,1016,1016,1016,1016,1016,1016
1006,1006,1006,1006,1006,1006,1006,1006,1006,1006,1006
986,983,983,983,983,983,983,983,983,983,983
958,958,958,958,958,958,958,958,958,958,958
924,921,920,920,920,920,920,920,920,920,920
882,882,882,882,882,882,882,882,882,882,882
835,832,832,832,832,832,832,832,832,832,832
783,783,783,783,783,783,783,783,783,783,783
726,723,723,723,723,723,723,723,723,723,723
666,666,666,666,666,666,666,666,666,666,666
604,601,601,601,601,601,601,600,600,600,600
540,540,540,540,540,540,540,540,540,540,540
476,473,473,473,473,472,472,472,472,472,472
412,412,412,412,412,412,412,412,412,412,412
350,347,347,347,347,347,347,346,346,346,346
290,290,290,290,290,290,290,290,290,290,290
234,231,231,231,231,231,231,231,231,231,231
182,182,182,182,182,182,182,182,182,182,182
136,133,133,133,133,133,133,133,132,132,132
95,95,95,95,95,95,95,95,95,95,95
61,58,58,58,58,58,58,58,58,58,58
34,34,34,34,34,34,34,34,34,34,34
15,12,12,12,12,12,12,12,12,12,12
3,3,3,3,3,3,3,3,3,3,3
0,0,0,0,0,0,0,0,0,0,0
4,4,4,4,4,4,4,4,4,4,4
16,13,14,14,14,14,14,14,14,14,14
37,37,37,37,37,37,37,37,37,37,37
65,62,62,62,62,62,62,62,62,62,62
99,99,99,99,99,99,99,99,99,99,99
141,138,138,138,138,138,138,138,138,138,138
188,188,188,188,188,188,188,188,188,188,188
240,237,237,237,237,237,237,238,238,238,238
297,297,297,297,297,297,297,297,297,297,297
357,354,354,354,354,354,354,354,354,354,354
419,419,419,419,419,419,419,419,419,419,419
483,480,480,480,480,480,480,480,480,480,480
547,547,547,547,547,547,547,547,547,547,547
611,608,608,608,608,608,608,608,608,608,609
673,673,673,673,673,673,673,673,673,673,673
733,730,730,730,730,730,730,730,730,730,730
789,789,789,789,789,789,789,789,789,789,789
841,838,838,838,838,838,838,838,838,838,838
887,887,887,887,887,887,887,887,887,887,887
928,925,925,925,925,925,925,925,925,925,925
962,962,962,962,962,962,962,962,962,962,962
989,986,986,986,986,986,986,986,986,986,986
1008,1008,1008,1008,1008,1008,1008,1008,1008,1008,1008
1020,1017,1017,1017,1017,1017,1017,1017,1017,1017,1017
1023,1023,1023,1023,1023,1023,1023,1023,1023,1023,1023
1019,1016,1016,1016,1016,1016,1016,1016,1016,1016,1016
1007,1007,1007,1007,1007,1007,1007,1007,1007,1007,1007
986,983,983,983,983,983,983,983,983,983,983
959,959,959,959,959,959,959,959,959,959,959
924,921,921,921,921,920,920,920,920,920,920
882,882,882,882,882,882,882,882,882,882,882
835,832,832,832,832,832,832,832,832,832,832
783,783,783,783,783,783,783,783,783,783,783
726,723,723,723,723,723,723,723,723,723,723
666,666,666,666,666,666,666,666,666,666,666
604,601,601,601,601,601,601,601,601,601,600
540,540,540,540,540,540,540,540,540,540,540
476,473,473,473,473,473,473,473,472,472,472
412,412,412,412,412,412,412,412,412,412,412
350,347,347,347,347,347,347,347,347,347,346
290,290,290,290,290,290,290,290,290,290,290
234,231,231,231,231,231,231,231,231,231,231
183,183,183,183,183,183,183,183,183,183,183
136,133,133,133,133,133,133,133,133,133,133
95,95,95,95,95,95,95,95,95,95,95
61,58,58,58,58,58,58,58,58,58,58
34,34,34,34,34,34,34,34,34,34,34
15,12,12,12,12,12,12,12,12,12,12
3,3,3,3,3,3,3,3,3,3,3
0,0,0,0,0,0,0,0,0,0,0
4,4,4,4,4,4,4,4,4,4,4
16,13,13,13,13,14,14,14,14,14,14
37,37,37,37,37,37,37,37,37,37,37
64,61,62,62,62,62,62,62,62,62,62
99,99,99,99,99,99,99,99,99,99,99
141,138,138,138,138,138,138,138,138,138,138
188,188,188,188,188,188,188,188,188,188,188
240,237,237,237,237,237,237,237,237,237,238
297,297,297,297,297,297,297,297,297,297,297
356,354,354,354,354,354,354,354,354,354,354
419,419,419,419,419,419,419,419,419,419,419
483,480,480,480,480,480,480,480,480,480,480
547,547,547,547,547,547,547,547,547,547,547
611,608,608,608,608,608,608,608,608,608,608
673,673,673,673,673,673,673,673,673,673,673
732,730,730,730,730,730,730,730,730,730,730
789,789,789,789,789,789,789,789,789,789,789
840,837,837,838,838,838,838,838,838,838,838
887,887,887,887,887,887,887,887,887,887,887
928,925,925,925,925,925,925,925,925,925,925
962,962,962,962,962,962,962,962,962,962,962
989,986,986,986,986,986,986,986,986,986,986
1008,1008,1008,1008,1008,1008,1008,1008,1008,1008,1008
1020,1017,1017,1017,1017,1017,1017,1017,1017,1017,1017
1023,1023,1023,1023,1023,1023,1023,1023,1023,1023,1023
1019,1016,1016,1016,1016,1016,1016,1016,1016,1016,1016
1007,1007,1007,1007,1007,1007,1007,1007,1007,1007,1007
986,983,983,983,983,983,983,983,983,983,983
959,959,959,959,959,959,959,959,959,959,959
924,921,921,921,921,921,921,921,921,920,920
883,883,883,883,883,883,883,883,883,883,883
835,832,832,832,832,832,832,832,832,832,832
783,783,783,783,783,783,783,783,783,783,783
727,724,723,723,723,723,723,723,723,723,723
667,667,667,667,667,667,667,667,667,667,667
604,601,601,601,601,601,601,601,601,601,601
540,540,540,540,540,540,540,540,540,540,540
476,473,473,473,473,473,473,473,473,473,473
412,412,412,412,412,412,412,412,412,412,412
350,347,347,347,347,347,347,347,347,347,347
291,291,291,291,291,291,291,291,291,291,291
234,231,231,231,231,231,231,231,231,231,231
183,183,183,183,183,183,183,183,183,183,183
136,133,133,133,133,133,133,133,133,133,133
95,95,95,95,95,95,95,95,95,95,95
61,58,58,58,58,58,58,58,58,58,58
34,34,34,34,34,34,34,34,34,34,34
15,12,12,12,12,12,12,12,12,12,12
3,3,3,3,3,3,3,3,3,3,3
0,0,0,0,0,0,0,0,0,0,0
4,4,4,4,4,4,4,4,4,4,4
16,13,13,13,13,13,13,13,14,14,14
37,37,37,37,37,37,37,37,37,37,37
64,61,61,61,61,62,62,62,62,62,62
99,99,99,99,99,99,99,99,99,99,99
140,137,138,138,138,138,138,138,138,138,138
188,188,188,188,188,188,188,188,188,188,188
240,237,237,237,237,237,237,237,237,237,237
296,296,296,296,296,296,296,296,296,296,296
356,353,353,353,353,354,354,354,354,354,354
419,419,419,419,419,419,419,419,419,419,419
482,480,480,480,480,480,480,480,480,480,480
547,547,547,547,547,547,547,547,547,547,547
610,608,608,608,608,608,608,608,608,608,608
673,673,673,673,673,673,673,673,673,673,673
732,729,729,729,730,730,730,730,730,730,730
788,788,788,788,788,788,788,788,788,788,788
840,837,837,837,837,837,838,838,838,838,838
887,887,887,887,887,887,887,887,887,887,887
928,925,925,925,925,925,925,925,925,925,925
962,962,962,962,962,962,962,962,962,962,962
989,986,986,986,986,986,986,986,986,986,986
1008,1008,1008,1008,1008,1008,1008,1008,1008,1008,1008
1020,1017,1017,1017,1017,1017,1017,1017,1017,1017,1017
1023,1023,1023,1023,1023,1023,1023,1023,1023,1023,1023
1019,1016,1016,1016,1016,1016,1016,1016,1016,1016,1016
1007,1007,1007,1007,1007,1007,1007,1007,1007,1007,1007
986,983,983,983,983,983,983,983,983,983,983
959,959,959,959,959,959,959,959,959,959,959
924,921,921,921,921,921,921,921,921,921,921
883,883,883,883,883,883,883,883,883,883,883
836,832,832,832,832,832,832,832,832,832,832
783,783,783,783,783,783,783,783,783,783,783
727,724,724,724,724,723,723,723,723,723,723
667,667,667,667,667,667,667,667,667,667,667
604,601,601,601,601,601,601,601,601,601,601
541,541,541,541,541,541,541,541,541,541,541
476,473,473,473,473,473,473,473,473,473,473
413,413,413,413,413,413,413,413,413,413,413
350,347,347,347,347,347,347,347,347,347,347
291,291,291,291,291,291,291,291,291,291,291
235,232,232,231,231,231,231,231,231,231,231
183,183,183,183,183,183,183,183,183,183,183
136,133,133,133,133,133,133,133,133,133,133
96,96,96,96,96,96,96,96,96,96,96
61,58,58,58,58,58,58,58,58,58,58
34,34,34,34,34,34,34,34,34,34,34
15,12,12,12,12,12,12,12,12,12,12
3,3,3,3,3,3,3,3,3,3,3
0,0,0,0,0,0,0,0,0,0,0
4,4,4,4,4,4,4,4,4,4,4
16,13,13,13,13,13,13,13,13,13,13
37,37,37,37,37,37,37,37,37,37,37
64,61,61,61,61,61,61,61,62,62,62
99,99,99,99,99,99,99,99,99,99,99
140,137,137,137,137,138,138,138,138,138,138
187,187,187,187,187,187,187,187,187,187,187
240,237,237,237,237,237,237,237,237,237,237
296,296,296,296,296,296,296,296,296,296,296
356,353,353,353,353,353,353,353,354,354,354
418,418,418,418,418,418,418,418,418,418,418
482,479,479,479,480,480,480,480,480,480,480
547,547,547,547,547,547,547,547,547,547,547
610,607,607,607,608,608,608,608,608,608,608
672,672,672,672,672,672,672,672,672,672,672
732,729,729,729,729,729,729,730,730,730,730
788,788,788,788,788,788,788,788,788,788,788
840,837,837,837,837,837,837,837,837,838,838
887,887,887,887,887,887,887,887,887,887,887
927,924,924,925,925,925,925,925,925,925,925
962,962,962,962,962,962,962,962,962,962,962
989,986,986,986,986,986,986,986,986,986,986
1008,1008,1008,1008,1008,1008,1008,1008,1008,1008,1008
1020,1017,1017,1017,1017,1017,1017,1017,1017,1017,1017
1023,1023,1023,1023,1023,1023,1023,1023,1023,1023,1023
1019,1016,1016,1016,1016,1016,1016,1016,1016,1016,1016
1007,1007,1007,1007,1007,1007,1007,1007,1007,1007,1007
986,983,983,983,983,983,983,983,983,983,983
959,959,959,959,959,959,959,959,959,959,959
924,921,921,921,921,921,921,921,921,921,921
883,883,883,883,883,883,883,883,883,883,883
836,833,833,833,832,832,832,832,832,832,832
783,783,783,783,783,783,783,783,783,783,783
727,724,724,724,724,724,724,724,723,723,723
667,667,667,667,667,667,667,667,667,667,667
605,602,602,601,601,601,601,601,601,601,601
541,541,541,541,541,541,541,541,541,541,541
477,473,473,473,473,473,473,473,473,473,473
413,413,413,413,413,413,413,413,413,413,413
351,348,347,347,347,347,347,347,347,347,347
291,291,291,291,291,291,291,291,291,291,291
235,232,232,232,232,232,231,231,231,231,231
183,183,183,183,183,183,183,183,183,183,183
136,133,133,133,133,133,133,133,133,133,133
96,96,96,96,96,96,96,96,96,96,96
61,58,58,58,58,58,58,58,58,58,58
34,34,34,34,34,34,34,34,34,34,34
15,12,12,12,12,12,12,12,12,12,12
3,3,3,3,3,3,3,3,3,3,3
0,0,0,0,0,0,0,0,0,0,0
4,4,4,4,4,4,4,4,4,4,4
16,13,13,13,13,13,13,13,13,13,13
36,36,36,36,36,36,36,36,36,36,36
64,61,61,61,61,61,61,61,61,61,61
99,99,99,99,99,99,99,99,99,99,99
140,137,137,137,137,137,137,137,138,138,138
187,187,187,187,187,187,187,187,187,187,187
239,237,237,237,237,237,237,237,237,237,237
296,296,296,296,296,296,296,296,296,296,296
356,353,353,353,353,353,353,353,353,353,353
418,418,418,418,418,418,418,418,418,418,418
482,479,479,479,479,479,479,480,480,480,480
546,546,546,546,546,546,546,546,546,546,546
610,607,607,607,607,607,607,608,608,608,608
672,672,672,672,672,672,672,672,672,672,672
732,729,729,729,729,729,729,729,729,729,730
788,788,788,788,788,788,788,788,788,788,788
840,837,837,837,837,837,837,837,837,837,837
887,887,887,887,887,887,887,887,887,887,887
927,924,924,924,924,924,925,925,925,925,925
961,961,961,961,961,961,961,961,961,961,961
989,986,986,986,986,986,986,986,986,986,986
1008,1008,1008,1008,1008,1008,1008,1008,1008,1008,1008
1020,1017,1017,1017,1017,1017,1017,1017,1017,1017,1017
1023,1023,1023,1023,1023,1023,1023,1023,1023,1023,1023
1019,1016,1016,1016,1016,1016,1016,1016,1016,1016,1016
1007,1007,1007,1007,1007,1007,1007,1007,1007,1007,1007
987,984,984,983,983,983,983,983,983,983,983
959,959,959,959,959,959,959,959,959,959,959
924,921,921,921,921,921,921,921,921,921,921
883,883,883,883,883,883,883,883,883,883,883
836,833,833,833,833,833,833,832,832,832,832
784,784,784,784,784,784,784,784,784,784,784
727,724,724,724,724,724,724,724,724,724,724
667,667,667,667,667,667,667,667,667,667,667
605,602,602,602,602,602,601,601,601,601,601
541,541,541,541,541,541,541,541,541,541,541
477,474,474,474,473,473,473,473,473,473,473
413,413,413,413,413,413,413,413,413,413,413
351,348,348,348,348,348,347,347,347,347,347
291,291,291,291,291,291,291,291,291,291,291
235,232,232,232,232,232,232,232,232,231,231
183,183,183,183,183,183,183,183,183,183,183
136,133,133,133,133,133,133,133,133,133,133
96,96,96,96,96,96,96,96,96,96,96
62,59,59,58,58,58,58,58,58,58,58
35,35,35,35,35,35,35,35,35,35,35
15,12,12,12,12,12,12,12,12,12,12
3,3,3,3,3,3,3,3,3,3,3
0,0,0,0,0,0,0,0,0,0,0
4,4,4,4,4,4,4,4,4,4,4
16,13,13,13,13,13,13,13,13,13,13
36,36,36,36,36,36,36,36,36,36,36
64,61,61,61,61,61,61,61,61,61,61
99,99,99,99,99,99,99,99,99,99,99
140,137,137,137,137,137,137,137,137,137,137
187,187,187,187,187,187,187,187,187,187,187
239,236,236,236,237,237,237,237,237,237,237
296,296,296,296,296,296,296,296,296,296,296
356,353,353,353,353,353,353,353,353,353,353
418,418,418,418,418,418,418,418,418,418,418
482,479,479,479,479,479,479,479,479,479,480
546,546,546,546,546,546,546,546,546,546,546
610,607,607,607,607,607,607,607,607,607,608
672,672,672,672,672,672,672,672,672,672,672
732,729,729,729,729,729,729,729,729,729,729
788,788,788,788,788,788,788,788,788,788,788
840,837,837,837,837,837,837,837,837,837,837
886,886,886,886,886,886,886,886,886,886,886
927,924,924,924,924,924,924,924,924,925,925
961,961,961,961,961,961,961,961,961,961,961
988,985,986,986,986,986,986,986,986,986,986
1008,1008,1008,1008,1008,1008,1008,1008,1008,1008,1008
1020,1017,1017,1017,1017,1017,1017,1017,1017,1017,1017
1023,1023,1023,1023,1023,1023,1023,1023,1023,1023,1023
1019,1016,1016,1016,1016,1016,1016,1016,1016,1016,1016
1007,1007,1007,1007,1007,1007,1007,1007,1007,1007,1007
987,984,984,984,984,984,983,983,983,983,983
959,959,959,959,959,959,959,959,959,959,959
924,921,921,921,921,921,921,921,921,921,921
883,883,883,883,883,883,883,883,883,883,883
836,833,833,833,833,833,833,833,833,833,832
784,784,784,784,784,784,784,784,784,784,784
727,724,724,724,724,724,724,724,724,724,724
667,667,667,667,667,667,667,667,667,667,667
605,602,602,602,602,602,602,602,602,601,601
541,541,541,541,541,541,541,541,541,541,541
477,474,474,474,474,474,474,473,473,473,473
413,413,413,413,413,413,413,413,413,413,413
351,348,348,348,348,348,348,348,348,347,347
291,291,291,291,291,291,291,291,291,291,291
235,232,232,232,232,232,232,232,232,232,232
183,183,183,183,183,183,183,183,183,183,183
137,134,134,134,133,133,133,133,133,133,133
96,96,96,96,96,96,96,96,96,96,96
62,59,59,59,59,59,59,58,58,58,58
35,35,35,35,35,35,35,35,35,35,35
15,12,12,12,12,12,12,12,12,12,12
3,3,3,3,3,3,3,3,3,3,3
0,0,0,0,0,0,0,0,0,0,0
4,4,4,4,4,4,4,4,4,4,4
16,13,13,13,13,13,13,13,13,13,13
36,36,36,36,36,36,36,36,36,36,36
64,61,61,61,61,61,61,61,61,61,61
99,99,99,99,99,99,99,99,99,99,99
140,137,137,137,137,137,137,137,137,137,137
187,187,187,187,187,187,187,187,187,187,187
239,236,236,236,236,236,236,237,237,237,237
296,296,296,296,296,296,296,296,296,296,296
356,353,353,353,353,353,353,353,353,353,353
418,418,418,418,418,418,418,418,418,418,418
482,479,479,479,479,479,479,479,479,479,479
546,546,546,546,546,546,546,546,546,546,546
610,607,607,607,607,607,607,607,607,607,607
672,672,672,672,672,672,672,672,672,672,672
732,729,729,729,729,729,729,729,729,729,729
788,788,788,788,788,788,788,788,788,788,788
840,837,837,837,837,837,837,837,837,837,837
886,886,886,886,886,886,886,886,886,886,886
927,924,924,924,924,924,924,924,924,924,924
961,961,961,961,961,961,961,961,961,961,961
988,985,985,985,985,985,986,986,986,986,986
1008,1008,1008,1008,1008,1008,1008,1008,1008,1008,1008
1020,1017,1017,1017,1017,1017,1017,1017,1017,1017,1017
1023,1023,1023,1023,1023,1023,1023,1023,1023,1023,1023
1019,1016,1016,1016,1016,1016,1016,1016,1016,1016,1016
1007,1007,1007,1007,1007,1007,1007,1007,1007,1007,1007
987,984,984,984,984,984,984,984,984,983,983
959,959,959,959,959,959,959,959,959,959,959
924,921,921,921,921,921,921,921,921,921,921
883,883,883,883,883,883,883,883,883,883,883
836,833,833,833,833,833,833,833,833,833,833
784,784,784,784,784,784,784,784,784,784,784
727,724,724,724,724,724,724,724,724,724,724
668,668,668,668,668,668,668,668,668,668,668
605,602,602,602,602,602,602,602,602,602,602
541,541,541,541,541,541,541,541,541,541,541
477,474,474,474,474,474,474,474,474,474,473
413,413,413,413,413,413,413,413,413,413,413
351,348,348,348,348,348,348,348,348,348,348
292,292,292,292,292,292,292,292,292,292,292
235,232,232,232,232,232,232,232,232,232,232
183,183,183,183,183,183,183,183,183,183,183
137,134,134,134,134,134,134,133,133,133,133
96,96,96,96,96,96,96,96,96,96,96
62,59,59,59,59,59,59,59,59,59,58
35,35,35,35,35,35,35,35,35,35,35
15,12,12,12,12,12,12,12,12,12,12
3,3,3,3,3,3,3,3,3,3,3
0,0,0,0,0,0,0,0,0,0,0
4,4,4,4,4,4,4,4,4,4,4
16,13,13,13,13,13,13,13,13,13,13
36,36,36,36,36,36,36,36,36,36,36
64,61,61,61,61,61,61,61,61,61,61
99,99,99,99,99,99,99,99,99,99,99
140,137,137,137,137,137,137,137,137,137,137
187,187,187,187,187,187,187,187,187,187,187
239,236,236,236,236,236,236,236,236,236,237
295,295,295,295,295,295,295,295,295,295,295
355,352,352,353,353,353,353,353,353,353,353
418,418,418,418,418,418,418,418,418,418,418
481,479,479,479,479,479,479,479,479,479,479
546,546,546,546,546,546,546,546,546,546,546
610,607,607,607,607,607,607,607,607,607,607
672,672,672,672,672,672,672,672,672,672,672
731,728,729,729,729,729,729,729,729,729,729
788,788,788,788,788,788,788,788,788,788,788
839,837,837,837,837,837,837,837,837,837,837
886,886,886,886,886,886,886,886,886,886,886
927,924,924,924,924,924,924,924,924,924,924
961,961,961,961,961,961,961,961,961,961,961
988,985,985,985,985,985,985,985,985,986,986
1008,1008,1008,1008,1008,1008,1008,1008,1008,1008,1008
1020,1017,1017,1017,1017,1017,1017,1017,1017,1017,1017
1023,1023,1023,1023,1023,1023,1023,1023,1023,1023,1023
1019,1016,1016,1016,1016,1016,1016,1016,1016,1016,1016
1007,1007,1007,1007,1007,1007,1007,1007,1007,1007,1007
987,984,984,984,984,984,984,984,984,984,984
959,959,959,959,959,959,959,959,959,959,959
925,921,921,921,921,921,921,921,921,921,921
883,883,883,883,883,883,883,883,883,883,883
836,833,833,833,833,833,833,833,833,833,833
784,784,784,784,784,784,784,784,784,784,784
728,725,725,724,724,724,724,724,724,724,724
668,668,668,668,668,668,668,668,668,668,668
605,602,602,602,602,602,602,602,602,602,602
542,542,542,542,542,542,542,542,542,542,542
477,474,474,474,474,474,474,474,474,474,474
414,414,414,414,414,414,414,414,414,414,414
351,348,348,348,348,348,348,348,348,348,348
292,292,292,292,292,292,292,292,292,292,292
235,232,232,232,232,232,232,232,232,232,232
184,184,184,184,184,184,184,184,184,184,184
137,134,134,134,134,134,134,134,134,134,133
96,96,96,96,96,96,96,96,96,96,96
62,59,59,59,59,59,59,59,59,59,59
35,35,35,35,35,35,35,35,35,35,35
15,12,12,12,12,12,12,12,12,12,12
3,3,3,3,3,3,3,3,3,3,3
0,0,0,0,0,0,0,0,0,0,0
4,4,4,4,4,4,4,4,4,4,4
16,13,13,13,13,13,13,13,13,13,13
36,36,36,36,36,36,36,36,36,36,36
64,61,61,61,61,61,61,61,61,61,61
98,98,98,98,98,98,98,98,98,98,98
140,137,137,137,137,137,137,137,137,137,137
187,187,187,187,187,187,187,187,187,187,187
239,236,236,236,236,236,236,236,236,236,236
295,295,295,295,295,295,295,295,295,295,295
355,352,352,352,352,352,352,353,353,353,353
417,417,417,417,417,417,417,417,417,417,417
481,478,478,478,479,479,479,479,479,479,479
546,546,546,546,546,546,546,546,546,546,546
609,606,606,607,607,607,607,607,607,607,607
672,672,672,672,672,672,672,672,672,672,672
731,728,728,728,728,729,729,729,729,729,729
787,787,787,787,787,787,787,787,787,787,787
839,836,836,836,837,837,837,837,837,837,837
886,886,886,886,886,886,886,886,886,886,886
927,924,924,924,924,924,924,924,924,924,924
961,961,961,961,961,961,961,961,961,961,961
988,985,985,985,985,985,985,985,985,985,985
1008,1008,1008,1008,1008,1008,1008,1008,1008,1008,1008
1020,1017,1017,1017,1017,1017,1017,1017,1017,1017,1017
1023,1023,1023,1023,1023,1023,1023,1023,1023,1023,1023
1019,1016,1016,1016,1016,1016,1016,1016,1016,1016,1016
1007,1007,1007,1007,1007,1007,1007,1007,1007,1007,1007
987,984,984,984,984,984,984,984,984,984,984
959,959,959,959,959,959,959,959,959,959,959
925,922,922,922,921,921,921,921,921,921,921
883,883,883,883,883,883,883,883,883,883,883
836,833,833,833,833,833,833,833,833,833,833
784,784,784,784,784,784,784,784,784,784,784
728,725,725,725,725,725,724,724,724,724,724
668,668,668,668,668,668,668,668,668,668,668
606,603,603,602,602,602,602,602,602,602,602
542,542,542,542,542,542,542,542,542,542,542
478,474,474,474,474,474,474,474,474,474,474
414,414,414,414,414,414,414,414,414,414,414
352,348,348,348,348,348,348,348,348,348,348
292,292,292,292,292,292,292,292,292,292,292
236,233,233,232,232,232,232,232,232,232,232
184,184,184,184,184,184,184,184,184,184,184
137,134,134,134,134,134,134,134,134,134,134
96,96,96,96,96,96,96,96,96,96,96
62,59,59,59,59,59,59,59,59,59,59
35,35,35,35,35,35,35,35,35,35,35
15,12,12,12,12,12,12,12,12,12,12
3,3,3,3,3,3,3,3,3,3,3
0,0,0,0,0,0,0,0,0,0,0
4,4,4,4,4,4,4,4,4,4,4
16,13,13,13,13,13,13,13,13,13,13
36,36,36,36,36,36,36,36,36,36,36
64,61,61,61,61,61,61,61,61,61,61
98,98,98,98,98,98,98,98,98,98,98
139,137,137,137,137,137,137,137,137,137,137
186,186,186,186,186,186,186,186,186,186,186
239,236,236,236,236,236,236,236,236,236,236
295,295,295,295,295,295,295,295,295,295,295
355,352,352,352,352,352,352,352,352,352,353
417,417,417,417,417,417,417,417,417,417,417
481,478,478,478,478,478,478,479,479,479,479
545,545,545,545,545,545,545,545,545,545,545
609,606,606,606,606,606,607,607,607,607,607
671,671,671,671,671,671,671,671,671,671,671
731,728,728,728,728,728,728,728,729,729,729
787,787,787,787,787,787,787,787,787,787,787
839,836,836,836,836,836,836,837,837,837,837
886,886,886,886,886,886,886,886,886,886,886
927,924,924,924,924,924,924,924,924,924,924
961,961,961,961,961,961,961,961,961,961,961
988,985,985,985,985,985,985,985,985,985,985
1008,1008,1008,1008,1008,1008,1008,1008,1008,1008,1008
1020,1017,1017,1017,1017,1017,1017,1017,1017,1017,1017
1023,1023,1023,1023,1023,1023,1023,1023,1023,1023,1023
1019,1016,1016,1016,1016,1016,1016,1016,1016,1016,1016
1007,1007,1007,1007,1007,1007,1007,1007,1007,1007,1007
987,984,984,984,984,984,984,984,984,984,984
959,959,959,959,959,959,959,959,959,959,959
925,922,922,922,922,922,922,921,921,921,921
884,884,884,884,884,884,884,884,884,884,884
837,834,833,833,833,833,833,833,833,833,833
784,784,784,784,784,784,784,784,784,784,784
728,725,725,725,725,725,725,725,725,724,724
668,668,668,668,668,668,668,668,668,668,668
606,603,603,603,603,603,602,602,602,602,602
542,542,542,542,542,542,542,542,542,542,542
478,475,475,475,474,474,474,474,474,474,474
414,414,414,414,414,414,414,414,414,414,414
352,349,349,349,348,348,348,348,348,348,348
292,292,292,292,292,292,292,292,292,292,292
236,233,233,233,233,233,232,232,232,232,232
184,184,184,184,184,184,184,184,184,184,184
137,134,134,134,134,134,134,134,134,134,134
96,96,96,96,96,96,96,96,96,96,96
62,59,59,59,59,59,59,59,59,59,59
35,35,35,35,35,35,35,35,35,35,35
15,12,12,12,12,12,12,12,12,12,12
3,3,3,3,3,3,3,3,3,3,3
0,0,0,0,0,0,0,0,0,0,0
4,4,4,4,4,4,4,4,4,4,4
16,13,13,13,13,13,13,13,13,13,13
36,36,36,36,36,36,36,36,36,36,36
64,61,61,61,61,61,61,61,61,61,61
98,98,98,98,98,98,98,98,98,98,98
139,136,136,136,137,137,137,137,137,137,137
186,186,186,186,186,186,186,186,186,186,186
238,236,236,236,236,236,236,236,236,236,236
295,295,295,295,295,295,295,295,295,295,295
355,352,352,352,352,352,352,352,352,352,352
417,417,417,417,417,417,417,417,417,417,417
481,478,478,478,478,478,478,478,478,478,479
545,545,545,545,545,545,545,545,545,545,545
609,606,606,606,606,606,606,606,606,607,607
671,671,671,671,671,671,671,671,671,671,671
731,728,728,728,728,728,728,728,728,728,728
787,787,787,787,787,787,787,787,787,787,787
839,836,836,836,836,836,836,836,836,836,837
886,886,886,886,886,886,886,886,886,886,886
927,924,924,924,924,924,924,924,924,924,924
961,961,961,961,961,961,961,961,961,961,961
988,985,985,985,985,985,985,985,985,985,985
1008,1008,1008,1008,1008,1008,1008,1008,1008,1008,1008
1020,1017,1017,1017,1017,1017,1017,1017,1017,1017,1017
1023,1023,1023,1023,1023,1023,1023,1023,1023,1023,1023
1019,1016,1016,1016,1016,1016,1016,1016,1016,1016,1016
1007,1007,1007,1007,1007,1007,1007,1007,1007,1007,1007
987,984,984,984,984,984,984,984,984,984,984
959,959,959,959,959,959,959,959,959,959,959
925,922,922,922,922,922,922,922,922,922,921
884,884,884,884,884,884,884,884,884,884,884
837,834,834,834,834,833,833,833,833,833,833
785,785,785,785,785,785,785,785,785,785,785
728,725,725,725,725,725,725,725,725,725,725
668,668,668,668,668,668,668,668,668,668,668
606,603,603,603,603,603,603,603,603,602,602
542,542,542,542,542,542,542,542,542,542,542
478,475,475,475,475,475,475,474,474,474,474
414,414,414,414,414,414,414,414,414,414,414
352,349,349,349,349,349,349,348,348,348,348
292,292,292,292,292,292,292,292,292,292,292
236,233,233,233,233,233,233,233,233,232,232
184,184,184,184,184,184,184,184,184,184,184
137,134,134,134,134,134,134,134,134,134,134
96,96,96,96,96,96,96,96,96,96,96
62,59,59,59,59,59,59,59,59,59,59
35,35,35,35,35,35,35,35,35,35,35
15,12,12,12,12,12,12,12,12,12,12
3,3,3,3,3,3,3,3,3,3,3
0,0,0,0,0,0,0,0,0,0,0
4,4,4,4,4,4,4,4,4,4,4
16,13,13,13,13,13,13,13,13,13,13
36,36,36,36,36,36,36,36,36,36,36
63,61,61,61,61,61,61,61,61,61,61
98,98,98,98,98,98,98,98,98,98,98
139,136,136,136,136,136,136,137,137,137,137
186,186,186,186,186,186,186,186,186,186,186
238,235,235,235,236,236,236,236,236,236,236
295,295,295,295,295,295,295,295,295,295,295
355,352,352,352,352,352,352,352,352,352,352
417,417,417,417,417,417,417,417,417,417,417
481,478,478,478,478,478,478,478,478,478,478
545,545,545,545,545,545,545,545,545,545,545
609,606,606,606,606,606,606,606,606,606,606
671,671,671,671,671,671,671,671,671,671,671
731,728,728,728,728,728,728,728,728,728,728
787,787,787,787,787,787,787,787,787,787,787
839,836,836,836,836,836,836,836,836,836,836
886,886,886,886,886,886,886,886,886,886,886
926,924,924,924,924,924,924,924,924,924,924
961,961,961,961,961,961,961,961,961,961,961
988,985,985,985,985,985,985,985,985,985,985
1008,1008,1008,1008,1008,1008,1008,1008,1008,1008,1008
1020,1017,1017,1017,1017,1017,1017,1017,1017,1017,1017
1023,1023,1023,1023,1023,1023,1023,1023,1023,1023,1023
1019,1016,1016,1016,1016,1016,1016,1016,1016,1016,1016
1007,1007,1007,1007,1007,1007,1007,1007,1007,1007,1007
987,984,984,984,984,984,984,984,984,984,984
960,960,960,960,960,960,960,960,960,960,960
925,922,922,922,922,922,922,922,922,922,922
884,884,884,884,884,884,884,884,884,884,884
837,834,834,834,834,834,834,834,833,833,833
785,785,785,785,785,785,785,785,785,785,785
728,725,725,725,725,725,725,725,725,725,725
669,669,669,669,669,669,669,669,669,669,669
606,603,603,603,603,603,603,603,603,603,603
542,542,542,542,542,542,542,542,542,542,542
478,475,475,475,475,475,475,475,475,475,474
414,414,414,414,414,414,414,414,414,414,414
352,349,349,349,349,349,349,349,349,349,348
292,292,292,292,292,292,292,292,292,292,292
236,233,233,233,233,233,233,233,233,233,233
184,184,184,184,184,184,184,184,184,184,184
137,134,134,134,134,134,134,134,134,134,134
97,97,97,97,97,97,97,97,97,97,97
62,59,59,59,59,59,59,59,59,59,59
35,35,35,35,35,35,35,35,35,35,35
15,12,12,12,12,12,12,12,12,12,12
3,3,3,3,3,3,3,3,3,3,3
0,0,0,0,0,0,0,0,0,0,0
4,4,4,4,4,4,4,4,4,4,4
16,13,13,13,13,13,13,13,13,13,13
36,36,36,36,36,36,36,36,36,36,36
63,60,60,60,61,61,61,61,61,61,61
98,98,98,98,98,98,98,98,98,98,98
139,136,136,136,136,136,136,136,136,136,137
186,186,186,186,186,186,186,186,186,186,186
238,235,235,235,235,235,235,236,236,236,236
295,295,295,295,295,295,295,295,295,295,295
354,351,352,352,352,352,352,352,352,352,352
417,417,417,417,417,417,417,417,417,417,417
480,478,478,478,478,478,478,478,478,478,478
545,545,545,545,545,545,545,545,545,545,545
609,606,606,606,606,606,606,606,606,606,606
671,671,671,671,671,671,671,671,671,671,671
731,728,728,728,728,728,728,728,728,728,728
787,787,787,787,787,787,787,787,787,787,787
839,836,836,836,836,836,836,836,836,836,836
885,885,885,885,885,885,885,885,885,885,885
926,923,923,923,924,924,924,924,924,924,924
961,961,961,961,961,961,961,961,961,961,961
988,985,985,985,985,985,985,985,985,985,985
1008,1008,1008,1008,1008,1008,1008,1008,1008,1008,1008
1020,1017,1017,1017,1017,1017,1017,1017,1017,1017,1017
1023,1023,1023,1023,1023,1023,1023,1023,1023,1023,1023
1019,1016,1016,1016,1016,1016,1016,1016,1016,1016,1016
1007,1007,1007,1007,1007,1007,1007,1007,1007,1007,1007
987,984,984,984,984,984,984,984,984,984,984
960,960,960,960,960,960,960,960,960,960,960
925,922,922,922,922,922,922,922,922,922,922
884,884,884,884,884,884,884,884,884,884,884
837,834,834,834,834,834,834,834,834,834,834
785,785,785,785,785,785,785,785,785,785,785
729,725,725,725,725,725,725,725,725,725,725
669,669,669,669,669,669,669,669,669,669,669
606,603,603,603,603,603,603,603,603,603,603
543,543,543,543,543,543,543,543,543,543,543
478,475,475,475,475,475,475,475,475,475,475
415,415,415,415,415,415,415,415,415,415,415
352,349,349,349,349,349,349,349,349,349,349
293,293,293,293,293,293,293,293,293,293,293
236,233,233,233,233,233,233,233,233,233,233
184,184,184,184,184,184,184,184,184,184,184
138,135,134,134,134,134,134,134,134,134,134
97,97,97,97,97,97,97,97,97,97,97
62,59,59,59,59,59,59,59,59,59,59
35,35,35,35,35,35,35,35,35,35,35
15,12,12,12,12,12,12,12,12,12,12
3,3,3,3,3,3,3,3,3,3,3
0,0,0,0,0,0,0,0,0,0,0
4,4,4,4,4,4,4,4,4,4,4
16,13,13,13,13,13,13,13,13,13,13
36,36,36,36,36,36,36,36,36,36,36
63,60,60,60,60,60,60,61,61,61,61
98,98,98,98,98,98,98,98,98,98,98
139,136,136,136,136,136,136,136,136,136,136
186,186,186,186,186,186,186,186,186,186,186
238,235,235,235,235,235,235,235,235,235,236
294,294,294,294,294,294,294,294,294,294,294
354,351,351,351,351,352,352,352,352,352,352
416,416,416,416,416,416,416,416,416,416,416
480,477,477,477,478,478,478,478,478,478,478
545,545,545,545,545,545,545,545,545,545,545
608,605,605,606,606,606,606,606,606,606,606
671,671,671,671,671,671,671,671,671,671,671
730,727,727,728,728,728,728,728,728,728,728
787,787,787,787,787,787,787,787,787,787,787
839,836,836,836,836,836,836,836,836,836,836
885,885,885,885,885,885,885,885,885,885,885
926,923,923,923,923,923,923,924,924,924,924
961,961,961,961,961,961,961,961,961,961,961
988,985,985,985,985,985,985,985,985,985,985
1008,1008,1008,1008,1008,1008,1008,1008,1008,1008,1008
1020,1017,1017,1017,1017,1017,1017,1017,1017,1017,1017
1023,1023,1023,1023,1023,1023,1023,1023,1023,1023,1023
1019,1016,1016,1016,1016,1016,1016,1016,1016,1016,1016
1007,1007,1007,1007,1007,1007,1007,1007,1007,1007,1007
987,984,984,984,984,984,984,984,984,984,984
960,960,960,960,960,960,960,960,960,960,960
925,922,922,922,922,922,922,922,922,922,922
884,884,884,884,884,884,884,884,884,884,884
837,834,834,834,834,834,834,834,834,834,834
785,785,785,785,785,785,785,785,785,785,785
729,726,726,726,725,725,725,725,725,725,725
669,669,669,669,669,669,669,669,669,669,669
607,604,603,603,603,603,603,603,603,603,603
543,543,543,543,543,543,543,543,543,543,543
479,475,475,475,475,475,475,475,475,475,475
415,415,415,415,415,415,415,415,415,415,415
352,349,349,349,349,349,349,349,349,349,349
293,293,293,293,293,293,293,293,293,293,293
236,233,233,233,233,233,233,233,233,233,233
185,185,185,185,185,185,185,185,185,185,185
138,135,135,135,135,134,134,134,134,134,134
97,97,97,97,97,97,97,97,97,97,97
62,59,59,59,59,59,59,59,59,59,59
35,35,35,35,35,35,35,35,35,35,35
15,12,12,12,12,12,12,12,12,12,12
3,3,3,3,3,3,3,3,3,3,3
0,0,0,0,0,0,0,0,0,0,0
4,4,4,4,4,4,4,4,4,4,4
16,13,13,13,13,13,13,13,13,13,13
36,36,36,36,36,36,36,36,36,36,36
63,60,60,60,60,60,60,60,60,60,61
98,98,98,98,98,98,98,98,98,98,98
139,136,136,136,136,136,136,136,136,136,136
186,186,186,186,186,186,186,186,186,186,186
238,235,235,235,235,235,235,235,235,235,235
294,294,294,294,294,294,294,294,294,294,294
354,351,351,351,351,351,351,351,351,352,352
416,416,416,416,416,416,416,416,416,416,416
480,477,477,477,477,477,477,478,478,478,478
544,544,544,544,544,544,544,544,544,544,544
608,605,605,605,605,605,606,606,606,606,606
670,670,670,670,670,670,670,670,670,670,670
730,727,727,727,727,727,728,728,728,728,728
786,786,786,786,786,786,786,786,786,786,786
838,835,836,836,836,836,836,836,836,836,836
885,885,885,885,885,885,885,885,885,885,885
926,923,923,923,923,923,923,923,923,923,924
961,961,961,961,961,961,961,961,961,961,961
988,985,985,985,985,985,985,985,985,985,985
1008,1008,1008,1008,1008,1008,1008,1008,1008,1008,1008
1020,1017,1017,1017,1017,1017,1017,1017,1017,1017,1017
1023,1023,1023,1023,1023,1023,1023,1023,1023,1023,1023
1019,1016,1016,1016,1016,1016,1016,1016,1016,1016,1016
1007,1007,1007,1007,1007,1007,1007,1007,1007,1007,1007
987,984,984,984,984,984,984,984,984,984,984
960,960,960,960,960,960,960,960,960,960,960
925,922,922,922,922,922,922,922,922,922,922
884,884,884,884,884,884,884,884,884,884,884
837,834,834,834,834,834,834,834,834,834,834
785,785,785,785,785,785,785,785,785,785,785
729,726,726,726,726,726,726,725,725,725,725
669,669,669,669,669,669,669,669,669,669,669
607,604,604,604,604,603,603,603,603,603,603
543,543,543,543,543,543,543,543,543,543,543
479,476,476,476,475,475,475,475,475,475,475
415,415,415,415,415,415,415,415,415,415,415
353,350,350,349,349,349,349,349,349,349,349
293,293,293,293,293,293,293,293,293,293,293
237,234,234,233,233,233,233,233,233,233,233
185,185,185,185,185,185,185,185,185,185,185
138,135,135,135,135,135,135,135,134,134,134
97,97,97,97,97,97,97,97,97,97,97
63,60,59,59,59,59,59,59,59,59,59
35,35,35,35,35,35,35,35,35,35,35
15,12,12,12,12,12,12,12,12,12,12
3,3,3,3,3,3,3,3,3,3,3
0,0,0,0,0,0,0,0,0,0,0
4,4,4,4,4,4,4,4,4,4,4
16,13,13,13,13,13,13,13,13,13,13
36,36,36,36,36,36,36,36,36,36,36
63,60,60,60,60,60,60,60,60,60,60
98,98,98,98,98,98,98,98,98,98,98
139,136,136,136,136,136,136,136,136,136,136
186,186,186,186,186,186,186,186,186,186,186
238,235,235,235,235,235,235,235,235,235,235
294,294,294,294,294,294,294,294,294,294,294
354,351,351,351,351,351,351,351,351,351,351
416,416,416,416,416,416,416,416,416,416,416
480,477,477,477,477,477,477,477,477,477,478
544,544,544,544,544,544,544,544,544,544,544
608,605,605,605,605,605,605,605,605,606,606
670,670,670,670,670,670,670,670,670,670,670
730,727,727,727,727,727,727,727,727,728,728
786,786,786,786,786,786,786,786,786,786,786
838,835,835,835,835,836,836,836,836,836,836
885,885,885,885,885,885,885,885,885,885,885
926,923,923,923,923,923,923,923,923,923,923
960,960,960,960,960,960,960,960,960,960,960
988,985,985,985,985,985,985,985,985,985,985
1008,1008,1008,1008,1008,1008,1008,1008,1008,1008,1008
1020,1017,1017,1017,1017,1017,1017,1017,1017,1017,1017
1023,1023,1023,1023,1023,1023,1023,1023,1023,1023,1023
1019,1016,1016,1016,1016,1016,1016,1016,1016,1016,1016
1007,1007,1007,1007,1007,1007,1007,1007,1007,1007,1007
987,984,984,984,984,984,984,984,984,984,984
960,960,960,960,960,960,960,960,960,960,960
925,922,922,922,922,922,922,922,922,922,922
884,884,884,884,884,884,884,884,884,884,884
837,834,834,834,834,834,834,834,834,834,834
785,785,785,785,785,785,785,785,785,785,785
729,726,726,726,726,726,726,726,726,726,725
669,669,669,669,669,669,669,669,669,669,669
607,604,604,604,604,604,604,604,603,603,603
543,543,543,543,543,543,543,543,543,543,543
479,476,476,476,476,476,476,475,475,475,475
415,415,415,415,415,415,415,415,415,415,415
353,350,350,350,350,350,349,349,349,349,349
293,293,293,293,293,293,293,293,293,293,293
237,234,234,234,234,234,233,233,233,233,233
185,185,185,185,185,185,185,185,185,185,185
138,135,135,135,135,135,135,135,135,135,135
97,97,97,97,97,97,97,97,97,97,97
63,60,60,60,60,59,59,59,59,59,59
35,35,35,35,35,35,35,35,35,35,35
15,12,12,12,12,12,12,12,12,12,12
3,3,3,3,3,3,3,3,3,3,3
0,0,0,0,0,0,0,0,0,0,0
4,4,4,4,4,4,4,4,4,4,4
16,13,13,13,13,13,13,13,13,13,13
36,36,36,36,36,36,36,36,36,36,36
63,60,60,60,60,60,60,60,60,60,60
98,98,98,98,98,98,98,98,98,98,98
139,136,136,136,136,136,136,136,136,136,136
185,185,185,185,185,185,185,185,185,185,185
237,235,235,235,235,235,235,235,235,235,235
294,294,294,294,294,294,294,294,294,294,294
354,351,351,351,351,351,351,351,351,351,351
416,416,416,416,416,416,416,416,416,416,416
480,477,477,477,477,477,477,477,477,477,477
544,544,544,544,544,544,544,544,544,544,544
608,605,605,605,605,605,605,605,605,605,605
670,670,670,670,670,670,670,670,670,670,670
730,727,727,727,727,727,727,727,727,727,727
786,786,786,786,786,786,786,786,786,786,786
838,835,835,835,835,835,835,835,836,836,836
885,885,885,885,885,885,885,885,885,885,885
926,923,923,923,923,923,923,923,923,923,923
960,960,960,960,960,960,960,960,960,960,960
988,985,985,985,985,985,985,985,985,985,985
1007,1007,1007,1007,1007,1007,1007,1007,1007,1007,1007
1020,1017,1017,1017,1017,1017,1017,1017,1017,1017,1017
1023,1023,1023,1023,1023,1023,1023,1023,1023,1023,1023
1019,1016,1016,1016,1016,1016,1016,1016,1016,1016,1016
1007,1007,1007,1007,1007,1007,1007,1007,1007,1007,1007
987,984,984,984,984,984,984,984,984,984,984
960,960,960,960,960,960,960,960,960,960,960
926,923,922,922,922,922,922,922,922,922,922
885,885,885,885,885,885,885,885,885,885,885
838,835,835,834,834,834,834,834,834,834,834
786,786,786,786,786,786,786,786,786,786,786
729,726,726,726,726,726,726,726,726,726,726
669,669,669,669,669,669,669,669,669,669,669
607,604,604,604,604,604,604,604,604,604,604
543,543,543,543,543,543,543,543,543,543,543
479,476,476,476,476,476,476,476,476,476,475
415,415,415,415,415,415,415,415,415,415,415
353,350,350,350,350,350,350,350,350,349,349
293,293,293,293,293,293,293,293,293,293,293
237,234,234,234,234,234,234,234,234,233,233
185,185,185,185,185,185,185,185,185,185,185
138,135,135,135,135,135,135,135,135,135,135
97,97,97,97,97,97,97,97,97,97,97
63,60,60,60,60,60,60,60,59,59,59
35,35,35,35,35,35,35,35,35,35,35
16,13,12,12,12,12,12,12,12,12,12
4,4,4,4,4,4,4,4,4,4,4
0,0,0,0,0,0,0,0,0,0,0
4,4,4,4,4,4,4,4,4,4,4
16,13,13,13,13,13,13,13,13,13,13
36,36,36,36,36,36,36,36,36,36,36
63,60,60,60,60,60,60,60,60,60,60
97,97,97,97,97,97,97,97,97,97,97
138,135,135,136,136,136,136,136,136,136,136
185,185,185,185,185,185,185,185,185,185,185
237,234,234,234,235,235,235,235,235,235,235
294,294,294,294,294,294,294,294,294,294,294
353,351,351,351,351,351,351,351,351,351,351
416,416,416,416,416,416,416,416,416,416,416
480,477,477,477,477,477,477,477,477,477,477
544,544,544,544,544,544,544,544,544,544,544
608,605,605,605,605,605,605,605,605,605,605
670,670,670,670,670,670,670,670,670,670,670
730,727,727,727,727,727,727,727,727,727,727
786,786,786,786,786,786,786,786,786,786,786
838,835,835,835,835,835,835,835,835,835,835
885,885,885,885,885,885,885,885,885,885,885
926,923,923,923,923,923,923,923,923,923,923
960,960,960,960,960,960,960,960,960,960,960
988,985,985,985,985,985,985,985,985,985,985
1007,1007,1007,1007,1007,1007,1007,1007,1007,1007,1007
1019,1016,1016,1017,1017,1017,1017,1017,1017,1017,1017
1023,1023,1023,1023,1023,1023,1023,1023,1023,1023,1023
1019,1016,1016,1016,1016,1016,1016,1016,1016,1016,1016
1007,1007,1007,1007,1007,1007,1007,1007,1007,1007,1007
988,984,984,984,984,984,984,984,984,984,984
960,960,960,960,960,960,960,960,960,960,960
926,923,923,923,923,922,922,922,922,922,922
885,885,885,885,885,885,885,885,885,885,885
838,835,835,835,835,835,834,834,834,834,834
786,786,786,786,786,786,786,786,786,786,786
729,726,726,726,726,726,726,726,726,726,726
670,670,670,670,670,670,670,670,670,670,670
607,604,604,604,604,604,604,604,604,604,604
544,544,544,544,544,544,544,544,544,544,544
479,476,476,476,476,476,476,476,476,476,476
416,416,416,416,416,416,416,416,416,416,416
353,350,350,350,350,350,350,350,350,350,350
293,293,293,293,293,293,293,293,293,293,293
237,234,234,234,234,234,234,234,234,234,234
185,185,185,185,185,185,185,185,185,185,185
138,135,135,135,135,135,135,135,135,135,135
97,97,97,97,97,97,97,97,97,97,97
63,60,60,60,60,60,60,60,60,60,60
35,35,35,35,35,35,35,35,35,35,35
16,13,13,13,13,12,12,12,12,12,12
4,4,4,4,4,4,4,4,4,4,4
0,0,0,0,0,0,0,0,0,0,0
4,4,4,4,4,4,4,4,4,4,4
16,13,13,13,13,13,13,13,13,13,13
35,35,35,35,35,35,35,35,35,35,35
63,60,60,60,60,60,60,60,60,60,60
97,97,97,97,97,97,97,97,97,97,97
138,135,135,135,135,135,136,136,136,136,136
185,185,185,185,185,185,185,185,185,185,185
237,234,234,234,234,234,234,235,235,235,235
293,293,293,293,293,293,293,293,293,293,293
353,350,350,350,351,351,351,351,351,351,351
416,416,416,416,416,416,416,416,416,416,416
479,476,476,477,477,477,477,477,477,477,477
544,544,544,544,544,544,544,544,544,544,544
607,604,605,605,605,605,605,605,605,605,605
670,670,670,670,670,670,670,670,670,670,670
729,727,727,727,727,727,727,727,727,727,727
786,786,786,786,786,786,786,786,786,786,786
838,835,835,835,835,835,835,835,835,835,835
885,885,885,885,885,885,885,885,885,885,885
926,923,923,923,923,923,923,923,923,923,923
960,960,960,960,960,960,960,960,960,960,960
988,985,985,985,985,985,985,985,985,985,985
1007,1007,1007,1007,1007,1007,1007,1007,1007,1007,1007
1019,1016,1016,1016,1016,1016,1017,1017,1017,1017,1017
1023,1023,1023,1023,1023,1023,1023,1023,1023,1023,1023
1019,1016,1016,1016,1016,1016,1016,1016,1016,1016,1016
1007,1007,1007,1007,1007,1007,1007,1007,1007,1007,1007
988,985,985,985,984,984,984,984,984,984,984
960,960,960,960,960,960,960,960,960,960,960
926,923,923,923,923,923,923,923,922,922,922
885,885,885,885,885,885,885,885,885,885,885
838,835,835,835,835,835,835,835,835,834,834
786,786,786,786,786,786,786,786,786,786,786
730,727,726,726,726,726,726,726,726,726,726
670,670,670,670,670,670,670,670,670,670,670
608,604,604,604,604,604,604,604,604,604,604
544,544,544,544,544,544,544,544,544,544,544
479,476,476,476,476,476,476,476,476,476,476
416,416,416,416,416,416,416,416,416,416,416
353,350,350,350,350,350,350,350,350,350,350
294,294,294,294,294,294,294,294,294,294,294
237,234,234,234,234,234,234,234,234,234,234
185,185,185,185,185,185,185,185,185,185,185
138,135,135,135,135,135,135,135,135,135,135
97,97,97,97,97,97,97,97,97,97,97
63,60,60,60,60,60,60,60,60,60,60
36,36,36,36,36,36,36,36,36,36,36
16,13,13,13,13,13,13,13,13,12,12
4,4,4,4,4,4,4,4,4,4,4
0,0,0,0,0,0,0,0,0,0,0
4,4,4,4,4,4,4,4,4,4,4
16,13,13,13,13,13,13,13,13,13,13
35,35,35,35,35,35,35,35,35,35,35
63,60,60,60,60,60,60,60,60,60,60
97,97,97,97,97,97,97,97,97,97,97
138,135,135,135,135,135,135,135,135,136,136
185,185,185,185,185,185,185,185,185,185,185
237,234,234,234,234,234,234,234,234,234,235
293,293,293,293,293,293,293,293,293,293,293
353,350,350,350,350,350,350,351,351,351,351
415,415,415,415,415,415,415,415,415,415,415
479,476,476,476,476,476,477,477,477,477,477
543,543,543,543,543,543,543,543,543,543,543
607,604,604,604,604,605,605,605,605,605,605
669,669,669,669,669,669,669,669,669,669,669
729,726,726,726,727,727,727,727,727,727,727
786,786,786,786,786,786,786,786,786,786,786
838,835,835,835,835,835,835,835,835,835,835
885,885,885,885,885,885,885,885,885,885,885
926,923,923,923,923,923,923,923,923,923,923
960,960,960,960,960,960,960,960,960,960,960
987,984,984,985,985,985,985,985,985,985,985
1007,1007,1007,1007,1007,1007,1007,1007,1007,1007,1007
1019,1016,1016,1016,1016,1016,1016,1016,1016,1017,1017
1023,1023,1023,1023,1023,1023,1023,1023,1023,1023,1023
1019,1016,1016,1016,1016,1016,1016,1016,1016,1016,1016
1007,1007,1007,1007,1007,1007,1007,1007,1007,1007,1007
988,985,985,985,985,985,985,984,984,984,984
960,960,960,960,960,960,960,960,960,960,960
926,923,923,923,923,923,923,923,923,923,923
885,885,885,885,885,885,885,885,885,885,885
838,835,835,835,835,835,835,835,835,835,835
786,786,786,786,786,786,786,786,786,786,786
730,727,727,727,727,726,726,726,726,726,726
670,670,670,670,670,670,670,670,670,670,670
608,605,605,605,605,604,604,604,604,604,604
544,544,544,544,544,544,544,544,544,544,544
480,477,477,476,476,476,476,476,476,476,476
416,416,416,416,416,416,416,416,416,416,416
354,351,350,350,350,350,350,350,350,350,350
294,294,294,294,294,294,294,294,294,294,294
237,234,234,234,234,234,234,234,234,234,234
185,185,185,185,185,185,185,185,185,185,185
139,135,135,135,135,135,135,135,135,135,135
97,97,97,97,97,97,97,97,97,97,97
63,60,60,60,60,60,60,60,60,60,60
36,36,36,36,36,36,36,36,36,36,36
16,13,13,13,13,13,13,13,13,13,13
4,4,4,4,4,4,4,4,4,4,4
0,0,0,0,0,0,0,0,0,0,0
3,3,3,3,3,3,3,3,3,3,3
15,13,13,13,13,13,13,13,13,13,13
35,35,35,35,35,35,35,35,35,35,35
63,60,60,60,60,60,60,60,60,60,60
97,97,97,97,97,97,97,97,97,97,97
138,135,135,135,135,135,135,135,135,135,135
185,185,185,185,185,185,185,185,185,185,185
237,234,234,234,234,234,234,234,234,234,234
293,293,293,293,293,293,293,293,293,293,293
353,350,350,350,350,350,350,350,350,350,350
415,415,415,415,415,415,415,415,415,415,415
479,476,476,476,476,476,476,476,476,477,477
543,543,543,543,543,543,543,543,543,543,543
607,604,604,604,604,604,604,604,605,605,605
669,669,669,669,669,669,669,669,669,669,669
729,726,726,726,726,726,726,727,727,727,727
785,785,785,785,785,785,785,785,785,785,785
838,835,835,835,835,835,835,835,835,835,835
884,884,884,884,884,884,884,884,884,884,884
925,922,923,923,923,923,923,923,923,923,923
960,960,960,960,960,960,960,960,960,960,960
987,984,984,984,984,984,985,985,985,985,985
1007,1007,1007,1007,1007,1007,1007,1007,1007,1007,1007
1019,1016,1016,1016,1016,1016,1016,1016,1016,1016,1016
1023,1023,1023,1023,1023,1023,1023,1023,1023,1023,1023
1020,1017,1017,1016,1016,1016,1016,1016,1016,1016,1016
1008,1008,1008,1008,1008,1008,1008,1008,1008,1008,1008
988,985,985,985,985,985,985,985,985,985,984
960,960,960,960,960,960,960,960,960,960,960
926,923,923,923,923,923,923,923,923,923,923
885,885,885,885,885,885,885,885,885,885,885
838,835,835,835,835,835,835,835,835,835,835
786,786,786,786,786,786,786,786,786,786,786
730,727,727,727,727,727,727,727,726,726,726
670,670,670,670,670,670,670,670,670,670,670
608,605,605,605,605,605,605,605,604,604,604
544,544,544,544,544,544,544,544,544,544,544
480,477,477,477,477,477,476,476,476,476,476
416,416,416,416,416,416,416,416,416,416,416
354,351,351,351,351,350,350,350,350,350,350
294,294,294,294,294,294,294,294,294,294,294
238,235,235,234,234,234,234,234,234,234,234
186,186,186,186,186,186,186,186,186,186,186
139,136,136,136,135,135,135,135,135,135,135
98,98,98,98,98,98,98,98,98,98,98
63,60,60,60,60,60,60,60,60,60,60
36,36,36,36,36,36,36,36,36,36,36
16,13,13,13,13,13,13,13,13,13,13
4,4,4,4,4,4,4,4,4,4,4
0,0,0,0,0,0,0,0,0,0,0
3,3,3,3,3,3,3,3,3,3,3
15,12,12,12,13,13,13,13,13,13,13
35,35,35,35,35,35,35,35,35,35,35
63,60,60,60,60,60,60,60,60,60,60
97,97,97,97,97,97,97,97,97,97,97
138,135,135,135,135,135,135,135,135,135,135
185,185,185,185,185,185,185,185,185,185,185
237,234,234,234,234,234,234,234,234,234,234
293,293,293,293,293,293,293,293,293,293,293
353,350,350,350,350,350,350,350,350,350,350
415,415,415,415,415,415,415,415,415,415,415
479,476,476,476,476,476,476,476,476,476,476
543,543,543,543,543,543,543,543,543,543,543
607,604,604,604,604,604,604,604,604,604,604
669,669,669,669,669,669,669,669,669,669,669
729,726,726,726,726,726,726,726,726,726,727
785,785,785,785,785,785,785,785,785,785,785
837,834,834,835,835,835,835,835,835,835,835
884,884,884,884,884,884,884,884,884,884,884
925,922,922,922,922,923,923,923,923,923,923
960,960,960,960,960,960,960,960,960,960,960
987,984,984,984,984,984,984,984,984,985,985
1007,1007,1007,1007,1007,1007,1007,1007,1007,1007,1007
1019,1016,1016,1016,1016,1016,1016,1016,1016,1016,1016
1023,1023,1023,1023,1023,1023,1023,1023,1023,1023,1023
1020,1017,1017,1017,1017,1017,1016,1016,1016,1016,1016
1008,1008,1008,1008,1008,1008,1008,1008,1008,1008,1008
988,985,985,985,985,985,985,985,985,985,985
960,960,960,960,960,960,960,960,960,960,960
926,923,923,923,923,923,923,923,923,923,923
885,885,885,885,885,885,885,885,885,885,885
838,835,835,835,835,835,835,835,835,835,835
786,786,786,786,786,786,786,786,786,786,786
730,727,727,727,727,727,727,727,727,727,727
670,670,670,670,670,670,670,670,670,670,670
608,605,605,605,605,605,605,605,605,605,605
544,544,544,544,544,544,544,544,544,544,544
480,477,477,477,477,477,477,477,477,476,476
416,416,416,416,416,416,416,416,416,416,416
354,351,351,351,351,351,351,351,350,350,350
294,294,294,294,294,294,294,294,294,294,294
238,235,235,235,235,235,234,234,234,234,234
186,186,186,186,186,186,186,186,186,186,186
139,136,136,136,136,136,136,135,135,135,135
98,98,98,98,98,98,98,98,98,98,98
63,60,60,60,60,60,60,60,60,60,60
36,36,36,36,36,36,36,36,36,36,36
16,13,13,13,13,13,13,13,13,13,13
4,4,4,4,4,4,4,4,4,4,4
0,0,0,0,0,0,0,0,0,0,0
3,3,3,3,3,3,3,3,3,3,3
15,12,12,12,12,12,12,13,13,13,13
35,35,35,35,35,35,35,35,35,35,35
62,59,60,60,60,60,60,60,60,60,60
97,97,97,97,97,97,97,97,97,97,97
138,135,135,135,135,135,135,135,135,135,135
185,185,185,185,185,185,185,185,185,185,185
236,234,234,234,234,234,234,234,234,234,234
293,293,293,293,293,293,293,293,293,293,293
353,350,350,350,350,350,350,350,350,350,350
415,415,415,415,415,415,415,415,415,415,415
479,476,476,476,476,476,476,476,476,476,476
543,543,543,543,543,543,543,543,543,543,543
607,604,604,604,604,604,604,604,604,604,604
669,669,669,669,669,669,669,669,669,669,669
729,726,726,726,726,726,726,726,726,726,726
785,785,785,785,785,785,785,785,785,785,785
837,834,834,834,834,834,835,835,835,835,835
884,884,884,884,884,884,884,884,884,884,884
925,922,922,922,922,922,922,922,923,923,923
960,960,960,960,960,960,960,960,960,960,960
987,984,984,984,984,984,984,984,984,984,984
1007,1007,1007,1007,1007,1007,1007,1007,1007,1007,1007
1019,1016,1016,1016,1016,1016,1016,1016,1016,1016,1016
1023,1023,1023,1023,1023,1023,1023,1023,1023,1023,1023
1020,1017,1017,1017,1017,1017,1017,1017,1017,1016,1016
1008,1008,1008,1008,1008,1008,1008,1008,1008,1008,1008
988,985,985,985,985,985,985,985,985,985,985
961,961,961,961,961,961,961,961,961,961,961
926,923,923,923,923,923,923,923,923,923,923
885,885,885,885,885,885,885,885,885,885,885
839,836,835,835,835,835,835,835,835,835,835
787,787,787,787,787,787,787,787,787,787,787
730,727,727,727,727,727,727,727,727,727,727
671,671,671,671,671,671,671,671,671,671,671
608,605,605,605,605,605,605,605,605,605,605
545,545,545,545,545,545,545,545,545,545,545
480,477,477,477,477,477,477,477,477,477,477
416,416,416,416,416,416,416,416,416,416,416
354,351,351,351,351,351,351,351,351,351,351
294,294,294,294,294,294,294,294,294,294,294
238,235,235,235,235,235,235,235,235,234,234
186,186,186,186,186,186,186,186,186,186,186
139,136,136,136,136,136,136,136,136,136,135
98,98,98,98,98,98,98,98,98,98,98
63,60,60,60,60,60,60,60,60,60,60
36,36,36,36,36,36,36,36,36,36,36
16,13,13,13,13,13,13,13,13,13,13
4,4,4,4,4,4,4,4,4,4,4
0,0,0,0,0,0,0,0,0,0,0
3,3,3,3,3,3,3,3,3,3,3
15,12,12,12,12,12,12,12,12,12,13
35,35,35,35,35,35,35,35,35,35,35
62,59,59,59,59,60,60,60,60,60,60
97,97,97,97,97,97,97,97,97,97,97
138,135,135,135,135,135,135,135,135,135,135
184,184,184,184,184,184,184,184,184,184,184
236,233,233,233,234,234,234,234,234,234,234
293,293,293,293,293,293,293,293,293,293,293
352,349,349,350,350,350,350,350,350,350,350
415,415,415,415,415,415,415,415,415,415,415
478,475,475,476,476,476,476,476,476,476,476
543,543,543,543,543,543,543,543,543,543,543
606,603,604,604,604,604,604,604,604,604,604
669,669,669,669,669,669,669,669,669,669,669
729,726,726,726,726,726,726,726,726,726,726
785,785,785,785,785,785,785,785,785,785,785
837,834,834,834,834,834,834,834,834,835,835
884,884,884,884,884,884,884,884,884,884,884
925,922,922,922,922,922,922,922,922,922,922
960,960,960,960,960,960,960,960,960,960,960
987,984,984,984,984,984,984,984,984,984,984
1007,1007,1007,1007,1007,1007,1007,1007,1007,1007,1007
1019,1016,1016,1016,1016,1016,1016,1016,1016,1016,1016
1023,1023,1023,1023,1023,1023,1023,1023,1023,1023,1023
1020,1017,1017,1017,1017,1017,1017,1017,1017,1017,1017
1008,1008,1008,1008,1008,1008,1008,1008,1008,1008,1008
988,985,985,985,985,985,985,985,985,985,985
961,961,961,961,961,961,961,961,961,961,961
926,923,923,923,923,923,923,923,923,923,923
885,885,885,885,885,885,885,885,885,885,885
839,836,836,836,836,835,835,835,835,835,835
787,787,787,787,787,787,787,787,787,787,787
730,727,727,727,727,727,727,727,727,727,727
671,671,671,671,671,671,671,671,671,671,671
609,605,605,605,605,605,605,605,605,605,605
545,545,545,545,545,545,545,545,545,545,545
480,477,477,477,477,477,477,477,477,477,477
417,417,417,417,417,417,417,417,417,417,417
354,351,351,351,351,351,351,351,351,351,351
295,295,295,295,295,295,295,295,295,295,295
238,235,235,235,235,235,235,235,235,235,235
186,186,186,186,186,186,186,186,186,186,186
139,136,136,136,136,136,136,136,136,136,136
98,98,98,98,98,98,98,98,98,98,98
63,60,60,60,60,60,60,60,60,60,60
36,36,36,36,36,36,36,36,36,36,36
16,13,13,13,13,13,13,13,13,13,13
4,4,4,4,4,4,4,4,4,4,4
0,0,0,0,0,0,0,0,0,0,0
3,3,3,3,3,3,3,3,3,3,3
15,12,12,12,12,12,12,12,12,12,12
35,35,35,35,35,35,35,35,35,35,35
62,59,59,59,59,59,59,59,60,60,60
97,97,97,97,97,97,97,97,97,97,97
137,135,135,135,135,135,135,135,135,135,135
184,184,184,184,184,184,184,184,184,184,184
236,233,233,233,233,233,233,234,234,234,234
292,292,292,292,292,292,292,292,292,292,292
352,349,349,349,349,349,350,350,350,350,350
414,414,414,414,414,414,414,414,414,414,414
478,475,475,475,475,475,476,476,476,476,476
542,542,542,542,542,542,542,542,542,542,542
606,603,603,603,603,604,604,604,604,604,604
669,669,669,669,669,669,669,669,669,669,669
728,725,726,726,726,726,726,726,726,726,726
785,785,785,785,785,785,785,785,785,785,785
837,834,834,834,834,834,834,834,834,834,834
884,884,884,884,884,884,884,884,884,884,884
925,922,922,922,922,922,922,922,922,922,922
960,960,960,960,960,960,960,960,960,960,960
987,984,984,984,984,984,984,984,984,984,984
1007,1007,1007,1007,1007,1007,1007,1007,1007,1007,1007
1019,1016,1016,1016,1016,1016,1016,1016,1016,1016,1016
1023,1023,1023,1023,1023,1023,1023,1023,1023,1023,1023
1020,1017,1017,1017,1017,1017,1017,1017,1017,1017,1017
1008,1008,1008,1008,1008,1008,1008,1008,1008,1008,1008
988,985,985,985,985,985,985,985,985,985,985
961,961,961,961,961,961,961,961,961,961,961
926,923,923,923,923,923,923,923,923,923,923
886,886,886,886,886,886,886,886,886,886,886
839,836,836,836,836,836,836,836,835,835,835
787,787,787,787,787,787,787,787,787,787,787
731,728,728,727,727,727,727,727,727,727,727
671,671,671,671,671,671,671,671,671,671,671
609,606,606,606,605,605,605,605,605,605,605
545,545,545,545,545,545,545,545,545,545,545
481,478,478,477,477,477,477,477,477,477,477
417,417,417,417,417,417,417,417,417,417,417
355,351,351,351,351,351,351,351,351,351,351
295,295,295,295,295,295,295,295,295,295,295
238,235,235,235,235,235,235,235,235,235,235
186,186,186,186,186,186,186,186,186,186,186
139,136,136,136,136,136,136,136,136,136,136
98,98,98,98,98,98,98,98,98,98,98
63,60,60,60,60,60,60,60,60,60,60
36,36,36,36,36,36,36,36,36,36,36
16,13,13,13,13,13,13,13,13,13,13
4,4,4,4,4,4,4,4,4,4,4
0,0,0,0,0,0,0,0,0,0,0
3,3,3,3,3,3,3,3,3,3,3
15,12,12,12,12,12,12,12,12,12,12
35,35,35,35,35,35,35,35,35,35,35
62,59,59,59,59,59,59,59,59,59,59
96,96,96,96,96,96,96,96,96,96,96
137,134,134,134,134,135,135,135,135,135,135
184,184,184,184,184,184,184,184,184,184,184
236,233,233,233,233,233,233,233,233,233,234
292,292,292,292,292,292,292,292,292,292,292
352,349,349,349,349,349,349,349,349,350,350
414,414,414,414,414,414,414,414,414,414,414
478,475,475,475,475,475,475,475,475,476,476
542,542,542,542,542,542,542,542,542,542,542
606,603,603,603,603,603,603,603,604,604,604
668,668,668,668,668,668,668,668,668,668,668
728,725,725,725,725,726,726,726,726,726,726
785,785,785,785,785,785,785,785,785,785,785
837,834,834,834,834,834,834,834,834,834,834
884,884,884,884,884,884,884,884,884,884,884
925,922,922,922,922,922,922,922,922,922,922
959,959,959,959,959,959,959,959,959,959,959
987,984,984,984,984,984,984,984,984,984,984
1007,1007,1007,1007,1007,1007,1007,1007,1007,1007,1007
1019,1016,1016,1016,1016,1016,1016,1016,1016,1016,1016
1023,1023,1023,1023,1023,1023,1023,1023,1023,1023,1023
1020,1017,1017,1017,1017,1017,1017,1017,1017,1017,1017
1008,1008,1008,1008,1008,1008,1008,1008,1008,1008,1008
988,985,985,985,985,985,985,985,985,985,985
961,961,961,961,961,961,961,961,961,961,961
927,924,924,923,923,923,923,923,923,923,923
886,886,886,886,886,886,886,886,886,886,886
839,836,836,836,836,836,836,836,836,836,836
787,787,787,787,787,787,787,787,787,787,787
731,728,728,728,728,728,727,727,727,727,727
671,671,671,671,671,671,671,671,671,671,671
609,606,606,606,606,606,606,605,605,605,605
545,545,545,545,545,545,545,545,545,545,545
481,478,478,478,478,478,477,477,477,477,477
417,417,417,417,417,417,417,417,417,417,417
355,352,352,352,351,351,351,351,351,351,351
295,295,295,295,295,295,295,295,295,295,295
238,235,235,235,235,235,235,235,235,235,235
186,186,186,186,186,186,186,186,186,186,186
139,136,136,136,136,136,136,136,136,136,136
98,98,98,98,98,98,98,98,98,98,98
64,61,61,60,60,60,60,60,60,60,60
36,36,36,36,36,36,36,36,36,36,36
16,13,13,13,13,13,13,13,13,13,13
4,4,4,4,4,4,4,4,4,4,4
0,0,0,0,0,0,0,0,0,0,0
3,3,3,3,3,3,3,3,3,3,3
15,12,12,12,12,12,12,12,12,12,12
35,35,35,35,35,35,35,35,35,35,35
62,59,59,59,59,59,59,59,59,59,59
96,96,96,96,96,96,96,96,96,96,96
137,134,134,134,134,134,134,134,135,135,135
184,184,184,184,184,184,184,184,184,184,184
236,233,233,233,233,233,233,233,233,233,233
292,292,292,292,292,292,292,292,292,292,292
352,349,349,349,349,349,349,349,349,349,349
414,414,414,414,414,414,414,414,414,414,414
478,475,475,475,475,475,475,475,475,475,475
542,542,542,542,542,542,542,542,542,542,542
606,603,603,603,603,603,603,603,603,603,603
668,668,668,668,668,668,668,668,668,668,668
728,725,725,725,725,725,725,725,726,726,726
784,784,784,784,784,784,784,784,784,784,784
837,834,834,834,834,834,834,834,834,834,834
884,884,884,884,884,884,884,884,884,884,884
925,922,922,922,922,922,922,922,922,922,922
959,959,959,959,959,959,959,959,959,959,959
987,984,984,984,984,984,984,984,984,984,984
1007,1007,1007,1007,1007,1007,1007,1007,1007,1007,1007
1019,1016,1016,1016,1016,1016,1016,1016,1016,1016,1016
1023,1023,1023,1023,1023,1023,1023,1023,1023,1023,1023
1020,1017,1017,1017,1017,1017,1017,1017,1017,1017,1017
1008,1008,1008,1008,1008,1008,1008,1008,1008,1008,1008
988,985,985,985,985,985,985,985,985,985,985
961,961,961,961,961,961,961,961,961,961,961
927,924,924,924,924,924,923,923,923,923,923
886,886,886,886,886,886,886,886,886,886,886
839,836,836,836,836,836,836,836,836,836,836
787,787,787,787,787,787,787,787,787,787,787
731,728,728,728,728,728,728,728,728,728,727
671,671,671,671,671,671,671,671,671,671,671
609,606,606,606,606,606,606,606,606,606,605
545,545,545,545,545,545,545,545,545,545,545
481,478,478,478,478,478,478,478,478,477,477
417,417,417,417,417,417,417,417,417,417,417
355,352,352,352,352,352,352,351,351,351,351
295,295,295,295,295,295,295,295,295,295,295
239,236,236,235,235,235,235,235,235,235,235
186,186,186,186,186,186,186,186,186,186,186
139,136,136,136,136,136,136,136,136,136,136
98,98,98,98,98,98,98,98,98,98,98
64,61,61,61,61,61,60,60,60,60,60
36,36,36,36,36,36,36,36,36,36,36
16,13,13,13,13,13,13,13,13,13,13
4,4,4,4,4,4,4,4,4,4,4
0,0,0,0,0,0,0,0,0,0,0
3,3,3,3,3,3,3,3,3,3,3
15,12,12,12,12,12,12,12,12,12,12
35,35,35,35,35,35,35,35,35,35,35
62,59,59,59,59,59,59,59,59,59,59
96,96,96,96,96,96,96,96,96,96,96
137,134,134,134,134,134,134,134,134,134,134
184,184,184,184,184,184,184,184,184,184,184
236,233,233,233,233,233,233,233,233,233,233
292,292,292,292,292,292,292,292,292,292,292
352,349,349,349,349,349,349,349,349,349,349
414,414,414,414,414,414,414,414,414,414,414
478,475,475,475,475,475,475,475,475,475,475
542,542,542,542,542,542,542,542,542,542,542
606,603,603,603,603,603,603,603,603,603,603
668,668,668,668,668,668,668,668,668,668,668
728,725,725,725,725,725,725,725,725,725,725
784,784,784,784,784,784,784,784,784,784,784
836,834,834,834,834,834,834,834,834,834,834
883,883,883,883,883,883,883,883,883,883,883
925,922,922,922,922,922,922,922,922,922,922
959,959,959,959,959,959,959,959,959,959,959
987,984,984,984,984,984,984,984,984,984,984
1007,1007,1007,1007,1007,1007,1007,1007,1007,1007,1007
1019,1016,1016,1016,1016,1016,1016,1016,1016,1016,1016
1023,1023,1023,1023,1023,1023,1023,1023,1023,1023,1023
1020,1017,1017,1017,1017,1017,1017,1017,1017,1017,1017
1008,1008,1008,1008,1008,1008,1008,1008,1008,1008,1008
988,985,985,985,985,985,985,985,985,985,985
961,961,961,961,961,961,961,961,961,961,961
927,924,924,924,924,924,924,924,924,923,923
886,886,886,886,886,886,886,886,886,886,886
839,836,836,836,836,836,836,836,836,836,836
787,787,787,787,787,787,787,787,787,787,787
731,728,728,728,728,728,728,728,728,728,728
672,672,672,672,672,672,672,672,672,672,672
609,606,606,606,606,606,606,606,606,606,606
546,546,546,546,546,546,546,546,546,546,546
481,478,478,478,478,478,478,478,478,478,478
417,417,417,417,417,417,417,417,417,417,417
355,352,352,352,352,352,352,352,352,352,351
295,295,295,295,295,295,295,295,295,295,295
239,236,236,236,236,236,235,235,235,235,235
187,187,187,187,187,187,187,187,187,187,187
140,137,136,136,136,136,136,136,136,136,136
98,98,98,98,98,98,98,98,98,98,98
64,61,61,61,61,61,61,61,61,60,60
36,36,36,36,36,36,36,36,36,36,36
16,13,13,13,13,13,13,13,13,13,13
4,4,4,4,4,4,4,4,4,4,4
0,0,0,0,0,0,0,0,0,0,0
3,3,3,3,3,3,3,3,3,3,3
15,12,12,12,12,12,12,12,12,12,12
35,35,35,35,35,35,35,35,35,35,35
62,59,59,59,59,59,59,59,59,59,59
96,96,96,96,96,96,96,96,96,96,96
137,134,134,134,134,134,134,134,134,134,134
184,184,184,184,184,184,184,184,184,184,184
235,233,233,233,233,233,233,233,233,233,233
292,292,292,292,292,292,292,292,292,292,292
351,348,349,349,349,349,349,349,349,349,349
414,414,414,414,414,414,414,414,414,414,414
477,474,474,475,475,475,475,475,475,475,475
542,542,542,542,542,542,542,542,542,542,542
605,603,603,603,603,603,603,603,603,603,603
668,668,668,668,668,668,668,668,668,668,668
728,725,725,725,725,725,725,725,725,725,725
784,784,784,784,784,784,784,784,784,784,784
836,833,833,833,834,834,834,834,834,834,834
883,883,883,883,883,883,883,883,883,883,883
925,922,922,922,922,922,922,922,922,922,922
959,959,959,959,959,959,959,959,959,959,959
987,984,984,984,984,984,984,984,984,984,984
1007,1007,1007,1007,1007,1007,1007,1007,1007,1007,1007
1019,1016,1016,1016,1016,1016,1016,1016,1016,1016,1016
1023,1023,1023,1023,1023,1023,1023,1023,1023,1023,1023
1020,1017,1017,1017,1017,1017,1017,1017,1017,1017,1017
1008,1008,1008,1008,1008,1008,1008,1008,1008,1008,1008
988,985,985,985,985,985,985,985,985,985,985
961,961,961,961,961,961,961,961,961,961,961
927,924,924,924,924,924,924,924,924,924,924
886,886,886,886,886,886,886,886,886,886,886
839,836,836,836,836,836,836,836,836,836,836
788,788,788,788,788,788,788,788,788,788,788
731,728,728,728,728,728,728,728,728,728,728
672,672,672,672,672,672,672,672,672,672,672
609,606,606,606,606,606,606,606,606,606,606
546,546,546,546,546,546,546,546,546,546,546
481,478,478,478,478,478,478,478,478,478,478
418,418,418,418,418,418,418,418,418,418,418
355,352,352,352,352,352,352,352,352,352,352
295,295,295,295,295,295,295,295,295,295,295
239,236,236,236,236,236,236,236,236,235,235
187,187,187,187,187,187,187,187,187,187,187
140,137,137,137,137,137,136,136,136,136,136
99,99,99,99,99,99,99,99,99,99,99
64,61,61,61,61,61,61,61,61,61,61
36,36,36,36,36,36,36,36,36,36,36
16,13,13,13,13,13,13,13,13,13,13
4,4,4,4,4,4,4,4,4,4,4
0,0,0,0,0,0,0,0,0,0,0
3,3,3,3,3,3,3,3,3,3,3
15,12,12,12,12,12,12,12,12,12,12
35,35,35,35,35,35,35,35,35,35,35
62,59,59,59,59,59,59,59,59,59,59
96,96,96,96,96,96,96,96,96,96,96
137,134,134,134,134,134,134,134,134,134,134
183,183,183,183,183,183,183,183,183,183,183
235,232,232,232,233,233,233,233,233,233,233
292,292,292,292,292,292,292,292,292,292,292
351,348,348,348,348,349,349,349,349,349,349
413,413,413,413,413,413,413,413,413,413,413
477,474,474,474,474,474,475,475,475,475,475
541,541,541,541,541,541,541,541,541,541,541
605,602,602,602,603,603,603,603,603,603,603
668,668,668,668,668,668,668,668,668,668,668
728,725,725,725,725,725,725,725,725,725,725
784,784,784,784,784,784,784,784,784,784,784
836,833,833,833,833,833,833,833,834,834,834
883,883,883,883,883,883,883,883,883,883,883
924,921,921,922,922,922,922,922,922,922,922
959,959,959,959,959,959,959,959,959,959,959
987,984,984,984,984,984,984,984,984,984,984
1007,1007,1007,1007,1007,1007,1007,1007,1007,1007,1007
1019,1016,1016,1016,1016,1016,1016,1016,1016,1016,1016
1023,1023,1023,1023,1023,1023,1023,1023,1023,1023,1023
1020,1017,1017,1017,1017,1017,1017,1017,1017,1017,1017
1008,1008,1008,1008,1008,1008,1008,1008,1008,1008,1008
988,985,985,985,985,985,985,985,985,985,985
961,961,961,961,961,961,961,961,961,961,961
927,924,924,924,924,924,924,924,924,924,924
886,886,886,886,886,886,886,886,886,886,886
840,837,837,836,836,836,836,836,836,836,836
788,788,788,788,788,788,788,788,788,788,788
732,728,728,728,728,728,728,728,728,728,728
672,672,672,672,672,672,672,672,672,672,672
610,607,607,606,606,606,606,606,606,606,606
546,546,546,546,546,546,546,546,546,546,546
482,479,479,478,478,478,478,478,478,478,478
418,418,418,418,418,418,418,418,418,418,418
355,352,352,352,352,352,352,352,352,352,352
296,296,296,296,296,296,296,296,296,296,296
239,236,236,236,236,236,236,236,236,236,236
187,187,187,187,187,187,187,187,187,187,187
140,137,137,137,137,137,137,137,137,136,136
99,99,99,99,99,99,99,99,99,99,99
64,61,61,61,61,61,61,61,61,61,61
36,36,36,36,36,36,36,36,36,36,36
16,13,13,13,13,13,13,13,13,13,13
4,4,4,4,4,4,4,4,4,4,4
0,0,0,0,0,0,0,0,0,0,0
3,3,3,3,3,3,3,3,3,3,3
15,12,12,12,12,12,12,12,12,12,12
35,35,35,35,35,35,35,35,35,35,35
62,59,59,59,59,59,59,59,59,59,59
96,96,96,96,96,96,96,96,96,96,96
137,134,134,134,134,134,134,134,134,134,134
183,183,183,183,183,183,183,183,183,183,183
235,232,232,232,232,232,232,233,233,233,233
291,291,291,291,291,291,291,291,291,291,291
351,348,348,348,348,348,348,348,349,349,349
413,413,413,413,413,413,413,413,413,413,413
477,474,474,474,474,474,474,474,474,475,475
541,541,541,541,541,541,541,541,541,541,541
605,602,602,602,602,602,602,603,603,603,603
667,667,667,667,667,667,667,667,667,667,667
727,724,724,724,725,725,725,725,725,725,725
784,784,784,784,784,784,784,784,784,784,784
836,833,833,833,833,833,833,833,833,833,833
883,883,883,883,883,883,883,883,883,883,883
924,921,921,921,921,921,922,922,922,922,922
959,959,959,959,959,959,959,959,959,959,959
987,984,984,984,984,984,984,984,984,984,984
1007,1007,1007,1007,1007,1007,1007,1007,1007,1007,1007
1019,1016,1016,1016,1016,1016,1016,1016,1016,1016,1016
1023,1023,1023,1023,1023,1023,1023,1023,1023,1023,1023
1020,1017,1017,1017,1017,1017,1017,1017,1017,1017,1017
1008,1008,1008,1008,1008,1008,1008,1008,1008,1008,1008
988,985,985,985,985,985,985,985,985,985,985
961,961,961,961,961,961,961,961,961,961,961
927,924,924,924,924,924,924,924,924,924,924
886,886,886,886,886,886,886,886,886,886,886
840,837,837,837,837,837,836,836,836,836,836
788,788,788,788,788,788,788,788,788,788,788
732,729,729,729,729,728,728,728,728,728,728
672,672,672,672,672,672,672,672,672,672,672
610,607,607,607,607,607,606,606,606,606,606
546,546,546,546,546,546,546,546,546,546,546
482,479,479,479,479,479,478,478,478,478,478
418,418,418,418,418,418,418,418,418,418,418
356,353,353,352,352,352,352,352,352,352,352
296,296,296,296,296,296,296,296,296,296,296
239,236,236,236,236,236,236,236,236,236,236
187,187,187,187,187,187,187,187,187,187,187
140,137,137,137,137,137,137,137,137,137,137
99,99,99,99,99,99,99,99,99,99,99
64,61,61,61,61,61,61,61,61,61,61
36,36,36,36,36,36,36,36,36,36,36
16,13,13,13,13,13,13,13,13,13,13
4,4,4,4,4,4,4,4,4,4,4
0,0,0,0,0,0,0,0,0,0,0
3,3,3,3,3,3,3,3,3,3,3
15,12,12,12,12,12,12,12,12,12,12
35,35,35,35,35,35,35,35,35,35,35
62,59,59,59,59,59,59,59,59,59,59
96,96,96,96,96,96,96,96,96,96,96
137,134,134,134,134,134,134,134,134,134,134
183,183,183,183,183,183,183,183,183,183,183
235,232,232,232,232,232,232,232,232,232,233
291,291,291,291,291,291,291,291,291,291,291
351,348,348,348,348,348,348,348,348,348,348
413,413,413,413,413,413,413,413,413,413,413
477,474,474,474,474,474,474,474,474,474,474
541,541,541,541,541,541,541,541,541,541,541
605,602,602,602,602,602,602,602,602,602,603
667,667,667,667,667,667,667,667,667,667,667
727,724,724,724,724,724,724,725,725,725,725
784,784,784,784,784,784,784,784,784,784,784
836,833,833,833,833,833,833,833,833,833,833
883,883,883,883,883,883,883,883,883,883,883
924,921,921,921,921,921,921,921,921,922,922
959,959,959,959,959,959,959,959,959,959,959
987,984,984,984,984,984,984,984,984,984,984
1007,1007,1007,1007,1007,1007,1007,1007,1007,1007,1007
1019,1016,1016,1016,1016,1016,1016,1016,1016,1016,1016
1023,1023,1023,1023,1023,1023,1023,1023,1023,1023,1023
1020,1017,1017,1017,1017,1017,1017,1017,1017,1017,1017
1008,1008,1008,1008,1008,1008,1008,1008,1008,1008,1008
989,985,985,985,985,985,985,985,985,985,985
961,961,961,961,961,961,961,961,961,961,961
927,924,924,924,924,924,924,924,924,924,924
887,887,887,887,887,887,887,887,887,887,887
840,837,837,837,837,837,837,837,837,836,836
788,788,788,788,788,788,788,788,788,788,788
732,729,729,729,729,729,729,729,728,728,728
672,672,672,672,672,672,672,672,672,672,672
610,607,607,607,607,607,607,607,607,607,606
546,546,546,546,546,546,546,546,546,546,546
482,479,479,479,479,479,479,479,479,478,478
418,418,418,418,418,418,418,418,418,418,418
356,353,353,353,353,353,352,352,352,352,352
296,296,296,296,296,296,296,296,296,296,296
239,236,236,236,236,236,236,236,236,236,236
187,187,187,187,187,187,187,187,187,187,187
140,137,137,137,137,137,137,137,137,137,137
99,99,99,99,99,99,99,99,99,99,99
64,61,61,61,61,61,61,61,61,61,61
36,36,36,36,36,36,36,36,36,36,36
16,13,13,13,13,13,13,13,13,13,13
4,4,4,4,4,4,4,4,4,4,4
0,0,0,0,0,0,0,0,0,0,0
3,3,3,3,3,3,3,3,3,3,3
15,12,12,12,12,12,12,12,12,12,12
34,34,34,34,34,34,34,34,34,34,34
62,59,59,59,59,59,59,59,59,59,59
96,96,96,96,96,96,96,96,96,96,96
136,133,133,134,134,134,134,134,134,134,134
183,183,183,183,183,183,183,183,183,183,183
235,232,232,232,232,232,232,232,232,232,232
291,291,291,291,291,291,291,291,291,291,291
351,348,348,348,348,348,348,348,348,348,348
413,413,413,413,413,413,413,413,413,413,413
477,474,474,474,474,474,474,474,474,474,474
541,541,541,541,541,541,541,541,541,541,541
605,602,602,602,602,602,602,602,602,602,602
667,667,667,667,667,667,667,667,667,667,667
727,724,724,724,724,724,724,724,724,724,725
783,783,783,783,783,783,783,783,783,783,783
836,833,833,833,833,833,833,833,833,833,833
883,883,883,883,883,883,883,883,883,883,883
924,921,921,921,921,921,921,921,921,921,921
959,959,959,959,959,959,959,959,959,959,959
987,984,984,984,984,984,984,984,984,984,984
1007,1007,1007,1007,1007,1007,1007,1007,1007,1007,1007
1019,1016,1016,1016,1016,1016,1016,1016,1016,1016,1016
1023,1023,1023,1023,1023,1023,1023,1023,1023,1023,1023
1020,1017,1017,1017,1017,1017,1017,1017,1017,1017,1017
1008,1008,1008,1008,1008,1008,1008,1008,1008,1008,1008
989,986,986,986,985,985,985,985,985,985,985
962,962,962,962,962,962,962,962,962,962,962
927,924,924,924,924,924,924,924,924,924,924
887,887,887,887,887,887,887,887,887,887,887
840,837,837,837,837,837,837,837,837,837,837
788,788,788,788,788,788,788,788,788,788,788
732,729,729,729,729,729,729,729,729,729,729
672,672,672,672,672,672,672,672,672,672,672
610,607,607,607,607,607,607,607,607,607,607
547,547,547,547,547,547,547,547,547,547,547
482,479,479,479,479,479,479,479,479,479,479
418,418,418,418,418,418,418,418,418,418,418
356,353,353,353,353,353,353,353,353,352,352
296,296,296,296,296,296,296,296,296,296,296
240,237,236,236,236,236,236,236,236,236,236
187,187,187,187,187,187,187,187,187,187,187
140,137,137,137,137,137,137,137,137,137,137
99,99,99,99,99,99,99,99,99,99,99
64,61,61,61,61,61,61,61,61,61,61
37,37,37,37,37,37,37,37,37,37,37
16,13,13,13,13,13,13,13,13,13,13
4,4,4,4,4,4,4,4,4,4,4
0,0,0,0,0,0,0,0,0,0,0
3,3,3,3,3,3,3,3,3,3,3
15,12,12,12,12,12,12,12,12,12,12
34,34,34,34,34,34,34,34,34,34,34
61,58,58,59,59,59,59,59,59,59,59
96,96,96,96,96,96,96,96,96,96,96
136,133,133,133,133,133,134,134,134,134,134
183,183,183,183,183,183,183,183,183,183,183
235,232,232,232,232,232,232,232,232,232,232
291,291,291,291,291,291,291,291,291,291,291
350,348,348,348,348,348,348,348,348,348,348
413,413,413,413,413,413,413,413,413,413,413
476,473,474,474,474,474,474,474,474,474,474
541,541,541,541,541,541,541,541,541,541,541
605,602,602,602,602,602,602,602,602,602,602
667,667,667,667,667,667,667,667,667,667,667
727,724,724,724,724,724,724,724,724,724,724
783,783,783,783,783,783,783,783,783,783,783
836,833,833,833,833,833,833,833,833,833,833
883,883,883,883,883,883,883,883,883,883,883
924,921,921,921,921,921,921,921,921,921,921
959,959,959,959,959,959,959,959,959,959,959
986,983,983,983,984,984,984,984,984,984,984
1007,1007,1007,1007,1007,1007,1007,1007,1007,1007,1007
1019,1016,1016,1016,1016,1016,1016,1016,1016,1016,1016
1023,1023,1023,1023,1023,1023,1023,1023,1023,1023,1023
1020,1017,1017,1017,1017,1017,1017,1017,1017,1017,1017
1008,1008,1008,1008,1008,1008,1008,1008,1008,1008,1008
989,986,986,986,986,986,986,985,985,985,985
962,962,962,962,962,962,962,962,962,962,962
928,924,924,924,924,924,924,924,924,924,924
887,887,887,887,887,887,887,887,887,887,887
840,837,837,837,837,837,837,837,837,837,837
788,788,788,788,788,788,788,788,788,788,788
732,729,729,729,729,729,729,729,729,729,729
673,673,673,673,673,673,673,673,673,673,673
610,607,607,607,607,607,607,607,607,607,607
547,547,547,547,547,547,547,547,547,547,547
482,479,479,479,479,479,479,479,479,479,479
419,419,419,419,419,419,419,419,419,419,419
356,353,353,353,353,353,353,353,353,353,353
296,296,296,296,296,296,296,296,296,296,296
240,237,237,237,237,237,236,236,236,236,236
188,188,188,188,188,188,188,188,188,188,188
140,137,137,137,137,137,137,137,137,137,137
99,99,99,99,99,99,99,99,99,99,99
64,61,61,61,61,61,61,61,61,61,61
37,37,37,37,37,37,37,37,37,37,37
16,13,13,13,13,13,13,13,13,13,13
4,4,4,4,4,4,4,4,4,4,4
0,0,0,0,0,0,0,0,0,0,0
3,3,3,3,3,3,3,3,3,3,3
15,12,12,12,12,12,12,12,12,12,12
34,34,34,34,34,34,34,34,34,34,34
61,58,58,58,58,58,59,59,59,59,59
95,95,95,95,95,95,95,95,95,95,95
136,133,133,133,133,133,133,133,133,134,134
183,183,183,183,183,183,183,183,183,183,183
234,232,232,232,232,232,232,232,232,232,232
291,291,291,291,291,291,291,291,291,291,291
350,347,347,347,348,348,348,348,348,348,348
412,412,412,412,412,412,412,412,412,412,412
476,473,473,473,473,474,474,474,474,474,474
540,540,540,540,540,540,540,540,540,540,540
604,601,601,602,602,602,602,602,602,602,602
667,667,667,667,667,667,667,667,667,667,667
727,724,724,724,724,724,724,724,724,724,724
783,783,783,783,783,783,783,783,783,783,783
835,832,832,833,833,833,833,833,833,833,833
883,883,883,883,883,883,883,883,883,883,883
924,921,921,921,921,921,921,921,921,921,921
959,959,959,959,959,959,959,959,959,959,959
986,983,983,983,983,983,983,984,984,984,984
1007,1007,1007,1007,1007,1007,1007,1007,1007,1007,1007
1019,1016,1016,1016,1016,1016,1016,1016,1016,1016,1016
1023,1023,1023,1023,1023,1023,1023,1023,1023,1023,1023
1020,1017,1017,1017,1017,1017,1017,1017,1017,1017,1017
1008,1008,1008,1008,1008,1008,1008,1008,1008,1008,1008
989,986,986,986,986,986,986,986,986,986,985
962,962,962,962,962,962,962,962,962,962,962
928,925,925,925,924,924,924,924,924,924,924
887,887,887,887,887,887,887,887,887,887,887
840,837,837,837,837,837,837,837,837,837,837
789,789,789,789,789,789,789,789,789,789,789
732,729,729,729,729,729,729,729,729,729,729
673,673,673,673,673,673,673,673,673,673,673
611,608,608,607,607,607,607,607,607,607,607
547,547,547,547,547,547,547,547,547,547,547
483,480,479,479,479,479,479,479,479,479,479
419,419,419,419,419,419,419,419,419,419,419
356,353,353,353,353,353,353,353,353,353,353
296,296,296,296,296,296,296,296,296,296,296
240,237,237,237,237,237,237,237,237,236,236
188,188,188,188,188,188,188,188,188,188,188
141,137,137,137,137,137,137,137,137,137,137
99,99,99,99,99,99,99,99,99,99,99
64,61,61,61,61,61,61,61,61,61,61
37,37,37,37,37,37,37,37,37,37,37
16,13,13,13,13,13,13,13,13,13,13
4,4,4,4,4,4,4,4,4,4,4
0,0,0,0,0,0,0,0,0,0,0
3,3,3,3,3,3,3,3,3,3,3
15,12,12,12,12,12,12,12,12,12,12
34,34,34,34,34,34,34,34,34,34,34
61,58,58,58,58,58,58,58,58,59,59
95,95,95,95,95,95,95,95,95,95,95
136,133,133,133,133,133,133,133,133,133,133
183,183,183,183,183,183,183,183,183,183,183
234,231,231,231,232,232,232,232,232,232,232
290,290,290,290,290,290,290,290,290,290,290
350,347,347,347,347,347,347,348,348,348,348
412,412,412,412,412,412,412,412,412,412,412
476,473,473,473,473,473,473,473,474,474,474
540,540,540,540,540,540,540,540,540,540,540
604,601,601,601,601,601,601,602,602,602,602
666,666,666,666,666,666,666,666,666,666,666
726,723,724,724,724,724,724,724,724,724,724
783,783,783,783,783,783,783,783,783,783,783
835,832,832,832,832,832,833,833,833,833,833
882,882,882,882,882,882,882,882,882,882,882
924,921,921,921,921,921,921,921,921,921,921
959,959,959,959,959,959,959,959,959,959,959
986,983,983,983,983,983,983,983,983,983,984
1007,1007,1007,1007,1007,1007,1007,1007,1007,1007,1007
1019,1016,1016,1016,1016,1016,1016,1016,1016,1016,1016
1023,1023,1023,1023,1023,1023,1023,1023,1023,1023,1023
1020,1017,1017,1017,1017,1017,1017,1017,1017,1017,1017
1008,1008,1008,1008,1008,1008,1008,1008,1008,1008,1008
989,986,986,986,986,986,986,986,986,986,986
962,962,962,962,962,962,962,962,962,962,962
928,925,925,925,925,925,925,924,924,924,924
887,887,887,887,887,887,887,887,887,887,887
841,837,837,837,837,837,837,837,837,837,837
789,789,789,789,789,789,789,789,789,789,789
733,730,730,729,729,729,729,729,729,729,729
673,673,673,673,673,673,673,673,673,673,673
611,608,608,608,608,608,607,607,607,607,607
547,547,547,547,547,547,547,547,547,547,547
483,480,480,480,480,479,479,479,479,479,479
419,419,419,419,419,419,419,419,419,419,419
357,354,353,353,353,353,353,353,353,353,353
297,297,297,297,297,297,297,297,297,297,297
240,237,237,237,237,237,237,237,237,237,237
188,188,188,188,188,188,188,188,188,188,188
141,138,138,138,137,137,137,137,137,137,137
99,99,99,99,99,99,99,99,99,99,99
65,61,61,61,61,61,61,61,61,61,61
37,37,37,37,37,37,37,37,37,37,37
16,13,13,13,13,13,13,13,13,13,13
4,4,4,4,4,4,4,4,4,4,4
0,0,0,0,0,0,0,0,0,0,0
3,3,3,3,3,3,3,3,3,3,3
15,12,12,12,12,12,12,12,12,12,12
34,34,34,34,34,34,34,34,34,34,34
61,58,58,58,58,58,58,58,58,58,58
95,95,95,95,95,95,95,95,95,95,95
136,133,133,133,133,133,133,133,133,133,133
182,182,182,182,182,182,182,182,182,182,182
234,231,231,231,231,231,231,232,232,232,232
290,290,290,290,290,290,290,290,290,290,290
350,347,347,347,347,347,347,347,347,347,348
412,412,412,412,412,412,412,412,412,412,412
476,473,473,473,473,473,473,473,473,473,473
540,540,540,540,540,540,540,540,540,540,540
604,601,601,601,601,601,601,601,601,601,602
666,666,666,666,666,666,666,666,666,666,666
726,723,723,723,723,724,724,724,724,724,724
783,783,783,783,783,783,783,783,783,783,783
835,832,832,832,832,832,832,832,832,833,833
882,882,882,882,882,882,882,882,882,882,882
924,921,921,921,921,921,921,921,921,921,921
958,958,958,958,958,958,958,958,958,958,958
986,983,983,983,983,983,983,983,983,983,983
1007,1007,1007,1007,1007,1007,1007,1007,1007,1007,1007
1019,1016,1016,1016,1016,1016,1016,1016,1016,1016,1016
1023,1023,1023,1023,1023,1023,1023,1023,1023,1023,1023
1020,1017,1017,1017,1017,1017,1017,1017,1017,1017,1017
1008,1008,1008,1008,1008,1008,1008,1008,1008,1008,1008
989,986,986,986,986,986,986,986,986,986,986
962,962,962,962,962,962,962,962,962,962,962
928,925,925,925,925,925,925,925,925,925,924
887,887,887,887,887,887,887,887,887,887,887
841,838,838,838,837,837,837,837,837,837,837
789,789,789,789,789,789,789,789,789,789,789
733,730,730,730,730,730,729,729,729,729,729
673,673,673,673,673,673,673,673,673,673,673
611,608,608,608,608,608,608,608,608,607,607
547,547,547,547,547,547,547,547,547,547,547
483,480,480,480,480,480,480,480,479,479,479
419,419,419,419,419,419,419,419,419,419,419
357,354,354,354,354,353,353,353,353,353,353
297,297,297,297,297,297,297,297,297,297,297
240,237,237,237,237,237,237,237,237,237,237
188,188,188,188,188,188,188,188,188,188,188
141,138,138,138,138,138,138,137,137,137,137
99,99,99,99,99,99,99,99,99,99,99
65,62,62,62,61,61,61,61,61,61,61
37,37,37,37,37,37,37,37,37,37,37
17,14,13,13,13,13,13,13,13,13,13
4,4,4,4,4,4,4,4,4,4,4
0,0,0,0,0,0,0,0,0,0,0
3,3,3,3,3,3,3,3,3,3,3
15,12,12,12,12,12,12,12,12,12,12
34,34,34,34,34,34,34,34,34,34,34
61,58,58,58,58,58,58,58,58,58,58
95,95,95,95,95,95,95,95,95,95,95
136,133,133,133,133,133,133,133,133,133,133
182,182,182,182,182,182,182,182,182,182,182
234,231,231,231,231,231,231,231,231,231,232
290,290,290,290,290,290,290,290,290,290,290
350,347,347,347,347,347,347,347,347,347,347
412,412,412,412,412,412,412,412,412,412,412
476,473,473,473,473,473,473,473,473,473,473
540,540,540,540,540,540,540,540,540,540,540
604,601,601,601,601,601,601,601,601,601,601
666,666,666,666,666,666,666,666,666,666,666
726,723,723,723,723,723,723,723,724,724,724
783,783,783,783,783,783,783,783,783,783,783
835,832,832,832,832,832,832,832,832,832,832
882,882,882,882,882,882,882,882,882,882,882
923,921,921,921,921,921,921,921,921,921,921
958,958,958,958,958,958,958,958,958,958,958
986,983,983,983,983,983,983,983,983,983,983
1006,1006,1006,1006,1006,1006,1006,1006,1006,1006,1006
1019,1016,1016,1016,1016,1016,1016,1016,1016,1016,1016
1023,1023,1023,1023,1023,1023,1023,1023,1023,1023,1023
1020,1017,1017,1017,1017,1017,1017,1017,1017,1017,1017
1008,1008,1008,1008,1008,1008,1008,1008,1008,1008,1008
989,986,986,986,986,986,986,986,986,986,986
962,962,962,962,962,962,962,962,962,962,962
928,925,925,925,925,925,925,925,925,925,925
887,887,887,887,887,887,887,887,887,887,887
841,838,838,838,838,838,838,837,837,837,837
789,789,789,789,789,789,789,789,789,789,789
733,730,730,730,730,730,730,730,730,729,729
673,673,673,673,673,673,673,673,673,673,673
611,608,608,608,608,608,608,608,608,608,608
548,548,548,548,548,548,548,548,548,548,548
483,480,480,480,480,480,480,480,480,480,480
419,419,419,419,419,419,419,419,419,419,419
357,354,354,354,354,354,354,354,353,353,353
297,297,297,297,297,297,297,297,297,297,297
240,237,237,237,237,237,237,237,237,237,237
188,188,188,188,188,188,188,188,188,188,188
141,138,138,138,138,138,138,138,138,138,137
100,100,100,100,100,100,100,100,100,100,100
65,62,62,62,62,62,62,62,61,61,61
37,37,37,37,37,37,37,37,37,37,37
17,14,14,14,14,13,13,13,13,13,13
4,4,4,4,4,4,4,4,4,4,4
0,0,0,0,0,0,0,0,0,0,0
3,3,3,3,3,3,3,3,3,3,3
15,12,12,12,12,12,12,12,12,12,12
34,34,34,34,34,34,34,34,34,34,34
61,58,58,58,58,58,58,58,58,58,58
95,95,95,95,95,95,95,95,95,95,95
136,133,133,133,133,133,133,133,133,133,133
182,182,182,182,182,182,182,182,182,182,182
234,231,231,231,231,231,231,231,231,231,231
290,290,290,290,290,290,290,290,290,290,290
350,347,347,347,347,347,347,347,347,347,347
412,412,412,412,412,412,412,412,412,412,412
475,472,473,473,473,473,473,473,473,473,473
540,540,540,540,540,540,540,540,540,540,540
604,601,601,601,601,601,601,601,601,601,601
666,666,666,666,666,666,666,666,666,666,666
726,723,723,723,723,723,723,723,723,723,723
782,782,782,782,782,782,782,782,782,782,782
835,832,832,832,832,832,832,832,832,832,832
882,882,882,882,882,882,882,882,882,882,882
923,920,920,920,921,921,921,921,921,921,921
958,958,958,958,958,958,958,958,958,958,958
986,983,983,983,983,983,983,983,983,983,983
1006,1006,1006,1006,1006,1006,1006,1006,1006,1006,1006
1019,1016,1016,1016,1016,1016,1016,1016,1016,1016,1016
1023,1023,1023,1023,1023,1023,1023,1023,1023,1023,1023
1020,1017,1017,1017,1017,1017,1017,1017,1017,1017,1017
1008,1008,1008,1008,1008,1008,1008,1008,1008,1008,1008
989,986,986,986,986,986,986,986,986,986,986
962,962,962,962,962,962,962,962,962,962,962
928,925,925,925,925,925,925,925,925,925,925
887,887,887,887,887,887,887,887,887,887,887
841,838,838,838,838,838,838,838,838,838,837
789,789,789,789,789,789,789,789,789,789,789
733,730,730,730,730,730,730,730,730,730,730
674,674,674,674,674,674,674,674,674,674,674
611,608,608,608,608,608,608,608,608,608,608
548,548,548,548,548,548,548,548,548,548,548
483,480,480,480,480,480,480,480,480,480,480
420,420,420,420,420,420,420,420,420,420,420
357,354,354,354,354,354,354,354,354,354,354
297,297,297,297,297,297,297,297,297,297,297
241,238,237,237,237,237,237,237,237,237,237
188,188,188,188,188,188,188,188,188,188,188
141,138,138,138,138,138,138,138,138,138,138
100,100,100,100,100,100,100,100,100,100,100
65,62,62,62,62,62,62,62,62,62,62
37,37,37,37,37,37,37,37,37,37,37
17,14,14,14,14,14,14,14,13,13,13
4,4,4,4,4,4,4,4,4,4,4
0,0,0,0,0,0,0,0,0,0,0
3,3,3,3,3,3,3,3,3,3,3
15,12,12,12,12,12,12,12,12,12,12
34,34,34,34,34,34,34,34,34,34,34
61,58,58,58,58,58,58,58,58,58,58
95,95,95,95,95,95,95,95,95,95,95
135,132,133,133,133,133,133,133,133,133,133
182,182,182,182,182,182,182,182,182,182,182
234,231,231,231,231,231,231,231,231,231,231
290,290,290,290,290,290,290,290,290,290,290
349,346,346,347,347,347,347,347,347,347,347
411,411,411,411,411,411,411,411,411,411,411
475,472,472,472,472,473,473,473,473,473,473
539,539,539,539,539,539,539,539,539,539,539
603,600,600,601,601,601,601,601,601,601,601
666,666,666,666,666,666,666,666,666,666,666
726,723,723,723,723,723,723,723,723,723,723
782,782,782,782,782,782,782,782,782,782,782
835,832,832,832,832,832,832,832,832,832,832
882,882,882,882,882,882,882,882,882,882,882
923,920,920,920,920,920,920,921,921,921,921
958,958,958,958,958,958,958,958,958,958,958
986,983,983,983,983,983,983,983,983,983,983
1006,1006,1006,1006,1006,1006,1006,1006,1006,1006,1006
1019,1016,1016,1016,1016,1016,1016,1016,1016,1016,1016
1023,1023,1023,1023,1023,1023,1023,1023,1023,1023,1023
1020,1017,1017,1017,1017,1017,1017,1017,1017,1017,1017
1008,1008,1008,1008,1008,1008,1008,1008,1008,1008,1008
989,986,986,986,986,986,986,986,986,986,986
962,962,962,962,962,962,962,962,962,962,962
928,925,925,925,925,925,925,925,925,925,925
888,888,888,888,888,888,888,888,888,888,888
841,838,838,838,838,838,838,838,838,838,838
789,789,789,789,789,789,789,789,789,789,789
733,730,730,730,730,730,730,730,730,730,730
674,674,674,674,674,674,674,674,674,674,674
612,609,608,608,608,608,608,608,608,608,608
548,548,548,548,548,548,548,548,548,548,548
484,481,480,480,480,480,480,480,480,480,480
420,420,420,420,420,420,420,420,420,420,420
357,354,354,354,354,354,354,354,354,354,354
297,297,297,297,297,297,297,297,297,297,297
241,238,238,238,238,238,237,237,237,237,237
188,188,188,188,188,188,188,188,188,188,188
141,138,138,138,138,138,138,138,138,138,138
100,100,100,100,100,100,100,100,100,100,100
65,62,62,62,62,62,62,62,62,62,62
37,37,37,37,37,37,37,37,37,37,37
17,14,14,14,14,14,14,14,14,14,14
4,4,4,4,4,4,4,4,4,4,4
0,0,0,0,0,0,0,0,0,0,0
3,3,3,3,3,3,3,3,3,3,3
15,12,12,12,12,12,12,12,12,12,12
34,34,34,34,34,34,34,34,34,34,34
61,58,58,58,58,58,58,58,58,58,58
95,95,95,95,95,95,95,95,95,95,95
135,132,132,132,132,133,133,133,133,133,133
182,182,182,182,182,182,182,182,182,182,182
234,231,231,231,231,231,231,231,231,231,231
290,290,290,290,290,290,290,290,290,290,290
349,346,346,346,346,346,347,347,347,347,347
411,411,411,411,411,411,411,411,411,411,411
475,472,472,472,472,472,472,472,473,473,473
539,539,539,539,539,539,539,539,539,539,539
603,600,600,600,600,600,601,601,601,601,601
666,666,666,666,666,666,666,666,666,666,666
726,723,723,723,723,723,723,723,723,723,723
782,782,782,782,782,782,782,782,782,782,782
834,832,832,832,832,832,832,832,832,832,832
882,882,882,882,882,882,882,882,882,882,882
923,920,920,920,920,920,920,920,920,920,921
958,958,958,958,958,958,958,958,958,958,958
986,983,983,983,983,983,983,983,983,983,983
1006,1006,1006,1006,1006,1006,1006,1006,1006,1006,1006
1019,1016,1016,1016,1016,1016,1016,1016,1016,1016,1016
1023,1023,1023,1023,1023,1023,1023,1023,1023,1023,1023
1020,1017,1017,1017,1017,1017,1017,1017,1017,1017,1017
1008,1008,1008,1008,1008,1008,1008,1008,1008,1008,1008
989,986,986,986,986,986,986,986,986,986,986
962,962,962,962,962,962,962,962,962,962,962
928,925,925,925,925,925,925,925,925,925,925
888,888,888,888,888,888,888,888,888,888,888
841,838,838,838,838,838,838,838,838,838,838
790,790,790,790,790,790,790,790,790,790,790
734,730,730,730,730,730,730,730,730,730,730
674,674,674,674,674,674,674,674,674,674,674
612,609,609,609,609,608,608,608,608,608,608
548,548,548,548,548,548,548,548,548,548,548
484,481,481,481,481,480,480,480,480,480,480
420,420,420,420,420,420,420,420,420,420,420
358,354,354,354,354,354,354,354,354,354,354
298,298,298,298,298,298,298,298,298,298,298
241,238,238,238,238,238,238,238,238,237,237
189,189,189,189,189,189,189,189,189,189,189
141,138,138,138,138,138,138,138,138,138,138
100,100,100,100,100,100,100,100,100,100,100
65,62,62,62,62,62,62,62,62,62,62
37,37,37,37,37,37,37,37,37,37,37
17,14,14,14,14,14,14,14,14,14,14
4,4,4,4,4,4,4,4,4,4,4
0,0,0,0,0,0,0,0,0,0,0
3,3,3,3,3,3,3,3,3,3,3
14,11,12,12,12,12,12,12,12,12,12
34,34,34,34,34,34,34,34,34,34,34
61,58,58,58,58,58,58,58,58,58,58
95,95,95,95,95,95,95,95,95,95,95
135,132,132,132,132,132,132,132,133,133,133
182,182,182,182,182,182,182,182,182,182,182
233,230,230,231,231,231,231,231,231,231,231
289,289,289,289,289,289,289,289,289,289,289
349,346,346,346,346,346,346,346,346,347,347
411,411,411,411,411,411,411,411,411,411,411
475,472,472,472,472,472,472,472,472,472,472
539,539,539,539,539,539,539,539,539,539,539
603,600,600,600,600,600,600,600,600,601,601
665,665,665,665,665,665,665,665,665,665,665
725,722,722,723,723,723,723,723,723,723,723
782,782,782,782,782,782,782,782,782,782,782
834,831,831,831,832,832,832,832,832,832,832
882,882,882,882,882,882,882,882,882,882,882
923,920,920,920,920,920,920,920,920,920,920
958,958,958,958,958,958,958,958,958,958,958
986,983,983,983,983,983,983,983,983,983,983
1006,1006,1006,1006,1006,1006,1006,1006,1006,1006,1006
1019,1016,1016,1016,1016,1016,1016,1016,1016,1016,1016
1023,1023,1023,1023,1023,1023,1023,1023,1023,1023,1023
1020,1017,1017,1017,1017,1017,1017,1017,1017,1017,1017
1009,1009,1009,1009,1009,1009,1009,1009,1009,1009,1009
989,986,986,986,986,986,986,986,986,986,986
962,962,962,962,962,962,962,962,962,962,962
928,925,925,925,925,925,925,925,925,925,925
888,888,888,888,888,888,888,888,888,888,888
841,838,838,838,838,838,838,838,838,838,838
790,790,790,790,790,790,790,790,790,790,790
734,731,731,731,730,730,730,730,730,730,730
674,674,674,674,674,674,674,674,674,674,674
612,609,609,609,609,609,609,609,608,608,608
548,548,548,548,548,548,548,548,548,548,548
484,481,481,481,481,481,481,481,480,480,480
420,420,420,420,420,420,420,420,420,420,420
358,355,355,355,354,354,354,354,354,354,354
298,298,298,298,298,298,298,298,298,298,298
241,238,238,238,238,238,238,238,238,238,238
189,189,189,189,189,189,189,189,189,189,189
141,138,138,138,138,138,138,138,138,138,138
100,100,100,100,100,100,100,100,100,100,100
65,62,62,62,62,62,62,62,62,62,62
37,37,37,37,37,37,37,37,37,37,37
17,14,14,14,14,14,14,14,14,14,14
4,4,4,4,4,4,4,4,4,4,4
0,0,0,0,0,0,0,0,0,0,0
3,3,3,3,3,3,3,3,3,3,3
14,11,11,11,11,12,12,12,12,12,12
34,34,34,34,34,34,34,34,34,34,34
61,58,58,58,58,58,58,58,58,58,58
95,95,95,95,95,95,95,95,95,95,95
135,132,132,132,132,132,132,132,132,132,132
182,182,182,182,182,182,182,182,182,182,182
233,230,230,230,230,230,231,231,231,231,231
289,289,289,289,289,289,289,289,289,289,289
349,346,346,346,346,346,346,346,346,346,346
411,411,411,411,411,411,411,411,411,411,411
475,472,472,472,472,472,472,472,472,472,472
539,539,539,539,539,539,539,539,539,539,539
603,600,600,600,600,600,600,600,600,600,600
665,665,665,665,665,665,665,665,665,665,665
725,722,722,722,722,722,723,723,723,723,723
782,782,782,782,782,782,782,782,782,782,782
834,831,831,831,831,831,831,832,832,832,832
881,881,881,881,881,881,881,881,881,881,881
923,920,920,920,920,920,920,920,920,920,920
958,958,958,958,958,958,958,958,958,958,958
986,983,983,983,983,983,983,983,983,983,983
1006,1006,1006,1006,1006,1006,1006,1006,1006,1006,1006
1019,1016,1016,1016,1016,1016,1016,1016,1016,1016,1016
1023,1023,1023,1023,1023,1023,1023,1023,1023,1023,1023
1020,1017,1017,1017,1017,1017,1017,1017,1017,1017,1017
1009,1009,1009,1009,1009,1009,1009,1009,1009,1009,1009
989,986,986,986,986,986,986,986,986,986,986
962,962,962,962,962,962,962,962,962,962,962
929,925,925,925,925,925,925,925,925,925,925
888,888,888,888,888,888,888,888,888,888,888
842,839,838,838,838,838,838,838,838,838,838
790,790,790,790,790,790,790,790,790,790,790
734,731,731,731,731,731,731,730,730,730,730
674,674,674,674,674,674,674,674,674,674,674
612,609,609,609,609,609,609,609,609,609,609
548,548,548,548,548,548,548,548,548,548,548
484,481,481,481,481,481,481,481,481,481,481
420,420,420,420,420,420,420,420,420,420,420
358,355,355,355,355,355,355,354,354,354,354
298,298,298,298,298,298,298,298,298,298,298
241,238,238,238,238,238,238,238,238,238,238
189,189,189,189,189,189,189,189,189,189,189
142,139,139,138,138,138,138,138,138,138,138
100,100,100,100,100,100,100,100,100,100,100
65,62,62,62,62,62,62,62,62,62,62
37,37,37,37,37,37,37,37,37,37,37
17,14,14,14,14,14,14,14,14,14,14
4,4,4,4,4,4,4,4,4,4,4
0,0,0,0,0,0,0,0,0,0,0
3,3,3,3,3,3,3,3,3,3,3
14,11,11,11,11,11,11,11,12,12,12
34,34,34,34,34,34,34,34,34,34,34
60,58,58,58,58,58,58,58,58,58,58
94,94,94,94,94,94,94,94,94,94,94
135,132,132,132,132,132,132,132,132,132,132
181,181,181,181,181,181,181,181,181,181,181
233,230,230,230,230,230,230,230,230,230,231
289,289,289,289,289,289,289,289,289,289,289
349,346,346,346,346,346,346,346,346,346,346
411,411,411,411,411,411,411,411,411,411,411
474,471,472,472,472,472,472,472,472,472,472
539,539,539,539,539,539,539,539,539,539,539
603,600,600,600,600,600,600,600,600,600,600
665,665,665,665,665,665,665,665,665,665,665
725,722,722,722,722,722,722,722,722,723,723
782,782,782,782,782,782,782,782,782,782,782
834,831,831,831,831,831,831,831,831,831,832
881,881,881,881,881,881,881,881,881,881,881
923,920,920,920,920,920,920,920,920,920,920
958,958,958,958,958,958,958,958,958,958,958
986,983,983,983,983,983,983,983,983,983,983
1006,1006,1006,1006,1006,1006,1006,1006,1006,1006,1006
1019,1016,1016,1016,1016,1016,1016,1016,1016,1016,1016
1023,1023,1023,1023,1023,1023,1023,1023,1023,1023,1023
1020,1017,1017,1017,1017,1017,1017,1017,1017,1017,1017
1009,1009,1009,1009,1009,1009,1009,1009,1009,1009,1009
989,986,986,986,986,986,986,986,986,986,986
963,963,963,963,963,963,963,963,963,963,963
929,926,926,926,925,925,925,925,925,925,925
888,888,888,888,888,888,888,888,888,888,888
842,839,839,839,839,838,838,838,838,838,838
790,790,790,790,790,790,790,790,790,790,790
734,731,731,731,731,731,731,731,731,731,730
674,674,674,674,674,674,674,674,674,674,674
612,609,609,609,609,609,609,609,609,609,609
549,549,549,549,549,549,549,549,549,549,549
484,481,481,481,481,481,481,481,481,481,481
421,421,421,421,421,421,421,421,421,421,421
358,355,355,355,355,355,355,355,355,355,354
298,298,298,298,298,298,298,298,298,298,298
241,238,238,238,238,238,238,238,238,238,238
189,189,189,189,189,189,189,189,189,189,189
142,139,139,139,139,139,138,138,138,138,138
100,100,100,100,100,100,100,100,100,100,100
65,62,62,62,62,62,62,62,62,62,62
37,37,37,37,37,37,37,37,37,37,37
17,14,14,14,14,14,14,14,14,14,14
4,4,4,4,4,4,4,4,4,4,4
0,0,0,0,0,0,0,0,0,0,0
3,3,3,3,3,3,3,3,3,3,3
14,11,11,11,11,11,11,11,11,11,11
34,34,34,34,34,34,34,34,34,34,34
60,57,57,57,58,58,58,58,58,58,58
94,94,94,94,94,94,94,94,94,94,94
135,132,132,132,132,132,132,132,132,132,132
181,181,181,181,181,181,181,181,181,181,181
233,230,230,230,230,230,230,230,230,230,230
289,289,289,289,289,289,289,289,289,289,289
348,345,346,346,346,346,346,346,346,346,346
411,411,411,411,411,411,411,411,411,411,411
474,471,471,471,471,472,472,472,472,472,472
539,539,539,539,539,539,539,539,539,539,539
602,599,600,600,600,600,600,600,600,600,600
665,665,665,665,665,665,665,665,665,665,665
725,722,722,722,722,722,722,722,722,722,722
781,781,781,781,781,781,781,781,781,781,781
834,831,831,831,831,831,831,831,831,831,831
881,881,881,881,881,881,881,881,881,881,881
923,920,920,920,920,920,920,920,920,920,920
958,958,958,958,958,958,958,958,958,958,958
986,983,983,983,983,983,983,983,983,983,983
1006,1006,1006,1006,1006,1006,1006,1006,1006,1006,1006
1019,1016,1016,1016,1016,1016,1016,1016,1016,1016,1016
1023,1023,1023,1023,1023,1023,1023,1023,1023,1023,1023
1020,1017,1017,1017,1017,1017,1017,1017,1017,1017,1017
1009,1009,1009,1009,1009,1009,1009,1009,1009,1009,1009
989,986,986,986,986,986,986,986,986,986,986
963,963,963,963,963,963,963,963,963,963,963
929,926,926,926,926,926,926,925,925,925,925
888,888,888,888,888,888,888,888,888,888,888
842,839,839,839,839,839,839,839,838,838,838
790,790,790,790,790,790,790,790,790,790,790
734,731,731,731,731,731,731,731,731,731,731
675,675,675,675,675,675,675,675,675,675,675
613,610,609,609,609,609,609,609,609,609,609
549,549,549,549,549,549,549,549,549,549,549
485,482,481,481,481,481,481,481,481,481,481
421,421,421,421,421,421,421,421,421,421,421
358,355,355,355,355,355,355,355,355,355,355
298,298,298,298,298,298,298,298,298,298,298
242,239,238,238,238,238,238,238,238,238,238
189,189,189,189,189,189,189,189,189,189,189
142,139,139,139,139,139,139,139,139,138,138
100,100,100,100,100,100,100,100,100,100,100
65,62,62,62,62,62,62,62,62,62,62
37,37,37,37,37,37,37,37,37,37,37
17,14,14,14,14,14,14,14,14,14,14
4,4,4,4,4,4,4,4,4,4,4
0,0,0,0,0,0,0,0,0,0,0
3,3,3,3,3,3,3,3,3,3,3
14,11,11,11,11,11,11,11,11,11,11
34,34,34,34,34,34,34,34,34,34,34
60,57,57,57,57,57,57,58,58,58,58
94,94,94,94,94,94,94,94,94,94,94
135,132,132,132,132,132,132,132,132,132,132
181,181,181,181,181,181,181,181,181,181,181
233,230,230,230,230,230,230,230,230,230,230
289,289,289,289,289,289,289,289,289,289,289
348,345,345,345,345,346,346,346,346,346,346
410,410,410,410,410,410,410,410,410,410,410
474,471,471,471,471,471,471,471,472,472,472
538,538,538,538,538,538,538,538,538,538,538
602,599,599,599,599,600,600,600,600,600,600
665,665,665,665,665,665,665,665,665,665,665
725,722,722,722,722,722,722,722,722,722,722
781,781,781,781,781,781,781,781,781,781,781
834,831,831,831,831,831,831,831,831,831,831
881,881,881,881,881,881,881,881,881,881,881
923,920,920,920,920,920,920,920,920,920,920
958,958,958,958,958,958,958,958,958,958,958
986,983,983,983,983,983,983,983,983,983,983
1006,1006,1006,1006,1006,1006,1006,1006,1006,1006,1006
1019,1016,1016,1016,1016,1016,1016,1016,1016,1016,1016
1023,1023,1023,1023,1023,1023,1023,1023,1023,1023,1023
1020,1017,1017,1017,1017,1017,1017,1017,1017,1017,1017
1009,1009,1009,1009,1009,1009,1009,1009,1009,1009,1009
990,986,986,986,986,986,986,986,986,986,986
963,963,963,963,963,963,963,963,963,963,963
929,926,926,926,926,926,926,926,926,926,925
888,888,888,888,888,888,888,888,888,888,888
842,839,839,839,839,839,839,839,839,839,839
790,790,790,790,790,790,790,790,790,790,790
734,731,731,731,731,731,731,731,731,731,731
675,675,675,675,675,675,675,675,675,675,675
613,610,610,610,610,609,609,609,609,609,609
549,549,549,549,549,549,549,549,549,549,549
485,482,482,482,482,481,481,481,481,481,481
421,421,421,421,421,421,421,421,421,421,421
358,355,355,355,355,355,355,355,355,355,355
298,298,298,298,298,298,298,298,298,298,298
242,239,239,239,239,239,238,238,238,238,238
189,189,189,189,189,189,189,189,189,189,189
142,139,139,139,139,139,139,139,139,139,139
101,101,101,101,101,101,101,101,101,101,101
65,62,62,62,62,62,62,62,62,62,62
37,37,37,37,37,37,37,37,37,37,37
17,14,14,14,14,14,14,14,14,14,14
4,4,4,4,4,4,4,4,4,4,4
0,0,0,0,0,0,0,0,0,0,0
3,3,3,3,3,3,3,3,3,3,3
14,11,11,11,11,11,11,11,11,11,11
33,33,33,33,33,33,33,33,33,33,33
60,57,57,57,57,57,57,57,57,57,58
94,94,94,94,94,94,94,94,94,94,94
135,132,132,132,132,132,132,132,132,132,132
181,181,181,181,181,181,181,181,181,181,181
233,230,230,230,230,230,230,230,230,230,230
289,289,289,289,289,289,289,289,289,289,289
348,345,345,345,345,345,345,345,346,346,346
410,410,410,410,410,410,410,410,410,410,410
474,471,471,471,471,471,471,471,471,471,471
538,538,538,538,538,538,538,538,538,538,538
602,599,599,599,599,599,599,599,600,600,600
664,664,664,664,664,664,664,664,664,664,664
724,722,722,722,722,722,722,722,722,722,722
781,781,781,781,781,781,781,781,781,781,781
834,831,831,831,831,831,831,831,831,831,831
881,881,881,881,881,881,881,881,881,881,881
922,919,920,920,920,920,920,920,920,920,920
957,957,957,957,957,957,957,957,957,957,957
985,982,983,983,983,983,983,983,983,983,983
1006,1006,1006,1006,1006,1006,1006,1006,1006,1006,1006
1019,1016,1016,1016,1016,1016,1016,1016,1016,1016,1016
1023,1023,1023,1023,1023,1023,1023,1023,1023,1023,1023
1020,1017,1017,1017,1017,1017,1017,1017,1017,1017,1017
1009,1009,1009,1009,1009,1009,1009,1009,1009,1009,1009
990,987,987,987,986,986,986,986,986,986,986
963,963,963,963,963,963,963,963,963,963,963
929,926,926,926,926,926,926,926,926,926,926
889,889,889,889,889,889,889,889,889,889,889
842,839,839,839,839,839,839,839,839,839,839
791,791,791,791,791,791,791,791,791,791,791
735,732,731,731,731,731,731,731,731,731,731
675,675,675,675,675,675,675,675,675,675,675
613,610,610,610,610,610,610,610,609,609,609
549,549,549,549,549,549,549,549,549,549,549
485,482,482,482,482,482,482,482,481,481,481
421,421,421,421,421,421,421,421,421,421,421
359,356,356,355,355,355,355,355,355,355,355
299,299,299,299,299,299,299,299,299,299,299
242,239,239,239,239,239,239,239,239,238,238
190,190,190,190,190,190,190,190,190,190,190
142,139,139,139,139,139,139,139,139,139,139
101,101,101,101,101,101,101,101,101,101,101
66,63,63,62,62,62,62,62,62,62,62
38,38,38,38,38,38,38,38,38,38,38
17,14,14,14,14,14,14,14,14,14,14
4,4,4,4,4,4,4,4,4,4,4
0,0,0,0,0,0,0,0,0,0,0
3,3,3,3,3,3,3,3,3,3,3
14,11,11,11,11,11,11,11,11,11,11
33,33,33,33,33,33,33,33,33,33,33
60,57,57,57,57,57,57,57,57,57,57
94,94,94,94,94,94,94,94,94,94,94
134,131,131,132,132,132,132,132,132,132,132
181,181,181,181,181,181,181,181,181,181,181
232,229,229,230,230,230,230,230,230,230,230
288,288,288,288,288,288,288,288,288,288,288
348,345,345,345,345,345,345,345,345,345,345
410,410,410,410,410,410,410,410,410,410,410
474,471,471,471,471,471,471,471,471,471,471
538,538,538,538,538,538,538,538,538,538,538
602,599,599,599,599,599,599,599,599,599,599
664,664,664,664,664,664,664,664,664,664,664
724,721,721,721,722,722,722,722,722,722,722
781,781,781,781,781,781,781,781,781,781,781
833,830,831,831,831,831,831,831,831,831,831
881,881,881,881,881,881,881,881,881,881,881
922,919,919,919,919,919,920,920,920,920,920
957,957,957,957,957,957,957,957,957,957,957
985,982,982,982,982,983,983,983,983,983,983
1006,1006,1006,1006,1006,1006,1006,1006,1006,1006,1006
1019,1016,1016,1016,1016,1016,1016,1016,1016,1016,1016
1023,1023,1023,1023,1023,1023,1023,1023,1023,1023,1023
1020,1017,1017,1017,1017,1017,1017,1017,1017,1017,1017
1009,1009,1009,1009,1009,1009,1009,1009,1009,1009,1009
990,987,987,987,987,987,987,986,986,986,986
963,963,963,963,963,963,963,963,963,963,963
929,926,926,926,926,926,926,926,926,926,926
889,889,889,889,889,889,889,889,889,889,889
842,839,839,839,839,839,839,839,839,839,839
791,791,791,791,791,791,791,791,791,791,791
735,732,732,732,732,731,731,731,731,731,731
675,675,675,675,675,675,675,675,675,675,675
613,610,610,610,610,610,610,610,610,610,610
549,549,549,549,549,549,549,549,549,549,549
485,482,482,482,482,482,482,482,482,482,482
421,421,421,421,421,421,421,421,421,421,421
359,356,356,356,356,356,355,355,355,355,355
299,299,299,299,299,299,299,299,299,299,299
242,239,239,239,239,239,239,239,239,239,239
190,190,190,190,190,190,190,190,190,190,190
142,139,139,139,139,139,139,139,139,139,139
101,101,101,101,101,101,101,101,101,101,101
66,63,63,63,63,63,62,62,62,62,62
38,38,38,38,38,38,38,38,38,38,38
17,14,14,14,14,14,14,14,14,14,14
4,4,4,4,4,4,4,4,4,4,4
0,0,0,0,0,0,0,0,0,0,0
3,3,3,3,3,3,3,3,3,3,3
14,11,11,11,11,11,11,11,11,11,11
33,33,33,33,33,33,33,33,33,33,33
60,57,57,57,57,57,57,57,57,57,57
94,94,94,94,94,94,94,94,94,94,94
134,131,131,131,131,131,132,132,132,132,132
181,181,181,181,181,181,181,181,181,181,181
232,229,229,229,229,229,230,230,230,230,230
288,288,288,288,288,288,288,288,288,288,288
348,345,345,345,345,345,345,345,345,345,345
410,410,410,410,410,410,410,410,410,410,410
473,471,471,471,471,471,471,471,471,471,471
538,538,538,538,538,538,538,538,538,538,538
602,599,599,599,599,599,599,599,599,599,599
664,664,664,664,664,664,664,664,664,664,664
724,721,721,721,721,721,721,722,722,722,722
781,781,781,781,781,781,781,781,781,781,781
833,830,830,830,830,831,831,831,831,831,831
881,881,881,881,881,881,881,881,881,881,881
922,919,919,919,919,919,919,919,919,920,920
957,957,957,957,957,957,957,957,957,957,957
985,982,982,982,982,982,982,982,983,983,983
1006,1006,1006,1006,1006,1006,1006,1006,1006,1006,1006
1019,1016,1016,1016,1016,1016,1016,1016,1016,1016,1016
1023,1023,1023,1023,1023,1023,1023,1023,1023,1023,1023
1020,1017,1017,1017,1017,1017,1017,1017,1017,1017,1017
1009,1009,1009,1009,1009,1009,1009,1009,1009,1009,1009
990,987,987,987,987,987,987,987,987,987,986
963,963,963,963,963,963,963,963,963,963,963
929,926,926,926,926,926,926,926,926,926,926
889,889,889,889,889,889,889,889,889,889,889
842,839,839,839,839,839,839,839,839,839,839
791,791,791,791,791,791,791,791,791,791,791
735,732,732,732,732,732,732,732,731,731,731
675,675,675,675,675,675,675,675,675,675,675
613,610,610,610,610,610,610,610,610,610,610
550,550,550,550,550,550,550,550,550,550,550
485,482,482,482,482,482,482,482,482,482,482
421,421,421,421,421,421,421,421,421,421,421
359,356,356,356,356,356,356,356,356,355,355
299,299,299,299,299,299,299,299,299,299,299
242,239,239,239,239,239,239,239,239,239,239
190,190,190,190,190,190,190,190,190,190,190
142,139,139,139,139,139,139,139,139,139,139
101,101,101,101,101,101,101,101,101,101,101
66,63,63,63,63,63,63,63,63,62,62
38,38,38,38,38,38,38,38,38,38,38
17,14,14,14,14,14,14,14,14,14,14
4,4,4,4,4,4,4,4,4,4,4
0,0,0,0,0,0,0,0,0,0,0
3,3,3,3,3,3,3,3,3,3,3
14,11,11,11,11,11,11,11,11,11,11
33,33,33,33,33,33,33,33,33,33,33
60,57,57,57,57,57,57,57,57,57,57
94,94,94,94,94,94,94,94,94,94,94
134,131,131,131,131,131,131,131,131,132,132
180,180,180,180,180,180,180,180,180,180,180
232,229,229,229,229,229,229,229,229,230,230
288,288,288,288,288,288,288,288,288,288,288
347,345,345,345,345,345,345,345,345,345,345
410,410,410,410,410,410,410,410,410,410,410
473,470,470,470,471,471,471,471,471,471,471
538,538,538,538,538,538,538,538,538,538,538
601,598,599,599,599,599,599,599,599,599,599
664,664,664,664,664,664,664,664,664,664,664
724,721,721,721,721,721,721,721,721,721,722
781,781,781,781,781,781,781,781,781,781,781
833,830,830,830,830,830,830,830,831,831,831
880,880,880,880,880,880,880,880,880,880,880
922,919,919,919,919,919,919,919,919,919,919
957,957,957,957,957,957,957,957,957,957,957
985,982,982,982,982,982,982,982,982,982,982
1006,1006,1006,1006,1006,1006,1006,1006,1006,1006,1006
1019,1016,1016,1016,1016,1016,1016,1016,1016,1016,1016
1023,1023,1023,1023,1023,1023,1023,1023,1023,1023,1023
1020,1017,1017,1017,1017,1017,1017,1017,1017,1017,1017
1009,1009,1009,1009,1009,1009,1009,1009,1009,1009,1009
990,987,987,987,987,987,987,987,987,987,987
963,963,963,963,963,963,963,963,963,963,963
929,926,926,926,926,926,926,926,926,926,926
889,889,889,889,889,889,889,889,889,889,889
843,840,840,839,839,839,839,839,839,839,839
791,791,791,791,791,791,791,791,791,791,791
735,732,732,732,732,732,732,732,732,732,732
676,676,676,676,676,676,676,676,676,676,676
614,610,610,610,610,610,610,610,610,610,610
550,550,550,550,550,550,550,550,550,550,550
486,482,482,482,482,482,482,482,482,482,482
422,422,422,422,422,422,422,422,422,422,422
359,356,356,356,356,356,356,356,356,356,356
299,299,299,299,299,299,299,299,299,299,299
242,239,239,239,239,239,239,239,239,239,239
190,190,190,190,190,190,190,190,190,190,190
143,140,139,139,139,139,139,139,139,139,139
101,101,101,101,101,101,101,101,101,101,101
66,63,63,63,63,63,63,63,63,63,63
38,38,38,38,38,38,38,38,38,38,38
17,14,14,14,14,14,14,14,14,14,14
4,4,4,4,4,4,4,4,4,4,4
0,0,0,0,0,0,0,0,0,0,0
3,3,3,3,3,3,3,3,3,3,3
14,11,11,11,11,11,11,11,11,11,11
33,33,33,33,33,33,33,33,33,33,33
60,57,57,57,57,57,57,57,57,57,57
94,94,94,94,94,94,94,94,94,94,94
134,131,131,131,131,131,131,131,131,131,131
180,180,180,180,180,180,180,180,180,180,180
232,229,229,229,229,229,229,229,229,229,229
288,288,288,288,288,288,288,288,288,288,288
347,344,344,344,345,345,345,345,345,345,345
409,409,409,409,409,409,409,409,409,409,409
473,470,470,470,470,470,470,471,471,471,471
537,537,537,537,537,537,537,537,537,537,537
601,598,598,598,598,599,599,599,599,599,599
664,664,664,664,664,664,664,664,664,664,664
724,721,721,721,721,721,721,721,721,721,721
780,780,780,780,780,780,780,780,780,780,780
833,830,830,830,830,830,830,830,830,830,830
880,880,880,880,880,880,880,880,880,880,880
922,919,919,919,919,919,919,919,919,919,919
957,957,957,957,957,957,957,957,957,957,957
985,982,982,982,982,982,982,982,982,982,982
1006,1006,1006,1006,1006,1006,1006,1006,1006,1006,1006
1019,1016,1016,1016,1016,1016,1016,1016,1016,1016,1016
1023,1023,1023,1023,1023,1023,1023,1023,1023,1023,1023
1020,1017,1017,1017,1017,1017,1017,1017,1017,1017,1017
1009,1009,1009,1009,1009,1009,1009,1009,1009,1009,1009
990,987,987,987,987,987,987,987,987,987,987
963,963,963,963,963,963,963,963,963,963,963
929,926,926,926,926,926,926,926,926,926,926
889,889,889,889,889,889,889,889,889,889,889
843,840,840,840,840,840,839,839,839,839,839
791,791,791,791,791,791,791,791,791,791,791
735,732,732,732,732,732,732,732,732,732,732
676,676,676,676,676,676,676,676,676,676,676
614,611,611,611,610,610,610,610,610,610,610
550,550,550,550,550,550,550,550,550,550,550
486,483,483,483,483,482,482,482,482,482,482
422,422,422,422,422,422,422,422,422,422,422
359,356,356,356,356,356,356,356,356,356,356
299,299,299,299,299,299,299,299,299,299,299
243,240,239,239,239,239,239,239,239,239,239
190,190,190,190,190,190,190,190,190,190,190
143,140,140,140,140,139,139,139,139,139,139
101,101,101,101,101,101,101,101,101,101,101
66,63,63,63,63,63,63,63,63,63,63
38,38,38,38,38,38,38,38,38,38,38
17,14,14,14,14,14,14,14,14,14,14
4,4,4,4,4,4,4,4,4,4,4
0,0,0,0,0,0,0,0,0,0,0
3,3,3,3,3,3,3,3,3,3,3
14,11,11,11,11,11,11,11,11,11,11
33,33,33,33,33,33,33,33,33,33,33
60,57,57,57,57,57,57,57,57,57,57
94,94,94,94,94,94,94,94,94,94,94
134,131,131,131,131,131,131,131,131,131,131
180,180,180,180,180,180,180,180,180,180,180
232,229,229,229,229,229,229,229,229,229,229
288,288,288,288,288,288,288,288,288,288,288
347,344,344,344,344,344,344,345,345,345,345
409,409,409,409,409,409,409,409,409,409,409
473,470,470,470,470,470,470,470,470,470,470
537,537,537,537,537,537,537,537,537,537,537
601,598,598,598,598,598,598,598,599,599,599
664,664,664,664,664,664,664,664,664,664,664
724,721,721,721,721,721,721,721,721,721,721
780,780,780,780,780,780,780,780,780,780,780
833,830,830,830,830,830,830,830,830,830,830
880,880,880,880,880,880,880,880,880,880,880
922,919,919,919,919,919,919,919,919,919,919
957,957,957,957,957,957,957,957,957,957,957
985,982,982,982,982,982,982,982,982,982,982
1006,1006,1006,1006,1006,1006,1006,1006,1006,1006,1006
1019,1016,1016,1016,1016,1016,1016,1016,1016,1016,1016
1023,1023,1023,1023,1023,1023,1023,1023,1023,1023,1023
1020,1017,1017,1017,1017,1017,1017,1017,1017,1017,1017
1009,1009,1009,1009,1009,1009,1009,1009,1009,1009,1009
990,987,987,987,987,987,987,987,987,987,987
963,963,963,963,963,963,963,963,963,963,963
930,927,926,926,926,926,926,926,926,926,926
889,889,889,889,889,889,889,889,889,889,889
843,840,840,840,840,840,840,840,840,839,839
791,791,791,791,791,791,791,791,791,791,791
735,732,732,732,732,732,732,732,732,732,732
676,676,676,676,676,676,676,676,676,676,676
614,611,611,611,611,611,611,610,610,610,610
550,550,550,550,550,550,550,550,550,550,550
486,483,483,483,483,483,483,483,482,482,482
422,422,422,422,422,422,422,422,422,422,422
360,357,356,356,356,356,356,356,356,356,356
300,300,300,300,300,300,300,300,300,300,300
243,240,240,240,240,240,239,239,239,239,239
190,190,190,190,190,190,190,190,190,190,190
143,140,140,140,140,140,140,140,139,139,139
101,101,101,101,101,101,101,101,101,101,101
66,63,63,63,63,63,63,63,63,63,63
38,38,38,38,38,38,38,38,38,38,38
17,14,14,14,14,14,14,14,14,14,14
4,4,4,4,4,4,4,4,4,4,4
0,0,0,0,0,0,0,0,0,0,0
3,3,3,3,3,3,3,3,3,3,3
14,11,11,11,11,11,11,11,11,11,11
33,33,33,33,33,33,33,33,33,33,33
60,57,57,57,57,57,57,57,57,57,57
93,93,93,93,93,93,93,93,93,93,93
134,131,131,131,131,131,131,131,131,131,131
180,180,180,180,180,180,180,180,180,180,180
232,229,229,229,229,229,229,229,229,229,229
287,287,287,287,287,287,287,287,287,287,287
347,344,344,344,344,344,344,344,344,344,345
409,409,409,409,409,409,409,409,409,409,409
473,470,470,470,470,470,470,470,470,470,470
537,537,537,537,537,537,537,537,537,537,537
601,598,598,598,598,598,598,598,598,598,598
663,663,663,663,663,663,663,663,663,663,663
723,720,721,721,721,721,721,721,721,721,721
780,780,780,780,780,780,780,780,780,780,780
833,830,830,830,830,830,830,830,830,830,830
880,880,880,880,880,880,880,880,880,880,880
922,919,919,919,919,919,919,919,919,919,919
957,957,957,957,957,957,957,957,957,957,957
985,982,982,982,982,982,982,982,982,982,982
1006,1006,1006,1006,1006,1006,1006,1006,1006,1006,1006
1019,1016,1016,1016,1016,1016,1016,1016,1016,1016,1016
1023,1023,1023,1023,1023,1023,1023,1023,1023,1023,1023
1020,1017,1017,1017,1017,1017,1017,1017,1017,1017,1017
1009,1009,1009,1009,1009,1009,1009,1009,1009,1009,1009
990,987,987,987,987,987,987,987,987,987,987
963,963,963,963,963,963,963,963,963,963,963
930,927,927,927,927,926,926,926,926,926,926
889,889,889,889,889,889,889,889,889,889,889
843,840,840,840,840,840,840,840,840,840,840
792,792,792,792,792,792,792,792,792,792,792
736,733,733,732,732,732,732,732,732,732,732
676,676,676,676,676,676,676,676,676,676,676
614,611,611,611,611,611,611,611,611,611,610
550,550,550,550,550,550,550,550,550,550,550
486,483,483,483,483,483,483,483,483,483,483
422,422,422,422,422,422,422,422,422,422,422
360,357,357,357,357,356,356,356,356,356,356
300,300,300,300,300,300,300,300,300,300,300
243,240,240,240,240,240,240,240,240,239,239
190,190,190,190,190,190,190,190,190,190,190
143,140,140,140,140,140,140,140,140,140,140
101,101,101,101,101,101,101,101,101,101,101
66,63,63,63,63,63,63,63,63,63,63
38,38,38,38,38,38,38,38,38,38,38
17,14,14,14,14,14,14,14,14,14,14
4,4,4,4,4,4,4,4,4,4,4
0,0,0,0,0,0,0,0,0,0,0
3,3,3,3,3,3,3,3,3,3,3
14,11,11,11,11,11,11,11,11,11,11
33,33,33,33,33,33,33,33,33,33,33
60,57,57,57,57,57,57,57,57,57,57
93,93,93,93,93,93,93,93,93,93,93
134,131,131,131,131,131,131,131,131,131,131
180,180,180,180,180,180,180,180,180,180,180
231,228,228,229,229,229,229,229,229,229,229
287,287,287,287,287,287,287,287,287,287,287
347,344,344,344,344,344,344,344,344,344,344
409,409,409,409,409,409,409,409,409,409,409
472,470,470,470,470,470,470,470,470,470,470
537,537,537,537,537,537,537,537,537,537,537
601,598,598,598,598,598,598,598,598,598,598
663,663,663,663,663,663,663,663,663,663,663
723,720,720,720,720,721,721,721,721,721,721
780,780,780,780,780,780,780,780,780,780,780
832,830,830,830,830,830,830,830,830,830,830
880,880,880,880,880,880,880,880,880,880,880
922,919,919,919,919,919,919,919,919,919,919
957,957,957,957,957,957,957,957,957,957,957
985,982,982,982,982,982,982,982,982,982,982
1006,1006,1006,1006,1006,1006,1006,1006,1006,1006,1006
1019,1016,1016,1016,1016,1016,1016,1016,1016,1016,1016
1023,1023,1023,1023,1023,1023,1023,1023,1023,1023,1023
1020,1017,1017,1017,1017,1017,1017,1017,1017,1017,1017
1009,1009,1009,1009,1009,1009,1009,1009,1009,1009,1009
990,987,987,987,987,987,987,987,987,987,987
963,963,963,963,963,963,963,963,963,963,963
930,927,927,927,927,927,927,927,926,926,926
889,889,889,889,889,889,889,889,889,889,889
843,840,840,840,840,840,840,840,840,840,840
792,792,792,792,792,792,792,792,792,792,792
736,733,733,733,733,733,732,732,732,732,732
676,676,676,676,676,676,676,676,676,676,676
614,611,611,611,611,611,611,611,611,611,611
551,551,551,551,551,551,551,551,551,551,551
486,483,483,483,483,483,483,483,483,483,483
422,422,422,422,422,422,422,422,422,422,422
360,357,357,357,357,357,357,357,356,356,356
300,300,300,300,300,300,300,300,300,300,300
243,240,240,240,240,240,240,240,240,240,240
191,191,191,191,191,191,191,191,191,191,191
143,140,140,140,140,140,140,140,140,140,140
101,101,101,101,101,101,101,101,101,101,101
66,63,63,63,63,63,63,63,63,63,63
38,38,38,38,38,38,38,38,38,38,38
17,14,14,14,14,14,14,14,14,14,14
4,4,4,4,4,4,4,4,4,4,4
0,0,0,0,0,0,0,0,0,0,0
3,3,3,3,3,3,3,3,3,3,3
14,11,11,11,11,11,11,11,11,11,11
33,33,33,33,33,33,33,33,33,33,33
59,56,57,57,57,57,57,57,57,57,57
93,93,93,93,93,93,93,93,93,93,93
133,131,131,131,131,131,131,131,131,131,131
180,180,180,180,180,180,180,180,180,180,180
231,228,228,228,228,228,229,229,229,229,229
287,287,287,287,287,287,287,287,287,287,287
347,344,344,344,344,344,344,344,344,344,344
409,409,409,409,409,409,409,409,409,409,409
472,469,469,469,470,470,470,470,470,470,470
537,537,537,537,537,537,537,537,537,537,537
600,598,598,598,598,598,598,598,598,598,598
663,663,663,663,663,663,663,663,663,663,663
723,720,720,720,720,720,720,720,721,721,721
780,780,780,780,780,780,780,780,780,780,780
832,829,829,829,830,830,830,830,830,830,830
880,880,880,880,880,880,880,880,880,880,880
921,919,919,919,919,919,919,919,919,919,919
957,957,957,957,957,957,957,957,957,957,957
985,982,982,982,982,982,982,982,982,982,982
1006,1006,1006,1006,1006,1006,1006,1006,1006,1006,1006
1019,1016,1016,1016,1016,1016,1016,1016,1016,1016,1016
1023,1023,1023,1023,1023,1023,1023,1023,1023,1023,1023
1020,1017,1017,1017,1017,1017,1017,1017,1017,1017,1017
1009,1009,1009,1009,1009,1009,1009,1009,1009,1009,1009
990,987,987,987,987,987,987,987,987,987,987
964,964,964,964,964,964,964,964,964,964,964
930,927,927,927,927,927,927,927,927,927,927
890,890,890,890,890,890,890,890,890,890,890
843,840,840,840,840,840,840,840,840,840,840
792,792,792,792,792,792,792,792,792,792,792
736,733,733,733,733,733,733,733,733,732,732
677,677,677,677,677,677,677,677,677,677,677
614,611,611,611,611,611,611,611,611,611,611
551,551,551,551,551,551,551,551,551,551,551
487,483,483,483,483,483,483,483,483,483,483
423,423,423,423,423,423,423,423,423,423,423
360,357,357,357,357,357,357,357,357,357,357
300,300,300,300,300,300,300,300,300,300,300
243,240,240,240,240,240,240,240,240,240,240
191,191,191,191,191,191,191,191,191,191,191
143,140,140,140,140,140,140,140,140,140,140
102,102,102,102,102,102,102,102,102,102,102
66,63,63,63,63,63,63,63,63,63,63
38,38,38,38,38,38,38,38,38,38,38
17,14,14,14,14,14,14,14,14,14,14
4,4,4,4,4,4,4,4,4,4,4
0,0,0,0,0,0,0,0,0,0,0
3,3,3,3,3,3,3,3,3,3,3
14,11,11,11,11,11,11,11,11,11,11
33,33,33,33,33,33,33,33,33,33,33
59,56,56,56,56,57,57,57,57,57,57
93,93,93,93,93,93,93,93,93,93,93
133,130,130,130,131,131,131,131,131,131,131
180,180,180,180,180,180,180,180,180,180,180
231,228,228,228,228,228,228,228,228,229,229
287,287,287,287,287,287,287,287,287,287,287
346,343,343,344,344,344,344,344,344,344,344
408,408,408,408,408,408,408,408,408,408,408
472,469,469,469,469,469,469,470,470,470,470
536,536,536,536,536,536,536,536,536,536,536
600,597,597,597,598,598,598,598,598,598,598
663,663,663,663,663,663,663,663,663,663,663
723,720,720,720,720,720,720,720,720,720,720
780,780,780,780,780,780,780,780,780,780,780
832,829,829,829,829,829,829,830,830,830,830
880,880,880,880,880,880,880,880,880,880,880
921,918,918,918,919,919,919,919,919,919,919
957,957,957,957,957,957,957,957,957,957,957
985,982,982,982,982,982,982,982,982,982,982
1006,1006,1006,1006,1006,1006,1006,1006,1006,1006,1006
1018,1015,1016,1016,1016,1016,1016,1016,1016,1016,1016
1023,1023,1023,1023,1023,1023,1023,1023,1023,1023,1023
1020,1017,1017,1017,1017,1017,1017,1017,1017,1017,1017
1009,1009,1009,1009,1009,1009,1009,1009,1009,1009,1009
990,987,987,987,987,987,987,987,987,987,987
964,964,964,964,964,964,964,964,964,964,964
930,927,927,927,927,927,927,927,927,927,927
890,890,890,890,890,890,890,890,890,890,890
844,840,840,840,840,840,840,840,840,840,840
792,792,792,792,792,792,792,792,792,792,792
736,733,733,733,733,733,733,733,733,733,733
677,677,677,677,677,677,677,677,677,677,677
615,612,612,611,611,611,611,611,611,611,611
551,551,551,551,551,551,551,551,551,551,551
487,484,484,484,483,483,483,483,483,483,483
423,423,423,423,423,423,423,423,423,423,423
360,357,357,357,357,357,357,357,357,357,357
300,300,300,300,300,300,300,300,300,300,300
243,240,240,240,240,240,240,240,240,240,240
191,191,191,191,191,191,191,191,191,191,191
143,140,140,140,140,140,140,140,140,140,140
102,102,102,102,102,102,102,102,102,102,102
66,63,63,63,63,63,63,63,63,63,63
38,38,38,38,38,38,38,38,38,38,38
17,14,14,14,14,14,14,14,14,14,14
5,5,5,5,5,5,5,5,5,5,5
0,0,0,0,0,0,0,0,0,0,0
3,3,3,3,3,3,3,3,3,3,3
14,11,11,11,11,11,11,11,11,11,11
33,33,33,33,33,33,33,33,33,33,33
59,56,56,56,56,56,56,56,57,57,57
93,93,93,93,93,93,93,93,93,93,93
133,130,130,130,130,130,130,130,131,131,131
179,179,179,179,179,179,179,179,179,179,179
231,228,228,228,228,228,228,228,228,228,228
287,287,287,287,287,287,287,287,287,287,287
346,343,343,343,343,343,344,344,344,344,344
408,408,408,408,408,408,408,408,408,408,408
472,469,469,469,469,469,469,469,469,469,470
536,536,536,536,536,536,536,536,536,536,536
600,597,597,597,597,597,597,598,598,598,598
663,663,663,663,663,663,663,663,663,663,663
723,720,720,720,720,720,720,720,720,720,720
779,779,779,779,779,779,779,779,779,779,779
832,829,829,829,829,829,829,829,829,829,830
880,880,880,880,880,880,880,880,880,880,880
921,918,918,918,918,918,918,919,919,919,919
956,956,956,956,956,956,956,956,956,956,956
985,982,982,982,982,982,982,982,982,982,982
1005,1005,1005,1005,1005,1005,1005,1005,1005,1005,1005
1018,1015,1015,1015,1015,1016,1016,1016,1016,1016,1016
1023,1023,1023,1023,1023,1023,1023,1023,1023,1023,1023
1020,1017,1017,1017,1017,1017,1017,1017,1017,1017,1017
1009,1009,1009,1009,1009,1009,1009,1009,1009,1009,1009
990,987,987,987,987,987,987,987,987,987,987
964,964,964,964,964,964,964,964,964,964,964
930,927,927,927,927,927,927,927,927,927,927
890,890,890,890,890,890,890,890,890,890,890
844,841,841,841,840,840,840,840,840,840,840
792,792,792,792,792,792,792,792,792,792,792
736,733,733,733,733,733,733,733,733,733,733
677,677,677,677,677,677,677,677,677,677,677
615,612,612,612,612,612,612,611,611,611,611
551,551,551,551,551,551,551,551,551,551,551
487,484,484,484,484,484,484,483,483,483,483
423,423,423,423,423,423,423,423,423,423,423
361,357,357,357,357,357,357,357,357,357,357
300,300,300,300,300,300,300,300,300,300,300
244,241,241,240,240,240,240,240,240,240,240
191,191,191,191,191,191,191,191,191,191,191
144,140,140,140,140,140,140,140,140,140,140
102,102,102,102,102,102,102,102,102,102,102
67,64,63,63,63,63,63,63,63,63,63
38,38,38,38,38,38,38,38,38,38,38
18,15,15,14,14,14,14,14,14,14,14
5,5,5,5,5,5,5,5,5,5,5
0,0,0,0,0,0,0,0,0,0,0
3,3,3,3,3,3,3,3,3,3,3
14,11,11,11,11,11,11,11,11,11,11
33,33,33,33,33,33,33,33,33,33,33
59,56,56,56,56,56,56,56,56,56,56
93,93,93,93,93,93,93,93,93,93,93
133,130,130,130,130,130,130,130,130,130,130
179,179,179,179,179,179,179,179,179,179,179
231,228,228,228,228,228,228,228,228,228,228
287,287,287,287,287,287,287,287,287,287,287
346,343,343,343,343,343,343,343,343,344,344
408,408,408,408,408,408,408,408,408,408,408
472,469,469,469,469,469,469,469,469,469,469
536,536,536,536,536,536,536,536,536,536,536
600,597,597,597,597,597,597,597,597,597,598
662,662,662,662,662,662,662,662,662,662,662
723,720,720,720,720,720,720,720,720,720,720
779,779,779,779,779,779,779,779,779,779,779
832,829,829,829,829,829,829,829,829,829,829
879,879,879,879,879,879,879,879,879,879,879
921,918,918,918,918,918,918,918,918,918,919
956,956,956,956,956,956,956,956,956,956,956
985,982,982,982,982,982,982,982,982,982,982
1005,1005,1005,1005,1005,1005,1005,1005,1005,1005,1005
1018,1015,1015,1015,1015,1015,1015,1015,1016,1016,1016
1023,1023,1023,1023,1023,1023,1023,1023,1023,1023,1023
1020,1017,1017,1017,1017,1017,1017,1017,1017,1017,1017
1009,1009,1009,1009,1009,1009,1009,1009,1009,1009,1009
990,987,987,987,987,987,987,987,987,987,987
964,964,964,964,964,964,964,964,964,964,964
930,927,927,927,927,927,927,927,927,927,927
890,890,890,890,890,890,890,890,890,890,890
844,841,841,841,841,841,841,840,840,840,840
792,792,792,792,792,792,792,792,792,792,792
737,733,733,733,733,733,733,733,733,733,733
677,677,677,677,677,677,677,677,677,677,677
615,612,612,612,612,612,612,612,612,612,611
551,551,551,551,551,551,551,551,551,551,551
487,484,484,484,484,484,484,484,484,484,483
423,423,423,423,423,423,423,423,423,423,423
361,358,358,358,357,357,357,357,357,357,357
301,301,301,301,301,301,301,301,301,301,301
244,241,241,241,241,241,240,240,240,240,240
191,191,191,191,191,191,191,191,191,191,191
144,141,141,141,140,140,140,140,140,140,140
102,102,102,102,102,102,102,102,102,102,102
67,64,64,64,64,63,63,63,63,63,63
38,38,38,38,38,38,38,38,38,38,38
18,15,15,15,15,15,14,14,14,14,14
5,5,5,5,5,5,5,5,5,5,5
0,0,0,0,0,0,0,0,0,0,0
3,3,3,3,3,3,3,3,3,3,3
14,11,11,11,11,11,11,11,11,11,11
33,33,33,33,33,33,33,33,33,33,33
59,56,56,56,56,56,56,56,56,56,56
93,93,93,93,93,93,93,93,93,93,93
133,130,130,130,130,130,130,130,130,130,130
179,179,179,179,179,179,179,179,179,179,179
231,228,228,228,228,228,228,228,228,228,228
286,286,286,286,286,286,286,286,286,286,286
346,343,343,343,343,343,343,343,343,343,343
408,408,408,408,408,408,408,408,408,408,408
471,469,469,469,469,469,469,469,469,469,469
536,536,536,536,536,536,536,536,536,536,536
600,597,597,597,597,597,597,597,597,597,597
662,662,662,662,662,662,662,662,662,662,662
722,719,719,720,720,720,720,720,720,720,720
779,779,779,779,779,779,779,779,779,779,779
832,829,829,829,829,829,829,829,829,829,829
879,879,879,879,879,879,879,879,879,879,879
921,918,918,918,918,918,918,918,918,918,918
956,956,956,956,956,956,956,956,956,956,956
985,982,982,982,982,982,982,982,982,982,982
1005,1005,1005,1005,1005,1005,1005,1005,1005,1005,1005
1018,1015,1015,1015,1015,1015,1015,1015,1015,1015,1015
1023,1023,1023,1023,1023,1023,1023,1023,1023,1023,1023
1020,1017,1017,1017,1017,1017,1017,1017,1017,1017,1017
1009,1009,1009,1009,1009,1009,1009,1009,1009,1009,1009
990,987,987,987,987,987,987,987,987,987,987
964,964,964,964,964,964,964,964,964,964,964
930,927,927,927,927,927,927,927,927,927,927
890,890,890,890,890,890,890,890,890,890,890
844,841,841,841,841,841,841,841,841,841,840
793,793,793,793,793,793,793,793,793,793,793
737,734,734,734,733,733,733,733,733,733,733
677,677,677,677,677,677,677,677,677,677,677
615,612,612,612,612,612,612,612,612,612,612
552,552,552,552,552,552,552,552,552,552,552
487,484,484,484,484,484,484,484,484,484,484
423,423,423,423,423,423,423,423,423,423,423
361,358,358,358,358,358,358,357,357,357,357
301,301,301,301,301,301,301,301,301,301,301
244,241,241,241,241,241,241,241,241,240,240
191,191,191,191,191,191,191,191,191,191,191
144,141,141,141,141,141,141,140,140,140,140
102,102,102,102,102,102,102,102,102,102,102
67,64,64,64,64,64,64,64,63,63,63
38,38,38,38,38,38,38,38,38,38,38
18,15,15,15,15,15,15,15,15,14,14
5,5,5,5,5,5,5,5,5,5,5
0,0,0,0,0,0,0,0,0,0,0
3,3,3,3,3,3,3,3,3,3,3
14,11,11,11,11,11,11,11,11,11,11
33,33,33,33,33,33,33,33,33,33,33
59,56,56,56,56,56,56,56,56,56,56
93,93,93,93,93,93,93,93,93,93,93
133,130,130,130,130,130,130,130,130,130,130
179,179,179,179,179,179,179,179,179,179,179
230,227,227,228,228,228,228,228,228,228,228
286,286,286,286,286,286,286,286,286,286,286
346,343,343,343,343,343,343,343,343,343,343
408,408,408,408,408,408,408,408,408,408,408
471,468,468,468,469,469,469,469,469,469,469
536,536,536,536,536,536,536,536,536,536,536
599,597,597,597,597,597,597,597,597,597,597
662,662,662,662,662,662,662,662,662,662,662
722,719,719,719,719,719,719,720,720,720,720
779,779,779,779,779,779,779,779,779,779,779
832,829,829,829,829,829,829,829,829,829,829
879,879,879,879,879,879,879,879,879,879,879
921,918,918,918,918,918,918,918,918,918,918
956,956,956,956,956,956,956,956,956,956,956
984,982,982,982,982,982,982,982,982,982,982
1005,1005,1005,1005,1005,1005,1005,1005,1005,1005,1005
1018,1015,1015,1015,1015,1015,1015,1015,1015,1015,1015
1023,1023,1023,1023,1023,1023,1023,1023,1023,1023,1023
1020,1017,1017,1017,1017,1017,1017,1017,1017,1017,1017
1009,1009,1009,1009,1009,1009,1009,1009,1009,1009,1009
990,987,987,987,987,987,987,987,987,987,987
964,964,964,964,964,964,964,964,964,964,964
930,927,927,927,927,927,927,927,927,927,927
890,890,890,890,890,890,890,890,890,890,890
844,841,841,841,841,841,841,841,841,841,841
793,793,793,793,793,793,793,793,793,793,793
737,734,734,734,734,734,734,733,733,733,733
677,677,677,677,677,677,677,677,677,677,677
615,612,612,612,612,612,612,612,612,612,612
552,552,552,552,552,552,552,552,552,552,552
488,484,484,484,484,484,484,484,484,484,484
424,424,424,424,424,424,424,424,424,424,424
361,358,358,358,358,358,358,358,358,358,357
301,301,301,301,301,301,301,301,301,301,301
244,241,241,241,241,241,241,241,241,241,241
192,192,192,192,192,192,192,192,192,192,192
144,141,141,141,141,141,141,141,141,141,140
102,102,102,102,102,102,102,102,102,102,102
67,64,64,64,64,64,64,64,64,64,64
39,39,39,39,39,39,39,39,39,39,39
18,15,15,15,15,15,15,15,15,15,15
5,5,5,5,5,5,5,5,5,5,5
0,0,0,0,0,0,0,0,0,0,0
3,3,3,3,3,3,3,3,3,3,3
14,11,11,11,11,11,11,11,11,11,11
32,32,32,32,32,32,32,32,32,32,32
59,56,56,56,56,56,56,56,56,56,56
92,92,92,92,92,92,92,92,92,92,92
133,130,130,130,130,130,130,130,130,130,130
179,179,179,179,179,179,179,179,179,179,179
230,227,227,227,227,227,228,228,228,228,228
286,286,286,286,286,286,286,286,286,286,286
345,342,343,343,343,343,343,343,343,343,343
407,407,407,407,407,407,407,407,407,407,407
471,468,468,468,468,468,468,469,469,469,469
535,535,535,535,535,535,535,535,535,535,535
599,596,596,596,597,597,597,597,597,597,597
662,662,662,662,662,662,662,662,662,662,662
722,719,719,719,719,719,719,719,719,719,720
779,779,779,779,779,779,779,779,779,779,779
831,828,829,829,829,829,829,829,829,829,829
879,879,879,879,879,879,879,879,879,879,879
921,918,918,918,918,918,918,918,918,918,918
956,956,956,956,956,956,956,956,956,956,956
984,981,981,981,982,982,982,982,982,982,982
1005,1005,1005,1005,1005,1005,1005,1005,1005,1005,1005
1018,1015,1015,1015,1015,1015,1015,1015,1015,1015,1015
1023,1023,1023,1023,1023,1023,1023,1023,1023,1023,1023
1020,1017,1017,1017,1017,1017,1017,1017,1017,1017,1017
1009,1009,1009,1009,1009,1009,1009,1009,1009,1009,1009
991,988,988,987,987,987,987,987,987,987,987
964,964,964,964,964,964,964,964,964,964,964
931,928,927,927,927,927,927,927,927,927,927
890,890,890,890,890,890,890,890,890,890,890
844,841,841,841,841,841,841,841,841,841,841
793,793,793,793,793,793,793,793,793,793,793
737,734,734,734,734,734,734,734,734,734,733
678,678,678,678,678,678,678,678,678,678,678
616,613,613,612,612,612,612,612,612,612,612
552,552,552,552,552,552,552,552,552,552,552
488,485,485,485,484,484,484,484,484,484,484
424,424,424,424,424,424,424,424,424,424,424
361,358,358,358,358,358,358,358,358,358,358
301,301,301,301,301,301,301,301,301,301,301
244,241,241,241,241,241,241,241,241,241,241
192,192,192,192,192,192,192,192,192,192,192
144,141,141,141,141,141,141,141,141,141,141
102,102,102,102,102,102,102,102,102,102,102
67,64,64,64,64,64,64,64,64,64,64
39,39,39,39,39,39,39,39,39,39,39
18,15,15,15,15,15,15,15,15,15,15
5,5,5,5,5,5,5,5,5,5,5
0,0,0,0,0,0,0,0,0,0,0
3,3,3,3,3,3,3,3,3,3,3
14,11,11,11,11,11,11,11,11,11,11
32,32,32,32,32,32,32,32,32,32,32
59,56,56,56,56,56,56,56,56,56,56
92,92,92,92,92,92,92,92,92,92,92
133,130,130,130,130,130,130,130,130,130,130
179,179,179,179,179,179,179,179,179,179,179
230,227,227,227,227,227,227,227,227,228,228
286,286,286,286,286,286,286,286,286,286,286
345,342,342,342,342,343,343,343,343,343,343
407,407,407,407,407,407,407,407,407,407,407
471,468,468,468,468,468,468,468,468,468,469
535,535,535,535,535,535,535,535,535,535,535
599,596,596,596,596,596,596,597,597,597,597
662,662,662,662,662,662,662,662,662,662,662
722,719,719,719,719,719,719,719,719,719,719
779,779,779,779,779,779,779,779,779,779,779
831,828,828,828,828,829,829,829,829,829,829
879,879,879,879,879,879,879,879,879,879,879
921,918,918,918,918,918,918,918,918,918,918
956,956,956,956,956,956,956,956,956,956,956
984,981,981,981,981,981,981,982,982,982,982
1005,1005,1005,1005,1005,1005,1005,1005,1005,1005,1005
1018,1015,1015,1015,1015,1015,1015,1015,1015,1015,1015
1023,1023,1023,1023,1023,1023,1023,1023,1023,1023,1023
1020,1017,1017,1017,1017,1017,1017,1017,1017,1017,1017
1009,1009,1009,1009,1009,1009,1009,1009,1009,1009,1009
991,988,988,988,988,988,987,987,987,987,987
964,964,964,964,964,964,964,964,964,964,964
931,928,928,928,928,927,927,927,927,927,927
891,891,891,891,891,891,891,891,891,891,891
844,841,841,841,841,841,841,841,841,841,841
793,793,793,793,793,793,793,793,793,793,793
737,734,734,734,734,734,734,734,734,734,734
678,678,678,678,678,678,678,678,678,678,678
616,613,613,613,613,613,612,612,612,612,612
552,552,552,552,552,552,552,552,552,552,552
488,485,485,485,485,485,485,484,484,484,484
424,424,424,424,424,424,424,424,424,424,424
361,358,358,358,358,358,358,358,358,358,358
301,301,301,301,301,301,301,301,301,301,301
244,241,241,241,241,241,241,241,241,241,241
192,192,192,192,192,192,192,192,192,192,192
144,141,141,141,141,141,141,141,141,141,141
102,102,102,102,102,102,102,102,102,102,102
67,64,64,64,64,64,64,64,64,64,64
39,39,39,39,39,39,39,39,39,39,39
18,15,15,15,15,15,15,15,15,15,15
5,5,5,5,5,5,5,5,5,5,5
0,0,0,0,0,0,0,0,0,0,0
3,3,3,3,3,3,3,3,3,3,3
14,11,11,11,11,11,11,11,11,11,11
32,32,32,32,32,32,32,32,32,32,32
59,56,56,56,56,56,56,56,56,56,56
92,92,92,92,92,92,92,92,92,92,92
132,129,129,130,130,130,130,130,130,130,130
179,179,179,179,179,179,179,179,179,179,179
230,227,227,227,227,227,227,227,227,227,227
286,286,286,286,286,286,286,286,286,286,286
345,342,342,342,342,342,342,342,343,343,343
407,407,407,407,407,407,407,407,407,407,407
471,468,468,468,468,468,468,468,468,468,468
535,535,535,535,535,535,535,535,535,535,535
599,596,596,596,596,596,596,596,596,596,597
661,661,661,661,661,661,661,661,661,661,661
722,719,719,719,719,719,719,719,719,719,719
778,778,778,778,778,778,778,778,778,778,778
831,828,828,828,828,828,828,828,829,829,829
879,879,879,879,879,879,879,879,879,879,879
921,918,918,918,918,918,918,918,918,918,918
956,956,956,956,956,956,956,956,956,956,956
984,981,981,981,981,981,981,981,981,981,982
1005,1005,1005,1005,1005,1005,1005,1005,1005,1005,1005
1018,1015,1015,1015,1015,1015,1015,1015,1015,1015,1015
1023,1023,1023,1023,1023,1023,1023,1023,1023,1023,1023
1020,1017,1017,1017,1017,1017,1017,1017,1017,1017,1017
1010,1010,1010,1010,1010,1010,1010,1010,1010,1010,1010
991,988,988,988,988,988,988,988,988,987,987
964,964,964,964,964,964,964,964,964,964,964
931,928,928,928,928,928,928,928,927,927,927
891,891,891,891,891,891,891,891,891,891,891
845,842,841,841,841,841,841,841,841,841,841
793,793,793,793,793,793,793,793,793,793,793
737,734,734,734,734,734,734,734,734,734,734
678,678,678,678,678,678,678,678,678,678,678
616,613,613,613,613,613,613,613,613,612,612
552,552,552,552,552,552,552,552,552,552,552
488,485,485,485,485,485,485,485,485,485,484
424,424,424,424,424,424,424,424,424,424,424
362,359,359,358,358,358,358,358,358,358,358
301,301,301,301,301,301,301,301,301,301,301
245,242,242,241,241,241,241,241,241,241,241
192,192,192,192,192,192,192,192,192,192,192
144,141,141,141,141,141,141,141,141,141,141
103,103,103,103,103,103,103,103,103,103,103
67,64,64,64,64,64,64,64,64,64,64
39,39,39,39,39,39,39,39,39,39,39
18,15,15,15,15,15,15,15,15,15,15
5,5,5,5,5,5,5,5,5,5,5
0,0,0,0,0,0,0,0,0,0,0
3,3,3,3,3,3,3,3,3,3,3
13,10,10,11,11,11,11,11,11,11,11
32,32,32,32,32,32,32,32,32,32,32
59,56,56,56,56,56,56,56,56,56,56
92,92,92,92,92,92,92,92,92,92,92
132,129,129,129,129,129,130,130,130,130,130
178,178,178,178,178,178,178,178,178,178,178
230,227,227,227,227,227,227,227,227,227,227
286,286,286,286,286,286,286,286,286,286,286
345,342,342,342,342,342,342,342,342,342,342
407,407,407,407,407,407,407,407,407,407,407
471,468,468,468,468,468,468,468,468,468,468
535,535,535,535,535,535,535,535,535,535,535
599,596,596,596,596,596,596,596,596,596,596
661,661,661,661,661,661,661,661,661,661,661
721,718,719,719,719,719,719,719,719,719,719
778,778,778,778,778,778,778,778,778,778,778
831,828,828,828,828,828,828,828,828,828,828
879,879,879,879,879,879,879,879,879,879,879
920,917,918,918,918,918,918,918,918,918,918
956,956,956,956,956,956,956,956,956,956,956
984,981,981,981,981,981,981,981,981,981,981
1005,1005,1005,1005,1005,1005,1005,1005,1005,1005,1005
1018,1015,1015,1015,1015,1015,1015,1015,1015,1015,1015
1023,1023,1023,1023,1023,1023,1023,1023,1023,1023,1023
1021,1017,1017,1017,1017,1017,1017,1017,1017,1017,1017
1010,1010,1010,1010,1010,1010,1010,1010,1010,1010,1010
991,988,988,988,988,988,988,988,988,988,988
964,964,964,964,964,964,964,964,964,964,964
931,928,928,928,928,928,928,928,928,928,928
891,891,891,891,891,891,891,891,891,891,891
845,842,842,842,842,841,841,841,841,841,841
793,793,793,793,793,793,793,793,793,793,793
738,735,734,734,734,734,734,734,734,734,734
678,678,678,678,678,678,678,678,678,678,678
616,613,613,613,613,613,613,613,613,613,613
553,553,553,553,553,553,553,553,553,553,553
488,485,485,485,485,485,485,485,485,485,485
424,424,424,424,424,424,424,424,424,424,424
362,359,359,359,359,359,358,358,358,358,358
302,302,302,302,302,302,302,302,302,302,302
245,242,242,242,242,242,241,241,241,241,241
192,192,192,192,192,192,192,192,192,192,192
144,141,141,141,141,141,141,141,141,141,141
103,103,103,103,103,103,103,103,103,103,103
67,64,64,64,64,64,64,64,64,64,64
39,39,39,39,39,39,39,39,39,39,39
18,15,15,15,15,15,15,15,15,15,15
5,5,5,5,5,5,5,5,5,5,5
0,0,0,0,0,0,0,0,0,0,0
2,2,2,2,2,2,2,2,2,2,2
13,10,10,10,10,10,11,11,11,11,11
32,32,32,32,32,32,32,32,32,32,32
59,56,56,56,56,56,56,56,56,56,56
92,92,92,92,92,92,92,92,92,92,92
132,129,129,129,129,129,129,129,129,130,130
178,178,178,178,178,178,178,178,178,178,178
230,227,227,227,227,227,227,227,227,227,227
285,285,285,285,285,285,285,285,285,285,285
345,342,342,342,342,342,342,342,342,342,342
407,407,407,407,407,407,407,407,407,407,407
470,467,467,468,468,468,468,468,468,468,468
535,535,535,535,535,535,535,535,535,535,535
599,596,596,596,596,596,596,596,596,596,596
661,661,661,661,661,661,661,661,661,661,661
721,718,718,718,718,719,719,719,719,719,719
778,778,778,778,778,778,778,778,778,778,778
831,828,828,828,828,828,828,828,828,828,828
878,878,878,878,878,878,878,878,878,878,878
920,917,917,917,917,917,918,918,918,918,918
956,956,956,956,956,956,956,956,956,956,956
984,981,981,981,981,981,981,981,981,981,981
1005,1005,1005,1005,1005,1005,1005,1005,1005,1005,1005
1018,1015,1015,1015,1015,1015,1015,1015,1015,1015,1015
1023,1023,1023,1023,1023,1023,1023,1023,1023,1023,1023
1021,1018,1018,1018,1017,1017,1017,1017,1017,1017,1017
1010,1010,1010,1010,1010,1010,1010,1010,1010,1010,1010
991,988,988,988,988,988,988,988,988,988,988
964,964,964,964,964,964,964,964,964,964,964
931,928,928,928,928,928,928,928,928,928,928
891,891,891,891,891,891,891,891,891,891,891
845,842,842,842,842,842,842,842,841,841,841
794,794,794,794,794,794,794,794,794,794,794
738,735,735,735,735,734,734,734,734,734,734
678,678,678,678,678,678,678,678,678,678,678
616,613,613,613,613,613,613,613,613,613,613
553,553,553,553,553,553,553,553,553,553,553
489,485,485,485,485,485,485,485,485,485,485
425,425,425,425,425,425,425,425,425,425,425
362,359,359,359,359,359,359,359,359,358,358
302,302,302,302,302,302,302,302,302,302,302
245,242,242,242,242,242,242,242,242,241,241
192,192,192,192,192,192,192,192,192,192,192
145,142,142,141,141,141,141,141,141,141,141
103,103,103,103,103,103,103,103,103,103,103
67,64,64,64,64,64,64,64,64,64,64
39,39,39,39,39,39,39,39,39,39,39
18,15,15,15,15,15,15,15,15,15,15
5,5,5,5,5,5,5,5,5,5,5
0,0,0,0,0,0,0,0,0,0,0
2,2,2,2,2,2,2,2,2,2,2
13,10,10,10,10,10,10,10,10,11,11
32,32,32,32,32,32,32,32,32,32,32
58,55,56,56,56,56,56,56,56,56,56
92,92,92,92,92,92,92,92,92,92,92
132,129,129,129,129,129,129,129,129,129,129
178,178,178,178,178,178,178,178,178,178,178
229,226,227,227,227,227,227,227,227,227,227
285,285,285,285,285,285,285,285,285,285,285
345,342,342,342,342,342,342,342,342,342,342
406,406,406,406,406,406,406,406,406,406,406
470,467,467,467,467,467,468,468,468,468,468
534,534,534,534,534,534,534,534,534,534,534
598,595,595,596,596,596,596,596,596,596,596
661,661,661,661,661,661,661,661,661,661,661
721,718,718,718,718,718,718,718,719,719,719
778,778,778,778,778,778,778,778,778,778,778
831,828,828,828,828,828,828,828,828,828,828
878,878,878,878,878,878,878,878,878,878,878
920,917,917,917,917,917,917,917,917,918,918
956,956,956,956,956,956,956,956,956,956,956
984,981,981,981,981,981,981,981,981,981,981
1005,1005,1005,1005,1005,1005,1005,1005,1005,1005,1005
1018,1015,1015,1015,1015,1015,1015,1015,1015,1015,1015
1023,1023,1023,1023,1023,1023,1023,1023,1023,1023,1023
1021,1018,1018,1018,1018,1018,1018,1017,1017,1017,1017
1010,1010,1010,1010,1010,1010,1010,1010,1010,1010,1010
991,988,988,988,988,988,988,988,988,988,988
965,965,965,965,965,965,965,965,965,965,965
931,928,928,928,928,928,928,928,928,928,928
891,891,891,891,891,891,891,891,891,891,891
845,842,842,842,842,842,842,842,842,842,842
794,794,794,794,794,794,794,794,794,794,794
738,735,735,735,735,735,735,735,734,734,734
679,679,679,679,679,679,679,679,679,679,679
617,614,613,613,613,613,613,613,613,613,613
553,553,553,553,553,553,553,553,553,553,553
489,486,486,486,485,485,485,485,485,485,485
425,425,425,425,425,425,425,425,425,425,425
362,359,359,359,359,359,359,359,359,359,359
302,302,302,302,302,302,302,302,302,302,302
245,242,242,242,242,242,242,242,242,242,242
192,192,192,192,192,192,192,192,192,192,192
145,142,142,142,142,142,141,141,141,141,141
103,103,103,103,103,103,103,103,103,103,103
67,64,64,64,64,64,64,64,64,64,64
39,39,39,39,39,39,39,39,39,39,39
18,15,15,15,15,15,15,15,15,15,15
5,5,5,5,5,5,5,5,5,5,5
0,0,0,0,0,0,0,0,0,0,0
2,2,2,2,2,2,2,2,2,2,2
13,10,10,10,10,10,10,10,10,10,10
32,32,32,32,32,32,32,32,32,32,32
58,55,55,55,55,56,56,56,56,56,56
92,92,92,92,92,92,92,92,92,92,92
132,129,129,129,129,129,129,129,129,129,129
178,178,178,178,178,178,178,178,178,178,178
229,226,226,226,226,227,227,227,227,227,227
285,285,285,285,285,285,285,285,285,285,285
344,341,341,342,342,342,342,342,342,342,342
406,406,406,406,406,406,406,406,406,406,406
470,467,467,467,467,467,467,467,467,467,468
534,534,534,534,534,534,534,534,534,534,534
598,595,595,595,595,595,596,596,596,596,596
661,661,661,661,661,661,661,661,661,661,661
721,718,718,718,718,718,718,718,718,718,718
778,778,778,778,778,778,778,778,778,778,778
831,828,828,828,828,828,828,828,828,828,828
878,878,878,878,878,878,878,878,878,878,878
920,917,917,917,917,917,917,917,917,917,917
956,956,956,956,956,956,956,956,956,956,956
984,981,981,981,981,981,981,981,981,981,981
1005,1005,1005,1005,1005,1005,1005,1005,1005,1005,1005
1018,1015,1015,1015,1015,1015,1015,1015,1015,1015,1015
1023,1023,1023,1023,1023,1023,1023,1023,1023,1023,1023
1021,1018,1018,1018,1018,1018,1018,1018,1018,1018,1017
1010,1010,1010,1010,1010,1010,1010,1010,1010,1010,1010
991,988,988,988,988,988,988,988,988,988,988
965,965,965,965,965,965,965,965,965,965,965
931,928,928,928,928,928,928,928,928,928,928
891,891,891,891,891,891,891,891,891,891,891
845,842,842,842,842,842,842,842,842,842,842
794,794,794,794,794,794,794,794,794,794,794
738,735,735,735,735,735,735,735,735,735,735
679,679,679,679,679,679,679,679,679,679,679
617,614,614,614,614,613,613,613,613,613,613
553,553,553,553,553,553,553,553,553,553,553
489,486,486,486,486,486,486,485,485,485,485
425,425,425,425,425,425,425,425,425,425,425
362,359,359,359,359,359,359,359,359,359,359
302,302,302,302,302,302,302,302,302,302,302
245,242,242,242,242,242,242,242,242,242,242
193,193,193,193,193,193,193,193,193,193,193
145,142,142,142,142,142,142,142,142,141,141
103,103,103,103,103,103,103,103,103,103,103
68,64,64,64,64,64,64,64,64,64,64
39,39,39,39,39,39,39,39,39,39,39
18,15,15,15,15,15,15,15,15,15,15
5,5,5,5,5,5,5,5,5,5,5
0,0,0,0,0,0,0,0,0,0,0
2,2,2,2,2,2,2,2,2,2,2
13,10,10,10,10,10,10,10,10,10,10
32,32,32,32,32,32,32,32,32,32,32
58,55,55,55,55,55,55,55,56,56,56
92,92,92,92,92,92,92,92,92,92,92
132,129,129,129,129,129,129,129,129,129,129
178,178,178,178,178,178,178,178,178,178,178
229,226,226,226,226,226,226,226,226,227,227
285,285,285,285,285,285,285,285,285,285,285
344,341,341,341,341,341,342,342,342,342,342
406,406,406,406,406,406,406,406,406,406,406
470,467,467,467,467,467,467,467,467,467,467
534,534,534,534,534,534,534,534,534,534,534
598,595,595,595,595,595,595,595,595,596,596
660,660,660,660,660,660,660,660,660,660,660
721,718,718,718,718,718,718,718,718,718,718
778,778,778,778,778,778,778,778,778,778,778
830,827,827,827,828,828,828,828,828,828,828
878,878,878,878,878,878,878,878,878,878,878
920,917,917,917,917,917,917,917,917,917,917
955,955,955,955,955,955,955,955,955,955,955
984,981,981,981,981,981,981,981,981,981,981
1005,1005,1005,1005,1005,1005,1005,1005,1005,1005,1005
1018,1015,1015,1015,1015,1015,1015,1015,1015,1015,1015
1023,1023,1023,1023,1023,1023,1023,1023,1023,1023,1023
1021,1018,1018,1018,1018,1018,1018,1018,1018,1018,1018
1010,1010,1010,1010,1010,1010,1010,1010,1010,1010,1010
991,988,988,988,988,988,988,988,988,988,988
965,965,965,965,965,965,965,965,965,965,965
931,928,928,928,928,928,928,928,928,928,928
891,891,891,891,891,891,891,891,891,891,891
845,842,842,842,842,842,842,842,842,842,842
794,794,794,794,794,794,794,794,794,794,794
738,735,735,735,735,735,735,735,735,735,735
679,679,679,679,679,679,679,679,679,679,679
617,614,614,614,614,614,614,614,613,613,613
553,553,553,553,553,553,553,553,553,553,553
489,486,486,486,486,486,486,486,486,486,485
425,425,425,425,425,425,425,425,425,425,425
363,360,359,359,359,359,359,359,359,359,359
302,302,302,302,302,302,302,302,302,302,302
245,242,242,242,242,242,242,242,242,242,242
193,193,193,193,193,193,193,193,193,193,193
145,142,142,142,142,142,142,142,142,142,142
103,103,103,103,103,103,103,103,103,103,103
68,65,65,65,64,64,64,64,64,64,64
39,39,39,39,39,39,39,39,39,39,39
18,15,15,15,15,15,15,15,15,15,15
5,5,5,5,5,5,5,5,5,5,5
0,0,0,0,0,0,0,0,0,0,0
2,2,2,2,2,2,2,2,2,2,2
13,10,10,10,10,10,10,10,10,10,10
32,32,32,32,32,32,32,32,32,32,32
58,55,55,55,55,55,55,55,55,55,55
92,92,92,92,92,92,92,92,92,92,92
132,129,129,129,129,129,129,129,129,129,129
178,178,178,178,178,178,178,178,178,178,178
229,226,226,226,226,226,226,226,226,226,226
285,285,285,285,285,285,285,285,285,285,285
344,341,341,341,341,341,341,341,341,342,342
406,406,406,406,406,406,406,406,406,406,406
470,467,467,467,467,467,467,467,467,467,467
534,534,534,534,534,534,534,534,534,534,534
598,595,595,595,595,595,595,595,595,595,595
660,660,660,660,660,660,660,660,660,660,660
721,718,718,718,718,718,718,718,718,718,718
777,777,777,777,777,777,777,777,777,777,777
830,827,827,827,827,827,827,828,828,828,828
878,878,878,878,878,878,878,878,878,878,878
920,917,917,917,917,917,917,917,917,917,917
955,955,955,955,955,955,955,955,955,955,955
984,981,981,981,981,981,981,981,981,981,981
1005,1005,1005,1005,1005,1005,1005,1005,1005,1005,1005
1018,1015,1015,1015,1015,1015,1015,1015,1015,1015,1015
1023,1023,1023,1023,1023,1023,1023,1023,1023,1023,1023
1021,1018,1018,1018,1018,1018,1018,1018,1018,1018,1018
1010,1010,1010,1010,1010,1010,1010,1010,1010,1010,1010
991,988,988,988,988,988,988,988,988,988,988
965,965,965,965,965,965,965,965,965,965,965
931,928,928,928,928,928,928,928,928,928,928
891,891,891,891,891,891,891,891,891,891,891
845,842,842,842,842,842,842,842,842,842,842
794,794,794,794,794,794,794,794,794,794,794
738,735,735,735,735,735,735,735,735,735,735
679,679,679,679,679,679,679,679,679,679,679
617,614,614,614,614,614,614,614,614,614,614
554,554,554,554,554,554,554,554,554,554,554
489,486,486,486,486,486,486,486,486,486,486
425,425,425,425,425,425,425,425,425,425,425
363,360,360,360,360,359,359,359,359,359,359
303,303,303,303,303,303,303,303,303,303,303
246,243,243,242,242,242,242,242,242,242,242
193,193,193,193,193,193,193,193,193,193,193
145,142,142,142,142,142,142,142,142,142,142
103,103,103,103,103,103,103,103,103,103,103
68,65,65,65,65,65,65,65,64,64,64
39,39,39,39,39,39,39,39,39,39,39
18,15,15,15,15,15,15,15,15,15,15
5,5,5,5,5,5,5,5,5,5,5
0,0,0,0,0,0,0,0,0,0,0
2,2,2,2,2,2,2,2,2,2,2
13,10,10,10,10,10,10,10,10,10,10
32,32,32,32,32,32,32,32,32,32,32
58,55,55,55,55,55,55,55,55,55,55
91,91,91,91,91,91,91,91,91,91,91
131,129,129,129,129,129,129,129,129,129,129
177,177,177,177,177,177,177,177,177,177,177
229,226,226,226,226,226,226,226,226,226,226
284,284,284,284,284,284,284,284,284,284,284
344,341,341,341,341,341,341,341,341,341,341
406,406,406,406,406,406,406,406,406,406,406
469,466,466,467,467,467,467,467,467,467,467
534,534,534,534,534,534,534,534,534,534,534
598,595,595,595,595,595,595,595,595,595,595
660,660,660,660,660,660,660,660,660,660,660
720,717,717,718,718,718,718,718,718,718,718
777,777,777,777,777,777,777,777,777,777,777
830,827,827,827,827,827,827,827,827,827,828
878,878,878,878,878,878,878,878,878,878,878
920,917,917,917,917,917,917,917,917,917,917
955,955,955,955,955,955,955,955,955,955,955
984,981,981,981,981,981,981,981,981,981,981
1005,1005,1005,1005,1005,1005,1005,1005,1005,1005,1005
1018,1015,1015,1015,1015,1015,1015,1015,1015,1015,1015
1023,1023,1023,1023,1023,1023,1023,1023,1023,1023,1023
1021,1018,1018,1018,1018,1018,1018,1018,1018,1018,1018
1010,1010,1010,1010,1010,1010,1010,1010,1010,1010,1010
991,988,988,988,988,988,988,988,988,988,988
965,965,965,965,965,965,965,965,965,965,965
932,929,929,928,928,928,928,928,928,928,928
892,892,892,892,892,892,892,892,892,892,892
846,843,842,842,842,842,842,842,842,842,842
794,794,794,794,794,794,794,794,794,794,794
739,736,736,735,735,735,735,735,735,735,735
679,679,679,679,679,679,679,679,679,679,679
617,614,614,614,614,614,614,614,614,614,614
554,554,554,554,554,554,554,554,554,554,554
489,486,486,486,486,486,486,486,486,486,486
426,426,426,426,426,426,426,426,426,426,426
363,360,360,360,360,360,360,360,359,359,359
303,303,303,303,303,303,303,303,303,303,303
246,243,243,243,243,243,242,242,242,242,242
193,193,193,193,193,193,193,193,193,193,193
145,142,142,142,142,142,142,142,142,142,142
103,103,103,103,103,103,103,103,103,103,103
68,65,65,65,65,65,65,65,65,65,65
39,39,39,39,39,39,39,39,39,39,39
18,15,15,15,15,15,15,15,15,15,15
5,5,5,5,5,5,5,5,5,5,5
0,0,0,0,0,0,0,0,0,0,0
2,2,2,2,2,2,2,2,2,2,2
13,10,10,10,10,10,10,10,10,10,10
32,32,32,32,32,32,32,32,32,32,32
58,55,55,55,55,55,55,55,55,55,55
91,91,91,91,91,91,91,91,91,91,91
131,128,128,128,129,129,129,129,129,129,129
177,177,177,177,177,177,177,177,177,177,177
229,226,226,226,226,226,226,226,226,226,226
284,284,284,284,284,284,284,284,284,284,284
344,341,341,341,341,341,341,341,341,341,341
406,406,406,406,406,406,406,406,406,406,406
469,466,466,466,466,466,467,467,467,467,467
533,533,533,533,533,533,533,533,533,533,533
597,594,594,595,595,595,595,595,595,595,595
660,660,660,660,660,660,660,660,660,660,660
720,717,717,717,717,717,718,718,718,718,718
777,777,777,777,777,777,777,777,777,777,777
830,827,827,827,827,827,827,827,827,827,827
878,878,878,878,878,878,878,878,878,878,878
920,917,917,917,917,917,917,917,917,917,917
955,955,955,955,955,955,955,955,955,955,955
984,981,981,981,981,981,981,981,981,981,981
1005,1005,1005,1005,1005,1005,1005,1005,1005,1005,1005
1018,1015,1015,1015,1015,1015,1015,1015,1015,1015,1015
1023,1023,1023,1023,1023,1023,1023,1023,1023,1023,1023
1021,1018,1018,1018,1018,1018,1018,1018,1018,1018,1018
1010,1010,1010,1010,1010,1010,1010,1010,1010,1010,1010
991,988,988,988,988,988,988,988,988,988,988
965,965,965,965,965,965,965,965,965,965,965
932,929,929,929,929,929,928,928,928,928,928
892,892,892,892,892,892,892,892,892,892,892
846,843,843,843,843,843,842,842,842,842,842
795,795,795,795,795,795,795,795,795,795,795
739,736,736,736,736,736,735,735,735,735,735
680,680,680,680,680,680,680,680,680,680,680
618,615,614,614,614,614,614,614,614,614,614
554,554,554,554,554,554,554,554,554,554,554
490,487,487,486,486,486,486,486,486,486,486
426,426,426,426,426,426,426,426,426,426,426
363,360,360,360,360,360,360,360,360,360,360
303,303,303,303,303,303,303,303,303,303,303
246,243,243,243,243,243,243,243,243,242,242
193,193,193,193,193,193,193,193,193,193,193
145,142,142,142,142,142,142,142,142,142,142
103,103,103,103,103,103,103,103,103,103,103
68,65,65,65,65,65,65,65,65,65,65
39,39,39,39,39,39,39,39,39,39,39
18,15,15,15,15,15,15,15,15,15,15
5,5,5,5,5,5,5,5,5,5,5
0,0,0,0,0,0,0,0,0,0,0
2,2,2,2,2,2,2,2,2,2,2
13,10,10,10,10,10,10,10,10,10,10
32,32,32,32,32,32,32,32,32,32,32
58,55,55,55,55,55,55,55,55,55,55
91,91,91,91,91,91,91,91,91,91,91
131,128,128,128,128,128,128,129,129,129,129
177,177,177,177,177,177,177,177,177,177,177
228,225,226,226,226,226,226,226,226,226,226
284,284,284,284,284,284,284,284,284,284,284
343,340,341,341,341,341,341,341,341,341,341
405,405,405,405,405,405,405,405,405,405,405
469,466,466,466,466,466,466,466,466,467,467
533,533,533,533,533,533,533,533,533,533,533
597,594,594,594,594,594,595,595,595,595,595
660,660,660,660,660,660,660,660,660,660,660
720,717,717,717,717,717,717,717,717,718,718
777,777,777,777,777,777,777,777,777,777,777
830,827,827,827,827,827,827,827,827,827,827
877,877,877,877,877,877,877,877,877,877,877
919,917,917,917,917,917,917,917,917,917,917
955,955,955,955,955,955,955,955,955,955,955
984,981,981,981,981,981,981,981,981,981,981
1005,1005,1005,1005,1005,1005,1005,1005,1005,1005,1005
1018,1015,1015,1015,1015,1015,1015,1015,1015,1015,1015
1023,1023,1023,1023,1023,1023,1023,1023,1023,1023,1023
1021,1018,1018,1018,1018,1018,1018,1018,1018,1018,1018
1010,1010,1010,1010,1010,1010,1010,1010,1010,1010,1010
991,988,988,988,988,988,988,988,988,988,988
965,965,965,965,965,965,965,965,965,965,965
932,929,929,929,929,929,929,929,929,928,928
892,892,892,892,892,892,892,892,892,892,892
846,843,843,843,843,843,843,843,843,842,842
795,795,795,795,795,795,795,795,795,795,795
739,736,736,736,736,736,736,736,736,735,735
680,680,680,680,680,680,680,680,680,680,680
618,615,615,615,615,614,614,614,614,614,614
554,554,554,554,554,554,554,554,554,554,554
490,487,487,487,487,487,486,486,486,486,486
426,426,426,426,426,426,426,426,426,426,426
363,360,360,360,360,360,360,360,360,360,360
303,303,303,303,303,303,303,303,303,303,303
246,243,243,243,243,243,243,243,243,243,243
193,193,193,193,193,193,193,193,193,193,193
146,143,142,142,142,142,142,142,142,142,142
104,104,104,104,104,104,104,104,104,104,104
68,65,65,65,65,65,65,65,65,65,65
39,39,39,39,39,39,39,39,39,39,39
18,15,15,15,15,15,15,15,15,15,15
5,5,5,5,5,5,5,5,5,5,5
0,0,0,0,0,0,0,0,0,0,0
2,2,2,2,2,2,2,2,2,2,2
13,10,10,10,10,10,10,10,10,10,10
32,32,32,32,32,32,32,32,32,32,32
58,55,55,55,55,55,55,55,55,55,55
91,91,91,91,91,91,91,91,91,91,91
131,128,128,128,128,128,128,128,128,128,129
177,177,177,177,177,177,177,177,177,177,177
228,225,225,225,225,226,226,226,226,226,226
284,284,284,284,284,284,284,284,284,284,284
343,340,340,340,340,341,341,341,341,341,341
405,405,405,405,405,405,405,405,405,405,405
469,466,466,466,466,466,466,466,466,466,466
533,533,533,533,533,533,533,533,533,533,533
597,594,594,594,594,594,594,594,594,595,595
660,660,660,660,660,660,660,660,660,660,660
720,717,717,717,717,717,717,717,717,717,717
777,777,777,777,777,777,777,777,777,777,777
830,827,827,827,827,827,827,827,827,827,827
877,877,877,877,877,877,877,877,877,877,877
919,916,916,916,917,917,917,917,917,917,917
955,955,955,955,955,955,955,955,955,955,955
984,981,981,981,981,981,981,981,981,981,981
1005,1005,1005,1005,1005,1005,1005,1005,1005,1005,1005
1018,1015,1015,1015,1015,1015,1015,1015,1015,1015,1015
1023,1023,1023,1023,1023,1023,1023,1023,1023,1023,1023
1021,1018,1018,1018,1018,1018,1018,1018,1018,1018,1018
1010,1010,1010,1010,1010,1010,1010,1010,1010,1010,1010
991,988,988,988,988,988,988,988,988,988,988
965,965,965,965,965,965,965,965,965,965,965
932,929,929,929,929,929,929,929,929,929,929
892,892,892,892,892,892,892,892,892,892,892
846,843,843,843,843,843,843,843,843,843,843
795,795,795,795,795,795,795,795,795,795,795
739,736,736,736,736,736,736,736,736,736,736
680,680,680,680,680,680,680,680,680,680,680
618,615,615,615,615,615,615,615,614,614,614
554,554,554,554,554,554,554,554,554,554,554
490,487,487,487,487,487,487,487,487,486,486
426,426,426,426,426,426,426,426,426,426,426
364,360,360,360,360,360,360,360,360,360,360
303,303,303,303,303,303,303,303,303,303,303
246,243,243,243,243,243,243,243,243,243,243
193,193,193,193,193,193,193,193,193,193,193
146,143,143,143,143,142,142,142,142,142,142
104,104,104,104,104,104,104,104,104,104,104
68,65,65,65,65,65,65,65,65,65,65
40,40,40,40,40,40,40,40,40,40,40
18,15,15,15,15,15,15,15,15,15,15
5,5,5,5,5,5,5,5,5,5,5
0,0,0,0,0,0,0,0,0,0,0
2,2,2,2,2,2,2,2,2,2,2
13,10,10,10,10,10,10,10,10,10,10
32,32,32,32,32,32,32,32,32,32,32
58,55,55,55,55,55,55,55,55,55,55
91,91,91,91,91,91,91,91,91,91,91
131,128,128,128,128,128,128,128,128,128,128
177,177,177,177,177,177,177,177,177,177,177
228,225,225,225,225,225,225,225,226,226,226
284,284,284,284,284,284,284,284,284,284,284
343,340,340,340,340,340,340,340,341,341,341
405,405,405,405,405,405,405,405,405,405,405
469,466,466,466,466,466,466,466,466,466,466
533,533,533,533,533,533,533,533,533,533,533
597,594,594,594,594,594,594,594,594,594,594
659,659,659,659,659,659,659,659,659,659,659
720,717,717,717,717,717,717,717,717,717,717
777,777,777,777,777,777,777,777,777,777,777
829,826,827,827,827,827,827,827,827,827,827
877,877,877,877,877,877,877,877,877,877,877
919,916,916,916,916,916,916,917,917,917,917
955,955,955,955,955,955,955,955,955,955,955
983,980,980,981,981,981,981,981,981,981,981
1005,1005,1005,1005,1005,1005,1005,1005,1005,1005,1005
1018,1015,1015,1015,1015,1015,1015,1015,1015,1015,1015
1023,1023,1023,1023,1023,1023,1023,1023,1023,1023,1023
1021,1018,1018,1018,1018,1018,1018,1018,1018,1018,1018
1010,1010,1010,1010,1010,1010,1010,1010,1010,1010,1010
991,988,988,988,988,988,988,988,988,988,988
965,965,965,965,965,965,965,965,965,965,965
932,929,929,929,929,929,929,929,929,929,929
892,892,892,892,892,892,892,892,892,892,892
846,843,843,843,843,843,843,843,843,843,843
795,795,795,795,795,795,795,795,795,795,795
739,736,736,736,736,736,736,736,736,736,736
680,680,680,680,680,680,680,680,680,680,680
618,615,615,615,615,615,615,615,615,615,615
555,555,555,555,555,555,555,555,555,555,555
490,487,487,487,487,487,487,487,487,487,487
426,426,426,426,426,426,426,426,426,426,426
364,361,361,361,360,360,360,360,360,360,360
303,303,303,303,303,303,303,303,303,303,303
246,243,243,243,243,243,243,243,243,243,243
194,194,194,194,194,194,194,194,194,194,194
146,143,143,143,143,143,143,143,142,142,142
104,104,104,104,104,104,104,104,104,104,104
68,65,65,65,65,65,65,65,65,65,65
40,40,40,40,40,40,40,40,40,40,40
18,15,15,15,15,15,15,15,15,15,15
5,5,5,5,5,5,5,5,5,5,5
0,0,0,0,0,0,0,0,0,0,0
2,2,2,2,2,2,2,2,2,2,2
13,10,10,10,10,10,10,10,10,10,10
32,32,32,32,32,32,32,32,32,32,32
58,55,55,55,55,55,55,55,55,55,55
91,91,91,91,91,91,91,91,91,91,91
131,128,128,128,128,128,128,128,128,128,128
177,177,177,177,177,177,177,177,177,177,177
228,225,225,225,225,225,225,225,225,225,225
284,284,284,284,284,284,284,284,284,284,284
343,340,340,340,340,340,340,340,340,340,340
405,405,405,405,405,405,405,405,405,405,405
468,465,465,466,466,466,466,466,466,466,466
533,533,533,533,533,533,533,533,533,533,533
597,594,594,594,594,594,594,594,594,594,594
659,659,659,659,659,659,659,659,659,659,659
719,717,717,717,717,717,717,717,717,717,717
776,776,776,776,776,776,776,776,776,776,776
829,826,826,826,826,827,827,827,827,827,827
877,877,877,877,877,877,877,877,877,877,877
919,916,916,916,916,916,916,916,916,916,917
955,955,955,955,955,955,955,955,955,955,955
983,980,980,980,980,980,981,981,981,981,981
1005,1005,1005,1005,1005,1005,1005,1005,1005,1005,1005
1018,1015,1015,1015,1015,1015,1015,1015,1015,1015,1015
1023,1023,1023,1023,1023,1023,1023,1023,1023,1023,1023
1021,1018,1018,1018,1018,1018,1018,1018,1018,1018,1018
1010,1010,1010,1010,1010,1010,1010,1010,1010,1010,1010
992,988,988,988,988,988,988,988,988,988,988
965,965,965,965,965,965,965,965,965,965,965
932,929,929,929,929,929,929,929,929,929,929
892,892,892,892,892,892,892,892,892,892,892
846,843,843,843,843,843,843,843,843,843,843
795,795,795,795,795,795,795,795,795,795,795
740,736,736,736,736,736,736,736,736,736,736
680,680,680,680,680,680,680,680,680,680,680
618,615,615,615,615,615,615,615,615,615,615
555,555,555,555,555,555,555,555,555,555,555
490,487,487,487,487,487,487,487,487,487,487
427,427,427,427,427,427,427,427,427,427,427
364,361,361,361,361,361,361,360,360,360,360
304,304,304,304,304,304,304,304,304,304,304
247,244,244,243,243,243,243,243,243,243,243
194,194,194,194,194,194,194,194,194,194,194
146,143,143,143,143,143,143,143,143,143,143
104,104,104,104,104,104,104,104,104,104,104
68,65,65,65,65,65,65,65,65,65,65
40,40,40,40,40,40,40,40,40,40,40
18,15,15,15,15,15,15,15,15,15,15
5,5,5,5,5,5,5,5,5,5,5
0,0,0,0,0,0,0,0,0,0,0
2,2,2,2,2,2,2,2,2,2,2
13,10,10,10,10,10,10,10,10,10,10
31,31,31,31,31,31,31,31,31,31,31
58,55,55,55,55,55,55,55,55,55,55
91,91,91,91,91,91,91,91,91,91,91
131,128,128,128,128,128,128,128,128,128,128
177,177,177,177,177,177,177,177,177,177,177
228,225,225,225,225,225,225,225,225,225,225
283,283,283,283,283,283,283,283,283,283,283
343,340,340,340,340,340,340,340,340,340,340
405,405,405,405,405,405,405,405,405,405,405
468,465,465,465,465,465,466,466,466,466,466
532,532,532,532,532,532,532,532,532,532,532
596,593,594,594,594,594,594,594,594,594,594
659,659,659,659,659,659,659,659,659,659,659
719,716,716,716,717,717,717,717,717,717,717
776,776,776,776,776,776,776,776,776,776,776
829,826,826,826,826,826,826,826,827,827,827
877,877,877,877,877,877,877,877,877,877,877
919,916,916,916,916,916,916,916,916,916,916
955,955,955,955,955,955,955,955,955,955,955
983,980,980,980,980,980,980,980,980,981,981
1004,1004,1004,1004,1004,1004,1004,1004,1004,1004,1004
1018,1015,1015,1015,1015,1015,1015,1015,1015,1015,1015
1023,1023,1023,1023,1023,1023,1023,1023,1023,1023,1023
1021,1018,1018,1018,1018,1018,1018,1018,1018,1018,1018
1010,1010,1010,1010,1010,1010,1010,1010,1010,1010,1010
992,989,989,989,988,988,988,988,988,988,988
965,965,965,965,965,965,965,965,965,965,965
932,929,929,929,929,929,929,929,929,929,929
892,892,892,892,892,892,892,892,892,892,892
846,843,843,843,843,843,843,843,843,843,843
795,795,795,795,795,795,795,795,795,795,795
740,737,737,737,736,736,736,736,736,736,736
680,680,680,680,680,680,680,680,680,680,680
619,615,615,615,615,615,615,615,615,615,615
555,555,555,555,555,555,555,555,555,555,555
491,488,488,487,487,487,487,487,487,487,487
427,427,427,427,427,427,427,427,427,427,427
364,361,361,361,361,361,361,361,361,361,360
304,304,304,304,304,304,304,304,304,304,304
247,244,244,244,244,244,243,243,243,243,243
194,194,194,194,194,194,194,194,194,194,194
146,143,143,143,143,143,143,143,143,143,143
104,104,104,104,104,104,104,104,104,104,104
68,65,65,65,65,65,65,65,65,65,65
40,40,40,40,40,40,40,40,40,40,40
19,16,15,15,15,15,15,15,15,15,15
5,5,5,5,5,5,5,5,5,5,5
0,0,0,0,0,0,0,0,0,0,0
2,2,2,2,2,2,2,2,2,2,2
13,10,10,10,10,10,10,10,10,10,10
31,31,31,31,31,31,31,31,31,31,31
57,54,55,55,55,55,55,55,55,55,55
91,91,91,91,91,91,91,91,91,91,91
131,128,128,128,128,128,128,128,128,128,128
176,176,176,176,176,176,176,176,176,176,176
228,225,225,225,225,225,225,225,225,225,225
283,283,283,283,283,283,283,283,283,283,283
342,340,340,340,340,340,340,340,340,340,340
404,404,404,404,404,404,404,404,404,404,404
468,465,465,465,465,465,465,465,465,466,466
532,532,532,532,532,532,532,532,532,532,532
596,593,593,593,593,594,594,594,594,594,594
659,659,659,659,659,659,659,659,659,659,659
719,716,716,716,716,716,716,717,717,717,717
776,776,776,776,776,776,776,776,776,776,776
829,826,826,826,826,826,826,826,826,826,826
877,877,877,877,877,877,877,877,877,877,877
919,916,916,916,916,916,916,916,916,916,916
955,955,955,955,955,955,955,955,955,955,955
983,980,980,980,980,980,980,980,980,980,980
1004,1004,1004,1004,1004,1004,1004,1004,1004,1004,1004
1018,1015,1015,1015,1015,1015,1015,1015,1015,1015,1015
1023,1023,1023,1023,1023,1023,1023,1023,1023,1023,1023
1021,1018,1018,1018,1018,1018,1018,1018,1018,1018,1018
1010,1010,1010,1010,1010,1010,1010,1010,1010,1010,1010
992,989,989,989,989,989,989,988,988,988,988
966,966,966,966,966,966,966,966,966,966,966
932,929,929,929,929,929,929,929,929,929,929
893,893,893,893,893,893,893,893,893,893,893
847,844,844,843,843,843,843,843,843,843,843
795,795,795,795,795,795,795,795,795,795,795
740,737,737,737,737,737,737,736,736,736,736
681,681,681,681,681,681,681,681,681,681,681
619,616,616,616,615,615,615,615,615,615,615
555,555,555,555,555,555,555,555,555,555,555
491,488,488,488,488,488,487,487,487,487,487
427,427,427,427,427,427,427,427,427,427,427
364,361,361,361,361,361,361,361,361,361,361
304,304,304,304,304,304,304,304,304,304,304
247,244,244,244,244,244,244,244,244,243,243
194,194,194,194,194,194,194,194,194,194,194
146,143,143,143,143,143,143,143,143,143,143
104,104,104,104,104,104,104,104,104,104,104
69,65,65,65,65,65,65,65,65,65,65
40,40,40,40,40,40,40,40,40,40,40
19,16,16,16,16,15,15,15,15,15,15
5,5,5,5,5,5,5,5,5,5,5
0,0,0,0,0,0,0,0,0,0,0
2,2,2,2,2,2,2,2,2,2,2
13,10,10,10,10,10,10,10,10,10,10
31,31,31,31,31,31,31,31,31,31,31
57,54,54,54,54,55,55,55,55,55,55
91,91,91,91,91,91,91,91,91,91,91
130,127,128,128,128,128,128,128,128,128,128
176,176,176,176,176,176,176,176,176,176,176
227,224,225,225,225,225,225,225,225,225,225
283,283,283,283,283,283,283,283,283,283,283
342,339,339,339,340,340,340,340,340,340,340
404,404,404,404,404,404,404,404,404,404,404
468,465,465,465,465,465,465,465,465,465,465
532,532,532,532,532,532,532,532,532,532,532
596,593,593,593,593,593,593,593,594,594,594
659,659,659,659,659,659,659,659,659,659,659
719,716,716,716,716,716,716,716,716,716,717
776,776,776,776,776,776,776,776,776,776,776
829,826,826,826,826,826,826,826,826,826,826
877,877,877,877,877,877,877,877,877,877,877
919,916,916,916,916,916,916,916,916,916,916
954,954,954,954,954,954,954,954,954,954,954
983,980,980,980,980,980,980,980,980,980,980
1004,1004,1004,1004,1004,1004,1004,1004,1004,1004,1004
1018,1015,1015,1015,1015,1015,1015,1015,1015,1015,1015
1023,1023,1023,1023,1023,1023,1023,1023,1023,1023,1023
1021,1018,1018,1018,1018,1018,1018,1018,1018,1018,1018
1010,1010,1010,1010,1010,1010,1010,1010,1010,1010,1010
992,989,989,989,989,989,989,989,989,989,988
966,966,966,966,966,966,966,966,966,966,966
932,929,929,929,929,929,929,929,929,929,929
893,893,893,893,893,893,893,893,893,893,893
847,844,844,844,844,844,843,843,843,843,843
796,796,796,796,796,796,796,796,796,796,796
740,737,737,737,737,737,737,737,737,737,736
681,681,681,681,681,681,681,681,681,681,681
619,616,616,616,616,616,616,615,615,615,615
555,555,555,555,555,555,555,555,555,555,555
491,488,488,488,488,488,488,488,488,487,487
427,427,427,427,427,427,427,427,427,427,427
364,361,361,361,361,361,361,361,361,361,361
304,304,304,304,304,304,304,304,304,304,304
247,244,244,244,244,244,244,244,244,244,244
194,194,194,194,194,194,194,194,194,194,194
146,143,143,143,143,143,143,143,143,143,143
104,104,104,104,104,104,104,104,104,104,104
69,66,66,66,65,65,65,65,65,65,65
40,40,40,40,40,40,40,40,40,40,40
19,16,16,16,16,16,16,16,16,15,15
5,5,5,5,5,5,5,5,5,5,5
0,0,0,0,0,0,0,0,0,0,0
2,2,2,2,2,2,2,2,2,2,2
13,10,10,10,10,10,10,10,10,10,10
31,31,31,31,31,31,31,31,31,31,31
57,54,54,54,54,54,54,54,55,55,55
90,90,90,90,90,90,90,90,90,90,90
130,127,127,127,127,128,128,128,128,128,128
176,176,176,176,176,176,176,176,176,176,176
227,224,224,224,224,225,225,225,225,225,225
283,283,283,283,283,283,283,283,283,283,283
342,339,339,339,339,339,339,340,340,340,340
404,404,404,404,404,404,404,404,404,404,404
468,465,465,465,465,465,465,465,465,465,465
532,532,532,532,532,532,532,532,532,532,532
596,593,593,593,593,593,593,593,593,593,593
658,658,658,658,658,658,658,658,658,658,658
719,716,716,716,716,716,716,716,716,716,716
776,776,776,776,776,776,776,776,776,776,776
829,826,826,826,826,826,826,826,826,826,826
877,877,877,877,877,877,877,877,877,877,877
919,916,916,916,916,916,916,916,916,916,916
954,954,954,954,954,954,954,954,954,954,954
983,980,980,980,980,980,980,980,980,980,980
1004,1004,1004,1004,1004,1004,1004,1004,1004,1004,1004
1018,1015,1015,1015,1015,1015,1015,1015,1015,1015,1015
1023,1023,1023,1023,1023,1023,1023,1023,1023,1023,1023
1021,1018,1018,1018,1018,1018,1018,1018,1018,1018,1018
1010,1010,1010,1010,1010,1010,1010,1010,1010,1010,1010
992,989,989,989,989,989,989,989,989,989,989
966,966,966,966,966,966,966,966,966,966,966
933,930,930,929,929,929,929,929,929,929,929
893,893,893,893,893,893,893,893,893,893,893
847,844,844,844,844,844,844,844,844,843,843
796,796,796,796,796,796,796,796,796,796,796
740,737,737,737,737,737,737,737,737,737,737
681,681,681,681,681,681,681,681,681,681,681
619,616,616,616,616,616,616,616,616,616,615
556,556,556,556,556,556,556,556,556,556,556
491,488,488,488,488,488,488,488,488,488,488
427,427,427,427,427,427,427,427,427,427,427
365,362,362,361,361,361,361,361,361,361,361
304,304,304,304,304,304,304,304,304,304,304
247,244,244,244,244,244,244,244,244,244,244
194,194,194,194,194,194,194,194,194,194,194
147,143,143,143,143,143,143,143,143,143,143
104,104,104,104,104,104,104,104,104,104,104
69,66,66,66,66,66,66,65,65,65,65
40,40,40,40,40,40,40,40,40,40,40
19,16,16,16,16,16,16,16,16,16,16
5,5,5,5,5,5,5,5,5,5,5
0,0,0,0,0,0,0,0,0,0,0
2,2,2,2,2,2,2,2,2,2,2
13,10,10,10,10,10,10,10,10,10,10
31,31,31,31,31,31,31,31,31,31,31
57,54,54,54,54,54,54,54,54,54,54
90,90,90,90,90,90,90,90,90,90,90
130,127,127,127,127,127,127,127,128,128,128
176,176,176,176,176,176,176,176,176,176,176
227,224,224,224,224,224,224,224,225,225,225
283,283,283,283,283,283,283,283,283,283,283
342,339,339,339,339,339,339,339,339,339,340
404,404,404,404,404,404,404,404,404,404,404
467,464,465,465,465,465,465,465,465,465,465
532,532,532,532,532,532,532,532,532,532,532
596,593,593,593,593,593,593,593,593,593,593
658,658,658,658,658,658,658,658,658,658,658
719,716,716,716,716,716,716,716,716,716,716
776,776,776,776,776,776,776,776,776,776,776
829,826,826,826,826,826,826,826,826,826,826
876,876,876,876,876,876,876,876,876,876,876
919,916,916,916,916,916,916,916,916,916,916
954,954,954,954,954,954,954,954,954,954,954
983,980,980,980,980,980,980,980,980,980,980
1004,1004,1004,1004,1004,1004,1004,1004,1004,1004,1004
1018,1015,1015,1015,1015,1015,1015,1015,1015,1015,1015
1023,1023,1023,1023,1023,1023,1023,1023,1023,1023,1023
1021,1018,1018,1018,1018,1018,1018,1018,1018,1018,1018
1010,1010,1010,1010,1010,1010,1010,1010,1010,1010,1010
992,989,989,989,989,989,989,989,989,989,989
966,966,966,966,966,966,966,966,966,966,966
933,930,930,930,930,930,929,929,929,929,929
893,893,893,893,893,893,893,893,893,893,893
847,844,844,844,844,844,844,844,844,844,844
796,796,796,796,796,796,796,796,796,796,796
740,737,737,737,737,737,737,737,737,737,737
681,681,681,681,681,681,681,681,681,681,681
619,616,616,616,616,616,616,616,616,616,616
556,556,556,556,556,556,556,556,556,556,556
491,488,488,488,488,488,488,488,488,488,488
427,427,427,427,427,427,427,427,427,427,427
365,362,362,362,362,362,361,361,361,361,361
305,305,305,305,305,305,305,305,305,305,305
247,244,244,244,244,244,244,244,244,244,244
195,195,195,195,195,195,195,195,195,195,195
147,144,144,144,143,143,143,143,143,143,143
105,105,105,105,105,105,105,105,105,105,105
69,66,66,66,66,66,66,66,66,66,65
40,40,40,40,40,40,40,40,40,40,40
19,16,16,16,16,16,16,16,16,16,16
5,5,5,5,5,5,5,5,5,5,5
0,0,0,0,0,0,0,0,0,0,0
2,2,2,2,2,2,2,2,2,2,2
13,10,10,10,10,10,10,10,10,10,10
31,31,31,31,31,31,31,31,31,31,31
57,54,54,54,54,54,54,54,54,54,54
90,90,90,90,90,90,90,90,90,90,90
130,127,127,127,127,127,127,127,127,127,127
176,176,176,176,176,176,176,176,176,176,176
227,224,224,224,224,224,224,224,224,224,224
283,283,283,283,283,283,283,283,283,283,283
342,339,339,339,339,339,339,339,339,339,339
404,404,404,404,404,404,404,404,404,404,404
467,464,464,464,464,465,465,465,465,465,465
531,531,531,531,531,531,531,531,531,531,531
595,592,593,593,593,593,593,593,593,593,593
658,658,658,658,658,658,658,658,658,658,658
718,715,715,716,716,716,716,716,716,716,716
775,775,775,775,775,775,775,775,775,775,775
828,825,825,825,826,826,826,826,826,826,826
876,876,876,876,876,876,876,876,876,876,876
918,915,915,916,916,916,916,916,916,916,916
954,954,954,954,954,954,954,954,954,954,954
983,980,980,980,980,980,980,980,980,980,980
1004,1004,1004,1004,1004,1004,1004,1004,1004,1004,1004
1018,1015,1015,1015,1015,1015,1015,1015,1015,1015,1015
1023,1023,1023,1023,1023,1023,1023,1023,1023,1023,1023
1021,1018,1018,1018,1018,1018,1018,1018,1018,1018,1018
1010,1010,1010,1010,1010,1010,1010,1010,1010,1010,1010
992,989,989,989,989,989,989,989,989,989,989
966,966,966,966,966,966,966,966,966,966,966
933,930,930,930,930,930,930,930,930,929,929
893,893,893,893,893,893,893,893,893,893,893
847,844,844,844,844,844,844,844,844,844,844
796,796,796,796,796,796,796,796,796,796,796
741,737,737,737,737,737,737,737,737,737,737
681,681,681,681,681,681,681,681,681,681,681
619,616,616,616,616,616,616,616,616,616,616
556,556,556,556,556,556,556,556,556,556,556
492,489,489,488,488,488,488,488,488,488,488
428,428,428,428,428,428,428,428,428,428,428
365,362,362,362,362,362,362,362,362,361,361
305,305,305,305,305,305,305,305,305,305,305
248,245,245,244,244,244,244,244,244,244,244
195,195,195,195,195,195,195,195,195,195,195
147,144,144,144,144,144,144,144,143,143,143
105,105,105,105,105,105,105,105,105,105,105
69,66,66,66,66,66,66,66,66,66,66
40,40,40,40,40,40,40,40,40,40,40
19,16,16,16,16,16,16,16,16,16,16
5,5,5,5,5,5,5,5,5,5,5
0,0,0,0,0,0,0,0,0,0,0
2,2,2,2,2,2,2,2,2,2,2
13,10,10,10,10,10,10,10,10,10,10
31,31,31,31,31,31,31,31,31,31,31
57,54,54,54,54,54,54,54,54,54,54
90,90,90,90,90,90,90,90,90,90,90
130,127,127,127,127,127,127,127,127,127,127
176,176,176,176,176,176,176,176,176,176,176
227,224,224,224,224,224,224,224,224,224,224
282,282,282,282,282,282,282,282,282,282,282
342,339,339,339,339,339,339,339,339,339,339
403,403,403,403,403,403,403,403,403,403,403
467,464,464,464,464,464,464,464,464,465,465
531,531,531,531,531,531,531,531,531,531,531
595,592,592,592,592,593,593,593,593,593,593
658,658,658,658,658,658,658,658,658,658,658
718,715,715,715,715,715,716,716,716,716,716
775,775,775,775,775,775,775,775,775,775,775
828,825,825,825,825,825,825,826,826,826,826
876,876,876,876,876,876,876,876,876,876,876
918,915,915,915,915,915,916,916,916,916,916
954,954,954,954,954,954,954,954,954,954,954
983,980,980,980,980,980,980,980,980,980,980
1004,1004,1004,1004,1004,1004,1004,1004,1004,1004,1004
1018,1015,1015,1015,1015,1015,1015,1015,1015,1015,1015
1023,1023,1023,1023,1023,1023,1023,1023,1023,1023,1023
1021,1018,1018,1018,1018,1018,1018,1018,1018,1018,1018
1010,1010,1010,1010,1010,1010,1010,1010,1010,1010,1010
992,989,989,989,989,989,989,989,989,989,989
966,966,966,966,966,966,966,966,966,966,966
933,930,930,930,930,930,930,930,930,930,930
893,893,893,893,893,893,893,893,893,893,893
847,844,844,844,844,844,844,844,844,844,844
796,796,796,796,796,796,796,796,796,796,796
741,738,738,738,738,737,737,737,737,737,737
682,682,682,682,682,682,682,682,682,682,682
620,617,617,616,616,616,616,616,616,616,616
556,556,556,556,556,556,556,556,556,556,556
492,489,489,489,489,489,488,488,488,488,488
428,428,428,428,428,428,428,428,428,428,428
365,362,362,362,362,362,362,362,362,362,362
305,305,305,305,305,305,305,305,305,305,305
248,245,245,245,245,245,244,244,244,244,244
195,195,195,195,195,195,195,195,195,195,195
147,144,144,144,144,144,144,144,144,144,144
105,105,105,105,105,105,105,105,105,105,105
69,66,66,66,66,66,66,66,66,66,66
40,40,40,40,40,40,40,40,40,40,40
19,16,16,16,16,16,16,16,16,16,16
5,5,5,5,5,5,5,5,5,5,5
0,0,0,0,0,0,0,0,0,0,0
2,2,2,2,2,2,2,2,2,2,2
13,10,10,10,10,10,10,10,10,10,10
31,31,31,31,31,31,31,31,31,31,31
57,54,54,54,54,54,54,54,54,54,54
90,90,90,90,90,90,90,90,90,90,90
130,127,127,127,127,127,127,127,127,127,127
176,176,176,176,176,176,176,176,176,176,176
227,224,224,224,224,224,224,224,224,224,224
282,282,282,282,282,282,282,282,282,282,282
341,338,338,339,339,339,339,339,339,339,339
403,403,403,403,403,403,403,403,403,403,403
467,464,464,464,464,464,464,464,464,464,464
531,531,531,531,531,531,531,531,531,531,531
595,592,592,592,592,592,592,592,593,593,593
658,658,658,658,658,658,658,658,658,658,658
718,715,715,715,715,715,715,715,715,716,716
775,775,775,775,775,775,775,775,775,775,775
828,825,825,825,825,825,825,825,825,825,826
876,876,876,876,876,876,876,876,876,876,876
918,915,915,915,915,915,915,915,915,916,916
954,954,954,954,954,954,954,954,954,954,954
983,980,980,980,980,980,980,980,980,980,980
1004,1004,1004,1004,1004,1004,1004,1004,1004,1004,1004
1018,1015,1015,1015,1015,1015,1015,1015,1015,1015,1015
1023,1023,1023,1023,1023,1023,1023,1023,1023,1023,1023
1021,1018,1018,1018,1018,1018,1018,1018,1018,1018,1018
1010,1010,1010,1010,1010,1010,1010,1010,1010,1010,1010
992,989,989,989,989,989,989,989,989,989,989
966,966,966,966,966,966,966,966,966,966,966
933,930,930,930,930,930,930,930,930,930,930
893,893,893,893,893,893,893,893,893,893,893
848,844,844,844,844,844,844,844,844,844,844
796,796,796,796,796,796,796,796,796,796,796
741,738,738,738,738,738,738,738,737,737,737
682,682,682,682,682,682,682,682,682,682,682
620,617,617,617,617,617,616,616,616,616,616
556,556,556,556,556,556,556,556,556,556,556
492,489,489,489,489,489,489,489,489,488,488
428,428,428,428,428,428,428,428,428,428,428
365,362,362,362,362,362,362,362,362,362,362
305,305,305,305,305,305,305,305,305,305,305
248,245,245,245,245,245,245,245,245,244,244
195,195,195,195,195,195,195,195,195,195,195
147,144,144,144,144,144,144,144,144,144,144
105,105,105,105,105,105,105,105,105,105,105
69,66,66,66,66,66,66,66,66,66,66
40,40,40,40,40,40,40,40,40,40,40
19,16,16,16,16,16,16,16,16,16,16
5,5,5,5,5,5,5,5,5,5,5
0,0,0,0,0,0,0,0,0,0,0
2,2,2,2,2,2,2,2,2,2,2
13,10,10,10,10,10,10,10,10,10,10
31,31,31,31,31,31,31,31,31,31,31
57,54,54,54,54,54,54,54,54,54,54
90,90,90,90,90,90,90,90,90,90,90
130,127,127,127,127,127,127,127,127,127,127
175,175,175,175,175,175,175,175,175,175,175
226,224,224,224,224,224,224,224,224,224,224
282,282,282,282,282,282,282,282,282,282,282
341,338,338,338,338,338,339,339,339,339,339
403,403,403,403,403,403,403,403,403,403,403
467,464,464,464,464,464,464,464,464,464,464
531,531,531,531,531,531,531,531,531,531,531
595,592,592,592,592,592,592,592,592,592,592
657,657,657,657,657,657,657,657,657,657,657
718,715,715,715,715,715,715,715,715,715,715
775,775,775,775,775,775,775,775,775,775,775
828,825,825,825,825,825,825,825,825,825,825
876,876,876,876,876,876,876,876,876,876,876
918,915,915,915,915,915,915,915,915,915,915
954,954,954,954,954,954,954,954,954,954,954
983,980,980,980,980,980,980,980,980,980,980
1004,1004,1004,1004,1004,1004,1004,1004,1004,1004,1004
1018,1015,1015,1015,1015,1015,1015,1015,1015,1015,1015
1023,1023,1023,1023,1023,1023,1023,1023,1023,1023,1023
1021,1018,1018,1018,1018,1018,1018,1018,1018,1018,1018
1010,1010,1010,1010,1010,1010,1010,1010,1010,1010,1010
992,989,989,989,989,989,989,989,989,989,989
966,966,966,966,966,966,966,966,966,966,966
933,930,930,930,930,930,930,930,930,930,930
893,893,893,893,893,893,893,893,893,893,893
848,845,845,845,844,844,844,844,844,844,844
797,797,797,797,797,797,797,797,797,797,797
741,738,738,738,738,738,738,738,738,738,738
682,682,682,682,682,682,682,682,682,682,682
620,617,617,617,617,617,617,617,617,617,616
557,557,557,557,557,557,557,557,557,557,557
492,489,489,489,489,489,489,489,489,489,489
428,428,428,428,428,428,428,428,428,428,428
366,363,362,362,362,362,362,362,362,362,362
305,305,305,305,305,305,305,305,305,305,305
248,245,245,245,245,245,245,245,245,245,245
195,195,195,195,195,195,195,195,195,195,195
147,144,144,144,144,144,144,144,144,144,144
105,105,105,105,105,105,105,105,105,105,105
69,66,66,66,66,66,66,66,66,66,66
40,40,40,40,40,40,40,40,40,40,40
19,16,16,16,16,16,16,16,16,16,16
5,5,5,5,5,5,5,5,5,5,5
0,0,0,0,0,0,0,0,0,0,0
2,2,2,2,2,2,2,2,2,2,2
13,10,10,10,10,10,10,10,10,10,10
31,31,31,31,31,31,31,31,31,31,31
57,54,54,54,54,54,54,54,54,54,54
90,90,90,90,90,90,90,90,90,90,90
130,127,127,127,127,127,127,127,127,127,127
175,175,175,175,175,175,175,175,175,175,175
226,223,223,223,224,224,224,224,224,224,224
282,282,282,282,282,282,282,282,282,282,282
341,338,338,338,338,338,338,338,338,339,339
403,403,403,403,403,403,403,403,403,403,403
466,463,464,464,464,464,464,464,464,464,464
531,531,531,531,531,531,531,531,531,531,531
595,592,592,592,592,592,592,592,592,592,592
657,657,657,657,657,657,657,657,657,657,657
718,715,715,715,715,715,715,715,715,715,715
775,775,775,775,775,775,775,775,775,775,775
828,825,825,825,825,825,825,825,825,825,825
876,876,876,876,876,876,876,876,876,876,876
918,915,915,915,915,915,915,915,915,915,915
954,954,954,954,954,954,954,954,954,954,954
983,980,980,980,980,980,980,980,980,980,980
1004,1004,1004,1004,1004,1004,1004,1004,1004,1004,1004
1018,1015,1015,1015,1015,1015,1015,1015,1015,1015,1015
1023,1023,1023,1023,1023,1023,1023,1023,1023,1023,1023
1021,1018,1018,1018,1018,1018,1018,1018,1018,1018,1018
1010,1010,1010,1010,1010,1010,1010,1010,1010,1010,1010
992,989,989,989,989,989,989,989,989,989,989
966,966,966,966,966,966,966,966,966,966,966
933,930,930,930,930,930,930,930,930,930,930
894,894,894,894,894,894,894,894,894,894,894
848,845,845,845,845,845,845,844,844,844,844
797,797,797,797,797,797,797,797,797,797,797
741,738,738,738,738,738,738,738,738,738,738
682,682,682,682,682,682,682,682,682,682,682
620,617,617,617,617,617,617,617,617,617,617
557,557,557,557,557,557,557,557,557,557,557
492,489,489,489,489,489,489,489,489,489,489
428,428,428,428,428,428,428,428,428,428,428
366,363,363,363,363,362,362,362,362,362,362
305,305,305,305,305,305,305,305,305,305,305
248,245,245,245,245,245,245,245,245,245,245
195,195,195,195,195,195,195,195,195,195,195
147,144,144,144,144,144,144,144,144,144,144
105,105,105,105,105,105,105,105,105,105,105
69,66,66,66,66,66,66,66,66,66,66
40,40,40,40,40,40,40,40,40,40,40
19,16,16,16,16,16,16,16,16,16,16
5,5,5,5,5,5,5,5,5,5,5
0,0,0,0,0,0,0,0,0,0,0
2,2,2,2,2,2,2,2,2,2,2
12,9,10,10,10,10,10,10,10,10,10
31,31,31,31,31,31,31,31,31,31,31
57,54,54,54,54,54,54,54,54,54,54
90,90,90,90,90,90,90,90,90,90,90
129,126,126,127,127,127,127,127,127,127,127
175,175,175,175,175,175,175,175,175,175,175
226,223,223,223,223,223,223,224,224,224,224
282,282,282,282,282,282,282,282,282,282,282
341,338,338,338,338,338,338,338,338,338,338
403,403,403,403,403,403,403,403,403,403,403
466,463,463,463,463,464,464,464,464,464,464
530,530,530,530,530,530,530,530,530,530,530
594,592,592,592,592,592,592,592,592,592,592
657,657,657,657,657,657,657,657,657,657,657
717,715,715,715,715,715,715,715,715,715,715
775,775,775,775,775,775,775,775,775,775,775
828,825,825,825,825,825,825,825,825,825,825
876,876,876,876,876,876,876,876,876,876,876
918,915,915,915,915,915,915,915,915,915,915
954,954,954,954,954,954,954,954,954,954,954
983,980,980,980,980,980,980,980,980,980,980
1004,1004,1004,1004,1004,1004,1004,1004,1004,1004,1004
1018,1015,1015,1015,1015,1015,1015,1015,1015,1015,1015
1023,1023,1023,1023,1023,1023,1023,1023,1023,1023,1023
1021,1018,1018,1018,1018,1018,1018,1018,1018,1018,1018
1011,1011,1011,1011,1011,1011,1011,1011,1011,1011,1011
992,989,989,989,989,989,989,989,989,989,989
966,966,966,966,966,966,966,966,966,966,966
933,930,930,930,930,930,930,930,930,930,930
894,894,894,894,894,894,894,894,894,894,894
848,845,845,845,845,845,845,845,845,845,844
797,797,797,797,797,797,797,797,797,797,797
741,738,738,738,738,738,738,738,738,738,738
682,682,682,682,682,682,682,682,682,682,682
620,617,617,617,617,617,617,617,617,617,617
557,557,557,557,557,557,557,557,557,557,557
493,490,489,489,489,489,489,489,489,489,489
429,429,429,429,429,429,429,429,429,429,429
366,363,363,363,363,363,363,363,362,362,362
306,306,306,306,306,306,306,306,306,306,306
248,245,245,245,245,245,245,245,245,245,245
196,196,196,196,196,196,196,196,196,196,196
148,144,144,144,144,144,144,144,144,144,144
105,105,105,105,105,105,105,105,105,105,105
69,66,66,66,66,66,66,66,66,66,66
41,41,41,41,41,41,41,41,41,41,41
19,16,16,16,16,16,16,16,16,16,16
5,5,5,5,5,5,5,5,5,5,5
0,0,0,0,0,0,0,0,0,0,0
2,2,2,2,2,2,2,2,2,2,2
12,9,9,9,9,10,10,10,10,10,10
31,31,31,31,31,31,31,31,31,31,31
57,54,54,54,54,54,54,54,54,54,54
90,90,90,90,90,90,90,90,90,90,90
129,126,126,126,126,126,127,127,127,127,127
175,175,175,175,175,175,175,175,175,175,175
226,223,223,223,223,223,223,223,223,223,223
281,281,281,281,281,281,281,281,281,281,281
341,338,338,338,338,338,338,338,338,338,338
402,402,402,402,402,402,402,402,402,402,402
466,463,463,463,463,463,463,463,464,464,464
530,530,530,530,530,530,530,530,530,530,530
594,591,591,591,592,592,592,592,592,592,592
657,657,657,657,657,657,657,657,657,657,657
717,714,714,714,715,715,715,715,715,715,715
774,774,774,774,774,774,774,774,774,774,774
827,824,825,825,825,825,825,825,825,825,825
875,875,875,875,875,875,875,875,875,875,875
918,915,915,915,915,915,915,915,915,915,915
954,954,954,954,954,954,954,954,954,954,954
982,979,979,980,980,980,980,980,980,980,980
1004,1004,1004,1004,1004,1004,1004,1004,1004,1004,1004
1018,1015,1015,1015,1015,1015,1015,1015,1015,1015,1015
1023,1023,1023,1023,1023,1023,1023,1023,1023,1023,1023
1021,1018,1018,1018,1018,1018,1018,1018,1018,1018,1018
1011,1011,1011,1011,1011,1011,1011,1011,1011,1011,1011
992,989,989,989,989,989,989,989,989,989,989
966,966,966,966,966,966,966,966,966,966,966
933,930,930,930,930,930,930,930,930,930,930
894,894,894,894,894,894,894,894,894,894,894
848,845,845,845,845,845,845,845,845,845,845
797,797,797,797,797,797,797,797,797,797,797
742,739,738,738,738,738,738,738,738,738,738
682,682,682,682,682,682,682,682,682,682,682
621,618,618,617,617,617,617,617,617,617,617
557,557,557,557,557,557,557,557,557,557,557
493,490,490,490,490,489,489,489,489,489,489
429,429,429,429,429,429,429,429,429,429,429
366,363,363,363,363,363,363,363,363,363,363
306,306,306,306,306,306,306,306,306,306,306
249,246,246,245,245,245,245,245,245,245,245
196,196,196,196,196,196,196,196,196,196,196
148,145,145,145,144,144,144,144,144,144,144
105,105,105,105,105,105,105,105,105,105,105
69,66,66,66,66,66,66,66,66,66,66
41,41,41,41,41,41,41,41,41,41,41
19,16,16,16,16,16,16,16,16,16,16
5,5,5,5,5,5,5,5,5,5,5
0,0,0,0,0,0,0,0,0,0,0
2,2,2,2,2,2,2,2,2,2,2
12,9,9,9,9,9,9,9,10,10,10
31,31,31,31,31,31,31,31,31,31,31
56,53,54,54,54,54,54,54,54,54,54
89,89,89,89,89,89,89,89,89,89,89
129,126,126,126,126,126,126,126,126,127,127
175,175,175,175,175,175,175,175,175,175,175
226,223,223,223,223,223,223,223,223,223,223
281,281,281,281,281,281,281,281,281,281,281
340,337,338,338,338,338,338,338,338,338,338
402,402,402,402,402,402,402,402,402,402,402
466,463,463,463,463,463,463,463,463,463,463
530,530,530,530,530,530,530,530,530,530,530
594,591,591,591,591,591,591,592,592,592,592
657,657,657,657,657,657,657,657,657,657,657
717,714,714,714,714,714,714,715,715,715,715
774,774,774,774,774,774,774,774,774,774,774
827,824,824,824,824,825,825,825,825,825,825
875,875,875,875,875,875,875,875,875,875,875
918,915,915,915,915,915,915,915,915,915,915
953,953,953,953,953,953,953,953,953,953,953
982,979,979,979,979,979,980,980,980,980,980
1004,1004,1004,1004,1004,1004,1004,1004,1004,1004,1004
1018,1015,1015,1015,1015,1015,1015,1015,1015,1015,1015
1023,1023,1023,1023,1023,1023,1023,1023,1023,1023,1023
1021,1018,1018,1018,1018,1018,1018,1018,1018,1018,1018
1011,1011,1011,1011,1011,1011,1011,1011,1011,1011,1011
992,989,989,989,989,989,989,989,989,989,989
967,967,967,967,967,967,967,967,967,967,967
934,931,931,930,930,930,930,930,930,930,930
894,894,894,894,894,894,894,894,894,894,894
848,845,845,845,845,845,845,845,845,845,845
797,797,797,797,797,797,797,797,797,797,797
742,739,739,739,739,738,738,738,738,738,738
683,683,683,683,683,683,683,683,683,683,683
621,618,618,618,618,618,617,617,617,617,617
557,557,557,557,557,557,557,557,557,557,557
493,490,490,490,490,490,490,490,490,489,489
429,429,429,429,429,429,429,429,429,429,429
366,363,363,363,363,363,363,363,363,363,363
306,306,306,306,306,306,306,306,306,306,306
249,246,246,246,246,246,245,245,245,245,245
196,196,196,196,196,196,196,196,196,196,196
148,145,145,145,145,145,145,144,144,144,144
105,105,105,105,105,105,105,105,105,105,105
70,67,67,66,66,66,66,66,66,66,66
41,41,41,41,41,41,41,41,41,41,41
19,16,16,16,16,16,16,16,16,16,16
5,5,5,5,5,5,5,5,5,5,5
0,0,0,0,0,0,0,0,0,0,0
2,2,2,2,2,2,2,2,2,2,2
12,9,9,9,9,9,9,9,9,9,9
31,31,31,31,31,31,31,31,31,31,31
56,53,53,53,53,54,54,54,54,54,54
89,89,89,89,89,89,89,89,89,89,89
129,126,126,126,126,126,126,126,126,126,126
175,175,175,175,175,175,175,175,175,175,175
226,223,223,223,223,223,223,223,223,223,223
281,281,281,281,281,281,281,281,281,281,281
340,337,337,337,337,338,338,338,338,338,338
402,402,402,402,402,402,402,402,402,402,402
466,463,463,463,463,463,463,463,463,463,463
530,530,530,530,530,530,530,530,530,530,530
594,591,591,591,591,591,591,591,591,591,592
657,657,657,657,657,657,657,657,657,657,657
717,714,714,714,714,714,714,714,714,714,715
774,774,774,774,774,774,774,774,774,774,774
827,824,824,824,824,824,824,824,825,825,825
875,875,875,875,875,875,875,875,875,875,875
917,914,915,915,915,915,915,915,915,915,915
953,953,953,953,953,953,953,953,953,953,953
982,979,979,979,979,979,979,979,979,980,980
1004,1004,1004,1004,1004,1004,1004,1004,1004,1004,1004
1018,1015,1015,1015,1015,1015,1015,1015,1015,1015,1015
1023,1023,1023,1023,1023,1023,1023,1023,1023,1023,1023
1021,1018,1018,1018,1018,1018,1018,1018,1018,1018,1018
1011,1011,1011,1011,1011,1011,1011,1011,1011,1011,1011
992,989,989,989,989,989,989,989,989,989,989
967,967,967,967,967,967,967,967,967,967,967
934,931,931,931,931,931,930,930,930,930,930
894,894,894,894,894,894,894,894,894,894,894
848,845,845,845,845,845,845,845,845,845,845
797,797,797,797,797,797,797,797,797,797,797
742,739,739,739,739,739,739,739,739,738,738
683,683,683,683,683,683,683,683,683,683,683
621,618,618,618,618,618,618,618,618,617,617
557,557,557,557,557,557,557,557,557,557,557
493,490,490,490,490,490,490,490,490,490,490
429,429,429,429,429,429,429,429,429,429,429
367,363,363,363,363,363,363,363,363,363,363
306,306,306,306,306,306,306,306,306,306,306
249,246,246,246,246,246,246,246,246,245,245
196,196,196,196,196,196,196,196,196,196,196
148,145,145,145,145,145,145,145,145,145,144
106,106,106,106,106,106,106,106,106,106,106
70,67,67,67,67,67,67,66,66,66,66
41,41,41,41,41,41,41,41,41,41,41
19,16,16,16,16,16,16,16,16,16,16
5,5,5,5,5,5,5,5,5,5,5
0,0,0,0,0,0,0,0,0,0,0
2,2,2,2,2,2,2,2,2,2,2
12,9,9,9,9,9,9,9,9,9,9
31,31,31,31,31,31,31,31,31,31,31
56,53,53,53,53,53,53,53,54,54,54
89,89,89,89,89,89,89,89,89,89,89
129,126,126,126,126,126,126,126,126,126,126
175,175,175,175,175,175,175,175,175,175,175
225,223,223,223,223,223,223,223,223,223,223
281,281,281,281,281,281,281,281,281,281,281
340,337,337,337,337,337,337,337,338,338,338
402,402,402,402,402,402,402,402,402,402,402
465,462,463,463,463,463,463,463,463,463,463
530,530,530,530,530,530,530,530,530,530,530
594,591,591,591,591,591,591,591,591,591,591
656,656,656,656,656,656,656,656,656,656,656
717,714,714,714,714,714,714,714,714,714,714
774,774,774,774,774,774,774,774,774,774,774
827,824,824,824,824,824,824,824,824,824,824
875,875,875,875,875,875,875,875,875,875,875
917,914,914,914,914,915,915,915,915,915,915
953,953,953,953,953,953,953,953,953,953,953
982,979,979,979,979,979,979,979,979,979,979
1004,1004,1004,1004,1004,1004,1004,1004,1004,1004,1004
1018,1015,1015,1015,1015,1015,1015,1015,1015,1015,1015
1023,1023,1023,1023,1023,1023,1023,1023,1023,1023,1023
1021,1018,1018,1018,1018,1018,1018,1018,1018,1018,1018
1011,1011,1011,1011,1011,1011,1011,1011,1011,1011,1011
993,990,989,989,989,989,989,989,989,989,989
967,967,967,967,967,967,967,967,967,967,967
934,931,931,931,931,931,931,931,931,930,930
894,894,894,894,894,894,894,894,894,894,894
849,846,845,845,845,845,845,845,845,845,845
798,798,798,798,798,798,798,798,798,798,798
742,739,739,739,739,739,739,739,739,739,739
683,683,683,683,683,683,683,683,683,683,683
621,618,618,618,618,618,618,618,618,618,618
558,558,558,558,558,558,558,558,558,558,558
493,490,490,490,490,490,490,490,490,490,490
429,429,429,429,429,429,429,429,429,429,429
367,364,364,364,363,363,363,363,363,363,363
306,306,306,306,306,306,306,306,306,306,306
249,246,246,246,246,246,246,246,246,246,246
196,196,196,196,196,196,196,196,196,196,196
148,145,145,145,145,145,145,145,145,145,145
106,106,106,106,106,106,106,106,106,106,106
70,67,67,67,67,67,67,67,67,67,66
41,41,41,41,41,41,41,41,41,41,41
19,16,16,16,16,16,16,16,16,16,16
5,5,5,5,5,5,5,5,5,5,5
0,0,0,0,0,0,0,0,0,0,0
2,2,2,2,2,2,2,2,2,2,2
12,9,9,9,9,9,9,9,9,9,9
30,30,30,30,30,30,30,30,30,30,30
56,53,53,53,53,53,53,53,53,53,53
89,89,89,89,89,89,89,89,89,89,89
129,126,126,126,126,126,126,126,126,126,126
174,174,174,174,174,174,174,174,174,174,174
225,222,222,222,223,223,223,223,223,223,223
281,281,281,281,281,281,281,281,281,281,281
340,337,337,337,337,337,337,337,337,337,337
402,402,402,402,402,402,402,402,402,402,402
465,462,462,462,462,463,463,463,463,463,463
529,529,529,529,529,529,529,529,529,529,529
593,591,591,591,591,591,591,591,591,591,591
656,656,656,656,656,656,656,656,656,656,656
717,714,714,714,714,714,714,714,714,714,714
774,774,774,774,774,774,774,774,774,774,774
827,824,824,824,824,824,824,824,824,824,824
875,875,875,875,875,875,875,875,875,875,875
917,914,914,914,914,914,914,914,915,915,915
953,953,953,953,953,953,953,953,953,953,953
982,979,979,979,979,979,979,979,979,979,979
1004,1004,1004,1004,1004,1004,1004,1004,1004,1004,1004
1017,1014,1015,1015,1015,1015,1015,1015,1015,1015,1015
1023,1023,1023,1023,1023,1023,1023,1023,1023,1023,1023
1021,1018,1018,1018,1018,1018,1018,1018,1018,1018,1018
1011,1011,1011,1011,1011,1011,1011,1011,1011,1011,1011
993,990,990,990,990,989,989,989,989,989,989
967,967,967,967,967,967,967,967,967,967,967
934,931,931,931,931,931,931,931,931,931,931
894,894,894,894,894,894,894,894,894,894,894
849,846,846,846,846,845,845,845,845,845,845
798,798,798,798,798,798,798,798,798,798,798
742,739,739,739,739,739,739,739,739,739,739
683,683,683,683,683,683,683,683,683,683,683
621,618,618,618,618,618,618,618,618,618,618
558,558,558,558,558,558,558,558,558,558,558
494,491,490,490,490,490,490,490,490,490,490
430,430,430,430,430,430,430,430,430,430,430
367,364,364,364,364,364,364,363,363,363,363
307,307,307,307,307,307,307,307,307,307,307
249,246,246,246,246,246,246,246,246,246,246
196,196,196,196,196,196,196,196,196,196,196
148,145,145,145,145,145,145,145,145,145,145
106,106,106,106,106,106,106,106,106,106,106
70,67,67,67,67,67,67,67,67,67,67
41,41,41,41,41,41,41,41,41,41,41
19,16,16,16,16,16,16,16,16,16,16
6,6,6,6,6,6,6,6,6,6,6
0,0,0,0,0,0,0,0,0,0,0
2,2,2,2,2,2,2,2,2,2,2
12,9,9,9,9,9,9,9,9,9,9
30,30,30,30,30,30,30,30,30,30,30
56,53,53,53,53,53,53,53,53,53,53
89,89,89,89,89,89,89,89,89,89,89
129,126,126,126,126,126,126,126,126,126,126
174,174,174,174,174,174,174,174,174,174,174
225,222,222,222,222,222,222,223,223,223,223
281,281,281,281,281,281,281,281,281,281,281
340,337,337,337,337,337,337,337,337,337,337
401,401,401,401,401,401,401,401,401,401,401
465,462,462,462,462,462,462,462,463,463,463
529,529,529,529,529,529,529,529,529,529,529
593,590,590,590,591,591,591,591,591,591,591
656,656,656,656,656,656,656,656,656,656,656
716,713,714,714,714,714,714,714,714,714,714
774,774,774,774,774,774,774,774,774,774,774
827,824,824,824,824,824,824,824,824,824,824
875,875,875,875,875,875,875,875,875,875,875
917,914,914,914,914,914,914,914,914,914,914
953,953,953,953,953,953,953,953,953,953,953
982,979,979,979,979,979,979,979,979,979,979
1004,1004,1004,1004,1004,1004,1004,1004,1004,1004,1004
1017,1014,1014,1014,1014,1015,1015,1015,1015,1015,1015
1023,1023,1023,1023,1023,1023,1023,1023,1023,1023,1023
1021,1018,1018,1018,1018,1018,1018,1018,1018,1018,1018
1011,1011,1011,1011,1011,1011,1011,1011,1011,1011,1011
993,990,990,990,990,990,990,990,989,989,989
967,967,967,967,967,967,967,967,967,967,967
934,931,931,931,931,931,931,931,931,931,931
894,894,894,894,894,894,894,894,894,894,894
849,846,846,846,846,846,846,846,845,845,845
798,798,798,798,798,798,798,798,798,798,798
742,739,739,739,739,739,739,739,739,739,739
683,683,683,683,683,683,683,683,683,683,683
622,619,618,618,618,618,618,618,618,618,618
558,558,558,558,558,558,558,558,558,558,558
494,491,491,491,491,490,490,490,490,490,490
430,430,430,430,430,430,430,430,430,430,430
367,364,364,364,364,364,364,364,364,364,363
307,307,307,307,307,307,307,307,307,307,307
249,246,246,246,246,246,246,246,246,246,246
196,196,196,196,196,196,196,196,196,196,196
148,145,145,145,145,145,145,145,145,145,145
106,106,106,106,106,106,106,106,106,106,106
70,67,67,67,67,67,67,67,67,67,67
41,41,41,41,41,41,41,41,41,41,41
19,16,16,16,16,16,16,16,16,16,16
6,6,6,6,6,6,6,6,6,6,6
0,0,0,0,0,0,0,0,0,0,0
2,2,2,2,2,2,2,2,2,2,2
12,9,9,9,9,9,9,9,9,9,9
30,30,30,30,30,30,30,30,30,30,30
56,53,53,53,53,53,53,53,53,53,53
89,89,89,89,89,89,89,89,89,89,89
128,126,126,126,126,126,126,126,126,126,126
174,174,174,174,174,174,174,174,174,174,174
225,222,222,222,222,222,222,222,222,222,223
280,280,280,280,280,280,280,280,280,280,280
340,337,337,337,337,337,337,337,337,337,337
401,401,401,401,401,401,401,401,401,401,401
465,462,462,462,462,462,462,462,462,462,462
529,529,529,529,529,529,529,529,529,529,529
593,590,590,590,590,590,590,591,591,591,591
656,656,656,656,656,656,656,656,656,656,656
716,713,713,713,713,714,714,714,714,714,714
773,773,773,773,773,773,773,773,773,773,773
826,824,824,824,824,824,824,824,824,824,824
875,875,875,875,875,875,875,875,875,875,875
917,914,914,914,914,914,914,914,914,914,914
953,953,953,953,953,953,953,953,953,953,953
982,979,979,979,979,979,979,979,979,979,979
1004,1004,1004,1004,1004,1004,1004,1004,1004,1004,1004
1017,1014,1014,1014,1014,1014,1014,1014,1015,1015,1015
1023,1023,1023,1023,1023,1023,1023,1023,1023,1023,1023
1021,1018,1018,1018,1018,1018,1018,1018,1018,1018,1018
1011,1011,1011,1011,1011,1011,1011,1011,1011,1011,1011
993,990,990,990,990,990,990,990,990,990,990
967,967,967,967,967,967,967,967,967,967,967
934,931,931,931,931,931,931,931,931,931,931
895,895,895,895,895,895,895,895,895,895,895
849,846,846,846,846,846,846,846,846,846,846
798,798,798,798,798,798,798,798,798,798,798
743,740,740,739,739,739,739,739,739,739,739
684,684,684,684,684,684,684,684,684,684,684
622,619,619,619,619,618,618,618,618,618,618
558,558,558,558,558,558,558,558,558,558,558
494,491,491,491,491,491,491,491,490,490,490
430,430,430,430,430,430,430,430,430,430,430
367,364,364,364,364,364,364,364,364,364,364
307,307,307,307,307,307,307,307,307,307,307
250,247,247,246,246,246,246,246,246,246,246
197,197,197,197,197,197,197,197,197,197,197
148,145,145,145,145,145,145,145,145,145,145
106,106,106,106,106,106,106,106,106,106,106
70,67,67,67,67,67,67,67,67,67,67
41,41,41,41,41,41,41,41,41,41,41
19,16,16,16,16,16,16,16,16,16,16
6,6,6,6,6,6,6,6,6,6,6
0,0,0,0,0,0,0,0,0,0,0
2,2,2,2,2,2,2,2,2,2,2
12,9,9,9,9,9,9,9,9,9,9
30,30,30,30,30,30,30,30,30,30,30
56,53,53,53,53,53,53,53,53,53,53
89,89,89,89,89,89,89,89,89,89,89
128,125,125,125,126,126,126,126,126,126,126
174,174,174,174,174,174,174,174,174,174,174
225,222,222,222,222,222,222,222,222,222,222
280,280,280,280,280,280,280,280,280,280,280
339,336,336,337,337,337,337,337,337,337,337
401,401,401,401,401,401,401,401,401,401,401
465,462,462,462,462,462,462,462,462,462,462
529,529,529,529,529,529,529,529,529,529,529
593,590,590,590,590,590,590,590,590,590,591
656,656,656,656,656,656,656,656,656,656,656
716,713,713,713,713,713,713,713,714,714,714
773,773,773,773,773,773,773,773,773,773,773
826,823,823,823,824,824,824,824,824,824,824
874,874,874,874,874,874,874,874,874,874,874
917,914,914,914,914,914,914,914,914,914,914
953,953,953,953,953,953,953,953,953,953,953
982,979,979,979,979,979,979,979,979,979,979
1004,1004,1004,1004,1004,1004,1004,1004,1004,1004,1004
1017,1014,1014,1014,1014,1014,1014,1014,1014,1014,1014
1023,1023,1023,1023,1023,1023,1023,1023,1023,1023,1023
1021,1018,1018,1018,1018,1018,1018,1018,1018,1018,1018
1011,1011,1011,1011,1011,1011,1011,1011,1011,1011,1011
993,990,990,990,990,990,990,990,990,990,990
967,967,967,967,967,967,967,967,967,967,967
934,931,931,931,931,931,931,931,931,931,931
895,895,895,895,895,895,895,895,895,895,895
849,846,846,846,846,846,846,846,846,846,846
798,798,798,798,798,798,798,798,798,798,798
743,740,740,740,740,740,739,739,739,739,739
684,684,684,684,684,684,684,684,684,684,684
622,619,619,619,619,619,619,619,618,618,618
558,558,558,558,558,558,558,558,558,558,558
494,491,491,491,491,491,491,491,491,491,491
430,430,430,430,430,430,430,430,430,430,430
367,364,364,364,364,364,364,364,364,364,364
307,307,307,307,307,307,307,307,307,307,307
250,247,247,247,247,247,246,246,246,246,246
197,197,197,197,197,197,197,197,197,197,197
149,146,146,145,145,145,145,145,145,145,145
106,106,106,106,106,106,106,106,106,106,106
70,67,67,67,67,67,67,67,67,67,67
41,41,41,41,41,41,41,41,41,41,41
20,16,16,16,16,16,16,16,16,16,16
6,6,6,6,6,6,6,6,6,6,6
0,0,0,0,0,0,0,0,0,0,0
2,2,2,2,2,2,2,2,2,2,2
12,9,9,9,9,9,9,9,9,9,9
30,30,30,30,30,30,30,30,30,30,30
56,53,53,53,53,53,53,53,53,53,53
89,89,89,89,89,89,89,89,89,89,89
128,125,125,125,125,125,125,126,126,126,126
174,174,174,174,174,174,174,174,174,174,174
225,222,222,222,222,222,222,222,222,222,222
280,280,280,280,280,280,280,280,280,280,280
339,336,336,336,336,336,337,337,337,337,337
401,401,401,401,401,401,401,401,401,401,401
464,462,462,462,462,462,462,462,462,462,462
529,529,529,529,529,529,529,529,529,529,529
593,590,590,590,590,590,590,590,590,590,590
655,655,655,655,655,655,655,655,655,655,655
716,713,713,713,713,713,713,713,713,713,713
773,773,773,773,773,773,773,773,773,773,773
826,823,823,823,823,823,823,824,824,824,824
874,874,874,874,874,874,874,874,874,874,874
917,914,914,914,914,914,914,914,914,914,914
953,953,953,953,953,953,953,953,953,953,953
982,979,979,979,979,979,979,979,979,979,979
1003,1003,1003,1003,1003,1003,1003,1003,1003,1003,1003
1017,1014,1014,1014,1014,1014,1014,1014,1014,1014,1014
1023,1023,1023,1023,1023,1023,1023,1023,1023,1023,1023
1021,1018,1018,1018,1018,1018,1018,1018,1018,1018,1018
1011,1011,1011,1011,1011,1011,1011,1011,1011,1011,1011
993,990,990,990,990,990,990,990,990,990,990
967,967,967,967,967,967,967,967,967,967,967
934,931,931,931,931,931,931,931,931,931,931
895,895,895,895,895,895,895,895,895,895,895
849,846,846,846,846,846,846,846,846,846,846
798,798,798,798,798,798,798,798,798,798,798
743,740,740,740,740,740,740,740,740,739,739
684,684,684,684,684,684,684,684,684,684,684
622,619,619,619,619,619,619,619,619,619,619
559,559,559,559,559,559,559,559,559,559,559
494,491,491,491,491,491,491,491,491,491,491
430,430,430,430,430,430,430,430,430,430,430
368,365,365,364,364,364,364,364,364,364,364
307,307,307,307,307,307,307,307,307,307,307
250,247,247,247,247,247,247,247,247,247,246
197,197,197,197,197,197,197,197,197,197,197
149,146,146,146,146,146,145,145,145,145,145
106,106,106,106,106,106,106,106,106,106,106
70,67,67,67,67,67,67,67,67,67,67
41,41,41,41,41,41,41,41,41,41,41
20,17,17,17,16,16,16,16,16,16,16
6,6,6,6,6,6,6,6,6,6,6
0,0,0,0,0,0,0,0,0,0,0
2,2,2,2,2,2,2,2,2,2,2
12,9,9,9,9,9,9,9,9,9,9
30,30,30,30,30,30,30,30,30,30,30
56,53,53,53,53,53,53,53,53,53,53
89,89,89,89,89,89,89,89,89,89,89
128,125,125,125,125,125,125,125,125,125,126
174,174,174,174,174,174,174,174,174,174,174
224,222,222,222,222,222,222,222,222,222,222
280,280,280,280,280,280,280,280,280,280,280
339,336,336,336,336,336,336,336,336,336,337
401,401,401,401,401,401,401,401,401,401,401
464,461,461,461,462,462,462,462,462,462,462
529,529,529,529,529,529,529,529,529,529,529
593,590,590,590,590,590,590,590,590,590,590
655,655,655,655,655,655,655,655,655,655,655
716,713,713,713,713,713,713,713,713,713,713
773,773,773,773,773,773,773,773,773,773,773
826,823,823,823,823,823,823,823,823,823,824
874,874,874,874,874,874,874,874,874,874,874
917,914,914,914,914,914,914,914,914,914,914
953,953,953,953,953,953,953,953,953,953,953
982,979,979,979,979,979,979,979,979,979,979
1003,1003,1003,1003,1003,1003,1003,1003,1003,1003,1003
1017,1014,1014,1014,1014,1014,1014,1014,1014,1014,1014
1023,1023,1023,1023,1023,1023,1023,1023,1023,1023,1023
1021,1018,1018,1018,1018,1018,1018,1018,1018,1018,1018
1011,1011,1011,1011,1011,1011,1011,1011,1011,1011,1011
993,990,990,990,990,990,990,990,990,990,990
967,967,967,967,967,967,967,967,967,967,967
934,931,931,931,931,931,931,931,931,931,931
895,895,895,895,895,895,895,895,895,895,895
849,846,846,846,846,846,846,846,846,846,846
799,799,799,799,799,799,799,799,799,799,799
743,740,740,740,740,740,740,740,740,740,740
684,684,684,684,684,684,684,684,684,684,684
622,619,619,619,619,619,619,619,619,619,619
559,559,559,559,559,559,559,559,559,559,559
495,492,491,491,491,491,491,491,491,491,491
431,431,431,431,431,431,431,431,431,431,431
368,365,365,365,365,365,364,364,364,364,364
307,307,307,307,307,307,307,307,307,307,307
250,247,247,247,247,247,247,247,247,247,247
197,197,197,197,197,197,197,197,197,197,197
149,146,146,146,146,146,146,146,146,145,145
106,106,106,106,106,106,106,106,106,106,106
70,67,67,67,67,67,67,67,67,67,67
41,41,41,41,41,41,41,41,41,41,41
20,17,17,17,17,17,17,16,16,16,16
6,6,6,6,6,6,6,6,6,6,6
0,0,0,0,0,0,0,0,0,0,0
2,2,2,2,2,2,2,2,2,2,2
12,9,9,9,9,9,9,9,9,9,9
30,30,30,30,30,30,30,30,30,30,30
56,53,53,53,53,53,53,53,53,53,53
88,88,88,88,88,88,88,88,88,88,88
128,125,125,125,125,125,125,125,125,125,125
173,173,173,173,173,173,173,173,173,173,173
224,221,221,221,222,222,222,222,222,222,222
280,280,280,280,280,280,280,280,280,280,280
339,336,336,336,336,336,336,336,336,336,336
401,401,401,401,401,401,401,401,401,401,401
464,461,461,461,461,461,461,462,462,462,462
528,528,528,528,528,528,528,528,528,528,528
592,589,589,590,590,590,590,590,590,590,590
655,655,655,655,655,655,655,655,655,655,655
716,713,713,713,713,713,713,713,713,713,713
773,773,773,773,773,773,773,773,773,773,773
826,823,823,823,823,823,823,823,823,823,823
874,874,874,874,874,874,874,874,874,874,874
916,914,914,914,914,914,914,914,914,914,914
953,953,953,953,953,953,953,953,953,953,953
982,979,979,979,979,979,979,979,979,979,979
1003,1003,1003,1003,1003,1003,1003,1003,1003,1003,1003
1017,1014,1014,1014,1014,1014,1014,1014,1014,1014,1014
1023,1023,1023,1023,1023,1023,1023,1023,1023,1023,1023
1021,1018,1018,1018,1018,1018,1018,1018,1018,1018,1018
1011,1011,1011,1011,1011,1011,1011,1011,1011,1011,1011
993,990,990,990,990,990,990,990,990,990,990
967,967,967,967,967,967,967,967,967,967,967
935,932,932,931,931,931,931,931,931,931,931
895,895,895,895,895,895,895,895,895,895,895
850,847,846,846,846,846,846,846,846,846,846
799,799,799,799,799,799,799,799,799,799,799
743,740,740,740,740,740,740,740,740,740,740
684,684,684,684,684,684,684,684,684,684,684
623,619,619,619,619,619,619,619,619,619,619
559,559,559,559,559,559,559,559,559,559,559
495,492,492,492,492,491,491,491,491,491,491
431,431,431,431,431,431,431,431,431,431,431
368,365,365,365,365,365,365,365,365,364,364
308,308,308,308,308,308,308,308,308,308,308
250,247,247,247,247,247,247,247,247,247,247
197,197,197,197,197,197,197,197,197,197,197
149,146,146,146,146,146,146,146,146,146,146
107,107,107,107,107,107,107,107,107,107,107
70,67,67,67,67,67,67,67,67,67,67
41,41,41,41,41,41,41,41,41,41,41
20,17,17,17,17,17,17,17,17,17,16
6,6,6,6,6,6,6,6,6,6,6
0,0,0,0,0,0,0,0,0,0,0
2,2,2,2,2,2,2,2,2,2,2
12,9,9,9,9,9,9,9,9,9,9
30,30,30,30,30,30,30,30,30,30,30
56,53,53,53,53,53,53,53,53,53,53
88,88,88,88,88,88,88,88,88,88,88
128,125,125,125,125,125,125,125,125,125,125
173,173,173,173,173,173,173,173,173,173,173
224,221,221,221,221,221,221,222,222,222,222
280,280,280,280,280,280,280,280,280,280,280
339,336,336,336,336,336,336,336,336,336,336
400,400,400,400,400,400,400,400,400,400,400
464,461,461,461,461,461,461,461,461,461,461
528,528,528,528,528,528,528,528,528,528,528
592,589,589,589,589,589,590,590,590,590,590
655,655,655,655,655,655,655,655,655,655,655
715,712,712,712,713,713,713,713,713,713,713
773,773,773,773,773,773,773,773,773,773,773
826,823,823,823,823,823,823,823,823,823,823
874,874,874,874,874,874,874,874,874,874,874
916,913,913,913,914,914,914,914,914,914,914
952,952,952,952,952,952,952,952,952,952,952
982,979,979,979,979,979,979,979,979,979,979
1003,1003,1003,1003,1003,1003,1003,1003,1003,1003,1003
1017,1014,1014,1014,1014,1014,1014,1014,1014,1014,1014
1023,1023,1023,1023,1023,1023,1023,1023,1023,1023,1023
1021,1018,1018,1018,1018,1018,1018,1018,1018,1018,1018
1011,1011,1011,1011,1011,1011,1011,1011,1011,1011,1011
993,990,990,990,990,990,990,990,990,990,990
967,967,967,967,967,967,967,967,967,967,967
935,932,932,932,932,932,931,931,931,931,931
895,895,895,895,895,895,895,895,895,895,895
850,847,847,847,847,847,846,846,846,846,846
799,799,799,799,799,799,799,799,799,799,799
744,740,740,740,740,740,740,740,740,740,740
685,685,685,685,685,685,685,685,685,685,685
623,620,620,620,620,619,619,619,619,619,619
559,559,559,559,559,559,559,559,559,559,559
495,492,492,492,492,492,492,492,491,491,491
431,431,431,431,431,431,431,431,431,431,431
368,365,365,365,365,365,365,365,365,365,365
308,308,308,308,308,308,308,308,308,308,308
251,247,247,247,247,247,247,247,247,247,247
197,197,197,197,197,197,197,197,197,197,197
149,146,146,146,146,146,146,146,146,146,146
107,107,107,107,107,107,107,107,107,107,107
71,68,68,67,67,67,67,67,67,67,67
41,41,41,41,41,41,41,41,41,41,41
20,17,17,17,17,17,17,17,17,17,17
6,6,6,6,6,6,6,6,6,6,6
0,0,0,0,0,0,0,0,0,0,0
2,2,2,2,2,2,2,2,2,2,2
12,9,9,9,9,9,9,9,9,9,9
30,30,30,30,30,30,30,30,30,30,30
55,53,53,53,53,53,53,53,53,53,53
88,88,88,88,88,88,88,88,88,88,88
128,125,125,125,125,125,125,125,125,125,125
173,173,173,173,173,173,173,173,173,173,173
224,221,221,221,221,221,221,221,221,221,222
279,279,279,279,279,279,279,279,279,279,279
338,335,336,336,336,336,336,336,336,336,336
400,400,400,400,400,400,400,400,400,400,400
464,461,461,461,461,461,461,461,461,461,461
528,528,528,528,528,528,528,528,528,528,528
592,589,589,589,589,589,589,589,589,589,590
655,655,655,655,655,655,655,655,655,655,655
715,712,712,712,712,712,712,713,713,713,713
772,772,772,772,772,772,772,772,772,772,772
826,823,823,823,823,823,823,823,823,823,823
874,874,874,874,874,874,874,874,874,874,874
916,913,913,913,913,913,913,914,914,914,914
952,952,952,952,952,952,952,952,952,952,952
982,979,979,979,979,979,979,979,979,979,979
1003,1003,1003,1003,1003,1003,1003,1003,1003,1003,1003
1017,1014,1014,1014,1014,1014,1014,1014,1014,1014,1014
1023,1023,1023,1023,1023,1023,1023,1023,1023,1023,1023
1021,1018,1018,1018,1018,1018,1018,1018,1018,1018,1018
1011,1011,1011,1011,1011,1011,1011,1011,1011,1011,1011
993,990,990,990,990,990,990,990,990,990,990
968,968,968,968,968,968,968,968,968,968,968
935,932,932,932,932,932,932,932,932,931,931
895,895,895,895,895,895,895,895,895,895,895
850,847,847,847,847,847,847,847,847,846,846
799,799,799,799,799,799,799,799,799,799,799
744,741,741,741,740,740,740,740,740,740,740
685,685,685,685,685,685,685,685,685,685,685
623,620,620,620,620,620,620,620,619,619,619
559,559,559,559,559,559,559,559,559,559,559
495,492,492,492,492,492,492,492,492,492,492
431,431,431,431,431,431,431,431,431,431,431
368,365,365,365,365,365,365,365,365,365,365
308,308,308,308,308,308,308,308,308,308,308
251,248,248,248,247,247,247,247,247,247,247
198,198,198,198,198,198,198,198,198,198,198
149,146,146,146,146,146,146,146,146,146,146
107,107,107,107,107,107,107,107,107,107,107
71,68,68,68,68,68,67,67,67,67,67
42,42,42,42,42,42,42,42,42,42,42
20,17,17,17,17,17,17,17,17,17,17
6,6,6,6,6,6,6,6,6,6,6
0,0,0,0,0,0,0,0,0,0,0
2,2,2,2,2,2,2,2,2,2,2
12,9,9,9,9,9,9,9,9,9,9
30,30,30,30,30,30,30,30,30,30,30
55,52,52,52,53,53,53,53,53,53,53
88,88,88,88,88,88,88,88,88,88,88
128,125,125,125,125,125,125,125,125,125,125
173,173,173,173,173,173,173,173,173,173,173
224,221,221,221,221,221,221,221,221,221,221
279,279,279,279,279,279,279,279,279,279,279
338,335,335,335,335,336,336,336,336,336,336
400,400,400,400,400,400,400,400,400,400,400
463,461,461,461,461,461,461,461,461,461,461
528,528,528,528,528,528,528,528,528,528,528
592,589,589,589,589,589,589,589,589,589,589
654,654,654,654,654,654,654,654,654,654,654
715,712,712,712,712,712,712,712,712,712,713
772,772,772,772,772,772,772,772,772,772,772
825,822,823,823,823,823,823,823,823,823,823
874,874,874,874,874,874,874,874,874,874,874
916,913,913,913,913,913,913,913,913,913,914
952,952,952,952,952,952,952,952,952,952,952
981,978,978,979,979,979,979,979,979,979,979
1003,1003,1003,1003,1003,1003,1003,1003,1003,1003,1003
1017,1014,1014,1014,1014,1014,1014,1014,1014,1014,1014
1023,1023,1023,1023,1023,1023,1023,1023,1023,1023,1023
1021,1018,1018,1018,1018,1018,1018,1018,1018,1018,1018
1011,1011,1011,1011,1011,1011,1011,1011,1011,1011,1011
993,990,990,990,990,990,990,990,990,990,990
968,968,968,968,968,968,968,968,968,968,968
935,932,932,932,932,932,932,932,932,932,932
896,896,896,896,896,896,896,896,896,896,896
850,847,847,847,847,847,847,847,847,847,847
799,799,799,799,799,799,799,799,799,799,799
744,741,741,741,741,741,741,740,740,740,740
685,685,685,685,685,685,685,685,685,685,685
623,620,620,620,620,620,620,620,620,620,620
560,560,560,560,560,560,560,560,560,560,560
495,492,492,492,492,492,492,492,492,492,492
431,431,431,431,431,431,431,431,431,431,431
369,366,365,365,365,365,365,365,365,365,365
308,308,308,308,308,308,308,308,308,308,308
251,248,248,248,248,248,248,247,247,247,247
198,198,198,198,198,198,198,198,198,198,198
149,146,146,146,146,146,146,146,146,146,146
107,107,107,107,107,107,107,107,107,107,107
71,68,68,68,68,68,68,68,68,67,67
42,42,42,42,42,42,42,42,42,42,42
20,17,17,17,17,17,17,17,17,17,17
6,6,6,6,6,6,6,6,6,6,6
0,0,0,0,0,0,0,0,0,0,0
2,2,2,2,2,2,2,2,2,2,2
12,9,9,9,9,9,9,9,9,9,9
30,30,30,30,30,30,30,30,30,30,30
55,52,52,52,52,52,52,53,53,53,53
88,88,88,88,88,88,88,88,88,88,88
127,124,125,125,125,125,125,125,125,125,125
173,173,173,173,173,173,173,173,173,173,173
224,221,221,221,221,221,221,221,221,221,221
279,279,279,279,279,279,279,279,279,279,279
338,335,335,335,335,335,335,335,336,336,336
400,400,400,400,400,400,400,400,400,400,400
463,460,460,460,461,461,461,461,461,461,461
528,528,528,528,528,528,528,528,528,528,528
592,589,589,589,589,589,589,589,589,589,589
654,654,654,654,654,654,654,654,654,654,654
715,712,712,712,712,712,712,712,712,712,712
772,772,772,772,772,772,772,772,772,772,772
825,822,822,822,822,823,823,823,823,823,823
873,873,873,873,873,873,873,873,873,873,873
916,913,913,913,913,913,913,913,913,913,913
952,952,952,952,952,952,952,952,952,952,952
981,978,978,978,978,978,979,979,979,979,979
1003,1003,1003,1003,1003,1003,1003,1003,1003,1003,1003
1017,1014,1014,1014,1014,1014,1014,1014,1014,1014,1014
1023,1023,1023,1023,1023,1023,1023,1023,1023,1023,1023
1021,1018,1018,1018,1018,1018,1018,1018,1018,1018,1018
1011,1011,1011,1011,1011,1011,1011,1011,1011,1011,1011
993,990,990,990,990,990,990,990,990,990,990
968,968,968,968,968,968,968,968,968,968,968
935,932,932,932,932,932,932,932,932,932,932
896,896,896,896,896,896,896,896,896,896,896
850,847,847,847,847,847,847,847,847,847,847
799,799,799,799,799,799,799,799,799,799,799
744,741,741,741,741,741,741,741,741,741,740
685,685,685,685,685,685,685,685,685,685,685
623,620,620,620,620,620,620,620,620,620,620
560,560,560,560,560,560,560,560,560,560,560
496,493,492,492,492,492,492,492,492,492,492
432,432,432,432,432,432,432,432,432,432,432
369,366,366,366,366,365,365,365,365,365,365
308,308,308,308,308,308,308,308,308,308,308
251,248,248,248,248,248,248,248,248,248,247
198,198,198,198,198,198,198,198,198,198,198
150,147,146,146,146,146,146,146,146,146,146
107,107,107,107,107,107,107,107,107,107,107
71,68,68,68,68,68,68,68,68,68,68
42,42,42,42,42,42,42,42,42,42,42
20,17,17,17,17,17,17,17,17,17,17
6,6,6,6,6,6,6,6,6,6,6
0,0,0,0,0,0,0,0,0,0,0
2,2,2,2,2,2,2,2,2,2,2
12,9,9,9,9,9,9,9,9,9,9
30,30,30,30,30,30,30,30,30,30,30
55,52,52,52,52,52,52,52,52,52,53
88,88,88,88,88,88,88,88,88,88,88
127,124,124,124,124,125,125,125,125,125,125
173,173,173,173,173,173,173,173,173,173,173
224,221,221,221,221,221,221,221,221,221,221
279,279,279,279,279,279,279,279,279,279,279
338,335,335,335,335,335,335,335,335,335,335
400,400,400,400,400,400,400,400,400,400,400
463,460,460,460,460,460,460,461,461,461,461
527,527,527,527,527,527,527,527,527,527,527
591,588,588,589,589,589,589,589,589,589,589
654,654,654,654,654,654,654,654,654,654,654
715,712,712,712,712,712,712,712,712,712,712
772,772,772,772,772,772,772,772,772,772,772
825,822,822,822,822,822,822,822,823,823,823
873,873,873,873,873,873,873,873,873,873,873
916,913,913,913,913,913,913,913,913,913,913
952,952,952,952,952,952,952,952,952,952,952
981,978,978,978,978,978,978,978,978,979,979
1003,1003,1003,1003,1003,1003,1003,1003,1003,1003,1003
1017,1014,1014,1014,1014,1014,1014,1014,1014,1014,1014
1023,1023,1023,1023,1023,1023,1023,1023,1023,1023,1023
1021,1018,1018,1018,1018,1018,1018,1018,1018,1018,1018
1011,1011,1011,1011,1011,1011,1011,1011,1011,1011,1011
993,990,990,990,990,990,990,990,990,990,990
968,968,968,968,968,968,968,968,968,968,968
935,932,932,932,932,932,932,932,932,932,932
896,896,896,896,896,896,896,896,896,896,896
850,847,847,847,847,847,847,847,847,847,847
800,800,800,800,800,800,800,800,800,800,800
744,741,741,741,741,741,741,741,741,741,741
685,685,685,685,685,685,685,685,685,685,685
624,620,620,620,620,620,620,620,620,620,620
560,560,560,560,560,560,560,560,560,560,560
496,493,493,493,493,492,492,492,492,492,492
432,432,432,432,432,432,432,432,432,432,432
369,366,366,366,366,366,366,366,366,365,365
308,308,308,308,308,308,308,308,308,308,308
251,248,248,248,248,248,248,248,248,248,248
198,198,198,198,198,198,198,198,198,198,198
150,147,147,147,147,146,146,146,146,146,146
107,107,107,107,107,107,107,107,107,107,107
71,68,68,68,68,68,68,68,68,68,68
42,42,42,42,42,42,42,42,42,42,42
20,17,17,17,17,17,17,17,17,17,17
6,6,6,6,6,6,6,6,6,6,6
0,0,0,0,0,0,0,0,0,0,0
2,2,2,2,2,2,2,2,2,2,2
12,9,9,9,9,9,9,9,9,9,9
30,30,30,30,30,30,30,30,30,30,30
55,52,52,52,52,52,52,52,52,52,52
88,88,88,88,88,88,88,88,88,88,88
127,124,124,124,124,124,124,124,125,125,125
173,173,173,173,173,173,173,173,173,173,173
223,220,220,221,221,221,221,221,221,221,221
279,279,279,279,279,279,279,279,279,279,279
338,335,335,335,335,335,335,335,335,335,335
399,399,399,399,399,399,399,399,399,399,399
463,460,460,460,460,460,460,460,460,460,461
527,527,527,527,527,527,527,527,527,527,527
591,588,588,588,588,588,589,589,589,589,589
654,654,654,654,654,654,654,654,654,654,654
714,711,712,712,712,712,712,712,712,712,712
772,772,772,772,772,772,772,772,772,772,772
825,822,822,822,822,822,822,822,822,822,822
873,873,873,873,873,873,873,873,873,873,873
916,913,913,913,913,913,913,913,913,913,913
952,952,952,952,952,952,952,952,952,952,952
981,978,978,978,978,978,978,978,978,978,978
1003,1003,1003,1003,1003,1003,1003,1003,1003,1003,1003
1017,1014,1014,1014,1014,1014,1014,1014,1014,1014,1014
1023,1023,1023,1023,1023,1023,1023,1023,1023,1023,1023
1021,1018,1018,1018,1018,1018,1018,1018,1018,1018,1018
1011,1011,1011,1011,1011,1011,1011,1011,1011,1011,1011
993,990,990,990,990,990,990,990,990,990,990
968,968,968,968,968,968,968,968,968,968,968
935,932,932,932,932,932,932,932,932,932,932
896,896,896,896,896,896,896,896,896,896,896
850,847,847,847,847,847,847,847,847,847,847
800,800,800,800,800,800,800,800,800,800,800
744,741,741,741,741,741,741,741,741,741,741
685,685,685,685,685,685,685,685,685,685,685
624,621,621,621,620,620,620,620,620,620,620
560,560,560,560,560,560,560,560,560,560,560
496,493,493,493,493,493,493,493,492,492,492
432,432,432,432,432,432,432,432,432,432,432
369,366,366,366,366,366,366,366,366,366,366
309,309,309,309,309,309,309,309,309,309,309
251,248,248,248,248,248,248,248,248,248,248
198,198,198,198,198,198,198,198,198,198,198
150,147,147,147,147,147,147,147,146,146,146
107,107,107,107,107,107,107,107,107,107,107
71,68,68,68,68,68,68,68,68,68,68
42,42,42,42,42,42,42,42,42,42,42
20,17,17,17,17,17,17,17,17,17,17
6,6,6,6,6,6,6,6,6,6,6
0,0,0,0,0,0,0,0,0,0,0
2,2,2,2,2,2,2,2,2,2,2
12,9,9,9,9,9,9,9,9,9,9
30,30,30,30,30,30,30,30,30,30,30
55,52,52,52,52,52,52,52,52,52,52
88,88,88,88,88,88,88,88,88,88,88
127,124,124,124,124,124,124,124,124,124,124
172,172,172,172,172,172,172,172,172,172,172
223,220,220,220,220,220,221,221,221,221,221
279,279,279,279,279,279,279,279,279,279,279
337,335,335,335,335,335,335,335,335,335,335
399,399,399,399,399,399,399,399,399,399,399
463,460,460,460,460,460,460,460,460,460,460
527,527,527,527,527,527,527,527,527,527,527
591,588,588,588,588,588,588,588,588,589,589
654,654,654,654,654,654,654,654,654,654,654
714,711,711,711,711,712,712,712,712,712,712
772,772,772,772,772,772,772,772,772,772,772
825,822,822,822,822,822,822,822,822,822,822
873,873,873,873,873,873,873,873,873,873,873
916,913,913,913,913,913,913,913,913,913,913
952,952,952,952,952,952,952,952,952,952,952
981,978,978,978,978,978,978,978,978,978,978
1003,1003,1003,1003,1003,1003,1003,1003,1003,1003,1003
1017,1014,1014,1014,1014,1014,1014,1014,1014,1014,1014
1023,1023,1023,1023,1023,1023,1023,1023,1023,1023,1023
1021,1018,1018,1018,1018,1018,1018,1018,1018,1018,1018
1011,1011,1011,1011,1011,1011,1011,1011,1011,1011,1011
993,990,990,990,990,990,990,990,990,990,990
968,968,968,968,968,968,968,968,968,968,968
935,932,932,932,932,932,932,932,932,932,932
896,896,896,896,896,896,896,896,896,896,896
851,848,848,847,847,847,847,847,847,847,847
800,800,800,800,800,800,800,800,800,800,800
745,742,741,741,741,741,741,741,741,741,741
686,686,686,686,686,686,686,686,686,686,686
624,621,621,621,621,621,621,620,620,620,620
560,560,560,560,560,560,560,560,560,560,560
496,493,493,493,493,493,493,493,493,493,493
432,432,432,432,432,432,432,432,432,432,432
369,366,366,366,366,366,366,366,366,366,366
309,309,309,309,309,309,309,309,309,309,309
252,248,248,248,248,248,248,248,248,248,248
198,198,198,198,198,198,198,198,198,198,198
150,147,147,147,147,147,147,147,147,147,147
107,107,107,107,107,107,107,107,107,107,107
71,68,68,68,68,68,68,68,68,68,68
42,42,42,42,42,42,42,42,42,42,42
20,17,17,17,17,17,17,17,17,17,17
6,6,6,6,6,6,6,6,6,6,6
0,0,0,0,0,0,0,0,0,0,0
2,2,2,2,2,2,2,2,2,2,2
12,9,9,9,9,9,9,9,9,9,9
29,29,29,29,29,29,29,29,29,29,29
55,52,52,52,52,52,52,52,52,52,52
88,88,88,88,88,88,88,88,88,88,88
127,124,124,124,124,124,124,124,124,124,124
172,172,172,172,172,172,172,172,172,172,172
223,220,220,220,220,220,220,220,220,221,221
278,278,278,278,278,278,278,278,278,278,278
337,334,334,334,335,335,335,335,335,335,335
399,399,399,399,399,399,399,399,399,399,399
462,460,460,460,460,460,460,460,460,460,460
527,527,527,527,527,527,527,527,527,527,527
591,588,588,588,588,588,588,588,588,588,588
654,654,654,654,654,654,654,654,654,654,654
714,711,711,711,711,711,711,711,712,712,712
771,771,771,771,771,771,771,771,771,771,771
825,822,822,822,822,822,822,822,822,822,822
873,873,873,873,873,873,873,873,873,873,873
916,913,913,913,913,913,913,913,913,913,913
952,952,952,952,952,952,952,952,952,952,952
981,978,978,978,978,978,978,978,978,978,978
1003,1003,1003,1003,1003,1003,1003,1003,1003,1003,1003
1017,1014,1014,1014,1014,1014,1014,1014,1014,1014,1014
1023,1023,1023,1023,1023,1023,1023,1023,1023,1023,1023
1021,1018,1018,1018,1018,1018,1018,1018,1018,1018,1018
1011,1011,1011,1011,1011,1011,1011,1011,1011,1011,1011
994,991,990,990,990,990,990,990,990,990,990
968,968,968,968,968,968,968,968,968,968,968
935,932,932,932,932,932,932,932,932,932,932
896,896,896,896,896,896,896,896,896,896,896
851,848,848,848,848,848,847,847,847,847,847
800,800,800,800,800,800,800,800,800,800,800
745,742,742,742,742,741,741,741,741,741,741
686,686,686,686,686,686,686,686,686,686,686
624,621,621,621,621,621,621,621,621,621,620
561,561,561,561,561,561,561,561,561,561,561
496,493,493,493,493,493,493,493,493,493,493
432,432,432,432,432,432,432,432,432,432,432
370,367,366,366,366,366,366,366,366,366,366
309,309,309,309,309,309,309,309,309,309,309
252,249,249,249,248,248,248,248,248,248,248
198,198,198,198,198,198,198,198,198,198,198
150,147,147,147,147,147,147,147,147,147,147
108,108,108,108,108,108,108,108,108,108,108
71,68,68,68,68,68,68,68,68,68,68
42,42,42,42,42,42,42,42,42,42,42
20,17,17,17,17,17,17,17,17,17,17
6,6,6,6,6,6,6,6,6,6,6
0,0,0,0,0,0,0,0,0,0,0
2,2,2,2,2,2,2,2,2,2,2
12,9,9,9,9,9,9,9,9,9,9
29,29,29,29,29,29,29,29,29,29,29
55,52,52,52,52,52,52,52,52,52,52
87,87,87,87,87,87,87,87,87,87,87
127,124,124,124,124,124,124,124,124,124,124
172,172,172,172,172,172,172,172,172,172,172
223,220,220,220,220,220,220,220,220,220,220
278,278,278,278,278,278,278,278,278,278,278
337,334,334,334,334,334,334,335,335,335,335
399,399,399,399,399,399,399,399,399,399,399
462,459,459,459,460,460,460,460,460,460,460
527,527,527,527,527,527,527,527,527,527,527
591,588,588,588,588,588,588,588,588,588,588
653,653,653,653,653,653,653,653,653,653,653
714,711,711,711,711,711,711,711,711,711,711
771,771,771,771,771,771,771,771,771,771,771
824,822,822,822,822,822,822,822,822,822,822
873,873,873,873,873,873,873,873,873,873,873
915,912,912,913,913,913,913,913,913,913,913
952,952,952,952,952,952,952,952,952,952,952
981,978,978,978,978,978,978,978,978,978,978
1003,1003,1003,1003,1003,1003,1003,1003,1003,1003,1003
1017,1014,1014,1014,1014,1014,1014,1014,1014,1014,1014
1023,1023,1023,1023,1023,1023,1023,1023,1023,1023,1023
1021,1018,1018,1018,1018,1018,1018,1018,1018,1018,1018
1011,1011,1011,1011,1011,1011,1011,1011,1011,1011,1011
994,991,991,991,991,990,990,990,990,990,990
968,968,968,968,968,968,968,968,968,968,968
936,933,933,932,932,932,932,932,932,932,932
896,896,896,896,896,896,896,896,896,896,896
851,848,848,848,848,848,848,848,848,847,847
800,800,800,800,800,800,800,800,800,800,800
745,742,742,742,742,742,742,742,741,741,741
686,686,686,686,686,686,686,686,686,686,686
624,621,621,621,621,621,621,621,621,621,621
561,561,561,561,561,561,561,561,561,561,561
497,493,493,493,493,493,493,493,493,493,493
433,433,433,433,433,433,433,433,433,433,433
370,367,367,367,367,366,366,366,366,366,366
309,309,309,309,309,309,309,309,309,309,309
252,249,249,249,249,249,249,248,248,248,248
199,199,199,199,199,199,199,199,199,199,199
150,147,147,147,147,147,147,147,147,147,147
108,108,108,108,108,108,108,108,108,108,108
71,68,68,68,68,68,68,68,68,68,68
42,42,42,42,42,42,42,42,42,42,42
20,17,17,17,17,17,17,17,17,17,17
6,6,6,6,6,6,6,6,6,6,6
0,0,0,0,0,0,0,0,0,0,0
2,2,2,2,2,2,2,2,2,2,2
12,9,9,9,9,9,9,9,9,9,9
29,29,29,29,29,29,29,29,29,29,29
55,52,52,52,52,52,52,52,52,52,52
87,87,87,87,87,87,87,87,87,87,87
127,124,124,124,124,124,124,124,124,124,124
172,172,172,172,172,172,172,172,172,172,172
223,220,220,220,220,220,220,220,220,220,220
278,278,278,278,278,278,278,278,278,278,278
337,334,334,334,334,334,334,334,334,334,335
399,399,399,399,399,399,399,399,399,399,399
462,459,459,459,459,459,459,460,460,460,460
526,526,526,526,526,526,526,526,526,526,526
590,587,588,588,588,588,588,588,588,588,588
653,653,653,653,653,653,653,653,653,653,653
714,711,711,711,711,711,711,711,711,711,711
771,771,771,771,771,771,771,771,771,771,771
824,821,821,821,822,822,822,822,822,822,822
873,873,873,873,873,873,873,873,873,873,873
915,912,912,912,912,912,913,913,913,913,913
952,952,952,952,952,952,952,952,952,952,952
981,978,978,978,978,978,978,978,978,978,978
1003,1003,1003,1003,1003,1003,1003,1003,1003,1003,1003
1017,1014,1014,1014,1014,1014,1014,1014,1014,1014,1014
1023,1023,1023,1023,1023,1023,1023,1023,1023,1023,1023
1021,1018,1018,1018,1018,1018,1018,1018,1018,1018,1018
1011,1011,1011,1011,1011,1011,1011,1011,1011,1011,1011
994,991,991,991,991,991,991,991,990,990,990
968,968,968,968,968,968,968,968,968,968,968
936,933,933,933,933,933,932,932,932,932,932
896,896,896,896,896,896,896,896,896,896,896
851,848,848,848,848,848,848,848,848,848,848
800,800,800,800,800,800,800,800,800,800,800
745,742,742,742,742,742,742,742,742,742,742
686,686,686,686,686,686,686,686,686,686,686
624,621,621,621,621,621,621,621,621,621,621
561,561,561,561,561,561,561,561,561,561,561
497,494,494,494,493,493,493,493,493,493,493
433,433,433,433,433,433,433,433,433,433,433
370,367,367,367,367,367,367,367,366,366,366
309,309,309,309,309,309,309,309,309,309,309
252,249,249,249,249,249,249,249,249,249,248
199,199,199,199,199,199,199,199,199,199,199
150,147,147,147,147,147,147,147,147,147,147
108,108,108,108,108,108,108,108,108,108,108
71,68,68,68,68,68,68,68,68,68,68
42,42,42,42,42,42,42,42,42,42,42
20,17,17,17,17,17,17,17,17,17,17
6,6,6,6,6,6,6,6,6,6,6
0,0,0,0,0,0,0,0,0,0,0
2,2,2,2,2,2,2,2,2,2,2
12,9,9,9,9,9,9,9,9,9,9
29,29,29,29,29,29,29,29,29,29,29
55,52,52,52,52,52,52,52,52,52,52
87,87,87,87,87,87,87,87,87,87,87
127,124,124,124,124,124,124,124,124,124,124
172,172,172,172,172,172,172,172,172,172,172
223,220,220,220,220,220,220,220,220,220,220
278,278,278,278,278,278,278,278,278,278,278
337,334,334,334,334,334,334,334,334,334,334
398,398,398,398,398,398,398,398,398,398,398
462,459,459,459,459,459,459,459,459,459,460
526,526,526,526,526,526,526,526,526,526,526
590,587,587,587,587,588,588,588,588,588,588
653,653,653,653,653,653,653,653,653,653,653
714,711,711,711,711,711,711,711,711,711,711
771,771,771,771,771,771,771,771,771,771,771
824,821,821,821,821,821,821,822,822,822,822
873,873,873,873,873,873,873,873,873,873,873
915,912,912,912,912,912,912,912,912,913,913
951,951,951,951,951,951,951,951,951,951,951
981,978,978,978,978,978,978,978,978,978,978
1003,1003,1003,1003,1003,1003,1003,1003,1003,1003,1003
1017,1014,1014,1014,1014,1014,1014,1014,1014,1014,1014
1023,1023,1023,1023,1023,1023,1023,1023,1023,1023,1023
1021,1018,1018,1018,1018,1018,1018,1018,1018,1018,1018
1011,1011,1011,1011,1011,1011,1011,1011,1011,1011,1011
994,991,991,991,991,991,991,991,991,991,991
968,968,968,968,968,968,968,968,968,968,968
936,933,933,933,933,933,933,933,933,932,932
897,897,897,897,897,897,897,897,897,897,897
851,848,848,848,848,848,848,848,848,848,848
801,801,801,801,801,801,801,801,801,801,801
745,742,742,742,742,742,742,742,742,742,742
686,686,686,686,686,686,686,686,686,686,686
625,622,622,621,621,621,621,621,621,621,621
561,561,561,561,561,561,561,561,561,561,561
497,494,494,494,494,494,494,493,493,493,493
433,433,433,433,433,433,433,433,433,433,433
370,367,367,367,367,367,367,367,367,367,367
310,310,310,310,310,310,310,310,310,310,310
252,249,249,249,249,249,249,249,249,249,249
199,199,199,199,199,199,199,199,199,199,199
151,148,147,147,147,147,147,147,147,147,147
108,108,108,108,108,108,108,108,108,108,108
72,69,69,68,68,68,68,68,68,68,68
42,42,42,42,42,42,42,42,42,42,42
20,17,17,17,17,17,17,17,17,17,17
6,6,6,6,6,6,6,6,6,6,6
0,0,0,0,0,0,0,0,0,0,0
2,2,2,2,2,2,2,2,2,2,2
11,9,9,9,9,9,9,9,9,9,9
29,29,29,29,29,29,29,29,29,29,29
55,52,52,52,52,52,52,52,52,52,52
87,87,87,87,87,87,87,87,87,87,87
126,123,123,124,124,124,124,124,124,124,124
172,172,172,172,172,172,172,172,172,172,172
222,219,219,220,220,220,220,220,220,220,220
278,278,278,278,278,278,278,278,278,278,278
337,334,334,334,334,334,334,334,334,334,334
398,398,398,398,398,398,398,398,398,398,398
462,459,459,459,459,459,459,459,459,459,459
526,526,526,526,526,526,526,526,526,526,526
590,587,587,587,587,587,587,587,587,588,588
653,653,653,653,653,653,653,653,653,653,653
713,710,710,711,711,711,711,711,711,711,711
771,771,771,771,771,771,771,771,771,771,771
824,821,821,821,821,821,821,821,821,821,822
872,872,872,872,872,872,872,872,872,872,872
915,912,912,912,912,912,912,912,912,912,912
951,951,951,951,951,951,951,951,951,951,951
981,978,978,978,978,978,978,978,978,978,978
1003,1003,1003,1003,1003,1003,1003,1003,1003,1003,1003
1017,1014,1014,1014,1014,1014,1014,1014,1014,1014,1014
1023,1023,1023,1023,1023,1023,1023,1023,1023,1023,1023
1021,1018,1018,1018,1018,1018,1018,1018,1018,1018,1018
1012,1012,1012,1012,1012,1012,1012,1012,1012,1012,1012
994,991,991,991,991,991,991,991,991,991,991
968,968,968,968,968,968,968,968,968,968,968
936,933,933,933,933,933,933,933,933,933,933
897,897,897,897,897,897,897,897,897,897,897
851,848,848,848,848,848,848,848,848,848,848
801,801,801,801,801,801,801,801,801,801,801
745,742,742,742,742,742,742,742,742,742,742
687,687,687,687,687,687,687,687,687,687,687
625,622,622,622,622,622,621,621,621,621,621
561,561,561,561,561,561,561,561,561,561,561
497,494,494,494,494,494,494,494,494,494,493
433,433,433,433,433,433,433,433,433,433,433
370,367,367,367,367,367,367,367,367,367,367
310,310,310,310,310,310,310,310,310,310,310
252,249,249,249,249,249,249,249,249,249,249
199,199,199,199,199,199,199,199,199,199,199
151,148,148,148,148,147,147,147,147,147,147
108,108,108,108,108,108,108,108,108,108,108
72,69,69,69,69,69,68,68,68,68,68
42,42,42,42,42,42,42,42,42,42,42
20,17,17,17,17,17,17,17,17,17,17
6,6,6,6,6,6,6,6,6,6,6
0,0,0,0,0,0,0,0,0,0,0
2,2,2,2,2,2,2,2,2,2,2
11,8,8,8,9,9,9,9,9,9,9
29,29,29,29,29,29,29,29,29,29,29
54,52,52,52,52,52,52,52,52,52,52
87,87,87,87,87,87,87,87,87,87,87
126,123,123,123,123,123,124,124,124,124,124
172,172,172,172,172,172,172,172,172,172,172
222,219,219,219,219,219,220,220,220,220,220
277,277,277,277,277,277,277,277,277,277,277
336,333,333,334,334,334,334,334,334,334,334
398,398,398,398,398,398,398,398,398,398,398
462,459,459,459,459,459,459,459,459,459,459
526,526,526,526,526,526,526,526,526,526,526
590,587,587,587,587,587,587,587,587,587,587
653,653,653,653,653,653,653,653,653,653,653
713,710,710,710,710,710,711,711,711,711,711
771,771,771,771,771,771,771,771,771,771,771
824,821,821,821,821,821,821,821,821,821,821
872,872,872,872,872,872,872,872,872,872,872
915,912,912,912,912,912,912,912,912,912,912
951,951,951,951,951,951,951,951,951,951,951
981,978,978,978,978,978,978,978,978,978,978
1003,1003,1003,1003,1003,1003,1003,1003,1003,1003,1003
1017,1014,1014,1014,1014,1014,1014,1014,1014,1014,1014
1023,1023,1023,1023,1023,1023,1023,1023,1023,1023,1023
1021,1018,1018,1018,1018,1018,1018,1018,1018,1018,1018
1012,1012,1012,1012,1012,1012,1012,1012,1012,1012,1012
994,991,991,991,991,991,991,991,991,991,991
969,969,969,969,969,969,969,969,969,969,969
936,933,933,933,933,933,933,933,933,933,933
897,897,897,897,897,897,897,897,897,897,897
852,848,848,848,848,848,848,848,848,848,848
801,801,801,801,801,801,801,801,801,801,801
746,743,743,742,742,742,742,742,742,742,742
687,687,687,687,687,687,687,687,687,687,687
625,622,622,622,622,622,622,622,622,621,621
562,562,562,562,562,562,562,562,562,562,562
497,494,494,494,494,494,494,494,494,494,494
433,433,433,433,433,433,433,433,433,433,433
371,367,367,367,367,367,367,367,367,367,367
310,310,310,310,310,310,310,310,310,310,310
253,249,249,249,249,249,249,249,249,249,249
199,199,199,199,199,199,199,199,199,199,199
151,148,148,148,148,148,148,148,147,147,147
108,108,108,108,108,108,108,108,108,108,108
72,69,69,69,69,69,69,69,69,68,68
42,42,42,42,42,42,42,42,42,42,42
20,17,17,17,17,17,17,17,17,17,17
6,6,6,6,6,6,6,6,6,6,6
0,0,0,0,0,0,0,0,0,0,0
2,2,2,2,2,2,2,2,2,2,2
11,8,8,8,8,8,8,9,9,9,9
29,29,29,29,29,29,29,29,29,29,29
54,51,51,51,52,52,52,52,52,52,52
87,87,87,87,87,87,87,87,87,87,87
126,123,123,123,123,123,123,123,123,124,124
171,171,171,171,171,171,171,171,171,171,171
222,219,219,219,219,219,219,219,219,220,220
277,277,277,277,277,277,277,277,277,277,277
336,333,333,333,333,333,334,334,334,334,334
398,398,398,398,398,398,398,398,398,398,398
461,458,458,459,459,459,459,459,459,459,459
526,526,526,526,526,526,526,526,526,526,526
590,587,587,587,587,587,587,587,587,587,587
652,652,652,652,652,652,652,652,652,652,652
713,710,710,710,710,710,710,710,710,711,711
770,770,770,770,770,770,770,770,770,770,770
824,821,821,821,821,821,821,821,821,821,821
872,872,872,872,872,872,872,872,872,872,872
915,912,912,912,912,912,912,912,912,912,912
951,951,951,951,951,951,951,951,951,951,951
981,978,978,978,978,978,978,978,978,978,978
1003,1003,1003,1003,1003,1003,1003,1003,1003,1003,1003
1017,1014,1014,1014,1014,1014,1014,1014,1014,1014,1014
1023,1023,1023,1023,1023,1023,1023,1023,1023,1023,1023
1021,1018,1018,1018,1018,1018,1018,1018,1018,1018,1018
1012,1012,1012,1012,1012,1012,1012,1012,1012,1012,1012
994,991,991,991,991,991,991,991,991,991,991
969,969,969,969,969,969,969,969,969,969,969
936,933,933,933,933,933,933,933,933,933,933
897,897,897,897,897,897,897,897,897,897,897
852,849,849,849,848,848,848,848,848,848,848
801,801,801,801,801,801,801,801,801,801,801
746,743,743,743,743,743,742,742,742,742,742
687,687,687,687,687,687,687,687,687,687,687
625,622,622,622,622,622,622,622,622,622,622
562,562,562,562,562,562,562,562,562,562,562
498,494,494,494,494,494,494,494,494,494,494
433,433,433,433,433,433,433,433,433,433,433
371,368,368,368,367,367,367,367,367,367,367
310,310,310,310,310,310,310,310,310,310,310
253,250,250,250,249,249,249,249,249,249,249
199,199,199,199,199,199,199,199,199,199,199
151,148,148,148,148,148,148,148,148,148,148
108,108,108,108,108,108,108,108,108,108,108
72,69,69,69,69,69,69,69,69,69,69
42,42,42,42,42,42,42,42,42,42,42
20,17,17,17,17,17,17,17,17,17,17
6,6,6,6,6,6,6,6,6,6,6
0,0,0,0,0,0,0,0,0,0,0
2,2,2,2,2,2,2,2,2,2,2
11,8,8,8,8,8,8,8,8,8,9
29,29,29,29,29,29,29,29,29,29,29
54,51,51,51,51,51,51,52,52,52,52
87,87,87,87,87,87,87,87,87,87,87
126,123,123,123,123,123,123,123,123,123,123
171,171,171,171,171,171,171,171,171,171,171
222,219,219,219,219,219,219,219,219,219,219
277,277,277,277,277,277,277,277,277,277,277
336,333,333,333,333,333,333,333,333,334,334
398,398,398,398,398,398,398,398,398,398,398
461,458,458,458,458,458,459,459,459,459,459
525,525,525,525,525,525,525,525,525,525,525
589,586,587,587,587,587,587,587,587,587,587
652,652,652,652,652,652,652,652,652,652,652
713,710,710,710,710,710,710,710,710,710,710
770,770,770,770,770,770,770,770,770,770,770
824,821,821,821,821,821,821,821,821,821,821
872,872,872,872,872,872,872,872,872,872,872
915,912,912,912,912,912,912,912,912,912,912
951,951,951,951,951,951,951,951,951,951,951
980,978,978,978,978,978,978,978,978,978,978
1003,1003,1003,1003,1003,1003,1003,1003,1003,1003,1003
1017,1014,1014,1014,1014,1014,1014,1014,1014,1014,1014
1023,1023,1023,1023,1023,1023,1023,1023,1023,1023,1023
1021,1018,1018,1018,1018,1018,1018,1018,1018,1018,1018
1012,1012,1012,1012,1012,1012,1012,1012,1012,1012,1012
994,991,991,991,991,991,991,991,991,991,991
969,969,969,969,969,969,969,969,969,969,969
936,933,933,933,933,933,933,933,933,933,933
897,897,897,897,897,897,897,897,897,897,897
852,849,849,849,849,849,849,848,848,848,848
801,801,801,801,801,801,801,801,801,801,801
746,743,743,743,743,743,743,743,743,742,742
687,687,687,687,687,687,687,687,687,687,687
625,622,622,622,622,622,622,622,622,622,622
562,562,562,562,562,562,562,562,562,562,562
498,495,495,495,494,494,494,494,494,494,494
434,434,434,434,434,434,434,434,434,434,434
371,368,368,368,368,368,368,367,367,367,367
310,310,310,310,310,310,310,310,310,310,310
253,250,250,250,250,250,250,249,249,249,249
200,200,200,200,200,200,200,200,200,200,200
151,148,148,148,148,148,148,148,148,148,148
108,108,108,108,108,108,108,108,108,108,108
72,69,69,69,69,69,69,69,69,69,69
43,43,43,43,43,43,43,43,43,43,43
20,17,17,17,17,17,17,17,17,17,17
6,6,6,6,6,6,6,6,6,6,6
0,0,0,0,0,0,0,0,0,0,0
2,2,2,2,2,2,2,2,2,2,2
11,8,8,8,8,8,8,8,8,8,8
29,29,29,29,29,29,29,29,29,29,29
54,51,51,51,51,51,51,51,51,51,52
87,87,87,87,87,87,87,87,87,87,87
126,123,123,123,123,123,123,123,123,123,123
171,171,171,171,171,171,171,171,171,171,171
222,219,219,219,219,219,219,219,219,219,219
277,277,277,277,277,277,277,277,277,277,277
336,333,333,333,333,333,333,333,333,333,333
397,397,397,397,397,397,397,397,397,397,397
461,458,458,458,458,458,458,458,458,459,459
525,525,525,525,525,525,525,525,525,525,525
589,586,586,586,586,587,587,587,587,587,587
652,652,652,652,652,652,652,652,652,652,652
713,710,710,710,710,710,710,710,710,710,710
770,770,770,770,770,770,770,770,770,770,770
823,820,820,821,821,821,821,821,821,821,821
872,872,872,872,872,872,872,872,872,872,872
915,912,912,912,912,912,912,912,912,912,912
951,951,951,951,951,951,951,951,951,951,951
980,977,977,977,978,978,978,978,978,978,978
1002,1002,1002,1002,1002,1002,1002,1002,1002,1002,1002
1017,1014,1014,1014,1014,1014,1014,1014,1014,1014,1014
1023,1023,1023,1023,1023,1023,1023,1023,1023,1023,1023
1021,1018,1018,1018,1018,1018,1018,1018,1018,1018,1018
1012,1012,1012,1012,1012,1012,1012,1012,1012,1012,1012
994,991,991,991,991,991,991,991,991,991,991
969,969,969,969,969,969,969,969,969,969,969
936,933,933,933,933,933,933,933,933,933,933
897,897,897,897,897,897,897,897,897,897,897
852,849,849,849,849,849,849,849,849,849,848
801,801,801,801,801,801,801,801,801,801,801
746,743,743,743,743,743,743,743,743,743,743
687,687,687,687,687,687,687,687,687,687,687
626,623,622,622,622,622,622,622,622,622,622
562,562,562,562,562,562,562,562,562,562,562
498,495,495,495,495,495,495,494,494,494,494
434,434,434,434,434,434,434,434,434,434,434
371,368,368,368,368,368,368,368,368,368,367
310,310,310,310,310,310,310,310,310,310,310
253,250,250,250,250,250,250,250,250,250,249
200,200,200,200,200,200,200,200,200,200,200
151,148,148,148,148,148,148,148,148,148,148
108,108,108,108,108,108,108,108,108,108,108
72,69,69,69,69,69,69,69,69,69,69
43,43,43,43,43,43,43,43,43,43,43
21,18,18,17,17,17,17,17,17,17,17
6,6,6,6,6,6,6,6,6,6,6
0,0,0,0,0,0,0,0,0,0,0
2,2,2,2,2,2,2,2,2,2,2
11,8,8,8,8,8,8,8,8,8,8
29,29,29,29,29,29,29,29,29,29,29
54,51,51,51,51,51,51,51,51,51,51
87,87,87,87,87,87,87,87,87,87,87
126,123,123,123,123,123,123,123,123,123,123
171,171,171,171,171,171,171,171,171,171,171
222,219,219,219,219,219,219,219,219,219,219
277,277,277,277,277,277,277,277,277,277,277
336,333,333,333,333,333,333,333,333,333,333
397,397,397,397,397,397,397,397,397,397,397
461,458,458,458,458,458,458,458,458,458,458
525,525,525,525,525,525,525,525,525,525,525
589,586,586,586,586,586,586,586,587,587,587
652,652,652,652,652,652,652,652,652,652,652
712,709,710,710,710,710,710,710,710,710,710
770,770,770,770,770,770,770,770,770,770,770
823,820,820,820,820,820,821,821,821,821,821
872,872,872,872,872,872,872,872,872,872,872
914,911,912,912,912,912,912,912,912,912,912
951,951,951,951,951,951,951,951,951,951,951
980,977,977,977,977,977,977,978,978,978,978
1002,1002,1002,1002,1002,1002,1002,1002,1002,1002,1002
1017,1014,1014,1014,1014,1014,1014,1014,1014,1014,1014
1023,1023,1023,1023,1023,1023,1023,1023,1023,1023,1023
1021,1018,1018,1018,1018,1018,1018,1018,1018,1018,1018
1012,1012,1012,1012,1012,1012,1012,1012,1012,1012,1012
994,991,991,991,991,991,991,991,991,991,991
969,969,969,969,969,969,969,969,969,969,969
936,933,933,933,933,933,933,933,933,933,933
897,897,897,897,897,897,897,897,897,897,897
852,849,849,849,849,849,849,849,849,849,849
802,802,802,802,802,802,802,802,802,802,802
746,743,743,743,743,743,743,743,743,743,743
687,687,687,687,687,687,687,687,687,687,687
626,623,623,623,623,623,622,622,622,622,622
562,562,562,562,562,562,562,562,562,562,562
498,495,495,495,495,495,495,495,495,495,494
434,434,434,434,434,434,434,434,434,434,434
371,368,368,368,368,368,368,368,368,368,368
311,311,311,311,311,311,311,311,311,311,311
253,250,250,250,250,250,250,250,250,250,250
200,200,200,200,200,200,200,200,200,200,200
151,148,148,148,148,148,148,148,148,148,148
109,109,109,109,109,109,109,109,109,109,109
72,69,69,69,69,69,69,69,69,69,69
43,43,43,43,43,43,43,43,43,43,43
21,18,18,18,18,18,17,17,17,17,17
6,6,6,6,6,6,6,6,6,6,6
0,0,0,0,0,0,0,0,0,0,0
2,2,2,2,2,2,2,2,2,2,2
11,8,8,8,8,8,8,8,8,8,8
29,29,29,29,29,29,29,29,29,29,29
54,51,51,51,51,51,51,51,51,51,51
86,86,86,86,86,86,86,86,86,86,86
126,123,123,123,123,123,123,123,123,123,123
171,171,171,171,171,171,171,171,171,171,171
221,218,219,219,219,219,219,219,219,219,219
277,277,277,277,277,277,277,277,277,277,277
335,333,333,333,333,333,333,333,333,333,333
397,397,397,397,397,397,397,397,397,397,397
461,458,458,458,458,458,458,458,458,458,458
525,525,525,525,525,525,525,525,525,525,525
589,586,586,586,586,586,586,586,586,586,586
652,652,652,652,652,652,652,652,652,652,652
712,709,709,709,709,710,710,710,710,710,710
770,770,770,770,770,770,770,770,770,770,770
823,820,820,820,820,820,820,820,820,821,821
872,872,872,872,872,872,872,872,872,872,872
914,911,911,911,911,912,912,912,912,912,912
951,951,951,951,951,951,951,951,951,951,951
980,977,977,977,977,977,977,977,977,977,978
1002,1002,1002,1002,1002,1002,1002,1002,1002,1002,1002
1017,1014,1014,1014,1014,1014,1014,1014,1014,1014,1014
1023,1023,1023,1023,1023,1023,1023,1023,1023,1023,1023
1021,1018,1018,1018,1018,1018,1018,1018,1018,1018,1018
1012,1012,1012,1012,1012,1012,1012,1012,1012,1012,1012
994,991,991,991,991,991,991,991,991,991,991
969,969,969,969,969,969,969,969,969,969,969
937,934,933,933,933,933,933,933,933,933,933
897,897,897,897,897,897,897,897,897,897,897
852,849,849,849,849,849,849,849,849,849,849
802,802,802,802,802,802,802,802,802,802,802
747,743,743,743,743,743,743,743,743,743,743
688,688,688,688,688,688,688,688,688,688,688
626,623,623,623,623,623,623,623,623,622,622
563,563,563,563,563,563,563,563,563,563,563
498,495,495,495,495,495,495,495,495,495,495
434,434,434,434,434,434,434,434,434,434,434
371,368,368,368,368,368,368,368,368,368,368
311,311,311,311,311,311,311,311,311,311,311
253,250,250,250,250,250,250,250,250,250,250
200,200,200,200,200,200,200,200,200,200,200
152,148,148,148,148,148,148,148,148,148,148
109,109,109,109,109,109,109,109,109,109,109
72,69,69,69,69,69,69,69,69,69,69
43,43,43,43,43,43,43,43,43,43,43
21,18,18,18,18,18,18,18,18,17,17
6,6,6,6,6,6,6,6,6,6,6
0,0,0,0,0,0,0,0,0,0,0
2,2,2,2,2,2,2,2,2,2,2
11,8,8,8,8,8,8,8,8,8,8
29,29,29,29,29,29,29,29,29,29,29
54,51,51,51,51,51,51,51,51,51,51
86,86,86,86,86,86,86,86,86,86,86
125,123,123,123,123,123,123,123,123,123,123
171,171,171,171,171,171,171,171,171,171,171
221,218,218,218,218,219,219,219,219,219,219
276,276,276,276,276,276,276,276,276,276,276
335,332,332,332,333,333,333,333,333,333,333
397,397,397,397,397,397,397,397,397,397,397
460,457,457,458,458,458,458,458,458,458,458
525,525,525,525,525,525,525,525,525,525,525
589,586,586,586,586,586,586,586,586,586,586
651,651,651,651,651,651,651,651,651,651,651
712,709,709,709,709,709,709,709,710,710,710
770,770,770,770,770,770,770,770,770,770,770
823,820,820,820,820,820,820,820,820,820,820
871,871,871,871,871,871,871,871,871,871,871
914,911,911,911,911,911,911,911,912,912,912
951,951,951,951,951,951,951,951,951,951,951
980,977,977,977,977,977,977,977,977,977,977
1002,1002,1002,1002,1002,1002,1002,1002,1002,1002,1002
1017,1014,1014,1014,1014,1014,1014,1014,1014,1014,1014
1023,1023,1023,1023,1023,1023,1023,1023,1023,1023,1023
1022,1018,1018,1018,1018,1018,1018,1018,1018,1018,1018
1012,1012,1012,1012,1012,1012,1012,1012,1012,1012,1012
994,991,991,991,991,991,991,991,991,991,991
969,969,969,969,969,969,969,969,969,969,969
937,934,934,934,934,934,933,933,933,933,933
898,898,898,898,898,898,898,898,898,898,898
852,849,849,849,849,849,849,849,849,849,849
802,802,802,802,802,802,802,802,802,802,802
747,744,744,744,743,743,743,743,743,743,743
688,688,688,688,688,688,688,688,688,688,688
626,623,623,623,623,623,623,623,623,623,623
563,563,563,563,563,563,563,563,563,563,563
499,495,495,495,495,495,495,495,495,495,495
434,434,434,434,434,434,434,434,434,434,434
372,369,369,368,368,368,368,368,368,368,368
311,311,311,311,311,311,311,311,311,311,311
254,250,250,250,250,250,250,250,250,250,250
200,200,200,200,200,200,200,200,200,200,200
152,149,149,149,148,148,148,148,148,148,148
109,109,109,109,109,109,109,109,109,109,109
72,69,69,69,69,69,69,69,69,69,69
43,43,43,43,43,43,43,43,43,43,43
21,18,18,18,18,18,18,18,18,18,18
6,6,6,6,6,6,6,6,6,6,6
0,0,0,0,0,0,0,0,0,0,0
1,1,1,1,1,1,1,1,1,1,1
11,8,8,8,8,8,8,8,8,8,8
29,29,29,29,29,29,29,29,29,29,29
54,51,51,51,51,51,51,51,51,51,51
86,86,86,86,86,86,86,86,86,86,86
125,122,122,122,123,123,123,123,123,123,123
171,171,171,171,171,171,171,171,171,171,171
221,218,218,218,218,218,218,218,219,219,219
276,276,276,276,276,276,276,276,276,276,276
335,332,332,332,332,332,332,332,333,333,333
397,397,397,397,397,397,397,397,397,397,397
460,457,457,457,457,457,458,458,458,458,458
524,524,524,524,524,524,524,524,524,524,524
588,585,586,586,586,586,586,586,586,586,586
651,651,651,651,651,651,651,651,651,651,651
712,709,709,709,709,709,709,709,709,709,709
769,769,769,769,769,769,769,769,769,769,769
823,820,820,820,820,820,820,820,820,820,820
871,871,871,871,871,871,871,871,871,871,871
914,911,911,911,911,911,911,911,911,911,911
951,951,951,951,951,951,951,951,951,951,951
980,977,977,977,977,977,977,977,977,977,977
1002,1002,1002,1002,1002,1002,1002,1002,1002,1002,1002
1017,1014,1014,1014,1014,1014,1014,1014,1014,1014,1014
1023,1023,1023,1023,1023,1023,1023,1023,1023,1023,1023
1022,1019,1019,1019,1019,1018,1018,1018,1018,1018,1018
1012,1012,1012,1012,1012,1012,1012,1012,1012,1012,1012
994,991,991,991,991,991,991,991,991,991,991
969,969,969,969,969,969,969,969,969,969,969
937,934,934,934,934,934,934,934,934,933,933
898,898,898,898,898,898,898,898,898,898,898
853,849,849,849,849,849,849,849,849,849,849
802,802,802,802,802,802,802,802,802,802,802
747,744,744,744,744,744,744,743,743,743,743
688,688,688,688,688,688,688,688,688,688,688
626,623,623,623,623,623,623,623,623,623,623
563,563,563,563,563,563,563,563,563,563,563
499,496,496,496,495,495,495,495,495,495,495
435,435,435,435,435,435,435,435,435,435,435
372,369,369,369,369,369,368,368,368,368,368
311,311,311,311,311,311,311,311,311,311,311
254,251,251,251,250,250,250,250,250,250,250
200,200,200,200,200,200,200,200,200,200,200
152,149,149,149,149,149,149,148,148,148,148
109,109,109,109,109,109,109,109,109,109,109
73,69,69,69,69,69,69,69,69,69,69
43,43,43,43,43,43,43,43,43,43,43
21,18,18,18,18,18,18,18,18,18,18
6,6,6,6,6,6,6,6,6,6,6
0,0,0,0,0,0,0,0,0,0,0
1,1,1,1,1,1,1,1,1,1,1
11,8,8,8,8,8,8,8,8,8,8
29,29,29,29,29,29,29,29,29,29,29
54,51,51,51,51,51,51,51,51,51,51
86,86,86,86,86,86,86,86,86,86,86
125,122,122,122,122,122,122,123,123,123,123
170,170,170,170,170,170,170,170,170,170,170
221,218,218,218,218,218,218,218,218,218,218
276,276,276,276,276,276,276,276,276,276,276
335,332,332,332,332,332,332,332,332,332,332
397,397,397,397,397,397,397,397,397,397,397
460,457,457,457,457,457,457,457,457,458,458
524,524,524,524,524,524,524,524,524,524,524
588,585,585,585,585,586,586,586,586,586,586
651,651,651,651,651,651,651,651,651,651,651
712,709,709,709,709,709,709,709,709,709,709
769,769,769,769,769,769,769,769,769,769,769
823,820,820,820,820,820,820,820,820,820,820
871,871,871,871,871,871,871,871,871,871,871
914,911,911,911,911,911,911,911,911,911,911
950,950,950,950,950,950,950,950,950,950,950
980,977,977,977,977,977,977,977,977,977,977
1002,1002,1002,1002,1002,1002,1002,1002,1002,1002,1002
1017,1014,1014,1014,1014,1014,1014,1014,1014,1014,1014
1023,1023,1023,1023,1023,1023,1023,1023,1023,1023,1023
1022,1019,1019,1019,1019,1019,1019,1019,1018,1018,1018
1012,1012,1012,1012,1012,1012,1012,1012,1012,1012,1012
994,991,991,991,991,991,991,991,991,991,991
969,969,969,969,969,969,969,969,969,969,969
937,934,934,934,934,934,934,934,934,934,934
898,898,898,898,898,898,898,898,898,898,898
853,850,850,850,849,849,849,849,849,849,849
802,802,802,802,802,802,802,802,802,802,802
747,744,744,744,744,744,744,744,744,744,743
688,688,688,688,688,688,688,688,688,688,688
627,624,623,623,623,623,623,623,623,623,623
563,563,563,563,563,563,563,563,563,563,563
499,496,496,496,496,496,496,495,495,495,495
435,435,435,435,435,435,435,435,435,435,435
372,369,369,369,369,369,369,369,369,368,368
311,311,311,311,311,311,311,311,311,311,311
254,251,251,251,251,251,251,251,250,250,250
200,200,200,200,200,200,200,200,200,200,200
152,149,149,149,149,149,149,149,149,149,148
109,109,109,109,109,109,109,109,109,109,109
73,70,70,70,69,69,69,69,69,69,69
43,43,43,43,43,43,43,43,43,43,43
21,18,18,18,18,18,18,18,18,18,18
6,6,6,6,6,6,6,6,6,6,6
0,0,0,0,0,0,0,0,0,0,0
1,1,1,1,1,1,1,1,1,1,1
11,8,8,8,8,8,8,8,8,8,8
29,29,29,29,29,29,29,29,29,29,29
54,51,51,51,51,51,51,51,51,51,51
86,86,86,86,86,86,86,86,86,86,86
125,122,122,122,122,122,122,122,122,122,123
170,170,170,170,170,170,170,170,170,170,170
221,218,218,218,218,218,218,218,218,218,218
276,276,276,276,276,276,276,276,276,276,276
335,332,332,332,332,332,332,332,332,332,332
396,396,396,396,396,396,396,396,396,396,396
460,457,457,457,457,457,457,457,457,457,457
524,524,524,524,524,524,524,524,524,524,524
588,585,585,585,585,585,585,585,586,586,586
651,651,651,651,651,651,651,651,651,651,651
712,709,709,709,709,709,709,709,709,709,709
769,769,769,769,769,769,769,769,769,769,769
822,820,820,820,820,820,820,820,820,820,820
871,871,871,871,871,871,871,871,871,871,871
914,911,911,911,911,911,911,911,911,911,911
950,950,950,950,950,950,950,950,950,950,950
980,977,977,977,977,977,977,977,977,977,977
1002,1002,1002,1002,1002,1002,1002,1002,1002,1002,1002
1017,1014,1014,1014,1014,1014,1014,1014,1014,1014,1014
1023,1023,1023,1023,1023,1023,1023,1023,1023,1023,1023
1022,1019,1019,1019,1019,1019,1019,1019,1019,1019,1019
1012,1012,1012,1012,1012,1012,1012,1012,1012,1012,1012
994,991,991,991,991,991,991,991,991,991,991
969,969,969,969,969,969,969,969,969,969,969
937,934,934,934,934,934,934,934,934,934,934
898,898,898,898,898,898,898,898,898,898,898
853,850,850,850,850,850,850,849,849,849,849
802,802,802,802,802,802,802,802,802,802,802
747,744,744,744,744,744,744,744,744,744,744
688,688,688,688,688,688,688,688,688,688,688
627,624,624,624,624,623,623,623,623,623,623
563,563,563,563,563,563,563,563,563,563,563
499,496,496,496,496,496,496,496,496,496,495
435,435,435,435,435,435,435,435,435,435,435
372,369,369,369,369,369,369,369,369,369,369
312,312,312,312,312,312,312,312,312,312,312
254,251,251,251,251,251,251,251,251,251,251
201,201,201,201,201,201,201,201,201,201,201
152,149,149,149,149,149,149,149,149,149,149
109,109,109,109,109,109,109,109,109,109,109
73,70,70,70,70,70,70,69,69,69,69
43,43,43,43,43,43,43,43,43,43,43
21,18,18,18,18,18,18,18,18,18,18
6,6,6,6,6,6,6,6,6,6,6
0,0,0,0,0,0,0,0,0,0,0
1,1,1,1,1,1,1,1,1,1,1
11,8,8,8,8,8,8,8,8,8,8
29,29,29,29,29,29,29,29,29,29,29
54,51,51,51,51,51,51,51,51,51,51
86,86,86,86,86,86,86,86,86,86,86
125,122,122,122,122,122,122,122,122,122,122
170,170,170,170,170,170,170,170,170,170,170
221,218,218,218,218,218,218,218,218,218,218
276,276,276,276,276,276,276,276,276,276,276
335,332,332,332,332,332,332,332,332,332,332
396,396,396,396,396,396,396,396,396,396,396
460,457,457,457,457,457,457,457,457,457,457
524,524,524,524,524,524,524,524,524,524,524
588,585,585,585,585,585,585,585,585,585,585
651,651,651,651,651,651,651,651,651,651,651
711,708,708,709,709,709,709,709,709,709,709
769,769,769,769,769,769,769,769,769,769,769
822,819,819,819,820,820,820,820,820,820,820
871,871,871,871,871,871,871,871,871,871,871
914,911,911,911,911,911,911,911,911,911,911
950,950,950,950,950,950,950,950,950,950,950
980,977,977,977,977,977,977,977,977,977,977
1002,1002,1002,1002,1002,1002,1002,1002,1002,1002,1002
1017,1014,1014,1014,1014,1014,1014,1014,1014,1014,1014
1023,1023,1023,1023,1023,1023,1023,1023,1023,1023,1023
1022,1019,1019,1019,1019,1019,1019,1019,1019,1019,1019
1012,1012,1012,1012,1012,1012,1012,1012,1012,1012,1012
995,991,991,991,991,991,991,991,991,991,991
969,969,969,969,969,969,969,969,969,969,969
937,934,934,934,934,934,934,934,934,934,934
898,898,898,898,898,898,898,898,898,898,898
853,850,850,850,850,850,850,850,850,850,849
802,802,802,802,802,802,802,802,802,802,802
747,744,744,744,744,744,744,744,744,744,744
689,689,689,689,689,689,689,689,689,689,689
627,624,624,624,624,624,624,624,623,623,623
564,564,564,564,564,564,564,564,564,564,564
499,496,496,496,496,496,496,496,496,496,496
435,435,435,435,435,435,435,435,435,435,435
372,369,369,369,369,369,369,369,369,369,369
312,312,312,312,312,312,312,312,312,312,312
254,251,251,251,251,251,251,251,251,251,251
201,201,201,201,201,201,201,201,201,201,201
152,149,149,149,149,149,149,149,149,149,149
109,109,109,109,109,109,109,109,109,109,109
73,70,70,70,70,70,70,70,70,70,69
43,43,43,43,43,43,43,43,43,43,43
21,18,18,18,18,18,18,18,18,18,18
6,6,6,6,6,6,6,6,6,6,6
0,0,0,0,0,0,0,0,0,0,0
1,1,1,1,1,1,1,1,1,1,1
11,8,8,8,8,8,8,8,8,8,8
28,28,28,28,28,28,28,28,28,28,28
54,51,51,51,51,51,51,51,51,51,51
86,86,86,86,86,86,86,86,86,86,86
125,122,122,122,122,122,122,122,122,122,122
170,170,170,170,170,170,170,170,170,170,170
220,218,218,218,218,218,218,218,218,218,218
276,276,276,276,276,276,276,276,276,276,276
334,331,331,332,332,332,332,332,332,332,332
396,396,396,396,396,396,396,396,396,396,396
459,456,456,457,457,457,457,457,457,457,457
524,524,524,524,524,524,524,524,524,524,524
588,585,585,585,585,585,585,585,585,585,585
651,651,651,651,651,651,651,651,651,651,651
711,708,708,708,708,708,709,709,709,709,709
769,769,769,769,769,769,769,769,769,769,769
822,819,819,819,819,819,819,819,820,820,820
871,871,871,871,871,871,871,871,871,871,871
914,911,911,911,911,911,911,911,911,911,911
950,950,950,950,950,950,950,950,950,950,950
980,977,977,977,977,977,977,977,977,977,977
1002,1002,1002,1002,1002,1002,1002,1002,1002,1002,1002
1017,1014,1014,1014,1014,1014,1014,1014,1014,1014,1014
1023,1023,1023,1023,1023,1023,1023,1023,1023,1023,1023
1022,1019,1019,1019,1019,1019,1019,1019,1019,1019,1019
1012,1012,1012,1012,1012,1012,1012,1012,1012,1012,1012
995,992,992,992,991,991,991,991,991,991,991
970,970,970,970,970,970,970,970,970,970,970
937,934,934,934,934,934,934,934,934,934,934
898,898,898,898,898,898,898,898,898,898,898
853,850,850,850,850,850,850,850,850,850,850
803,803,803,803,803,803,803,803,803,803,803
748,744,744,744,744,744,744,744,744,744,744
689,689,689,689,689,689,689,689,689,689,689
627,624,624,624,624,624,624,624,624,624,624
564,564,564,564,564,564,564,564,564,564,564
499,496,496,496,496,496,496,496,496,496,496
435,435,435,435,435,435,435,435,435,435,435
373,370,369,369,369,369,369,369,369,369,369
312,312,312,312,312,312,312,312,312,312,312
254,251,251,251,251,251,251,251,251,251,251
201,201,201,201,201,201,201,201,201,201,201
152,149,149,149,149,149,149,149,149,149,149
109,109,109,109,109,109,109,109,109,109,109
73,70,70,70,70,70,70,70,70,70,70
43,43,43,43,43,43,43,43,43,43,43
21,18,18,18,18,18,18,18,18,18,18
6,6,6,6,6,6,6,6,6,6,6
0,0,0,0,0,0,0,0,0,0,0
1,1,1,1,1,1,1,1,1,1,1
11,8,8,8,8,8,8,8,8,8,8
28,28,28,28,28,28,28,28,28,28,28
53,50,50,51,51,51,51,51,51,51,51
86,86,86,86,86,86,86,86,86,86,86
125,122,122,122,122,122,122,122,122,122,122
170,170,170,170,170,170,170,170,170,170,170
220,217,217,217,217,218,218,218,218,218,218
275,275,275,275,275,275,275,275,275,275,275
334,331,331,331,331,331,332,332,332,332,332
396,396,396,396,396,396,396,396,396,396,396
459,456,456,456,456,456,457,457,457,457,457
523,523,523,523,523,523,523,523,523,523,523
587,585,585,585,585,585,585,585,585,585,585
650,650,650,650,650,650,650,650,650,650,650
711,708,708,708,708,708,708,708,708,709,709
769,769,769,769,769,769,769,769,769,769,769
822,819,819,819,819,819,819,819,819,819,819
871,871,871,871,871,871,871,871,871,871,871
913,911,911,911,911,911,911,911,911,911,911
950,950,950,950,950,950,950,950,950,950,950
980,977,977,977,977,977,977,977,977,977,977
1002,1002,1002,1002,1002,1002,1002,1002,1002,1002,1002
1017,1014,1014,1014,1014,1014,1014,1014,1014,1014,1014
1023,1023,1023,1023,1023,1023,1023,1023,1023,1023,1023
1022,1019,1019,1019,1019,1019,1019,1019,1019,1019,1019
1012,1012,1012,1012,1012,1012,1012,1012,1012,1012,1012
995,992,992,992,992,992,992,991,991,991,991
970,970,970,970,970,970,970,970,970,970,970
937,934,934,934,934,934,934,934,934,934,934
898,898,898,898,898,898,898,898,898,898,898
853,850,850,850,850,850,850,850,850,850,850
803,803,803,803,803,803,803,803,803,803,803
748,745,745,745,744,744,744,744,744,744,744
689,689,689,689,689,689,689,689,689,689,689
627,624,624,624,624,624,624,624,624,624,624
564,564,564,564,564,564,564,564,564,564,564
500,497,497,496,496,496,496,496,496,496,496
436,436,436,436,436,436,436,436,436,436,436
373,370,370,370,370,369,369,369,369,369,369
312,312,312,312,312,312,312,312,312,312,312
255,252,251,251,251,251,251,251,251,251,251
201,201,201,201,201,201,201,201,201,201,201
153,149,149,149,149,149,149,149,149,149,149
110,110,110,110,110,110,110,110,110,110,110
73,70,70,70,70,70,70,70,70,70,70
43,43,43,43,43,43,43,43,43,43,43
21,18,18,18,18,18,18,18,18,18,18
6,6,6,6,6,6,6,6,6,6,6
0,0,0,0,0,0,0,0,0,0,0
1,1,1,1,1,1,1,1,1,1,1
11,8,8,8,8,8,8,8,8,8,8
28,28,28,28,28,28,28,28,28,28,28
53,50,50,50,50,50,51,51,51,51,51
86,86,86,86,86,86,86,86,86,86,86
125,122,122,122,122,122,122,122,122,122,122
170,170,170,170,170,170,170,170,170,170,170
220,217,217,217,217,217,217,217,218,218,218
275,275,275,275,275,275,275,275,275,275,275
334,331,331,331,331,331,331,331,331,332,332
396,396,396,396,396,396,396,396,396,396,396
459,456,456,456,456,456,456,456,456,457,457
523,523,523,523,523,523,523,523,523,523,523
587,584,584,584,585,585,585,585,585,585,585
650,650,650,650,650,650,650,650,650,650,650
711,708,708,708,708,708,708,708,708,708,708
768,768,768,768,768,768,768,768,768,768,768
822,819,819,819,819,819,819,819,819,819,819
870,870,870,870,870,870,870,870,870,870,870
913,910,910,910,911,911,911,911,911,911,911
950,950,950,950,950,950,950,950,950,950,950
980,977,977,977,977,977,977,977,977,977,977
1002,1002,1002,1002,1002,1002,1002,1002,1002,1002,1002
1016,1013,1014,1014,1014,1014,1014,1014,1014,1014,1014
1023,1023,1023,1023,1023,1023,1023,1023,1023,1023,1023
1022,1019,1019,1019,1019,1019,1019,1019,1019,1019,1019
1012,1012,1012,1012,1012,1012,1012,1012,1012,1012,1012
995,992,992,992,992,992,992,992,992,992,992
970,970,970,970,970,970,970,970,970,970,970
937,934,934,934,934,934,934,934,934,934,934
898,898,898,898,898,898,898,898,898,898,898
853,850,850,850,850,850,850,850,850,850,850
803,803,803,803,803,803,803,803,803,803,803
748,745,745,745,745,745,745,745,744,744,744
689,689,689,689,689,689,689,689,689,689,689
628,624,624,624,624,624,624,624,624,624,624
564,564,564,564,564,564,564,564,564,564,564
500,497,497,497,497,497,496,496,496,496,496
436,436,436,436,436,436,436,436,436,436,436
373,370,370,370,370,370,370,370,369,369,369
312,312,312,312,312,312,312,312,312,312,312
255,252,252,252,252,251,251,251,251,251,251
201,201,201,201,201,201,201,201,201,201,201
153,150,150,150,149,149,149,149,149,149,149
110,110,110,110,110,110,110,110,110,110,110
73,70,70,70,70,70,70,70,70,70,70
43,43,43,43,43,43,43,43,43,43,43
21,18,18,18,18,18,18,18,18,18,18
7,7,7,7,7,7,7,7,7,7,7
0,0,0,0,0,0,0,0,0,0,0
1,1,1,1,1,1,1,1,1,1,1
11,8,8,8,8,8,8,8,8,8,8
28,28,28,28,28,28,28,28,28,28,28
53,50,50,50,50,50,50,50,50,51,51
86,86,86,86,86,86,86,86,86,86,86
124,121,122,122,122,122,122,122,122,122,122
170,170,170,170,170,170,170,170,170,170,170
220,217,217,217,217,217,217,217,217,217,217
275,275,275,275,275,275,275,275,275,275,275
334,331,331,331,331,331,331,331,331,331,331
395,395,395,395,395,395,395,395,395,395,395
459,456,456,456,456,456,456,456,456,456,456
523,523,523,523,523,523,523,523,523,523,523
587,584,584,584,584,584,584,585,585,585,585
650,650,650,650,650,650,650,650,650,650,650
711,708,708,708,708,708,708,708,708,708,708
768,768,768,768,768,768,768,768,768,768,768
822,819,819,819,819,819,819,819,819,819,819
870,870,870,870,870,870,870,870,870,870,870
913,910,910,910,910,910,910,911,911,911,911
950,950,950,950,950,950,950,950,950,950,950
980,977,977,977,977,977,977,977,977,977,977
1002,1002,1002,1002,1002,1002,1002,1002,1002,1002,1002
1016,1013,1013,1013,1013,1014,1014,1014,1014,1014,1014
1023,1023,1023,1023,1023,1023,1023,1023,1023,1023,1023
1022,1019,1019,1019,1019,1019,1019,1019,1019,1019,1019
1012,1012,1012,1012,1012,1012,1012,1012,1012,1012,1012
995,992,992,992,992,992,992,992,992,992,992
970,970,970,970,970,970,970,970,970,970,970
938,935,934,934,934,934,934,934,934,934,934
899,899,899,899,899,899,899,899,899,899,899
854,851,850,850,850,850,850,850,850,850,850
803,803,803,803,803,803,803,803,803,803,803
748,745,745,745,745,745,745,745,745,745,745
689,689,689,689,689,689,689,689,689,689,689
628,625,625,625,624,624,624,624,624,624,624
564,564,564,564,564,564,564,564,564,564,564
500,497,497,497,497,497,497,497,497,497,496
436,436,436,436,436,436,436,436,436,436,436
373,370,370,370,370,370,370,370,370,370,370
312,312,312,312,312,312,312,312,312,312,312
255,252,252,252,252,252,252,252,251,251,251
201,201,201,201,201,201,201,201,201,201,201
153,150,150,150,150,150,150,149,149,149,149
110,110,110,110,110,110,110,110,110,110,110
73,70,70,70,70,70,70,70,70,70,70
43,43,43,43,43,43,43,43,43,43,43
21,18,18,18,18,18,18,18,18,18,18
7,7,7,7,7,7,7,7,7,7,7
0,0,0,0,0,0,0,0,0,0,0
1,1,1,1,1,1,1,1,1,1,1
11,8,8,8,8,8,8,8,8,8,8
28,28,28,28,28,28,28,28,28,28,28
53,50,50,50,50,50,50,50,50,50,50
85,85,85,85,85,85,85,85,85,85,85
124,121,121,121,121,122,122,122,122,122,122
169,169,169,169,169,169,169,169,169,169,169
220,217,217,217,217,217,217,217,217,217,217
275,275,275,275,275,275,275,275,275,275,275
334,331,331,331,331,331,331,331,331,331,331
395,395,395,395,395,395,395,395,395,395,395
459,456,456,456,456,456,456,456,456,456,456
523,523,523,523,523,523,523,523,523,523,523
587,584,584,584,584,584,584,584,584,584,585
650,650,650,650,650,650,650,650,650,650,650
710,708,708,708,708,708,708,708,708,708,708
768,768,768,768,768,768,768,768,768,768,768
822,819,819,819,819,819,819,819,819,819,819
870,870,870,870,870,870,870,870,870,870,870
913,910,910,910,910,910,910,910,910,910,911
950,950,950,950,950,950,950,950,950,950,950
979,976,977,977,977,977,977,977,977,977,977
1002,1002,1002,1002,1002,1002,1002,1002,1002,1002,1002
1016,1013,1013,1013,1013,1013,1013,1013,1014,1014,1014
1023,1023,1023,1023,1023,1023,1023,1023,1023,1023,1023
1022,1019,1019,1019,1019,1019,1019,1019,1019,1019,1019
1012,1012,1012,1012,1012,1012,1012,1012,1012,1012,1012
995,992,992,992,992,992,992,992,992,992,992
970,970,970,970,970,970,970,970,970,970,970
938,935,935,935,935,934,934,934,934,934,934
899,899,899,899,899,899,899,899,899,899,899
854,851,851,851,851,850,850,850,850,850,850
803,803,803,803,803,803,803,803,803,803,803
748,745,745,745,745,745,745,745,745,745,745
689,689,689,689,689,689,689,689,689,689,689
628,625,625,625,625,625,625,624,624,624,624
565,565,565,565,565,565,565,565,565,565,565
500,497,497,497,497,497,497,497,497,497,497
436,436,436,436,436,436,436,436,436,436,436
373,370,370,370,370,370,370,370,370,370,370
313,313,313,313,313,313,313,313,313,313,313
255,252,252,252,252,252,252,252,252,252,252
202,202,202,202,202,202,202,202,202,202,202
153,150,150,150,150,150,150,150,150,150,149
110,110,110,110,110,110,110,110,110,110,110
73,70,70,70,70,70,70,70,70,70,70
44,44,44,44,44,44,44,44,44,44,44
21,18,18,18,18,18,18,18,18,18,18
7,7,7,7,7,7,7,7,7,7,7
0,0,0,0,0,0,0,0,0,0,0
1,1,1,1,1,1,1,1,1,1,1
11,8,8,8,8,8,8,8,8,8,8
28,28,28,28,28,28,28,28,28,28,28
53,50,50,50,50,50,50,50,50,50,50
85,85,85,85,85,85,85,85,85,85,85
124,121,121,121,121,121,121,121,122,122,122
169,169,169,169,169,169,169,169,169,169,169
220,217,217,217,217,217,217,217,217,217,217
275,275,275,275,275,275,275,275,275,275,275
333,330,331,331,331,331,331,331,331,331,331
395,395,395,395,395,395,395,395,395,395,395
458,455,456,456,456,456,456,456,456,456,456
523,523,523,523,523,523,523,523,523,523,523
587,584,584,584,584,584,584,584,584,584,584
650,650,650,650,650,650,650,650,650,650,650
710,707,707,707,708,708,708,708,708,708,708
768,768,768,768,768,768,768,768,768,768,768
821,818,818,819,819,819,819,819,819,819,819
870,870,870,870,870,870,870,870,870,870,870
913,910,910,910,910,910,910,910,910,910,910
950,950,950,950,950,950,950,950,950,950,950
979,976,976,976,976,977,977,977,977,977,977
1002,1002,1002,1002,1002,1002,1002,1002,1002,1002,1002
1016,1013,1013,1013,1013,1013,1013,1013,1013,1013,1013
1023,1023,1023,1023,1023,1023,1023,1023,1023,1023,1023
1022,1019,1019,1019,1019,1019,1019,1019,1019,1019,1019
1012,1012,1012,1012,1012,1012,1012,1012,1012,1012,1012
995,992,992,992,992,992,992,992,992,992,992
970,970,970,970,970,970,970,970,970,970,970
938,935,935,935,935,935,935,935,934,934,934
899,899,899,899,899,899,899,899,899,899,899
854,851,851,851,851,851,851,851,850,850,850
803,803,803,803,803,803,803,803,803,803,803
748,745,745,745,745,745,745,745,745,745,745
690,690,690,690,690,690,690,690,690,690,690
628,625,625,625,625,625,625,625,625,625,624
565,565,565,565,565,565,565,565,565,565,565
500,497,497,497,497,497,497,497,497,497,497
436,436,436,436,436,436,436,436,436,436,436
374,370,370,370,370,370,370,370,370,370,370
313,313,313,313,313,313,313,313,313,313,313
255,252,252,252,252,252,252,252,252,252,252
202,202,202,202,202,202,202,202,202,202,202
153,150,150,150,150,150,150,150,150,150,150
110,110,110,110,110,110,110,110,110,110,110
73,70,70,70,70,70,70,70,70,70,70
44,44,44,44,44,44,44,44,44,44,44
21,18,18,18,18,18,18,18,18,18,18
7,7,7,7,7,7,7,7,7,7,7
0,0,0,0,0,0,0,0,0,0,0
1,1,1,1,1,1,1,1,1,1,1
11,8,8,8,8,8,8,8,8,8,8
28,28,28,28,28,28,28,28,28,28,28
53,50,50,50,50,50,50,50,50,50,50
85,85,85,85,85,85,85,85,85,85,85
124,121,121,121,121,121,121,121,121,121,121
169,169,169,169,169,169,169,169,169,169,169
219,217,217,217,217,217,217,217,217,217,217
274,274,274,274,274,274,274,274,274,274,274
333,330,330,330,330,331,331,331,331,331,331
395,395,395,395,395,395,395,395,395,395,395
458,455,455,455,455,456,456,456,456,456,456
522,522,522,522,522,522,522,522,522,522,522
586,584,584,584,584,584,584,584,584,584,584
649,649,649,649,649,649,649,649,649,649,649
710,707,707,707,707,707,707,708,708,708,708
768,768,768,768,768,768,768,768,768,768,768
821,818,818,818,818,818,819,819,819,819,819
870,870,870,870,870,870,870,870,870,870,870
913,910,910,910,910,910,910,910,910,910,910
950,950,950,950,950,950,950,950,950,950,950
979,976,976,976,976,976,976,976,977,977,977
1002,1002,1002,1002,1002,1002,1002,1002,1002,1002,1002
1016,1013,1013,1013,1013,1013,1013,1013,1013,1013,1013
1023,1023,1023,1023,1023,1023,1023,1023,1023,1023,1023
1022,1019,1019,1019,1019,1019,1019,1019,1019,1019,1019
1012,1012,1012,1012,1012,1012,1012,1012,1012,1012,1012
995,992,992,992,992,992,992,992,992,992,992
970,970,970,970,970,970,970,970,970,970,970
938,935,935,935,935,935,935,935,935,935,935
899,899,899,899,899,899,899,899,899,899,899
854,851,851,851,851,851,851,851,851,851,851
804,804,804,804,804,804,804,804,804,804,804
749,746,745,745,745,745,745,745,745,745,745
690,690,690,690,690,690,690,690,690,690,690
628,625,625,625,625,625,625,625,625,625,625
565,565,565,565,565,565,565,565,565,565,565
501,498,498,497,497,497,497,497,497,497,497
437,437,437,437,437,437,437,437,437,437,437
374,371,371,371,370,370,370,370,370,370,370
313,313,313,313,313,313,313,313,313,313,313
255,252,252,252,252,252,252,252,252,252,252
202,202,202,202,202,202,202,202,202,202,202
153,150,150,150,150,150,150,150,150,150,150
110,110,110,110,110,110,110,110,110,110,110
74,70,70,70,70,70,70,70,70,70,70
44,44,44,44,44,44,44,44,44,44,44
21,18,18,18,18,18,18,18,18,18,18
7,7,7,7,7,7,7,7,7,7,7
0,0,0,0,0,0,0,0,0,0,0
1,1,1,1,1,1,1,1,1,1,1
11,8,8,8,8,8,8,8,8,8,8
28,28,28,28,28,28,28,28,28,28,28
53,50,50,50,50,50,50,50,50,50,50
85,85,85,85,85,85,85,85,85,85,85
124,121,121,121,121,121,121,121,121,121,121
169,169,169,169,169,169,169,169,169,169,169
219,216,216,216,217,217,217,217,217,217,217
274,274,274,274,274,274,274,274,274,274,274
333,330,330,330,330,330,330,330,331,331,331
395,395,395,395,395,395,395,395,395,395,395
458,455,455,455,455,455,455,455,456,456,456
522,522,522,522,522,522,522,522,522,522,522
586,583,583,583,584,584,584,584,584,584,584
649,649,649,649,649,649,649,649,649,649,649
710,707,707,707,707,707,707,707,707,707,707
767,767,767,767,767,767,767,767,767,767,767
821,818,818,818,818,818,818,818,818,819,819
870,870,870,870,870,870,870,870,870,870,870
913,910,910,910,910,910,910,910,910,910,910
949,949,949,949,949,949,949,949,949,949,949
979,976,976,976,976,976,976,976,976,976,976
1002,1002,1002,1002,1002,1002,1002,1002,1002,1002,1002
1016,1013,1013,1013,1013,1013,1013,1013,1013,1013,1013
1023,1023,1023,1023,1023,1023,1023,1023,1023,1023,1023
1022,1019,1019,1019,1019,1019,1019,1019,1019,1019,1019
1012,1012,1012,1012,1012,1012,1012,1012,1012,1012,1012
995,992,992,992,992,992,992,992,992,992,992
970,970,970,970,970,970,970,970,970,970,970
938,935,935,935,935,935,935,935,935,935,935
899,899,899,899,899,899,899,899,899,899,899
854,851,851,851,851,851,851,851,851,851,851
804,804,804,804,804,804,804,804,804,804,804
749,746,746,746,746,745,745,745,745,745,745
690,690,690,690,690,690,690,690,690,690,690
628,625,625,625,625,625,625,625,625,625,625
565,565,565,565,565,565,565,565,565,565,565
501,498,498,498,498,498,497,497,497,497,497
437,437,437,437,437,437,437,437,437,437,437
374,371,371,371,371,371,371,370,370,370,370
313,313,313,313,313,313,313,313,313,313,313
256,253,252,252,252,252,252,252,252,252,252
202,202,202,202,202,202,202,202,202,202,202
153,150,150,150,150,150,150,150,150,150,150
110,110,110,110,110,110,110,110,110,110,110
74,71,71,71,70,70,70,70,70,70,70
44,44,44,44,44,44,44,44,44,44,44
21,18,18,18,18,18,18,18,18,18,18
7,7,7,7,7,7,7,7,7,7,7
0,0,0,0,0,0,0,0,0,0,0
1,1,1,1,1,1,1,1,1,1,1
11,8,8,8,8,8,8,8,8,8,8
28,28,28,28,28,28,28,28,28,28,28
53,50,50,50,50,50,50,50,50,50,50
85,85,85,85,85,85,85,85,85,85,85
124,121,121,121,121,121,121,121,121,121,121
169,169,169,169,169,169,169,169,169,169,169
219,216,216,216,216,216,216,217,217,217,217
274,274,274,274,274,274,274,274,274,274,274
333,330,330,330,330,330,330,330,330,330,330
394,394,394,394,394,394,394,394,394,394,394
458,455,455,455,455,455,455,455,455,455,455
522,522,522,522,522,522,522,522,522,522,522
586,583,583,583,583,583,583,584,584,584,584
649,649,649,649,649,649,649,649,649,649,649
710,707,707,707,707,707,707,707,707,707,707
767,767,767,767,767,767,767,767,767,767,767
821,818,818,818,818,818,818,818,818,818,818
870,870,870,870,870,870,870,870,870,870,870
913,910,910,910,910,910,910,910,910,910,910
949,949,949,949,949,949,949,949,949,949,949
979,976,976,976,976,976,976,976,976,976,976
1002,1002,1002,1002,1002,1002,1002,1002,1002,1002,1002
1016,1013,1013,1013,1013,1013,1013,1013,1013,1013,1013
1023,1023,1023,1023,1023,1023,1023,1023,1023,1023,1023
1022,1019,1019,1019,1019,1019,1019,1019,1019,1019,1019
1012,1012,1012,1012,1012,1012,1012,1012,1012,1012,1012
995,992,992,992,992,992,992,992,992,992,992
970,970,970,970,970,970,970,970,970,970,970
938,935,935,935,935,935,935,935,935,935,935
899,899,899,899,899,899,899,899,899,899,899
854,851,851,851,851,851,851,851,851,851,851
804,804,804,804,804,804,804,804,804,804,804
749,746,746,746,746,746,746,746,745,745,745
690,690,690,690,690,690,690,690,690,690,690
629,626,626,625,625,625,625,625,625,625,625
565,565,565,565,565,565,565,565,565,565,565
501,498,498,498,498,498,498,498,498,497,497
437,437,437,437,437,437,437,437,437,437,437
374,371,371,371,371,371,371,371,371,371,370
313,313,313,313,313,313,313,313,313,313,313
256,253,253,253,253,252,252,252,252,252,252
202,202,202,202,202,202,202,202,202,202,202
153,150,150,150,150,150,150,150,150,150,150
110,110,110,110,110,110,110,110,110,110,110
74,71,71,71,71,71,71,70,70,70,70
44,44,44,44,44,44,44,44,44,44,44
21,18,18,18,18,18,18,18,18,18,18
7,7,7,7,7,7,7,7,7,7,7
0,0,0,0,0,0,0,0,0,0,0
1,1,1,1,1,1,1,1,1,1,1
11,8,8,8,8,8,8,8,8,8,8
28,28,28,28,28,28,28,28,28,28,28
53,50,50,50,50,50,50,50,50,50,50
85,85,85,85,85,85,85,85,85,85,85
124,121,121,121,121,121,121,121,121,121,121
169,169,169,169,169,169,169,169,169,169,169
219,216,216,216,216,216,216,216,216,216,217
274,274,274,274,274,274,274,274,274,274,274
333,330,330,330,330,330,330,330,330,330,330
394,394,394,394,394,394,394,394,394,394,394
458,455,455,455,455,455,455,455,455,455,455
522,522,522,522,522,522,522,522,522,522,522
586,583,583,583,583,583,583,583,583,583,584
649,649,649,649,649,649,649,649,649,649,649
710,707,707,707,707,707,707,707,707,707,707
767,767,767,767,767,767,767,767,767,767,767
821,818,818,818,818,818,818,818,818,818,818
869,869,869,869,869,869,869,869,869,869,869
912,910,910,910,910,910,910,910,910,910,910
949,949,949,949,949,949,949,949,949,949,949
979,976,976,976,976,976,976,976,976,976,976
1002,1002,1002,1002,1002,1002,1002,1002,1002,1002,1002
1016,1013,1013,1013,1013,1013,1013,1013,1013,1013,1013
1023,1023,1023,1023,1023,1023,1023,1023,1023,1023,1023
1022,1019,1019,1019,1019,1019,1019,1019,1019,1019,1019
1012,1012,1012,1012,1012,1012,1012,1012,1012,1012,1012
995,992,992,992,992,992,992,992,992,992,992
970,970,970,970,970,970,970,970,970,970,970
938,935,935,935,935,935,935,935,935,935,935
899,899,899,899,899,899,899,899,899,899,899
854,851,851,851,851,851,851,851,851,851,851
804,804,804,804,804,804,804,804,804,804,804
749,746,746,746,746,746,746,746,746,746,746
690,690,690,690,690,690,690,690,690,690,690
629,626,626,626,626,626,626,625,625,625,625
565,565,565,565,565,565,565,565,565,565,565
501,498,498,498,498,498,498,498,498,498,498
437,437,437,437,437,437,437,437,437,437,437
374,371,371,371,371,371,371,371,371,371,371
314,314,314,314,314,314,314,314,314,314,314
256,253,253,253,253,253,253,253,252,252,252
202,202,202,202,202,202,202,202,202,202,202
154,151,151,150,150,150,150,150,150,150,150
111,111,111,111,111,111,111,111,111,111,111
74,71,71,71,71,71,71,71,71,71,70
44,44,44,44,44,44,44,44,44,44,44
22,18,18,18,18,18,18,18,18,18,18
7,7,7,7,7,7,7,7,7,7,7
0,0,0,0,0,0,0,0,0,0,0
1,1,1,1,1,1,1,1,1,1,1
11,8,8,8,8,8,8,8,8,8,8
28,28,28,28,28,28,28,28,28,28,28
53,50,50,50,50,50,50,50,50,50,50
85,85,85,85,85,85,85,85,85,85,85
124,121,121,121,121,121,121,121,121,121,121
168,168,168,168,168,168,168,168,168,168,168
219,216,216,216,216,216,216,216,216,216,216
274,274,274,274,274,274,274,274,274,274,274
332,330,330,330,330,330,330,330,330,330,330
394,394,394,394,394,394,394,394,394,394,394
457,454,455,455,455,455,455,455,455,455,455
522,522,522,522,522,522,522,522,522,522,522
586,583,583,583,583,583,583,583,583,583,583
649,649,649,649,649,649,649,649,649,649,649
709,706,706,707,707,707,707,707,707,707,707
767,767,767,767,767,767,767,767,767,767,767
821,818,818,818,818,818,818,818,818,818,818
869,869,869,869,869,869,869,869,869,869,869
912,909,909,909,910,910,910,910,910,910,910
949,949,949,949,949,949,949,949,949,949,949
979,976,976,976,976,976,976,976,976,976,976
1001,1001,1001,1001,1001,1001,1001,1001,1001,1001,1001
1016,1013,1013,1013,1013,1013,1013,1013,1013,1013,1013
1023,1023,1023,1023,1023,1023,1023,1023,1023,1023,1023
1022,1019,1019,1019,1019,1019,1019,1019,1019,1019,1019
1012,1012,1012,1012,1012,1012,1012,1012,1012,1012,1012
995,992,992,992,992,992,992,992,992,992,992
970,970,970,970,970,970,970,970,970,970,970
938,935,935,935,935,935,935,935,935,935,935
900,900,900,900,900,900,900,900,900,900,900
855,852,851,851,851,851,851,851,851,851,851
804,804,804,804,804,804,804,804,804,804,804
749,746,746,746,746,746,746,746,746,746,746
691,691,691,691,691,691,691,691,691,691,691
629,626,626,626,626,626,626,626,626,626,625
566,566,566,566,566,566,566,566,566,566,566
501,498,498,498,498,498,498,498,498,498,498
437,437,437,437,437,437,437,437,437,437,437
374,371,371,371,371,371,371,371,371,371,371
314,314,314,314,314,314,314,314,314,314,314
256,253,253,253,253,253,253,253,253,253,253
203,203,203,203,203,203,203,203,203,203,203
154,151,151,151,151,151,150,150,150,150,150
111,111,111,111,111,111,111,111,111,111,111
74,71,71,71,71,71,71,71,71,71,71
44,44,44,44,44,44,44,44,44,44,44
22,19,19,19,18,18,18,18,18,18,18
7,7,7,7,7,7,7,7,7,7,7
0,0,0,0,0,0,0,0,0,0,0
1,1,1,1,1,1,1,1,1,1,1
11,8,8,8,8,8,8,8,8,8,8
28,28,28,28,28,28,28,28,28,28,28
53,50,50,50,50,50,50,50,50,50,50
85,85,85,85,85,85,85,85,85,85,85
123,120,121,121,121,121,121,121,121,121,121
168,168,168,168,168,168,168,168,168,168,168
219,216,216,216,216,216,216,216,216,216,216
274,274,274,274,274,274,274,274,274,274,274
332,329,329,329,330,330,330,330,330,330,330
394,394,394,394,394,394,394,394,394,394,394
457,454,454,454,454,455,455,455,455,455,455
521,521,521,521,521,521,521,521,521,521,521
586,583,583,583,583,583,583,583,583,583,583
648,648,648,648,648,648,648,648,648,648,648
709,706,706,706,706,706,707,707,707,707,707
767,767,767,767,767,767,767,767,767,767,767
820,817,818,818,818,818,818,818,818,818,818
869,869,869,869,869,869,869,869,869,869,869
912,909,909,909,909,909,909,910,910,910,910
949,949,949,949,949,949,949,949,949,949,949
979,976,976,976,976,976,976,976,976,976,976
1001,1001,1001,1001,1001,1001,1001,1001,1001,1001,1001
1016,1013,1013,1013,1013,1013,1013,1013,1013,1013,1013
1023,1023,1023,1023,1023,1023,1023,1023,1023,1023,1023
1022,1019,1019,1019,1019,1019,1019,1019,1019,1019,1019
1012,1012,1012,1012,1012,1012,1012,1012,1012,1012,1012
995,992,992,992,992,992,992,992,992,992,992
970,970,970,970,970,970,970,970,970,970,970
938,935,935,935,935,935,935,935,935,935,935
900,900,900,900,900,900,900,900,900,900,900
855,852,852,852,852,851,851,851,851,851,851
804,804,804,804,804,804,804,804,804,804,804
749,746,746,746,746,746,746,746,746,746,746
691,691,691,691,691,691,691,691,691,691,691
629,626,626,626,626,626,626,626,626,626,626
566,566,566,566,566,566,566,566,566,566,566
502,499,499,498,498,498,498,498,498,498,498
438,438,438,438,438,438,438,438,438,438,438
375,372,372,371,371,371,371,371,371,371,371
314,314,314,314,314,314,314,314,314,314,314
256,253,253,253,253,253,253,253,253,253,253
203,203,203,203,203,203,203,203,203,203,203
154,151,151,151,151,151,151,151,151,151,150
111,111,111,111,111,111,111,111,111,111,111
74,71,71,71,71,71,71,71,71,71,71
44,44,44,44,44,44,44,44,44,44,44
22,19,19,19,19,19,19,18,18,18,18
7,7,7,7,7,7,7,7,7,7,7
0,0,0,0,0,0,0,0,0,0,0
1,1,1,1,1,1,1,1,1,1,1
10,8,8,8,8,8,8,8,8,8,8
28,28,28,28,28,28,28,28,28,28,28
52,50,50,50,50,50,50,50,50,50,50
85,85,85,85,85,85,85,85,85,85,85
123,120,120,120,120,121,121,121,121,121,121
168,168,168,168,168,168,168,168,168,168,168
219,216,216,216,216,216,216,216,216,216,216
273,273,273,273,273,273,273,273,273,273,273
332,329,329,329,329,329,329,330,330,330,330
394,394,394,394,394,394,394,394,394,394,394
457,454,454,454,454,454,454,454,455,455,455
521,521,521,521,521,521,521,521,521,521,521
585,582,582,583,583,583,583,583,583,583,583
648,648,648,648,648,648,648,648,648,648,648
709,706,706,706,706,706,706,706,706,707,707
767,767,767,767,767,767,767,767,767,767,767
820,817,817,817,817,818,818,818,818,818,818
869,869,869,869,869,869,869,869,869,869,869
912,909,909,909,909,909,909,909,909,909,910
949,949,949,949,949,949,949,949,949,949,949
979,976,976,976,976,976,976,976,976,976,976
1001,1001,1001,1001,1001,1001,1001,1001,1001,1001,1001
1016,1013,1013,1013,1013,1013,1013,1013,1013,1013,1013
1023,1023,1023,1023,1023,1023,1023,1023,1023,1023,1023
1022,1019,1019,1019,1019,1019,1019,1019,1019,1019,1019
1013,1013,1013,1013,1013,1013,1013,1013,1013,1013,1013
995,992,992,992,992,992,992,992,992,992,992
971,971,971,971,971,971,971,971,971,971,971
939,935,935,935,935,935,935,935,935,935,935
900,900,900,900,900,900,900,900,900,900,900
855,852,852,852,852,852,852,852,851,851,851
805,805,805,805,805,805,805,805,805,805,805
750,747,747,746,746,746,746,746,746,746,746
691,691,691,691,691,691,691,691,691,691,691
629,626,626,626,626,626,626,626,626,626,626
566,566,566,566,566,566,566,566,566,566,566
502,499,499,499,499,499,498,498,498,498,498
438,438,438,438,438,438,438,438,438,438,438
375,372,372,372,372,372,371,371,371,371,371
314,314,314,314,314,314,314,314,314,314,314
256,253,253,253,253,253,253,253,253,253,253
203,203,203,203,203,203,203,203,203,203,203
154,151,151,151,151,151,151,151,151,151,151
111,111,111,111,111,111,111,111,111,111,111
74,71,71,71,71,71,71,71,71,71,71
44,44,44,44,44,44,44,44,44,44,44
22,19,19,19,19,19,19,19,19,19,18
7,7,7,7,7,7,7,7,7,7,7
0,0,0,0,0,0,0,0,0,0,0
1,1,1,1,1,1,1,1,1,1,1
10,7,7,7,8,8,8,8,8,8,8
28,28,28,28,28,28,28,28,28,28,28
52,49,49,49,50,50,50,50,50,50,50
84,84,84,84,84,84,84,84,84,84,84
123,120,120,120,120,120,120,120,121,121,121
168,168,168,168,168,168,168,168,168,168,168
218,215,215,216,216,216,216,216,216,216,216
273,273,273,273,273,273,273,273,273,273,273
332,329,329,329,329,329,329,329,329,329,330
393,393,393,393,393,393,393,393,393,393,393
457,454,454,454,454,454,454,454,454,454,454
521,521,521,521,521,521,521,521,521,521,521
585,582,582,582,582,582,583,583,583,583,583
648,648,648,648,648,648,648,648,648,648,648
709,706,706,706,706,706,706,706,706,706,706
766,766,766,766,766,766,766,766,766,766,766
820,817,817,817,817,817,817,817,818,818,818
869,869,869,869,869,869,869,869,869,869,869
912,909,909,909,909,909,909,909,909,909,909
949,949,949,949,949,949,949,949,949,949,949
979,976,976,976,976,976,976,976,976,976,976
1001,1001,1001,1001,1001,1001,1001,1001,1001,1001,1001
1016,1013,1013,1013,1013,1013,1013,1013,1013,1013,1013
1023,1023,1023,1023,1023,1023,1023,1023,1023,1023,1023
1022,1019,1019,1019,1019,1019,1019,1019,1019,1019,1019
1013,1013,1013,1013,1013,1013,1013,1013,1013,1013,1013
995,992,992,992,992,992,992,992,992,992,992
971,971,971,971,971,971,971,971,971,971,971
939,936,936,936,935,935,935,935,935,935,935
900,900,900,900,900,900,900,900,900,900,900
855,852,852,852,852,852,852,852,852,852,852
805,805,805,805,805,805,805,805,805,805,805
750,747,747,747,747,747,746,746,746,746,746
691,691,691,691,691,691,691,691,691,691,691
630,627,627,626,626,626,626,626,626,626,626
566,566,566,566,566,566,566,566,566,566,566
502,499,499,499,499,499,499,499,499,498,498
438,438,438,438,438,438,438,438,438,438,438
375,372,372,372,372,372,372,372,372,371,371
314,314,314,314,314,314,314,314,314,314,314
257,254,254,253,253,253,253,253,253,253,253
203,203,203,203,203,203,203,203,203,203,203
154,151,151,151,151,151,151,151,151,151,151
111,111,111,111,111,111,111,111,111,111,111
74,71,71,71,71,71,71,71,71,71,71
44,44,44,44,44,44,44,44,44,44,44
22,19,19,19,19,19,19,19,19,19,19
7,7,7,7,7,7,7,7,7,7,7
0,0,0,0,0,0,0,0,0,0,0
1,1,1,1,1,1,1,1,1,1,1
10,7,7,7,7,7,7,8,8,8,8
28,28,28,28,28,28,28,28,28,28,28
52,49,49,49,49,49,49,50,50,50,50
84,84,84,84,84,84,84,84,84,84,84
123,120,120,120,120,120,120,120,120,120,120
168,168,168,168,168,168,168,168,168,168,168
218,215,215,215,215,215,216,216,216,216,216
273,273,273,273,273,273,273,273,273,273,273
332,329,329,329,329,329,329,329,329,329,329
393,393,393,393,393,393,393,393,393,393,393
457,454,454,454,454,454,454,454,454,454,454
521,521,521,521,521,521,521,521,521,521,521
585,582,582,582,582,582,582,582,582,583,583
648,648,648,648,648,648,648,648,648,648,648
709,706,706,706,706,706,706,706,706,706,706
766,766,766,766,766,766,766,766,766,766,766
820,817,817,817,817,817,817,817,817,817,817
869,869,869,869,869,869,869,869,869,869,869
912,909,909,909,909,909,909,909,909,909,909
949,949,949,949,949,949,949,949,949,949,949
979,976,976,976,976,976,976,976,976,976,976
1001,1001,1001,1001,1001,1001,1001,1001,1001,1001,1001
1016,1013,1013,1013,1013,1013,1013,1013,1013,1013,1013
1023,1023,1023,1023,1023,1023,1023,1023,1023,1023,1023
1022,1019,1019,1019,1019,1019,1019,1019,1019,1019,1019
1013,1013,1013,1013,1013,1013,1013,1013,1013,1013,1013
995,992,992,992,992,992,992,992,992,992,992
971,971,971,971,971,971,971,971,971,971,971
939,936,936,936,936,936,936,935,935,935,935
900,900,900,900,900,900,900,900,900,900,900
855,852,852,852,852,852,852,852,852,852,852
805,805,805,805,805,805,805,805,805,805,805
750,747,747,747,747,747,747,747,747,746,746
691,691,691,691,691,691,691,691,691,691,691
630,627,627,627,627,627,626,626,626,626,626
566,566,566,566,566,566,566,566,566,566,566
502,499,499,499,499,499,499,499,499,499,499
438,438,438,438,438,438,438,438,438,438,438
375,372,372,372,372,372,372,372,372,372,372
314,314,314,314,314,314,314,314,314,314,314
257,254,254,254,254,254,253,253,253,253,253
203,203,203,203,203,203,203,203,203,203,203
154,151,151,151,151,151,151,151,151,151,151
111,111,111,111,111,111,111,111,111,111,111
74,71,71,71,71,71,71,71,71,71,71
44,44,44,44,44,44,44,44,44,44,44
22,19,19,19,19,19,19,19,19,19,19
7,7,7,7,7,7,7,7,7,7,7
0,0,0,0,0,0,0,0,0,0,0
1,1,1,1,1,1,1,1,1,1,1
10,7,7,7,7,7,7,7,7,7,8
27,27,27,27,27,27,27,27,27,27,27
52,49,49,49,49,49,49,49,49,49,50
84,84,84,84,84,84,84,84,84,84,84
123,120,120,120,120,120,120,120,120,120,120
168,168,168,168,168,168,168,168,168,168,168
218,215,215,215,215,215,215,215,215,216,216
273,273,273,273,273,273,273,273,273,273,273
332,329,329,329,329,329,329,329,329,329,329
393,393,393,393,393,393,393,393,393,393,393
456,453,454,454,454,454,454,454,454,454,454
521,521,521,521,521,521,521,521,521,521,521
585,582,582,582,582,582,582,582,582,582,582
648,648,648,648,648,648,648,648,648,648,648
708,706,706,706,706,706,706,706,706,706,706
766,766,766,766,766,766,766,766,766,766,766
820,817,817,817,817,817,817,817,817,817,817
869,869,869,869,869,869,869,869,869,869,869
912,909,909,909,909,909,909,909,909,909,909
949,949,949,949,949,949,949,949,949,949,949
979,976,976,976,976,976,976,976,976,976,976
1001,1001,1001,1001,1001,1001,1001,1001,1001,1001,1001
1016,1013,1013,1013,1013,1013,1013,1013,1013,1013,1013
1023,1023,1023,1023,1023,1023,1023,1023,1023,1023,1023
1022,1019,1019,1019,1019,1019,1019,1019,1019,1019,1019
1013,1013,1013,1013,1013,1013,1013,1013,1013,1013,1013
996,993,993,992,992,992,992,992,992,992,992
971,971,971,971,971,971,971,971,971,971,971
939,936,936,936,936,936,936,936,936,936,935
900,900,900,900,900,900,900,900,900,900,900
855,852,852,852,852,852,852,852,852,852,852
805,805,805,805,805,805,805,805,805,805,805
750,747,747,747,747,747,747,747,747,747,747
692,692,692,692,692,692,692,692,692,692,692
630,627,627,627,627,627,627,627,627,626,626
567,567,567,567,567,567,567,567,567,567,567
502,499,499,499,499,499,499,499,499,499,499
438,438,438,438,438,438,438,438,438,438,438
375,372,372,372,372,372,372,372,372,372,372
315,315,315,315,315,315,315,315,315,315,315
257,254,254,254,254,254,254,254,254,253,253
203,203,203,203,203,203,203,203,203,203,203
154,151,151,151,151,151,151,151,151,151,151
111,111,111,111,111,111,111,111,111,111,111
74,71,71,71,71,71,71,71,71,71,71
44,44,44,44,44,44,44,44,44,44,44
22,19,19,19,19,19,19,19,19,19,19
7,7,7,7,7,7,7,7,7,7,7
0,0,0,0,0,0,0,0,0,0,0
1,1,1,1,1,1,1,1,1,1,1
10,7,7,7,7,7,7,7,7,7,7
27,27,27,27,27,27,27,27,27,27,27
52,49,49,49,49,49,49,49,49,49,49
84,84,84,84,84,84,84,84,84,84,84
123,120,120,120,120,120,120,120,120,120,120
168,168,168,168,168,168,168,168,168,168,168
218,215,215,215,215,215,215,215,215,215,215
273,273,273,273,273,273,273,273,273,273,273
331,328,329,329,329,329,329,329,329,329,329
393,393,393,393,393,393,393,393,393,393,393
456,453,453,453,453,454,454,454,454,454,454
520,520,520,520,520,520,520,520,520,520,520
585,582,582,582,582,582,582,582,582,582,582
647,647,647,647,647,647,647,647,647,647,647
708,705,705,705,706,706,706,706,706,706,706
766,766,766,766,766,766,766,766,766,766,766
820,817,817,817,817,817,817,817,817,817,817
868,868,868,868,868,868,868,868,868,868,868
912,909,909,909,909,909,909,909,909,909,909
949,949,949,949,949,949,949,949,949,949,949
979,976,976,976,976,976,976,976,976,976,976
1001,1001,1001,1001,1001,1001,1001,1001,1001,1001,1001
1016,1013,1013,1013,1013,1013,1013,1013,1013,1013,1013
1023,1023,1023,1023,1023,1023,1023,1023,1023,1023,1023
1022,1019,1019,1019,1019,1019,1019,1019,1019,1019,1019
1013,1013,1013,1013,1013,1013,1013,1013,1013,1013,1013
996,993,993,993,993,993,992,992,992,992,992
971,971,971,971,971,971,971,971,971,971,971
939,936,936,936,936,936,936,936,936,936,936
900,900,900,900,900,900,900,900,900,900,900
855,852,852,852,852,852,852,852,852,852,852
805,805,805,805,805,805,805,805,805,805,805
750,747,747,747,747,747,747,747,747,747,747
692,692,692,692,692,692,692,692,692,692,692
630,627,627,627,627,627,627,627,627,627,627
567,567,567,567,567,567,567,567,567,567,567
503,500,500,499,499,499,499,499,499,499,499
439,439,439,439,439,439,439,439,439,439,439
376,373,372,372,372,372,372,372,372,372,372
315,315,315,315,315,315,315,315,315,315,315
257,254,254,254,254,254,254,254,254,254,254
203,203,203,203,203,203,203,203,203,203,203
155,152,152,151,151,151,151,151,151,151,151
111,111,111,111,111,111,111,111,111,111,111
75,72,71,71,71,71,71,71,71,71,71
45,45,45,45,45,45,45,45,45,45,45
22,19,19,19,19,19,19,19,19,19,19
7,7,7,7,7,7,7,7,7,7,7
0,0,0,0,0,0,0,0,0,0,0
1,1,1,1,1,1,1,1,1,1,1
10,7,7,7,7,7,7,7,7,7,7
27,27,27,27,27,27,27,27,27,27,27
52,49,49,49,49,49,49,49,49,49,49
84,84,84,84,84,84,84,84,84,84,84
123,120,120,120,120,120,120,120,120,120,120
167,167,167,167,167,167,167,167,167,167,167
218,215,215,215,215,215,215,215,215,215,215
273,273,273,273,273,273,273,273,273,273,273
331,328,328,328,328,329,329,329,329,329,329
393,393,393,393,393,393,393,393,393,393,393
456,453,453,453,453,453,453,453,454,454,454
520,520,520,520,520,520,520,520,520,520,520
584,581,581,582,582,582,582,582,582,582,582
647,647,647,647,647,647,647,647,647,647,647
708,705,705,705,705,705,705,706,706,706,706
766,766,766,766,766,766,766,766,766,766,766
819,817,817,817,817,817,817,817,817,817,817
868,868,868,868,868,868,868,868,868,868,868
912,909,909,909,909,909,909,909,909,909,909
948,948,948,948,948,948,948,948,948,948,948
978,975,975,976,976,976,976,976,976,976,976
1001,1001,1001,1001,1001,1001,1001,1001,1001,1001,1001
1016,1013,1013,1013,1013,1013,1013,1013,1013,1013,1013
1023,1023,1023,1023,1023,1023,1023,1023,1023,1023,1023
1022,1019,1019,1019,1019,1019,1019,1019,1019,1019,1019
1013,1013,1013,1013,1013,1013,1013,1013,1013,1013,1013
996,993,993,993,993,993,993,993,993,992,992
971,971,971,971,971,971,971,971,971,971,971
939,936,936,936,936,936,936,936,936,936,936
900,900,900,900,900,900,900,900,900,900,900
856,853,853,852,852,852,852,852,852,852,852
805,805,805,805,805,805,805,805,805,805,805
751,747,747,747,747,747,747,747,747,747,747
692,692,692,692,692,692,692,692,692,692,692
630,627,627,627,627,627,627,627,627,627,627
567,567,567,567,567,567,567,567,567,567,567
503,500,500,500,500,500,499,499,499,499,499
439,439,439,439,439,439,439,439,439,439,439
376,373,373,373,373,372,372,372,372,372,372
315,315,315,315,315,315,315,315,315,315,315
257,254,254,254,254,254,254,254,254,254,254
204,204,204,204,204,204,204,204,204,204,204
155,152,152,152,152,152,151,151,151,151,151
112,112,112,112,112,112,112,112,112,112,112
75,72,72,72,72,71,71,71,71,71,71
45,45,45,45,45,45,45,45,45,45,45
22,19,19,19,19,19,19,19,19,19,19
7,7,7,7,7,7,7,7,7,7,7
0,0,0,0,0,0,0,0,0,0,0
1,1,1,1,1,1,1,1,1,1,1
10,7,7,7,7,7,7,7,7,7,7
27,27,27,27,27,27,27,27,27,27,27
52,49,49,49,49,49,49,49,49,49,49
84,84,84,84,84,84,84,84,84,84,84
123,120,120,120,120,120,120,120,120,120,120
167,167,167,167,167,167,167,167,167,167,167
218,215,215,215,215,215,215,215,215,215,215
272,272,272,272,272,272,272,272,272,272,272
331,328,328,328,328,328,328,328,329,329,329
392,392,392,392,392,392,392,392,392,392,392
456,453,453,453,453,453,453,453,453,453,453
520,520,520,520,520,520,520,520,520,520,520
584,581,581,581,581,581,582,582,582,582,582
647,647,647,647,647,647,647,647,647,647,647
708,705,705,705,705,705,705,705,705,705,706
766,766,766,766,766,766,766,766,766,766,766
819,816,816,816,817,817,817,817,817,817,817
868,868,868,868,868,868,868,868,868,868,868
911,908,908,909,909,909,909,909,909,909,909
948,948,948,948,948,948,948,948,948,948,948
978,975,975,975,975,975,976,976,976,976,976
1001,1001,1001,1001,1001,1001,1001,1001,1001,1001,1001
1016,1013,1013,1013,1013,1013,1013,1013,1013,1013,1013
1023,1023,1023,1023,1023,1023,1023,1023,1023,1023,1023
1022,1019,1019,1019,1019,1019,1019,1019,1019,1019,1019
1013,1013,1013,1013,1013,1013,1013,1013,1013,1013,1013
996,993,993,993,993,993,993,993,993,993,993
971,971,971,971,971,971,971,971,971,971,971
939,936,936,936,936,936,936,936,936,936,936
901,901,901,901,901,901,901,901,901,901,901
856,853,853,853,853,853,852,852,852,852,852
806,806,806,806,806,806,806,806,806,806,806
751,748,748,748,747,747,747,747,747,747,747
692,692,692,692,692,692,692,692,692,692,692
631,628,627,627,627,627,627,627,627,627,627
567,567,567,567,567,567,567,567,567,567,567
503,500,500,500,500,500,500,500,500,499,499
439,439,439,439,439,439,439,439,439,439,439
376,373,373,373,373,373,373,373,372,372,372
315,315,315,315,315,315,315,315,315,315,315
257,254,254,254,254,254,254,254,254,254,254
204,204,204,204,204,204,204,204,204,204,204
155,152,152,152,152,152,152,152,152,151,151
112,112,112,112,112,112,112,112,112,112,112
75,72,72,72,72,72,72,72,71,71,71
45,45,45,45,45,45,45,45,45,45,45
22,19,19,19,19,19,19,19,19,19,19
7,7,7,7,7,7,7,7,7,7,7
0,0,0,0,0,0,0,0,0,0,0
1,1,1,1,1,1,1,1,1,1,1
10,7,7,7,7,7,7,7,7,7,7
27,27,27,27,27,27,27,27,27,27,27
52,49,49,49,49,49,49,49,49,49,49
84,84,84,84,84,84,84,84,84,84,84
122,119,119,120,120,120,120,120,120,120,120
167,167,167,167,167,167,167,167,167,167,167
217,214,214,215,215,215,215,215,215,215,215
272,272,272,272,272,272,272,272,272,272,272
331,328,328,328,328,328,328,328,328,328,328
392,392,392,392,392,392,392,392,392,392,392
456,453,453,453,453,453,453,453,453,453,453
520,520,520,520,520,520,520,520,520,520,520
584,581,581,581,581,581,581,581,581,582,582
647,647,647,647,647,647,647,647,647,647,647
708,705,705,705,705,705,705,705,705,705,705
765,765,765,765,765,765,765,765,765,765,765
819,816,816,816,816,816,816,817,817,817,817
868,868,868,868,868,868,868,868,868,868,868
911,908,908,908,908,908,909,909,909,909,909
948,948,948,948,948,948,948,948,948,948,948
978,975,975,975,975,975,975,975,975,975,976
1001,1001,1001,1001,1001,1001,1001,1001,1001,1001,1001
1016,1013,1013,1013,1013,1013,1013,1013,1013,1013,1013
1023,1023,1023,1023,1023,1023,1023,1023,1023,1023,1023
1022,1019,1019,1019,1019,1019,1019,1019,1019,1019,1019
1013,1013,1013,1013,1013,1013,1013,1013,1013,1013,1013
996,993,993,993,993,993,993,993,993,993,993
971,971,971,971,971,971,971,971,971,971,971
939,936,936,936,936,936,936,936,936,936,936
901,901,901,901,901,901,901,901,901,901,901
856,853,853,853,853,853,853,853,853,852,852
806,806,806,806,806,806,806,806,806,806,806
751,748,748,748,748,748,748,747,747,747,747
692,692,692,692,692,692,692,692,692,692,692
631,628,628,628,628,627,627,627,627,627,627
567,567,567,567,567,567,567,567,567,567,567
503,500,500,500,500,500,500,500,500,500,500
439,439,439,439,439,439,439,439,439,439,439
376,373,373,373,373,373,373,373,373,373,373
315,315,315,315,315,315,315,315,315,315,315
258,255,255,254,254,254,254,254,254,254,254
204,204,204,204,204,204,204,204,204,204,204
155,152,152,152,152,152,152,152,152,152,152
112,112,112,112,112,112,112,112,112,112,112
75,72,72,72,72,72,72,72,72,72,72
45,45,45,45,45,45,45,45,45,45,45
22,19,19,19,19,19,19,19,19,19,19
7,7,7,7,7,7,7,7,7,7,7
0,0,0,0,0,0,0,0,0,0,0
1,1,1,1,1,1,1,1,1,1,1
10,7,7,7,7,7,7,7,7,7,7
27,27,27,27,27,27,27,27,27,27,27
52,49,49,49,49,49,49,49,49,49,49
84,84,84,84,84,84,84,84,84,84,84
122,119,119,119,119,119,120,120,120,120,120
167,167,167,167,167,167,167,167,167,167,167
217,214,214,214,214,214,215,215,215,215,215
272,272,272,272,272,272,272,272,272,272,272
331,328,328,328,328,328,328,328,328,328,328
392,392,392,392,392,392,392,392,392,392,392
455,453,453,453,453,453,453,453,453,453,453
520,520,520,520,520,520,520,520,520,520,520
584,581,581,581,581,581,581,581,581,581,581
647,647,647,647,647,647,647,647,647,647,647
708,705,705,705,705,705,705,705,705,705,705
765,765,765,765,765,765,765,765,765,765,765
819,816,816,816,816,816,816,816,816,816,817
868,868,868,868,868,868,868,868,868,868,868
911,908,908,908,908,908,908,908,908,909,909
948,948,948,948,948,948,948,948,948,948,948
978,975,975,975,975,975,975,975,975,975,975
1001,1001,1001,1001,1001,1001,1001,1001,1001,1001,1001
1016,1013,1013,1013,1013,1013,1013,1013,1013,1013,1013
1023,1023,1023,1023,1023,1023,1023,1023,1023,1023,1023
1022,1019,1019,1019,1019,1019,1019,1019,1019,1019,1019
1013,1013,1013,1013,1013,1013,1013,1013,1013,1013,1013
996,993,993,993,993,993,993,993,993,993,993
971,971,971,971,971,971,971,971,971,971,971
939,936,936,936,936,936,936,936,936,936,936
901,901,901,901,901,901,901,901,901,901,901
856,853,853,853,853,853,853,853,853,853,853
806,806,806,806,806,806,806,806,806,806,806
751,748,748,748,748,748,748,748,748,748,747
692,692,692,692,692,692,692,692,692,692,692
631,628,628,628,628,628,628,628,627,627,627
568,568,568,568,568,568,568,568,568,568,568
503,500,500,500,500,500,500,500,500,500,500
439,439,439,439,439,439,439,439,439,439,439
376,373,373,373,373,373,373,373,373,373,373
316,316,316,316,316,316,316,316,316,316,316
258,255,255,255,255,255,254,254,254,254,254
204,204,204,204,204,204,204,204,204,204,204
155,152,152,152,152,152,152,152,152,152,152
112,112,112,112,112,112,112,112,112,112,112
75,72,72,72,72,72,72,72,72,72,72
45,45,45,45,45,45,45,45,45,45,45
22,19,19,19,19,19,19,19,19,19,19
7,7,7,7,7,7,7,7,7,7,7
0,0,0,0,0,0,0,0,0,0,0
1,1,1,1,1,1,1,1,1,1,1
10,7,7,7,7,7,7,7,7,7,7
27,27,27,27,27,27,27,27,27,27,27
52,49,49,49,49,49,49,49,49,49,49
84,84,84,84,84,84,84,84,84,84,84
122,119,119,119,119,119,119,119,119,120,120
167,167,167,167,167,167,167,167,167,167,167
217,214,214,214,214,214,214,214,214,215,215
272,272,272,272,272,272,272,272,272,272,272
330,328,328,328,328,328,328,328,328,328,328
392,392,392,392,392,392,392,392,392,392,392
455,452,452,452,453,453,453,453,453,453,453
519,519,519,519,519,519,519,519,519,519,519
584,581,581,581,581,581,581,581,581,581,581
647,647,647,647,647,647,647,647,647,647,647
707,704,704,705,705,705,705,705,705,705,705
765,765,765,765,765,765,765,765,765,765,765
819,816,816,816,816,816,816,816,816,816,816
868,868,868,868,868,868,868,868,868,868,868
911,908,908,908,908,908,908,908,908,908,908
948,948,948,948,948,948,948,948,948,948,948
978,975,975,975,975,975,975,975,975,975,975
1001,1001,1001,1001,1001,1001,1001,1001,1001,1001,1001
1016,1013,1013,1013,1013,1013,1013,1013,1013,1013,1013
1023,1023,1023,1023,1023,1023,1023,1023,1023,1023,1023
1022,1019,1019,1019,1019,1019,1019,1019,1019,1019,1019
1013,1013,1013,1013,1013,1013,1013,1013,1013,1013,1013
996,993,993,993,993,993,993,993,993,993,993
971,971,971,971,971,971,971,971,971,971,971
940,936,936,936,936,936,936,936,936,936,936
901,901,901,901,901,901,901,901,901,901,901
856,853,853,853,853,853,853,853,853,853,853
806,806,806,806,806,806,806,806,806,806,806
751,748,748,748,748,748,748,748,748,748,748
693,693,693,693,693,693,693,693,693,693,693
631,628,628,628,628,628,628,628,628,628,628
568,568,568,568,568,568,568,568,568,568,568
504,501,500,500,500,500,500,500,500,500,500
440,440,440,440,440,440,440,440,440,440,440
377,373,373,373,373,373,373,373,373,373,373
316,316,316,316,316,316,316,316,316,316,316
258,255,255,255,255,255,255,255,255,254,254
204,204,204,204,204,204,204,204,204,204,204
155,152,152,152,152,152,152,152,152,152,152
112,112,112,112,112,112,112,112,112,112,112
75,72,72,72,72,72,72,72,72,72,72
45,45,45,45,45,45,45,45,45,45,45
22,19,19,19,19,19,19,19,19,19,19
7,7,7,7,7,7,7,7,7,7,7
0,0,0,0,0,0,0,0,0,0,0
1,1,1,1,1,1,1,1,1,1,1
10,7,7,7,7,7,7,7,7,7,7
27,27,27,27,27,27,27,27,27,27,27
52,49,49,49,49,49,49,49,49,49,49
83,83,83,83,83,83,83,83,83,83,83
122,119,119,119,119,119,119,119,119,119,119
167,167,167,167,167,167,167,167,167,167,167
217,214,214,214,214,214,214,214,214,214,214
272,272,272,272,272,272,272,272,272,272,272
330,327,327,327,328,328,328,328,328,328,328
392,392,392,392,392,392,392,392,392,392,392
455,452,452,452,452,452,452,453,453,453,453
519,519,519,519,519,519,519,519,519,519,519
583,580,581,581,581,581,581,581,581,581,581
646,646,646,646,646,646,646,646,646,646,646
707,704,704,704,704,704,705,705,705,705,705
765,765,765,765,765,765,765,765,765,765,765
819,816,816,816,816,816,816,816,816,816,816
868,868,868,868,868,868,868,868,868,868,868
911,908,908,908,908,908,908,908,908,908,908
948,948,948,948,948,948,948,948,948,948,948
978,975,975,975,975,975,975,975,975,975,975
1001,1001,1001,1001,1001,1001,1001,1001,1001,1001,1001
1016,1013,1013,1013,1013,1013,1013,1013,1013,1013,1013
1023,1023,1023,1023,1023,1023,1023,1023,1023,1023,1023
1022,1019,1019,1019,1019,1019,1019,1019,1019,1019,1019
1013,1013,1013,1013,1013,1013,1013,1013,1013,1013,1013
996,993,993,993,993,993,993,993,993,993,993
971,971,971,971,971,971,971,971,971,971,971
940,937,937,937,936,936,936,936,936,936,936
901,901,901,901,901,901,901,901,901,901,901
856,853,853,853,853,853,853,853,853,853,853
806,806,806,806,806,806,806,806,806,806,806
751,748,748,748,748,748,748,748,748,748,748
693,693,693,693,693,693,693,693,693,693,693
631,628,628,628,628,628,628,628,628,628,628
568,568,568,568,568,568,568,568,568,568,568
504,501,501,501,501,500,500,500,500,500,500
440,440,440,440,440,440,440,440,440,440,440
377,374,374,374,373,373,373,373,373,373,373
316,316,316,316,316,316,316,316,316,316,316
258,255,255,255,255,255,255,255,255,255,255
204,204,204,204,204,204,204,204,204,204,204
155,152,152,152,152,152,152,152,152,152,152
112,112,112,112,112,112,112,112,112,112,112
75,72,72,72,72,72,72,72,72,72,72
45,45,45,45,45,45,45,45,45,45,45
22,19,19,19,19,19,19,19,19,19,19
7,7,7,7,7,7,7,7,7,7,7
0,0,0,0,0,0,0,0,0,0,0
1,1,1,1,1,1,1,1,1,1,1
10,7,7,7,7,7,7,7,7,7,7
27,27,27,27,27,27,27,27,27,27,27
52,49,49,49,49,49,49,49,49,49,49
83,83,83,83,83,83,83,83,83,83,83
122,119,119,119,119,119,119,119,119,119,119
167,167,167,167,167,167,167,167,167,167,167
217,214,214,214,214,214,214,214,214,214,214
272,272,272,272,272,272,272,272,272,272,272
330,327,327,327,327,327,327,328,328,328,328
392,392,392,392,392,392,392,392,392,392,392
455,452,452,452,452,452,452,452,452,452,453
519,519,519,519,519,519,519,519,519,519,519
583,580,580,580,580,581,581,581,581,581,581
646,646,646,646,646,646,646,646,646,646,646
707,704,704,704,704,704,704,704,704,705,705
765,765,765,765,765,765,765,765,765,765,765
819,816,816,816,816,816,816,816,816,816,816
867,867,867,867,867,867,867,867,867,867,867
911,908,908,908,908,908,908,908,908,908,908
948,948,948,948,948,948,948,948,948,948,948
978,975,975,975,975,975,975,975,975,975,975
1001,1001,1001,1001,1001,1001,1001,1001,1001,1001,1001
1016,1013,1013,1013,1013,1013,1013,1013,1013,1013,1013
1023,1023,1023,1023,1023,1023,1023,1023,1023,1023,1023
1022,1019,1019,1019,1019,1019,1019,1019,1019,1019,1019
1013,1013,1013,1013,1013,1013,1013,1013,1013,1013,1013
996,993,993,993,993,993,993,993,993,993,993
972,972,972,972,972,972,972,972,972,972,972
940,937,937,937,937,937,937,936,936,936,936
901,901,901,901,901,901,901,901,901,901,901
856,853,853,853,853,853,853,853,853,853,853
806,806,806,806,806,806,806,806,806,806,806
752,748,748,748,748,748,748,748,748,748,748
693,693,693,693,693,693,693,693,693,693,693
632,628,628,628,628,628,628,628,628,628,628
568,568,568,568,568,568,568,568,568,568,568
504,501,501,501,501,501,501,501,500,500,500
440,440,440,440,440,440,440,440,440,440,440
377,374,374,374,374,374,374,374,373,373,373
316,316,316,316,316,316,316,316,316,316,316
258,255,255,255,255,255,255,255,255,255,255
205,205,205,205,205,205,205,205,205,205,205
156,153,153,152,152,152,152,152,152,152,152
112,112,112,112,112,112,112,112,112,112,112
75,72,72,72,72,72,72,72,72,72,72
45,45,45,45,45,45,45,45,45,45,45
22,19,19,19,19,19,19,19,19,19,19
7,7,7,7,7,7,7,7,7,7,7
0,0,0,0,0,0,0,0,0,0,0
1,1,1,1,1,1,1,1,1,1,1
10,7,7,7,7,7,7,7,7,7,7
27,27,27,27,27,27,27,27,27,27,27
51,48,48,49,49,49,49,49,49,49,49
83,83,83,83,83,83,83,83,83,83,83
122,119,119,119,119,119,119,119,119,119,119
166,166,166,166,166,166,166,166,166,166,166
217,214,214,214,214,214,214,214,214,214,214
271,271,271,271,271,271,271,271,271,271,271
330,327,327,327,327,327,327,327,327,327,328
391,391,391,391,391,391,391,391,391,391,391
455,452,452,452,452,452,452,452,452,452,452
519,519,519,519,519,519,519,519,519,519,519
583,580,580,580,580,580,580,580,581,581,581
646,646,646,646,646,646,646,646,646,646,646
707,704,704,704,704,704,704,704,704,704,704
765,765,765,765,765,765,765,765,765,765,765
818,815,815,816,816,816,816,816,816,816,816
867,867,867,867,867,867,867,867,867,867,867
911,908,908,908,908,908,908,908,908,908,908
948,948,948,948,948,948,948,948,948,948,948
978,975,975,975,975,975,975,975,975,975,975
1001,1001,1001,1001,1001,1001,1001,1001,1001,1001,1001
1016,1013,1013,1013,1013,1013,1013,1013,1013,1013,1013
1023,1023,1023,1023,1023,1023,1023,1023,1023,1023,1023
1022,1019,1019,1019,1019,1019,1019,1019,1019,1019,1019
1013,1013,1013,1013,1013,1013,1013,1013,1013,1013,1013
996,993,993,993,993,993,993,993,993,993,993
972,972,972,972,972,972,972,972,972,972,972
940,937,937,937,937,937,937,937,937,937,936
901,901,901,901,901,901,901,901,901,901,901
857,854,854,853,853,853,853,853,853,853,853
806,806,806,806,806,806,806,806,806,806,806
752,749,749,749,748,748,748,748,748,748,748
693,693,693,693,693,693,693,693,693,693,693
632,629,629,629,628,628,628,628,628,628,628
568,568,568,568,568,568,568,568,568,568,568
504,501,501,501,501,501,501,501,501,501,501
440,440,440,440,440,440,440,440,440,440,440
377,374,374,374,374,374,374,374,374,374,374
316,316,316,316,316,316,316,316,316,316,316
258,255,255,255,255,255,255,255,255,255,255
205,205,205,205,205,205,205,205,205,205,205
156,153,153,153,153,153,152,152,152,152,152
112,112,112,112,112,112,112,112,112,112,112
75,72,72,72,72,72,72,72,72,72,72
45,45,45,45,45,45,45,45,45,45,45
22,19,19,19,19,19,19,19,19,19,19
7,7,7,7,7,7,7,7,7,7,7
0,0,0,0,0,0,0,0,0,0,0
1,1,1,1,1,1,1,1,1,1,1
10,7,7,7,7,7,7,7,7,7,7
27,27,27,27,27,27,27,27,27,27,27
51,48,48,48,48,48,49,49,49,49,49
83,83,83,83,83,83,83,83,83,83,83
122,119,119,119,119,119,119,119,119,119,119
166,166,166,166,166,166,166,166,166,166,166
216,213,214,214,214,214,214,214,214,214,214
271,271,271,271,271,271,271,271,271,271,271
330,327,327,327,327,327,327,327,327,327,327
391,391,391,391,391,391,391,391,391,391,391
454,452,452,452,452,452,452,452,452,452,452
519,519,519,519,519,519,519,519,519,519,519
583,580,580,580,580,580,580,580,580,580,580
646,646,646,646,646,646,646,646,646,646,646
707,704,704,704,704,704,704,704,704,704,704
764,764,764,764,764,764,764,764,764,764,764
818,815,815,815,815,815,816,816,816,816,816
867,867,867,867,867,867,867,867,867,867,867
911,908,908,908,908,908,908,908,908,908,908
948,948,948,948,948,948,948,948,948,948,948
978,975,975,975,975,975,975,975,975,975,975
1001,1001,1001,1001,1001,1001,1001,1001,1001,1001,1001
1016,1013,1013,1013,1013,1013,1013,1013,1013,1013,1013
1023,1023,1023,1023,1023,1023,1023,1023,1023,1023,1023
1022,1019,1019,1019,1019,1019,1019,1019,1019,1019,1019
1013,1013,1013,1013,1013,1013,1013,1013,1013,1013,1013
996,993,993,993,993,993,993,993,993,993,993
972,972,972,972,972,972,972,972,972,972,972
940,937,937,937,937,937,937,937,937,937,937
901,901,901,901,901,901,901,901,901,901,901
857,854,854,854,854,854,853,853,853,853,853
807,807,807,807,807,807,807,807,807,807,807
752,749,749,749,749,749,749,749,748,748,748
693,693,693,693,693,693,693,693,693,693,693
632,629,629,629,629,629,629,628,628,628,628
569,569,569,569,569,569,569,569,569,569,569
504,501,501,501,501,501,501,501,501,501,501
440,440,440,440,440,440,440,440,440,440,440
377,374,374,374,374,374,374,374,374,374,374
316,316,316,316,316,316,316,316,316,316,316
259,256,256,255,255,255,255,255,255,255,255
205,205,205,205,205,205,205,205,205,205,205
156,153,153,153,153,153,153,153,153,152,152
113,113,113,113,113,113,113,113,113,113,113
75,72,72,72,72,72,72,72,72,72,72
45,45,45,45,45,45,45,45,45,45,45
22,19,19,19,19,19,19,19,19,19,19
7,7,7,7,7,7,7,7,7,7,7
0,0,0,0,0,0,0,0,0,0,0
1,1,1,1,1,1,1,1,1,1,1
10,7,7,7,7,7,7,7,7,7,7
27,27,27,27,27,27,27,27,27,27,27
51,48,48,48,48,48,48,48,48,49,49
83,83,83,83,83,83,83,83,83,83,83
122,119,119,119,119,119,119,119,119,119,119
166,166,166,166,166,166,166,166,166,166,166
216,213,213,213,213,214,214,214,214,214,214
271,271,271,271,271,271,271,271,271,271,271
330,327,327,327,327,327,327,327,327,327,327
391,391,391,391,391,391,391,391,391,391,391
454,451,451,451,452,452,452,452,452,452,452
519,519,519,519,519,519,519,519,519,519,519
583,580,580,580,580,580,580,580,580,580,580
646,646,646,646,646,646,646,646,646,646,646
706,704,704,704,704,704,704,704,704,704,704
764,764,764,764,764,764,764,764,764,764,764
818,815,815,815,815,815,815,815,815,816,816
867,867,867,867,867,867,867,867,867,867,867
910,907,907,908,908,908,908,908,908,908,908
947,947,947,947,947,947,947,947,947,947,947
978,975,975,975,975,975,975,975,975,975,975
1001,1001,1001,1001,1001,1001,1001,1001,1001,1001,1001
1016,1013,1013,1013,1013,1013,1013,1013,1013,1013,1013
1023,1023,1023,1023,1023,1023,1023,1023,1023,1023,1023
1022,1019,1019,1019,1019,1019,1019,1019,1019,1019,1019
1013,1013,1013,1013,1013,1013,1013,1013,1013,1013,1013
996,993,993,993,993,993,993,993,993,993,993
972,972,972,972,972,972,972,972,972,972,972
940,937,937,937,937,937,937,937,937,937,937
902,902,902,902,902,902,902,902,902,902,902
857,854,854,854,854,854,854,854,854,853,853
807,807,807,807,807,807,807,807,807,807,807
752,749,749,749,749,749,749,749,749,749,749
694,694,694,694,694,694,694,694,694,694,694
632,629,629,629,629,629,629,629,629,629,628
569,569,569,569,569,569,569,569,569,569,569
505,502,501,501,501,501,501,501,501,501,501
440,440,440,440,440,440,440,440,440,440,440
378,374,374,374,374,374,374,374,374,374,374
317,317,317,317,317,317,317,317,317,317,317
259,256,256,256,256,256,255,255,255,255,255
205,205,205,205,205,205,205,205,205,205,205
156,153,153,153,153,153,153,153,153,153,153
113,113,113,113,113,113,113,113,113,113,113
76,73,72,72,72,72,72,72,72,72,72
45,45,45,45,45,45,45,45,45,45,45
22,19,19,19,19,19,19,19,19,19,19
7,7,7,7,7,7,7,7,7,7,7
0,0,0,0,0,0,0,0,0,0,0
1,1,1,1,1,1,1,1,1,1,1
10,7,7,7,7,7,7,7,7,7,7
27,27,27,27,27,27,27,27,27,27,27
51,48,48,48,48,48,48,48,48,48,48
83,83,83,83,83,83,83,83,83,83,83
121,118,118,119,119,119,119,119,119,119,119
166,166,166,166,166,166,166,166,166,166,166
216,213,213,213,213,213,213,213,214,214,214
271,271,271,271,271,271,271,271,271,271,271
329,326,326,327,327,327,327,327,327,327,327
391,391,391,391,391,391,391,391,391,391,391
454,451,451,451,451,451,451,452,452,452,452
518,518,518,518,518,518,518,518,518,518,518
582,579,580,580,580,580,580,580,580,580,580
645,645,645,645,645,645,645,645,645,645,645
706,703,703,703,704,704,704,704,704,704,704
764,764,764,764,764,764,764,764,764,764,764
818,815,815,815,815,815,815,815,815,815,815
867,867,867,867,867,867,867,867,867,867,867
910,907,907,907,907,907,908,908,908,908,908
947,947,947,947,947,947,947,947,947,947,947
978,975,975,975,975,975,975,975,975,975,975
1000,1000,1000,1000,1000,1000,1000,1000,1000,1000,1000
1016,1013,1013,1013,1013,1013,1013,1013,1013,1013,1013
1023,1023,1023,1023,1023,1023,1023,1023,1023,1023,1023
1022,1019,1019,1019,1019,1019,1019,1019,1019,1019,1019
1013,1013,1013,1013,1013,1013,1013,1013,1013,1013,1013
996,993,993,993,993,993,993,993,993,993,993
972,972,972,972,972,972,972,972,972,972,972
940,937,937,937,937,937,937,937,937,937,937
902,902,902,902,902,902,902,902,902,902,902
857,854,854,854,854,854,854,854,854,854,854
807,807,807,807,807,807,807,807,807,807,807
752,749,749,749,749,749,749,749,749,749,749
694,694,694,694,694,694,694,694,694,694,694
632,629,629,629,629,629,629,629,629,629,629
569,569,569,569,569,569,569,569,569,569,569
505,502,502,502,502,501,501,501,501,501,501
441,441,441,441,441,441,441,441,441,441,441
378,375,375,375,374,374,374,374,374,374,374
317,317,317,317,317,317,317,317,317,317,317
259,256,256,256,256,256,256,256,256,255,255
205,205,205,205,205,205,205,205,205,205,205
156,153,153,153,153,153,153,153,153,153,153
113,113,113,113,113,113,113,113,113,113,113
76,73,73,73,73,72,72,72,72,72,72
45,45,45,45,45,45,45,45,45,45,45
23,20,20,19,19,19,19,19,19,19,19
7,7,7,7,7,7,7,7,7,7,7
0,0,0,0,0,0,0,0,0,0,0
1,1,1,1,1,1,1,1,1,1,1
10,7,7,7,7,7,7,7,7,7,7
27,27,27,27,27,27,27,27,27,27,27
51,48,48,48,48,48,48,48,48,48,48
83,83,83,83,83,83,83,83,83,83,83
121,118,118,118,118,118,119,119,119,119,119
166,166,166,166,166,166,166,166,166,166,166
216,213,213,213,213,213,213,213,213,213,213
271,271,271,271,271,271,271,271,271,271,271
329,326,326,326,326,326,327,327,327,327,327
391,391,391,391,391,391,391,391,391,391,391
454,451,451,451,451,451,451,451,451,451,452
518,518,518,518,518,518,518,518,518,518,518
582,579,579,579,579,580,580,580,580,580,580
645,645,645,645,645,645,645,645,645,645,645
706,703,703,703,703,703,703,704,704,704,704
764,764,764,764,764,764,764,764,764,764,764
818,815,815,815,815,815,815,815,815,815,815
867,867,867,867,867,867,867,867,867,867,867
910,907,907,907,907,907,907,907,907,908,908
947,947,947,947,947,947,947,947,947,947,947
978,975,975,975,975,975,975,975,975,975,975
1000,1000,1000,1000,1000,1000,1000,1000,1000,1000,1000
1016,1013,1013,1013,1013,1013,1013,1013,1013,1013,1013
1023,1023,1023,1023,1023,1023,1023,1023,1023,1023,1023
1022,1019,1019,1019,1019,1019,1019,1019,1019,1019,1019
1013,1013,1013,1013,1013,1013,1013,1013,1013,1013,1013
996,993,993,993,993,993,993,993,993,993,993
972,972,972,972,972,972,972,972,972,972,972
940,937,937,937,937,937,937,937,937,937,937
902,902,902,902,902,902,902,902,902,902,902
857,854,854,854,854,854,854,854,854,854,854
807,807,807,807,807,807,807,807,807,807,807
752,749,749,749,749,749,749,749,749,749,749
694,694,694,694,694,694,694,694,694,694,694
633,629,629,629,629,629,629,629,629,629,629
569,569,569,569,569,569,569,569,569,569,569
505,502,502,502,502,502,502,502,501,501,501
441,441,441,441,441,441,441,441,441,441,441
378,375,375,375,375,375,375,374,374,374,374
317,317,317,317,317,317,317,317,317,317,317
259,256,256,256,256,256,256,256,256,256,256
205,205,205,205,205,205,205,205,205,205,205
156,153,153,153,153,153,153,153,153,153,153
113,113,113,113,113,113,113,113,113,113,113
76,73,73,73,73,73,73,73,72,72,72
46,46,46,46,46,46,46,46,46,46,46
23,20,20,20,20,20,19,19,19,19,19
7,7,7,7,7,7,7,7,7,7,7
0,0,0,0,0,0,0,0,0,0,0
1,1,1,1,1,1,1,1,1,1,1
10,7,7,7,7,7,7,7,7,7,7
27,27,27,27,27,27,27,27,27,27,27
51,48,48,48,48,48,48,48,48,48,48
83,83,83,83,83,83,83,83,83,83,83
121,118,118,118,118,118,118,118,118,119,119
166,166,166,166,166,166,166,166,166,166,166
216,213,213,213,213,213,213,213,213,213,213
270,270,270,270,270,270,270,270,270,270,270
329,326,326,326,326,326,326,326,326,327,327
390,390,390,390,390,390,390,390,390,390,390
454,451,451,451,451,451,451,451,451,451,451
518,518,518,518,518,518,518,518,518,518,518
582,579,579,579,579,579,579,579,580,580,580
645,645,645,645,645,645,645,645,645,645,645
706,703,703,703,703,703,703,703,703,703,704
764,764,764,764,764,764,764,764,764,764,764
818,815,815,815,815,815,815,815,815,815,815
867,867,867,867,867,867,867,867,867,867,867
910,907,907,907,907,907,907,907,907,907,907
947,947,947,947,947,947,947,947,947,947,947
977,974,975,975,975,975,975,975,975,975,975
1000,1000,1000,1000,1000,1000,1000,1000,1000,1000,1000
1016,1013,1013,1013,1013,1013,1013,1013,1013,1013,1013
1023,1023,1023,1023,1023,1023,1023,1023,1023,1023,1023
1022,1019,1019,1019,1019,1019,1019,1019,1019,1019,1019
1013,1013,1013,1013,1013,1013,1013,1013,1013,1013,1013
996,993,993,993,993,993,993,993,993,993,993
972,972,972,972,972,972,972,972,972,972,972
940,937,937,937,937,937,937,937,937,937,937
902,902,902,902,902,902,902,902,902,902,902
857,854,854,854,854,854,854,854,854,854,854
807,807,807,807,807,807,807,807,807,807,807
753,750,749,749,749,749,749,749,749,749,749
694,694,694,694,694,694,694,694,694,694,694
633,630,630,630,629,629,629,629,629,629,629
569,569,569,569,569,569,569,569,569,569,569
505,502,502,502,502,502,502,502,502,502,502
441,441,441,441,441,441,441,441,441,441,441
378,375,375,375,375,375,375,375,375,375,374
317,317,317,317,317,317,317,317,317,317,317
259,256,256,256,256,256,256,256,256,256,256
205,205,205,205,205,205,205,205,205,205,205
156,153,153,153,153,153,153,153,153,153,153
113,113,113,113,113,113,113,113,113,113,113
76,73,73,73,73,73,73,73,73,73,73
46,46,46,46,46,46,46,46,46,46,46
23,20,20,20,20,20,20,20,20,19,19
7,7,7,7,7,7,7,7,7,7,7
0,0,0,0,0,0,0,0,0,0,0
1,1,1,1,1,1,1,1,1,1,1
10,7,7,7,7,7,7,7,7,7,7
27,27,27,27,27,27,27,27,27,27,27
51,48,48,48,48,48,48,48,48,48,48
83,83,83,83,83,83,83,83,83,83,83
121,118,118,118,118,118,118,118,118,118,118
166,166,166,166,166,166,166,166,166,166,166
216,213,213,213,213,213,213,213,213,213,213
270,270,270,270,270,270,270,270,270,270,270
329,326,326,326,326,326,326,326,326,326,326
390,390,390,390,390,390,390,390,390,390,390
454,451,451,451,451,451,451,451,451,451,451
518,518,518,518,518,518,518,518,518,518,518
582,579,579,579,579,579,579,579,579,579,579
645,645,645,645,645,645,645,645,645,645,645
706,703,703,703,703,703,703,703,703,703,703
764,764,764,764,764,764,764,764,764,764,764
817,814,815,815,815,815,815,815,815,815,815
866,866,866,866,866,866,866,866,866,866,866
910,907,907,907,907,907,907,907,907,907,907
947,947,947,947,947,947,947,947,947,947,947
977,974,974,974,974,975,975,975,975,975,975
1000,1000,1000,1000,1000,1000,1000,1000,1000,1000,1000
1016,1013,1013,1013,1013,1013,1013,1013,1013,1013,1013
1023,1023,1023,1023,1023,1023,1023,1023,1023,1023,1023
1022,1019,1019,1019,1019,1019,1019,1019,1019,1019,1019
1013,1013,1013,1013,1013,1013,1013,1013,1013,1013,1013
997,993,993,993,993,993,993,993,993,993,993
972,972,972,972,972,972,972,972,972,972,972
940,937,937,937,937,937,937,937,937,937,937
902,902,902,902,902,902,902,902,902,902,902
857,854,854,854,854,854,854,854,854,854,854
807,807,807,807,807,807,807,807,807,807,807
753,750,750,750,750,749,749,749,749,749,749
694,694,694,694,694,694,694,694,694,694,694
633,630,630,630,630,630,630,629,629,629,629
570,570,570,570,570,570,570,570,570,570,570
505,502,502,502,502,502,502,502,502,502,502
441,441,441,441,441,441,441,441,441,441,441
378,375,375,375,375,375,375,375,375,375,375
317,317,317,317,317,317,317,317,317,317,317
260,256,256,256,256,256,256,256,256,256,256
206,206,206,206,206,206,206,206,206,206,206
157,154,154,153,153,153,153,153,153,153,153
113,113,113,113,113,113,113,113,113,113,113
76,73,73,73,73,73,73,73,73,73,73
46,46,46,46,46,46,46,46,46,46,46
23,20,20,20,20,20,20,20,20,20,20
7,7,7,7,7,7,7,7,7,7,7
0,0,0,0,0,0,0,0,0,0,0
1,1,1,1,1,1,1,1,1,1,1
10,7,7,7,7,7,7,7,7,7,7
26,26,26,26,26,26,26,26,26,26,26
51,48,48,48,48,48,48,48,48,48,48
82,82,82,82,82,82,82,82,82,82,82
121,118,118,118,118,118,118,118,118,118,118
165,165,165,165,165,165,165,165,165,165,165
215,213,213,213,213,213,213,213,213,213,213
270,270,270,270,270,270,270,270,270,270,270
329,326,326,326,326,326,326,326,326,326,326
390,390,390,390,390,390,390,390,390,390,390
453,450,450,451,451,451,451,451,451,451,451
518,518,518,518,518,518,518,518,518,518,518
582,579,579,579,579,579,579,579,579,579,579
645,645,645,645,645,645,645,645,645,645,645
706,703,703,703,703,703,703,703,703,703,703
763,763,763,763,763,763,763,763,763,763,763
817,814,814,814,814,815,815,815,815,815,815
866,866,866,866,866,866,866,866,866,866,866
910,907,907,907,907,907,907,907,907,907,907
947,947,947,947,947,947,947,947,947,947,947
977,974,974,974,974,974,974,974,975,975,975
1000,1000,1000,1000,1000,1000,1000,1000,1000,1000,1000
1016,1013,1013,1013,1013,1013,1013,1013,1013,1013,1013
1023,1023,1023,1023,1023,1023,1023,1023,1023,1023,1023
1022,1019,1019,1019,1019,1019,1019,1019,1019,1019,1019
1013,1013,1013,1013,1013,1013,1013,1013,1013,1013,1013
997,994,994,994,993,993,993,993,993,993,993
972,972,972,972,972,972,972,972,972,972,972
941,938,938,937,937,937,937,937,937,937,937
902,902,902,902,902,902,902,902,902,902,902
858,855,855,854,854,854,854,854,854,854,854
808,808,808,808,808,808,808,808,808,808,808
753,750,750,750,750,750,750,750,749,749,749
694,694,694,694,694,694,694,694,694,694,694
633,630,630,630,630,630,630,630,630,630,629
570,570,570,570,570,570,570,570,570,570,570
506,503,502,502,502,502,502,502,502,502,502
441,441,441,441,441,441,441,441,441,441,441
378,375,375,375,375,375,375,375,375,375,375
318,318,318,318,318,318,318,318,318,318,318
260,257,257,257,256,256,256,256,256,256,256
206,206,206,206,206,206,206,206,206,206,206
157,154,154,154,154,154,153,153,153,153,153
113,113,113,113,113,113,113,113,113,113,113
76,73,73,73,73,73,73,73,73,73,73
46,46,46,46,46,46,46,46,46,46,46
23,20,20,20,20,20,20,20,20,20,20
8,8,8,8,8,8,8,8,8,8,8
0,0,0,0,0,0,0,0,0,0,0
1,1,1,1,1,1,1,1,1,1,1
10,7,7,7,7,7,7,7,7,7,7
26,26,26,26,26,26,26,26,26,26,26
51,48,48,48,48,48,48,48,48,48,48
82,82,82,82,82,82,82,82,82,82,82
121,118,118,118,118,118,118,118,118,118,118
165,165,165,165,165,165,165,165,165,165,165
215,212,212,212,213,213,213,213,213,213,213
270,270,270,270,270,270,270,270,270,270,270
328,326,326,326,326,326,326,326,326,326,326
390,390,390,390,390,390,390,390,390,390,390
453,450,450,450,450,450,450,451,451,451,451
517,517,517,517,517,517,517,517,517,517,517
581,579,579,579,579,579,579,579,579,579,579
644,644,644,644,644,644,644,644,644,644,644
705,702,702,703,703,703,703,703,703,703,703
763,763,763,763,763,763,763,763,763,763,763
817,814,814,814,814,814,814,814,815,815,815
866,866,866,866,866,866,866,866,866,866,866
910,907,907,907,907,907,907,907,907,907,907
947,947,947,947,947,947,947,947,947,947,947
977,974,974,974,974,974,974,974,974,974,974
1000,1000,1000,1000,1000,1000,1000,1000,1000,1000,1000
1015,1012,1013,1013,1013,1013,1013,1013,1013,1013,1013
1023,1023,1023,1023,1023,1023,1023,1023,1023,1023,1023
1022,1019,1019,1019,1019,1019,1019,1019,1019,1019,1019
1013,1013,1013,1013,1013,1013,1013,1013,1013,1013,1013
997,994,994,994,994,994,994,993,993,993,993
972,972,972,972,972,972,972,972,972,972,972
941,938,938,938,938,938,937,937,937,937,937
902,902,902,902,902,902,902,902,902,902,902
858,855,855,855,855,855,854,854,854,854,854
808,808,808,808,808,808,808,808,808,808,808
753,750,750,750,750,750,750,750,750,750,750
695,695,695,695,695,695,695,695,695,695,695
633,630,630,630,630,630,630,630,630,630,630
570,570,570,570,570,570,570,570,570,570,570
506,503,503,503,503,502,502,502,502,502,502
442,442,442,442,442,442,442,442,442,442,442
379,376,376,375,375,375,375,375,375,375,375
318,318,318,318,318,318,318,318,318,318,318
260,257,257,257,257,257,257,256,256,256,256
206,206,206,206,206,206,206,206,206,206,206
157,154,154,154,154,154,154,154,154,153,153
113,113,113,113,113,113,113,113,113,113,113
76,73,73,73,73,73,73,73,73,73,73
46,46,46,46,46,46,46,46,46,46,46
23,20,20,20,20,20,20,20,20,20,20
8,8,8,8,8,8,8,8,8,8,8
0,0,0,0,0,0,0,0,0,0,0
1,1,1,1,1,1,1,1,1,1,1
10,7,7,7,7,7,7,7,7,7,7
26,26,26,26,26,26,26,26,26,26,26
51,48,48,48,48,48,48,48,48,48,48
82,82,82,82,82,82,82,82,82,82,82
121,118,118,118,118,118,118,118,118,118,118
165,165,165,165,165,165,165,165,165,165,165
215,212,212,212,212,212,212,213,213,213,213
270,270,270,270,270,270,270,270,270,270,270
328,325,325,325,326,326,326,326,326,326,326
390,390,390,390,390,390,390,390,390,390,390
453,450,450,450,450,450,450,450,450,450,451
517,517,517,517,517,517,517,517,517,517,517
581,578,578,578,579,579,579,579,579,579,579
644,644,644,644,644,644,644,644,644,644,644
705,702,702,702,702,702,703,703,703,703,703
763,763,763,763,763,763,763,763,763,763,763
817,814,814,814,814,814,814,814,814,814,814
866,866,866,866,866,866,866,866,866,866,866
910,907,907,907,907,907,907,907,907,907,907
947,947,947,947,947,947,947,947,947,947,947
977,974,974,974,974,974,974,974,974,974,974
1000,1000,1000,1000,1000,1000,1000,1000,1000,1000,1000
1015,1012,1012,1012,1012,1013,1013,1013,1013,1013,1013
1023,1023,1023,1023,1023,1023,1023,1023,1023,1023,1023
1022,1019,1019,1019,1019,1019,1019,1019,1019,1019,1019
1013,1013,1013,1013,1013,1013,1013,1013,1013,1013,1013
997,994,994,994,994,994,994,994,994,994,993
972,972,972,972,972,972,972,972,972,972,972
941,938,938,938,938,938,938,938,938,937,937
902,902,902,902,902,902,902,902,902,902,902
858,855,855,855,855,855,855,855,855,854,854
808,808,808,808,808,808,808,808,808,808,808
753,750,750,750,750,750,750,750,750,750,750
695,695,695,695,695,695,695,695,695,695,695
633,630,630,630,630,630,630,630,630,630,630
570,570,570,570,570,570,570,570,570,570,570
506,503,503,503,503,503,503,503,502,502,502
442,442,442,442,442,442,442,442,442,442,442
379,376,376,376,376,376,375,375,375,375,375
318,318,318,318,318,318,318,318,318,318,318
260,257,257,257,257,257,257,257,257,257,256
206,206,206,206,206,206,206,206,206,206,206
157,154,154,154,154,154,154,154,154,154,154
114,114,114,114,114,114,114,114,114,114,114
76,73,73,73,73,73,73,73,73,73,73
46,46,46,46,46,46,46,46,46,46,46
23,20,20,20,20,20,20,20,20,20,20
8,8,8,8,8,8,8,8,8,8,8
0,0,0,0,0,0,0,0,0,0,0
1,1,1,1,1,1,1,1,1,1,1
10,7,7,7,7,7,7,7,7,7,7
26,26,26,26,26,26,26,26,26,26,26
51,48,48,48,48,48,48,48,48,48,48
82,82,82,82,82,82,82,82,82,82,82
120,118,118,118,118,118,118,118,118,118,118
165,165,165,165,165,165,165,165,165,165,165
215,212,212,212,212,212,212,212,212,212,213
270,270,270,270,270,270,270,270,270,270,270
328,325,325,325,325,325,325,326,326,326,326
389,389,389,389,389,389,389,389,389,389,389
453,450,450,450,450,450,450,450,450,450,450
517,517,517,517,517,517,517,517,517,517,517
581,578,578,578,578,578,578,578,579,579,579
644,644,644,644,644,644,644,644,644,644,644
705,702,702,702,702,702,702,702,702,703,703
763,763,763,763,763,763,763,763,763,763,763
817,814,814,814,814,814,814,814,814,814,814
866,866,866,866,866,866,866,866,866,866,866
909,906,907,907,907,907,907,907,907,907,907
947,947,947,947,947,947,947,947,947,947,947
977,974,974,974,974,974,974,974,974,974,974
1000,1000,1000,1000,1000,1000,1000,1000,1000,1000,1000
1015,1012,1012,1012,1012,1012,1012,1012,1013,1013,1013
1023,1023,1023,1023,1023,1023,1023,1023,1023,1023,1023
1022,1019,1019,1019,1019,1019,1019,1019,1019,1019,1019
1013,1013,1013,1013,1013,1013,1013,1013,1013,1013,1013
997,994,994,994,994,994,994,994,994,994,994
972,972,972,972,972,972,972,972,972,972,972
941,938,938,938,938,938,938,938,938,938,938
903,903,903,903,903,903,903,903,903,903,903
858,855,855,855,855,855,855,855,855,855,855
808,808,808,808,808,808,808,808,808,808,808
753,750,750,750,750,750,750,750,750,750,750
695,695,695,695,695,695,695,695,695,695,695
634,631,631,630,630,630,630,630,630,630,630
570,570,570,570,570,570,570,570,570,570,570
506,503,503,503,503,503,503,503,503,503,503
442,442,442,442,442,442,442,442,442,442,442
379,376,376,376,376,376,376,376,376,375,375
318,318,318,318,318,318,318,318,318,318,318
260,257,257,257,257,257,257,257,257,257,257
206,206,206,206,206,206,206,206,206,206,206
157,154,154,154,154,154,154,154,154,154,154
114,114,114,114,114,114,114,114,114,114,114
76,73,73,73,73,73,73,73,73,73,73
46,46,46,46,46,46,46,46,46,46,46
23,20,20,20,20,20,20,20,20,20,20
8,8,8,8,8,8,8,8,8,8,8
0,0,0,0,0,0,0,0,0,0,0
1,1,1,1,1,1,1,1,1,1,1
10,7,7,7,7,7,7,7,7,7,7
26,26,26,26,26,26,26,26,26,26,26
50,48,48,48,48,48,48,48,48,48,48
82,82,82,82,82,82,82,82,82,82,82
120,117,117,117,118,118,118,118,118,118,118
165,165,165,165,165,165,165,165,165,165,165
215,212,212,212,212,212,212,212,212,212,212
269,269,269,269,269,269,269,269,269,269,269
328,325,325,325,325,325,325,325,325,325,326
389,389,389,389,389,389,389,389,389,389,389
453,450,450,450,450,450,450,450,450,450,450
517,517,517,517,517,517,517,517,517,517,517
581,578,578,578,578,578,578,578,578,578,578
644,644,644,644,644,644,644,644,644,644,644
705,702,702,702,702,702,702,702,702,702,702
763,763,763,763,763,763,763,763,763,763,763
817,814,814,814,814,814,814,814,814,814,814
866,866,866,866,866,866,866,866,866,866,866
909,906,906,906,906,907,907,907,907,907,907
947,947,947,947,947,947,947,947,947,947,947
977,974,974,974,974,974,974,974,974,974,974
1000,1000,1000,1000,1000,1000,1000,1000,1000,1000,1000
1015,1012,1012,1012,1012,1012,1012,1012,1012,1012,1012
1023,1023,1023,1023,1023,1023,1023,1023,1023,1023,1023
1022,1019,1019,1019,1019,1019,1019,1019,1019,1019,1019
1013,1013,1013,1013,1013,1013,1013,1013,1013,1013,1013
997,994,994,994,994,994,994,994,994,994,994
973,973,973,973,973,973,973,973,973,973,973
941,938,938,938,938,938,938,938,938,938,938
903,903,903,903,903,903,903,903,903,903,903
858,855,855,855,855,855,855,855,855,855,855
808,808,808,808,808,808,808,808,808,808,808
754,751,751,750,750,750,750,750,750,750,750
695,695,695,695,695,695,695,695,695,695,695
634,631,631,631,631,631,630,630,630,630,630
571,571,571,571,571,571,571,571,571,571,571
506,503,503,503,503,503,503,503,503,503,503
442,442,442,442,442,442,442,442,442,442,442
379,376,376,376,376,376,376,376,376,376,376
318,318,318,318,318,318,318,318,318,318,318
260,257,257,257,257,257,257,257,257,257,257
206,206,206,206,206,206,206,206,206,206,206
157,154,154,154,154,154,154,154,154,154,154
114,114,114,114,114,114,114,114,114,114,114
76,73,73,73,73,73,73,73,73,73,73
46,46,46,46,46,46,46,46,46,46,46
23,20,20,20,20,20,20,20,20,20,20
8,8,8,8,8,8,8,8,8,8,8
0,0,0,0,0,0,0,0,0,0,0
1,1,1,1,1,1,1,1,1,1,1
10,7,7,7,7,7,7,7,7,7,7
26,26,26,26,26,26,26,26,26,26,26
50,47,47,47,48,48,48,48,48,48,48
82,82,82,82,82,82,82,82,82,82,82
120,117,117,117,117,117,117,118,118,118,118
165,165,165,165,165,165,165,165,165,165,165
215,212,212,212,212,212,212,212,212,212,212
269,269,269,269,269,269,269,269,269,269,269
328,325,325,325,325,325,325,325,325,325,325
389,389,389,389,389,389,389,389,389,389,389
452,449,449,450,450,450,450,450,450,450,450
517,517,517,517,517,517,517,517,517,517,517
581,578,578,578,578,578,578,578,578,578,578
644,644,644,644,644,644,644,644,644,644,644
705,702,702,702,702,702,702,702,702,702,702
763,763,763,763,763,763,763,763,763,763,763
816,814,814,814,814,814,814,814,814,814,814
866,866,866,866,866,866,866,866,866,866,866
909,906,906,906,906,906,906,906,907,907,907
946,946,946,946,946,946,946,946,946,946,946
977,974,974,974,974,974,974,974,974,974,974
1000,1000,1000,1000,1000,1000,1000,1000,1000,1000,1000
1015,1012,1012,1012,1012,1012,1012,1012,1012,1012,1012
1023,1023,1023,1023,1023,1023,1023,1023,1023,1023,1023
1022,1019,1019,1019,1019,1019,1019,1019,1019,1019,1019
1013,1013,1013,1013,1013,1013,1013,1013,1013,1013,1013
997,994,994,994,994,994,994,994,994,994,994
973,973,973,973,973,973,973,973,973,973,973
941,938,938,938,938,938,938,938,938,938,938
903,903,903,903,903,903,903,903,903,903,903
858,855,855,855,855,855,855,855,855,855,855
808,808,808,808,808,808,808,808,808,808,808
754,751,751,751,751,751,750,750,750,750,750
695,695,695,695,695,695,695,695,695,695,695
634,631,631,631,631,631,631,631,631,630,630
571,571,571,571,571,571,571,571,571,571,571
507,503,503,503,503,503,503,503,503,503,503
442,442,442,442,442,442,442,442,442,442,442
379,376,376,376,376,376,376,376,376,376,376
318,318,318,318,318,318,318,318,318,318,318
261,257,257,257,257,257,257,257,257,257,257
207,207,207,207,207,207,207,207,207,207,207
157,154,154,154,154,154,154,154,154,154,154
114,114,114,114,114,114,114,114,114,114,114
77,74,74,73,73,73,73,73,73,73,73
46,46,46,46,46,46,46,46,46,46,46
23,20,20,20,20,20,20,20,20,20,20
8,8,8,8,8,8,8,8,8,8,8
0,0,0,0,0,0,0,0,0,0,0
1,1,1,1,1,1,1,1,1,1,1
10,7,7,7,7,7,7,7,7,7,7
26,26,26,26,26,26,26,26,26,26,26
50,47,47,47,47,47,47,48,48,48,48
82,82,82,82,82,82,82,82,82,82,82
120,117,117,117,117,117,117,117,117,117,118
165,165,165,165,165,165,165,165,165,165,165
215,212,212,212,212,212,212,212,212,212,212
269,269,269,269,269,269,269,269,269,269,269
328,325,325,325,325,325,325,325,325,325,325
389,389,389,389,389,389,389,389,389,389,389
452,449,449,449,449,449,450,450,450,450,450
516,516,516,516,516,516,516,516,516,516,516
580,578,578,578,578,578,578,578,578,578,578
644,644,644,644,644,644,644,644,644,644,644
704,702,702,702,702,702,702,702,702,702,702
762,762,762,762,762,762,762,762,762,762,762
816,813,813,813,814,814,814,814,814,814,814
865,865,865,865,865,865,865,865,865,865,865
909,906,906,906,906,906,906,906,906,906,906
946,946,946,946,946,946,946,946,946,946,946
977,974,974,974,974,974,974,974,974,974,974
1000,1000,1000,1000,1000,1000,1000,1000,1000,1000,1000
1015,1012,1012,1012,1012,1012,1012,1012,1012,1012,1012
1023,1023,1023,1023,1023,1023,1023,1023,1023,1023,1023
1022,1019,1019,1019,1019,1019,1019,1019,1019,1019,1019
1014,1014,1014,1014,1014,1014,1014,1014,1014,1014,1014
997,994,994,994,994,994,994,994,994,994,994
973,973,973,973,973,973,973,973,973,973,973
941,938,938,938,938,938,938,938,938,938,938
903,903,903,903,903,903,903,903,903,903,903
858,855,855,855,855,855,855,855,855,855,855
809,809,809,809,809,809,809,809,809,809,809
754,751,751,751,751,751,751,751,751,750,750
696,696,696,696,696,696,696,696,696,696,696
634,631,631,631,631,631,631,631,631,631,631
571,571,571,571,571,571,571,571,571,571,571
507,504,504,504,503,503,503,503,503,503,503
443,443,443,443,443,443,443,443,443,443,443
380,377,376,376,376,376,376,376,376,376,376
319,319,319,319,319,319,319,319,319,319,319
261,258,258,258,257,257,257,257,257,257,257
207,207,207,207,207,207,207,207,207,207,207
158,155,154,154,154,154,154,154,154,154,154
114,114,114,114,114,114,114,114,114,114,114
77,74,74,74,74,74,73,73,73,73,73
46,46,46,46,46,46,46,46,46,46,46
23,20,20,20,20,20,20,20,20,20,20
8,8,8,8,8,8,8,8,8,8,8
0,0,0,0,0,0,0,0,0,0,0
1,1,1,1,1,1,1,1,1,1,1
9,6,6,7,7,7,7,7,7,7,7
26,26,26,26,26,26,26,26,26,26,26
50,47,47,47,47,47,47,47,47,47,48
82,82,82,82,82,82,82,82,82,82,82
120,117,117,117,117,117,117,117,117,117,117
164,164,164,164,164,164,164,164,164,164,164
214,211,211,211,212,212,212,212,212,212,212
269,269,269,269,269,269,269,269,269,269,269
327,324,324,325,325,325,325,325,325,325,325
389,389,389,389,389,389,389,389,389,389,389
452,449,449,449,449,449,449,449,449,450,450
516,516,516,516,516,516,516,516,516,516,516
580,577,577,577,578,578,578,578,578,578,578
643,643,643,643,643,643,643,643,643,643,643
704,701,701,701,702,702,702,702,702,702,702
762,762,762,762,762,762,762,762,762,762,762
816,813,813,813,813,813,813,814,814,814,814
865,865,865,865,865,865,865,865,865,865,865
909,906,906,906,906,906,906,906,906,906,906
946,946,946,946,946,946,946,946,946,946,946
977,974,974,974,974,974,974,974,974,974,974
1000,1000,1000,1000,1000,1000,1000,1000,1000,1000,1000
1015,1012,1012,1012,1012,1012,1012,1012,1012,1012,1012
1023,1023,1023,1023,1023,1023,1023,1023,1023,1023,1023
1022,1019,1019,1019,1019,1019,1019,1019,1019,1019,1019
1014,1014,1014,1014,1014,1014,1014,1014,1014,1014,1014
997,994,994,994,994,994,994,994,994,994,994
973,973,973,973,973,973,973,973,973,973,973
941,938,938,938,938,938,938,938,938,938,938
903,903,903,903,903,903,903,903,903,903,903
859,856,856,856,855,855,855,855,855,855,855
809,809,809,809,809,809,809,809,809,809,809
754,751,751,751,751,751,751,751,751,751,751
696,696,696,696,696,696,696,696,696,696,696
634,631,631,631,631,631,631,631,631,631,631
571,571,571,571,571,571,571,571,571,571,571
507,504,504,504,504,504,504,504,503,503,503
443,443,443,443,443,443,443,443,443,443,443
380,377,377,377,377,376,376,376,376,376,376
319,319,319,319,319,319,319,319,319,319,319
261,258,258,258,258,258,258,257,257,257,257
207,207,207,207,207,207,207,207,207,207,207
158,155,155,155,155,154,154,154,154,154,154
114,114,114,114,114,114,114,114,114,114,114
77,74,74,74,74,74,74,74,74,73,73
46,46,46,46,46,46,46,46,46,46,46
23,20,20,20,20,20,20,20,20,20,20
8,8,8,8,8,8,8,8,8,8,8
0,0,0,0,0,0,0,0,0,0,0
1,1,1,1,1,1,1,1,1,1,1
9,6,6,6,6,6,7,7,7,7,7
26,26,26,26,26,26,26,26,26,26,26
50,47,47,47,47,47,47,47,47,47,47
82,82,82,82,82,82,82,82,82,82,82
120,117,117,117,117,117,117,117,117,117,117
164,164,164,164,164,164,164,164,164,164,164
214,211,211,211,211,211,211,212,212,212,212
269,269,269,269,269,269,269,269,269,269,269
327,324,324,324,324,324,325,325,325,325,325
388,388,388,388,388,388,388,388,388,388,388
452,449,449,449,449,449,449,449,449,449,449
516,516,516,516,516,516,516,516,516,516,516
580,577,577,577,577,577,577,578,578,578,578
643,643,643,643,643,643,643,643,643,643,643
704,701,701,701,701,701,701,702,702,702,702
762,762,762,762,762,762,762,762,762,762,762
816,813,813,813,813,813,813,813,813,813,814
865,865,865,865,865,865,865,865,865,865,865
909,906,906,906,906,906,906,906,906,906,906
946,946,946,946,946,946,946,946,946,946,946
977,974,974,974,974,974,974,974,974,974,974
1000,1000,1000,1000,1000,1000,1000,1000,1000,1000,1000
1015,1012,1012,1012,1012,1012,1012,1012,1012,1012,1012
1023,1023,1023,1023,1023,1023,1023,1023,1023,1023,1023
1022,1019,1019,1019,1019,1019,1019,1019,1019,1019,1019
1014,1014,1014,1014,1014,1014,1014,1014,1014,1014,1014
997,994,994,994,994,994,994,994,994,994,994
973,973,973,973,973,973,973,973,973,973,973
941,938,938,938,938,938,938,938,938,938,938
903,903,903,903,903,903,903,903,903,903,903
859,856,856,856,856,856,856,855,855,855,855
809,809,809,809,809,809,809,809,809,809,809
754,751,751,751,751,751,751,751,751,751,751
696,696,696,696,696,696,696,696,696,696,696
635,632,631,631,631,631,631,631,631,631,631
571,571,571,571,571,571,571,571,571,571,571
507,504,504,504,504,504,504,504,504,504,504
443,443,443,443,443,443,443,443,443,443,443
380,377,377,377,377,377,377,377,376,376,376
319,319,319,319,319,319,319,319,319,319,319
261,258,258,258,258,258,258,258,258,258,257
207,207,207,207,207,207,207,207,207,207,207
158,155,155,155,155,155,155,155,154,154,154
114,114,114,114,114,114,114,114,114,114,114
77,74,74,74,74,74,74,74,74,74,74
46,46,46,46,46,46,46,46,46,46,46
23,20,20,20,20,20,20,20,20,20,20
8,8,8,8,8,8,8,8,8,8,8
0,0,0,0,0,0,0,0,0,0,0
1,1,1,1,1,1,1,1,1,1,1
9,6,6,6,6,6,6,6,6,7,7
26,26,26,26,26,26,26,26,26,26,26
50,47,47,47,47,47,47,47,47,47,47
82,82,82,82,82,82,82,82,82,82,82
120,117,117,117,117,117,117,117,117,117,117
164,164,164,164,164,164,164,164,164,164,164
214,211,211,211,211,211,211,211,211,211,212
269,269,269,269,269,269,269,269,269,269,269
327,324,324,324,324,324,324,324,324,325,325
388,388,388,388,388,388,388,388,388,388,388
452,449,449,449,449,449,449,449,449,449,449
516,516,516,516,516,516,516,516,516,516,516
580,577,577,577,577,577,577,577,577,577,578
643,643,643,643,643,643,643,643,643,643,643
704,701,701,701,701,701,701,701,701,701,702
762,762,762,762,762,762,762,762,762,762,762
816,813,813,813,813,813,813,813,813,813,813
865,865,865,865,865,865,865,865,865,865,865
909,906,906,906,906,906,906,906,906,906,906
946,946,946,946,946,946,946,946,946,946,946
977,974,974,974,974,974,974,974,974,974,974
1000,1000,1000,1000,1000,1000,1000,1000,1000,1000,1000
1015,1012,1012,1012,1012,1012,1012,1012,1012,1012,1012
1023,1023,1023,1023,1023,1023,1023,1023,1023,1023,1023
1022,1019,1019,1019,1019,1019,1019,1019,1019,1019,1019
1014,1014,1014,1014,1014,1014,1014,1014,1014,1014,1014
997,994,994,994,994,994,994,994,994,994,994
973,973,973,973,973,973,973,973,973,973,973
942,939,938,938,938,938,938,938,938,938,938
903,903,903,903,903,903,903,903,903,903,903
859,856,856,856,856,856,856,856,856,856,855
809,809,809,809,809,809,809,809,809,809,809
754,751,751,751,751,751,751,751,751,751,751
696,696,696,696,696,696,696,696,696,696,696
635,632,632,632,632,631,631,631,631,631,631
572,572,572,572,572,572,572,572,572,572,572
507,504,504,504,504,504,504,504,504,504,504
443,443,443,443,443,443,443,443,443,443,443
380,377,377,377,377,377,377,377,377,377,377
319,319,319,319,319,319,319,319,319,319,319
261,258,258,258,258,258,258,258,258,258,258
207,207,207,207,207,207,207,207,207,207,207
158,155,155,155,155,155,155,155,155,155,155
114,114,114,114,114,114,114,114,114,114,114
77,74,74,74,74,74,74,74,74,74,74
46,46,46,46,46,46,46,46,46,46,46
23,20,20,20,20,20,20,20,20,20,20
8,8,8,8,8,8,8,8,8,8,8
0,0,0,0,0,0,0,0,0,0,0
1,1,1,1,1,1,1,1,1,1,1
9,6,6,6,6,6,6,6,6,6,6
26,26,26,26,26,26,26,26,26,26,26
50,47,47,47,47,47,47,47,47,47,47
81,81,81,81,81,81,81,81,81,81,81
120,117,117,117,117,117,117,117,117,117,117
164,164,164,164,164,164,164,164,164,164,164
214,211,211,211,211,211,211,211,211,211,211
268,268,268,268,268,268,268,268,268,268,268
327,324,324,324,324,324,324,324,324,324,324
388,388,388,388,388,388,388,388,388,388,388
451,448,448,449,449,449,449,449,449,449,449
516,516,516,516,516,516,516,516,516,516,516
580,577,577,577,577,577,577,577,577,577,577
643,643,643,643,643,643,643,643,643,643,643
704,701,701,701,701,701,701,701,701,701,701
762,762,762,762,762,762,762,762,762,762,762
816,813,813,813,813,813,813,813,813,813,813
865,865,865,865,865,865,865,865,865,865,865
909,906,906,906,906,906,906,906,906,906,906
946,946,946,946,946,946,946,946,946,946,946
976,973,974,974,974,974,974,974,974,974,974
1000,1000,1000,1000,1000,1000,1000,1000,1000,1000,1000
1015,1012,1012,1012,1012,1012,1012,1012,1012,1012,1012
1023,1023,1023,1023,1023,1023,1023,1023,1023,1023,1023
1022,1019,1019,1019,1019,1019,1019,1019,1019,1019,1019
1014,1014,1014,1014,1014,1014,1014,1014,1014,1014,1014
997,994,994,994,994,994,994,994,994,994,994
973,973,973,973,973,973,973,973,973,973,973
942,939,939,939,939,938,938,938,938,938,938
903,903,903,903,903,903,903,903,903,903,903
859,856,856,856,856,856,856,856,856,856,856
809,809,809,809,809,809,809,809,809,809,809
755,752,752,751,751,751,751,751,751,751,751
696,696,696,696,696,696,696,696,696,696,696
635,632,632,632,632,632,632,632,631,631,631
572,572,572,572,572,572,572,572,572,572,572
508,504,504,504,504,504,504,504,504,504,504
443,443,443,443,443,443,443,443,443,443,443
380,377,377,377,377,377,377,377,377,377,377
319,319,319,319,319,319,319,319,319,319,319
261,258,258,258,258,258,258,258,258,258,258
207,207,207,207,207,207,207,207,207,207,207
158,155,155,155,155,155,155,155,155,155,155
115,115,115,115,115,115,115,115,115,115,115
77,74,74,74,74,74,74,74,74,74,74
47,47,47,47,47,47,47,47,47,47,47
23,20,20,20,20,20,20,20,20,20,20
8,8,8,8,8,8,8,8,8,8,8
0,0,0,0,0,0,0,0,0,0,0
1,1,1,1,1,1,1,1,1,1,1
9,6,6,6,6,6,6,6,6,6,6
26,26,26,26,26,26,26,26,26,26,26
50,47,47,47,47,47,47,47,47,47,47
81,81,81,81,81,81,81,81,81,81,81
119,117,117,117,117,117,117,117,117,117,117
164,164,164,164,164,164,164,164,164,164,164
214,211,211,211,211,211,211,211,211,211,211
268,268,268,268,268,268,268,268,268,268,268
327,324,324,324,324,324,324,324,324,324,324
388,388,388,388,388,388,388,388,388,388,388
451,448,448,448,448,448,449,449,449,449,449
515,515,515,515,515,515,515,515,515,515,515
579,577,577,577,577,577,577,577,577,577,577
643,643,643,643,643,643,643,643,643,643,643
704,701,701,701,701,701,701,701,701,701,701
762,762,762,762,762,762,762,762,762,762,762
816,813,813,813,813,813,813,813,813,813,813
865,865,865,865,865,865,865,865,865,865,865
908,905,906,906,906,906,906,906,906,906,906
946,946,946,946,946,946,946,946,946,946,946
976,973,973,973,973,974,974,974,974,974,974
1000,1000,1000,1000,1000,1000,1000,1000,1000,1000,1000
1015,1012,1012,1012,1012,1012,1012,1012,1012,1012,1012
1023,1023,1023,1023,1023,1023,1023,1023,1023,1023,1023
1022,1019,1019,1019,1019,1019,1019,1019,1019,1019,1019
1014,1014,1014,1014,1014,1014,1014,1014,1014,1014,1014
997,994,994,994,994,994,994,994,994,994,994
973,973,973,973,973,973,973,973,973,973,973
942,939,939,939,939,939,939,939,938,938,938
904,904,904,904,904,904,904,904,904,904,904
859,856,856,856,856,856,856,856,856,856,856
809,809,809,809,809,809,809,809,809,809,809
755,752,752,752,752,752,752,751,751,751,751
696,696,696,696,696,696,696,696,696,696,696
635,632,632,632,632,632,632,632,632,632,632
572,572,572,572,572,572,572,572,572,572,572
508,505,505,505,504,504,504,504,504,504,504
444,444,444,444,444,444,444,444,444,444,444
381,377,377,377,377,377,377,377,377,377,377
320,320,320,320,320,320,320,320,320,320,320
262,259,258,258,258,258,258,258,258,258,258
208,208,208,208,208,208,208,208,208,208,208
158,155,155,155,155,155,155,155,155,155,155
115,115,115,115,115,115,115,115,115,115,115
77,74,74,74,74,74,74,74,74,74,74
47,47,47,47,47,47,47,47,47,47,47
23,20,20,20,20,20,20,20,20,20,20
8,8,8,8,8,8,8,8,8,8,8
0,0,0,0,0,0,0,0,0,0,0
1,1,1,1,1,1,1,1,1,1,1
9,6,6,6,6,6,6,6,6,6,6
26,26,26,26,26,26,26,26,26,26,26
50,47,47,47,47,47,47,47,47,47,47
81,81,81,81,81,81,81,81,81,81,81
119,116,116,116,117,117,117,117,117,117,117
164,164,164,164,164,164,164,164,164,164,164
214,211,211,211,211,211,211,211,211,211,211
268,268,268,268,268,268,268,268,268,268,268
326,324,324,324,324,324,324,324,324,324,324
388,388,388,388,388,388,388,388,388,388,388
451,448,448,448,448,448,448,448,448,449,449
515,515,515,515,515,515,515,515,515,515,515
579,576,576,576,577,577,577,577,577,577,577
642,642,642,642,642,642,642,642,642,642,642
703,700,700,701,701,701,701,701,701,701,701
761,761,761,761,761,761,761,761,761,761,761
815,812,812,813,813,813,813,813,813,813,813
865,865,865,865,865,865,865,865,865,865,865
908,905,905,905,905,906,906,906,906,906,906
946,946,946,946,946,946,946,946,946,946,946
976,973,973,973,973,973,973,973,974,974,974
1000,1000,1000,1000,1000,1000,1000,1000,1000,1000,1000
1015,1012,1012,1012,1012,1012,1012,1012,1012,1012,1012
1023,1023,1023,1023,1023,1023,1023,1023,1023,1023,1023
1022,1019,1019,1019,1019,1019,1019,1019,1019,1019,1019
1014,1014,1014,1014,1014,1014,1014,1014,1014,1014,1014
997,994,994,994,994,994,994,994,994,994,994
973,973,973,973,973,973,973,973,973,973,973
942,939,939,939,939,939,939,939,939,939,939
904,904,904,904,904,904,904,904,904,904,904
859,856,856,856,856,856,856,856,856,856,856
810,810,810,810,810,810,810,810,810,810,810
755,752,752,752,752,752,752,752,752,752,751
697,697,697,697,697,697,697,697,697,697,697
635,632,632,632,632,632,632,632,632,632,632
572,572,572,572,572,572,572,572,572,572,572
508,505,505,505,505,505,505,504,504,504,504
444,444,444,444,444,444,444,444,444,444,444
381,378,378,378,377,377,377,377,377,377,377
320,320,320,320,320,320,320,320,320,320,320
262,259,259,259,259,258,258,258,258,258,258
208,208,208,208,208,208,208,208,208,208,208
158,155,155,155,155,155,155,155,155,155,155
115,115,115,115,115,115,115,115,115,115,115
77,74,74,74,74,74,74,74,74,74,74
47,47,47,47,47,47,47,47,47,47,47
23,20,20,20,20,20,20,20,20,20,20
8,8,8,8,8,8,8,8,8,8,8
0,0,0,0,0,0,0,0,0,0,0
1,1,1,1,1,1,1,1,1,1,1
9,6,6,6,6,6,6,6,6,6,6
26,26,26,26,26,26,26,26,26,26,26
50,47,47,47,47,47,47,47,47,47,47
81,81,81,81,81,81,81,81,81,81,81
119,116,116,116,116,116,116,117,117,117,117
164,164,164,164,164,164,164,164,164,164,164
213,210,210,211,211,211,211,211,211,211,211
268,268,268,268,268,268,268,268,268,268,268
326,323,323,323,323,324,324,324,324,324,324
388,388,388,388,388,388,388,388,388,388,388
451,448,448,448,448,448,448,448,448,448,448
515,515,515,515,515,515,515,515,515,515,515
579,576,576,576,576,576,576,577,577,577,577
642,642,642,642,642,642,642,642,642,642,642
703,700,700,700,700,700,701,701,701,701,701
761,761,761,761,761,761,761,761,761,761,761
815,812,812,812,812,812,813,813,813,813,813
864,864,864,864,864,864,864,864,864,864,864
908,905,905,905,905,905,905,905,906,906,906
946,946,946,946,946,946,946,946,946,946,946
976,973,973,973,973,973,973,973,973,973,973
999,999,999,999,999,999,999,999,999,999,999
1015,1012,1012,1012,1012,1012,1012,1012,1012,1012,1012
1023,1023,1023,1023,1023,1023,1023,1023,1023,1023,1023
1022,1019,1019,1019,1019,1019,1019,1019,1019,1019,1019
1014,1014,1014,1014,1014,1014,1014,1014,1014,1014,1014
997,994,994,994,994,994,994,994,994,994,994
973,973,973,973,973,973,973,973,973,973,973
942,939,939,939,939,939,939,939,939,939,939
904,904,904,904,904,904,904,904,904,904,904
860,856,856,856,856,856,856,856,856,856,856
810,810,810,810,810,810,810,810,810,810,810
755,752,752,752,752,752,752,752,752,752,752
697,697,697,697,697,697,697,697,697,697,697
636,632,632,632,632,632,632,632,632,632,632
572,572,572,572,572,572,572,572,572,572,572
508,505,505,505,505,505,505,505,505,505,504
444,444,444,444,444,444,444,444,444,444,444
381,378,378,378,378,378,378,377,377,377,377
320,320,320,320,320,320,320,320,320,320,320
262,259,259,259,259,259,259,259,258,258,258
208,208,208,208,208,208,208,208,208,208,208
159,156,155,155,155,155,155,155,155,155,155
115,115,115,115,115,115,115,115,115,115,115
77,74,74,74,74,74,74,74,74,74,74
47,47,47,47,47,47,47,47,47,47,47
24,21,21,20,20,20,20,20,20,20,20
8,8,8,8,8,8,8,8,8,8,8
0,0,0,0,0,0,0,0,0,0,0
1,1,1,1,1,1,1,1,1,1,1
9,6,6,6,6,6,6,6,6,6,6
26,26,26,26,26,26,26,26,26,26,26
50,47,47,47,47,47,47,47,47,47,47
81,81,81,81,81,81,81,81,81,81,81
119,116,116,116,116,116,116,116,116,116,117
163,163,163,163,163,163,163,163,163,163,163
213,210,210,210,210,210,211,211,211,211,211
268,268,268,268,268,268,268,268,268,268,268
326,323,323,323,323,323,323,323,324,324,324
387,387,387,387,387,387,387,387,387,387,387
451,448,448,448,448,448,448,448,448,448,448
515,515,515,515,515,515,515,515,515,515,515
579,576,576,576,576,576,576,576,576,576,577
642,642,642,642,642,642,642,642,642,642,642
703,700,700,700,700,700,700,700,700,701,701
761,761,761,761,761,761,761,761,761,761,761
815,812,812,812,812,812,812,812,812,813,813
864,864,864,864,864,864,864,864,864,864,864
908,905,905,905,905,905,905,905,905,905,905
946,946,946,946,946,946,946,946,946,946,946
976,973,973,973,973,973,973,973,973,973,973
999,999,999,999,999,999,999,999,999,999,999
1015,1012,1012,1012,1012,1012,1012,1012,1012,1012,1012
1023,1023,1023,1023,1023,1023,1023,1023,1023,1023,1023
1022,1019,1019,1019,1019,1019,1019,1019,1019,1019,1019
1014,1014,1014,1014,1014,1014,1014,1014,1014,1014,1014
997,994,994,994,994,994,994,994,994,994,994
973,973,973,973,973,973,973,973,973,973,973
942,939,939,939,939,939,939,939,939,939,939
904,904,904,904,904,904,904,904,904,904,904
860,857,857,857,856,856,856,856,856,856,856
810,810,810,810,810,810,810,810,810,810,810
755,752,752,752,752,752,752,752,752,752,752
697,697,697,697,697,697,697,697,697,697,697
636,633,633,633,632,632,632,632,632,632,632
573,573,573,573,573,573,573,573,573,573,573
508,505,505,505,505,505,505,505,505,505,505
444,444,444,444,444,444,444,444,444,444,444
381,378,378,378,378,378,378,378,378,378,377
320,320,320,320,320,320,320,320,320,320,320
262,259,259,259,259,259,259,259,259,259,259
208,208,208,208,208,208,208,208,208,208,208
159,156,156,156,156,155,155,155,155,155,155
115,115,115,115,115,115,115,115,115,115,115
78,74,74,74,74,74,74,74,74,74,74
47,47,47,47,47,47,47,47,47,47,47
24,21,21,21,21,21,20,20,20,20,20
8,8,8,8,8,8,8,8,8,8,8
0,0,0,0,0,0,0,0,0,0,0
1,1,1,1,1,1,1,1,1,1,1
9,6,6,6,6,6,6,6,6,6,6
26,26,26,26,26,26,26,26,26,26,26
50,47,47,47,47,47,47,47,47,47,47
81,81,81,81,81,81,81,81,81,81,81
119,116,116,116,116,116,116,116,116,116,116
163,163,163,163,163,163,163,163,163,163,163
213,210,210,210,210,210,210,210,210,211,211
268,268,268,268,268,268,268,268,268,268,268
326,323,323,323,323,323,323,323,323,323,323
387,387,387,387,387,387,387,387,387,387,387
450,447,448,448,448,448,448,448,448,448,448
515,515,515,515,515,515,515,515,515,515,515
579,576,576,576,576,576,576,576,576,576,576
642,642,642,642,642,642,642,642,642,642,642
703,700,700,700,700,700,700,700,700,700,700
761,761,761,761,761,761,761,761,761,761,761
815,812,812,812,812,812,812,812,812,812,812
864,864,864,864,864,864,864,864,864,864,864
908,905,905,905,905,905,905,905,905,905,905
945,945,945,945,945,945,945,945,945,945,945
976,973,973,973,973,973,973,973,973,973,973
999,999,999,999,999,999,999,999,999,999,999
1015,1012,1012,1012,1012,1012,1012,1012,1012,1012,1012
1023,1023,1023,1023,1023,1023,1023,1023,1023,1023,1023
1022,1019,1019,1019,1019,1019,1019,1019,1019,1019,1019
1014,1014,1014,1014,1014,1014,1014,1014,1014,1014,1014
998,994,994,994,994,994,994,994,994,994,994
973,973,973,973,973,973,973,973,973,973,973
942,939,939,939,939,939,939,939,939,939,939
904,904,904,904,904,904,904,904,904,904,904
860,857,857,857,857,857,857,856,856,856,856
810,810,810,810,810,810,810,810,810,810,810
756,752,752,752,752,752,752,752,752,752,752
697,697,697,697,697,697,697,697,697,697,697
636,633,633,633,633,633,633,632,632,632,632
573,573,573,573,573,573,573,573,573,573,573
509,505,505,505,505,505,505,505,505,505,505
444,444,444,444,444,444,444,444,444,444,444
381,378,378,378,378,378,378,378,378,378,378
320,320,320,320,320,320,320,320,320,320,320
262,259,259,259,259,259,259,259,259,259,259
208,208,208,208,208,208,208,208,208,208,208
159,156,156,156,156,156,156,156,155,155,155
115,115,115,115,115,115,115,115,115,115,115
78,75,75,75,74,74,74,74,74,74,74
47,47,47,47,47,47,47,47,47,47,47
24,21,21,21,21,21,21,21,21,20,20
8,8,8,8,8,8,8,8,8,8,8
0,0,0,0,0,0,0,0,0,0,0
1,1,1,1,1,1,1,1,1,1,1
9,6,6,6,6,6,6,6,6,6,6
25,25,25,25,25,25,25,25,25,25,25
49,47,47,47,47,47,47,47,47,47,47
81,81,81,81,81,81,81,81,81,81,81
119,116,116,116,116,116,116,116,116,116,116
163,163,163,163,163,163,163,163,163,163,163
213,210,210,210,210,210,210,210,210,210,210
267,267,267,267,267,267,267,267,267,267,267
326,323,323,323,323,323,323,323,323,323,323
387,387,387,387,387,387,387,387,387,387,387
450,447,447,447,447,448,448,448,448,448,448
514,514,514,514,514,514,514,514,514,514,514
579,576,576,576,576,576,576,576,576,576,576
642,642,642,642,642,642,642,642,642,642,642
703,700,700,700,700,700,700,700,700,700,700
761,761,761,761,761,761,761,761,761,761,761
815,812,812,812,812,812,812,812,812,812,812
864,864,864,864,864,864,864,864,864,864,864
908,905,905,905,905,905,905,905,905,905,905
945,945,945,945,945,945,945,945,945,945,945
976,973,973,973,973,973,973,973,973,973,973
999,999,999,999,999,999,999,999,999,999,999
1015,1012,1012,1012,1012,1012,1012,1012,1012,1012,1012
1023,1023,1023,1023,1023,1023,1023,1023,1023,1023,1023
1022,1019,1019,1019,1019,1019,1019,1019,1019,1019,1019
1014,1014,1014,1014,1014,1014,1014,1014,1014,1014,1014
998,995,995,995,994,994,994,994,994,994,994
974,974,974,974,974,974,974,974,974,974,974
942,939,939,939,939,939,939,939,939,939,939
904,904,904,904,904,904,904,904,904,904,904
860,857,857,857,857,857,857,857,857,857,856
810,810,810,810,810,810,810,810,810,810,810
756,753,753,753,752,752,752,752,752,752,752
697,697,697,697,697,697,697,697,697,697,697
636,633,633,633,633,633,633,633,633,633,633
573,573,573,573,573,573,573,573,573,573,573
509,506,506,506,505,505,505,505,505,505,505
445,445,445,445,445,445,445,445,445,445,445
381,378,378,378,378,378,378,378,378,378,378
320,320,320,320,320,320,320,320,320,320,320
262,259,259,259,259,259,259,259,259,259,259
208,208,208,208,208,208,208,208,208,208,208
159,156,156,156,156,156,156,156,156,156,156
115,115,115,115,115,115,115,115,115,115,115
78,75,75,75,75,75,75,74,74,74,74
47,47,47,47,47,47,47,47,47,47,47
24,21,21,21,21,21,21,21,21,21,21
8,8,8,8,8,8,8,8,8,8,8
0,0,0,0,0,0,0,0,0,0,0
1,1,1,1,1,1,1,1,1,1,1
9,6,6,6,6,6,6,6,6,6,6
25,25,25,25,25,25,25,25,25,25,25
49,46,46,46,47,47,47,47,47,47,47
81,81,81,81,81,81,81,81,81,81,81
119,116,116,116,116,116,116,116,116,116,116
163,163,163,163,163,163,163,163,163,163,163
213,210,210,210,210,210,210,210,210,210,210
267,267,267,267,267,267,267,267,267,267,267
326,323,323,323,323,323,323,323,323,323,323
387,387,387,387,387,387,387,387,387,387,387
450,447,447,447,447,447,447,447,448,448,448
514,514,514,514,514,514,514,514,514,514,514
578,575,575,576,576,576,576,576,576,576,576
641,641,641,641,641,641,641,641,641,641,641
702,700,700,700,700,700,700,700,700,700,700
760,760,760,760,760,760,760,760,760,760,760
815,812,812,812,812,812,812,812,812,812,812
864,864,864,864,864,864,864,864,864,864,864
908,905,905,905,905,905,905,905,905,905,905
945,945,945,945,945,945,945,945,945,945,945
976,973,973,973,973,973,973,973,973,973,973
999,999,999,999,999,999,999,999,999,999,999
1015,1012,1012,1012,1012,1012,1012,1012,1012,1012,1012
1023,1023,1023,1023,1023,1023,1023,1023,1023,1023,1023
1022,1019,1019,1019,1019,1019,1019,1019,1019,1019,1019
1014,1014,1014,1014,1014,1014,1014,1014,1014,1014,1014
998,995,995,995,995,995,995,994,994,994,994
974,974,974,974,974,974,974,974,974,974,974
942,939,939,939,939,939,939,939,939,939,939
904,904,904,904,904,904,904,904,904,904,904
860,857,857,857,857,857,857,857,857,857,857
810,810,810,810,810,810,810,810,810,810,810
756,753,753,753,753,753,753,752,752,752,752
698,698,698,698,698,698,698,698,698,698,698
636,633,633,633,633,633,633,633,633,633,633
573,573,573,573,573,573,573,573,573,573,573
509,506,506,506,506,506,506,505,505,505,505
445,445,445,445,445,445,445,445,445,445,445
382,379,379,378,378,378,378,378,378,378,378
321,321,321,321,321,321,321,321,321,321,321
263,260,259,259,259,259,259,259,259,259,259
208,208,208,208,208,208,208,208,208,208,208
159,156,156,156,156,156,156,156,156,156,156
115,115,115,115,115,115,115,115,115,115,115
78,75,75,75,75,75,75,75,75,75,75
47,47,47,47,47,47,47,47,47,47,47
24,21,21,21,21,21,21,21,21,21,21
8,8,8,8,8,8,8,8,8,8,8
0,0,0,0,0,0,0,0,0,0,0
1,1,1,1,1,1,1,1,1,1,1
9,6,6,6,6,6,6,6,6,6,6
25,25,25,25,25,25,25,25,25,25,25
49,46,46,46,46,46,46,47,47,47,47
81,81,81,81,81,81,81,81,81,81,81
119,116,116,116,116,116,116,116,116,116,116
163,163,163,163,163,163,163,163,163,163,163
213,210,210,210,210,210,210,210,210,210,210
267,267,267,267,267,267,267,267,267,267,267
325,322,322,323,323,323,323,323,323,323,323
387,387,387,387,387,387,387,387,387,387,387
450,447,447,447,447,447,447,447,447,447,447
514,514,514,514,514,514,514,514,514,514,514
578,575,575,575,575,575,576,576,576,576,576
641,641,641,641,641,641,641,641,641,641,641
702,699,699,699,700,700,700,700,700,700,700
760,760,760,760,760,760,760,760,760,760,760
814,811,812,812,812,812,812,812,812,812,812
864,864,864,864,864,864,864,864,864,864,864
908,905,905,905,905,905,905,905,905,905,905
945,945,945,945,945,945,945,945,945,945,945
976,973,973,973,973,973,973,973,973,973,973
999,999,999,999,999,999,999,999,999,999,999
1015,1012,1012,1012,1012,1012,1012,1012,1012,1012,1012
1023,1023,1023,1023,1023,1023,1023,1023,1023,1023,1023
1022,1019,1019,1019,1019,1019,1019,1019,1019,1019,1019
1014,1014,1014,1014,1014,1014,1014,1014,1014,1014,1014
998,995,995,995,995,995,995,995,995,995,994
974,974,974,974,974,974,974,974,974,974,974
942,939,939,939,939,939,939,939,939,939,939
904,904,904,904,904,904,904,904,904,904,904
860,857,857,857,857,857,857,857,857,857,857
810,810,810,810,810,810,810,810,810,810,810
756,753,753,753,753,753,753,753,753,753,752
698,698,698,698,698,698,698,698,698,698,698
637,633,633,633,633,633,633,633,633,633,633
573,573,573,573,573,573,573,573,573,573,573
509,506,506,506,506,506,506,506,506,506,505
445,445,445,445,445,445,445,445,445,445,445
382,379,379,379,379,379,378,378,378,378,378
321,321,321,321,321,321,321,321,321,321,321
263,260,260,260,260,259,259,259,259,259,259
209,209,209,209,209,209,209,209,209,209,209
159,156,156,156,156,156,156,156,156,156,156
115,115,115,115,115,115,115,115,115,115,115
78,75,75,75,75,75,75,75,75,75,75
47,47,47,47,47,47,47,47,47,47,47
24,21,21,21,21,21,21,21,21,21,21
8,8,8,8,8,8,8,8,8,8,8
0,0,0,0,0,0,0,0,0,0,0
1,1,1,1,1,1,1,1,1,1,1
9,6,6,6,6,6,6,6,6,6,6
25,25,25,25,25,25,25,25,25,25,25
49,46,46,46,46,46,46,46,46,46,47
80,80,80,80,80,80,80,80,80,80,80
118,116,116,116,116,116,116,116,116,116,116
163,163,163,163,163,163,163,163,163,163,163
212,209,210,210,210,210,210,210,210,210,210
267,267,267,267,267,267,267,267,267,267,267
325,322,322,322,322,322,323,323,323,323,323
386,386,386,386,386,386,386,386,386,386,386
450,447,447,447,447,447,447,447,447,447,447
514,514,514,514,514,514,514,514,514,514,514
578,575,575,575,575,575,575,575,575,576,576
641,641,641,641,641,641,641,641,641,641,641
702,699,699,699,699,699,699,700,700,700,700
760,760,760,760,760,760,760,760,760,760,760
814,811,811,811,811,812,812,812,812,812,812
864,864,864,864,864,864,864,864,864,864,864
907,904,905,905,905,905,905,905,905,905,905
945,945,945,945,945,945,945,945,945,945,945
976,973,973,973,973,973,973,973,973,973,973
999,999,999,999,999,999,999,999,999,999,999
1015,1012,1012,1012,1012,1012,1012,1012,1012,1012,1012
1023,1023,1023,1023,1023,1023,1023,1023,1023,1023,1023
1022,1019,1019,1019,1019,1019,1019,1019,1019,1019,1019
1014,1014,1014,1014,1014,1014,1014,1014,1014,1014,1014
998,995,995,995,995,995,995,995,995,995,995
974,974,974,974,974,974,974,974,974,974,974
943,940,940,939,939,939,939,939,939,939,939
905,905,905,905,905,905,905,905,905,905,905
860,857,857,857,857,857,857,857,857,857,857
811,811,811,811,811,811,811,811,811,811,811
756,753,753,753,753,753,753,753,753,753,753
698,698,698,698,698,698,698,698,698,698,698
637,634,634,634,633,633,633,633,633,633,633
573,573,573,573,573,573,573,573,573,573,573
509,506,506,506,506,506,506,506,506,506,506
445,445,445,445,445,445,445,445,445,445,445
382,379,379,379,379,379,379,379,379,378,378
321,321,321,321,321,321,321,321,321,321,321
263,260,260,260,260,260,260,260,259,259,259
209,209,209,209,209,209,209,209,209,209,209
159,156,156,156,156,156,156,156,156,156,156
116,116,116,116,116,116,116,116,116,116,116
78,75,75,75,75,75,75,75,75,75,75
47,47,47,47,47,47,47,47,47,47,47
24,21,21,21,21,21,21,21,21,21,21
8,8,8,8,8,8,8,8,8,8,8
0,0,0,0,0,0,0,0,0,0,0
1,1,1,1,1,1,1,1,1,1,1
9,6,6,6,6,6,6,6,6,6,6
25,25,25,25,25,25,25,25,25,25,25
49,46,46,46,46,46,46,46,46,46,46
80,80,80,80,80,80,80,80,80,80,80
118,115,115,115,116,116,116,116,116,116,116
163,163,163,163,163,163,163,163,163,163,163
212,209,209,209,209,210,210,210,210,210,210
267,267,267,267,267,267,267,267,267,267,267
325,322,322,322,322,322,322,322,322,323,323
386,386,386,386,386,386,386,386,386,386,386
449,446,447,447,447,447,447,447,447,447,447
514,514,514,514,514,514,514,514,514,514,514
578,575,575,575,575,575,575,575,575,575,575
641,641,641,641,641,641,641,641,641,641,641
702,699,699,699,699,699,699,699,699,699,700
760,760,760,760,760,760,760,760,760,760,760
814,811,811,811,811,811,811,811,812,812,812
863,863,863,863,863,863,863,863,863,863,863
907,904,904,904,904,905,905,905,905,905,905
945,945,945,945,945,945,945,945,945,945,945
976,973,973,973,973,973,973,973,973,973,973
999,999,999,999,999,999,999,999,999,999,999
1015,1012,1012,1012,1012,1012,1012,1012,1012,1012,1012
1023,1023,1023,1023,1023,1023,1023,1023,1023,1023,1023
1022,1019,1019,1019,1019,1019,1019,1019,1019,1019,1019
1014,1014,1014,1014,1014,1014,1014,1014,1014,1014,1014
998,995,995,995,995,995,995,995,995,995,995
974,974,974,974,974,974,974,974,974,974,974
943,940,940,940,940,940,939,939,939,939,939
905,905,905,905,905,905,905,905,905,905,905
861,857,857,857,857,857,857,857,857,857,857
811,811,811,811,811,811,811,811,811,811,811
756,753,753,753,753,753,753,753,753,753,753
698,698,698,698,698,698,698,698,698,698,698
637,634,634,634,634,634,634,633,633,633,633
574,574,574,574,574,574,574,574,574,574,574
510,506,506,506,506,506,506,506,506,506,506
445,445,445,445,445,445,445,445,445,445,445
382,379,379,379,379,379,379,379,379,379,379
321,321,321,321,321,321,321,321,321,321,321
263,260,260,260,260,260,260,260,260,260,260
209,209,209,209,209,209,209,209,209,209,209
160,157,156,156,156,156,156,156,156,156,156
116,116,116,116,116,116,116,116,116,116,116
78,75,75,75,75,75,75,75,75,75,75
47,47,47,47,47,47,47,47,47,47,47
24,21,21,21,21,21,21,21,21,21,21
8,8,8,8,8,8,8,8,8,8,8
0,0,0,0,0,0,0,0,0,0,0
1,1,1,1,1,1,1,1,1,1,1
9,6,6,6,6,6,6,6,6,6,6
25,25,25,25,25,25,25,25,25,25,25
49,46,46,46,46,46,46,46,46,46,46
80,80,80,80,80,80,80,80,80,80,80
118,115,115,115,115,115,115,116,116,116,116
162,162,162,162,162,162,162,162,162,162,162
212,209,209,209,209,209,209,209,210,210,210
267,267,267,267,267,267,267,267,267,267,267
325,322,322,322,322,322,322,322,322,322,322
386,386,386,386,386,386,386,386,386,386,386
449,446,446,446,446,447,447,447,447,447,447
513,513,513,513,513,513,513,513,513,513,513
578,575,575,575,575,575,575,575,575,575,575
641,641,641,641,641,641,641,641,641,641,641
702,699,699,699,699,699,699,699,699,699,699
760,760,760,760,760,760,760,760,760,760,760
814,811,811,811,811,811,811,811,811,811,811
863,863,863,863,863,863,863,863,863,863,863
907,904,904,904,904,904,904,904,905,905,905
945,945,945,945,945,945,945,945,945,945,945
976,973,973,973,973,973,973,973,973,973,973
999,999,999,999,999,999,999,999,999,999,999
1015,1012,1012,1012,1012,1012,1012,1012,1012,1012,1012
1023,1023,1023,1023,1023,1023,1023,1023,1023,1023,1023
1022,1019,1019,1019,1019,1019,1019,1019,1019,1019,1019
1014,1014,1014,1014,1014,1014,1014,1014,1014,1014,1014
998,995,995,995,995,995,995,995,995,995,995
974,974,974,974,974,974,974,974,974,974,974
943,940,940,940,940,940,940,940,940,940,939
905,905,905,905,905,905,905,905,905,905,905
861,858,858,858,857,857,857,857,857,857,857
811,811,811,811,811,811,811,811,811,811,811
757,754,753,753,753,753,753,753,753,753,753
698,698,698,698,698,698,698,698,698,698,698
637,634,634,634,634,634,634,634,634,634,633
574,574,574,574,574,574,574,574,574,574,574
510,507,507,507,506,506,506,506,506,506,506
446,446,446,446,446,446,446,446,446,446,446
382,379,379,379,379,379,379,379,379,379,379
321,321,321,321,321,321,321,321,321,321,321
263,260,260,260,260,260,260,260,260,260,260
209,209,209,209,209,209,209,209,209,209,209
160,157,157,157,157,156,156,156,156,156,156
116,116,116,116,116,116,116,116,116,116,116
78,75,75,75,75,75,75,75,75,75,75
47,47,47,47,47,47,47,47,47,47,47
24,21,21,21,21,21,21,21,21,21,21
8,8,8,8,8,8,8,8,8,8,8
0,0,0,0,0,0,0,0,0,0,0
1,1,1,1,1,1,1,1,1,1,1
9,6,6,6,6,6,6,6,6,6,6
25,25,25,25,25,25,25,25,25,25,25
49,46,46,46,46,46,46,46,46,46,46
80,80,80,80,80,80,80,80,80,80,80
118,115,115,115,115,115,115,115,115,115,116
162,162,162,162,162,162,162,162,162,162,162
212,209,209,209,209,209,209,209,209,209,209
266,266,266,266,266,266,266,266,266,266,266
325,322,322,322,322,322,322,322,322,322,322
386,386,386,386,386,386,386,386,386,386,386
449,446,446,446,446,446,446,446,447,447,447
513,513,513,513,513,513,513,513,513,513,513
577,574,574,575,575,575,575,575,575,575,575
640,640,640,640,640,640,640,640,640,640,640
702,699,699,699,699,699,699,699,699,699,699
760,760,760,760,760,760,760,760,760,760,760
814,811,811,811,811,811,811,811,811,811,811
863,863,863,863,863,863,863,863,863,863,863
907,904,904,904,904,904,904,904,904,904,904
945,945,945,945,945,945,945,945,945,945,945
975,973,973,973,973,973,973,973,973,973,973
999,999,999,999,999,999,999,999,999,999,999
1015,1012,1012,1012,1012,1012,1012,1012,1012,1012,1012
1023,1023,1023,1023,1023,1023,1023,1023,1023,1023,1023
1022,1019,1019,1019,1019,1019,1019,1019,1019,1019,1019
1014,1014,1014,1014,1014,1014,1014,1014,1014,1014,1014
998,995,995,995,995,995,995,995,995,995,995
974,974,974,974,974,974,974,974,974,974,974
943,940,940,940,940,940,940,940,940,940,940
905,905,905,905,905,905,905,905,905,905,905
861,858,858,858,858,858,858,857,857,857,857
811,811,811,811,811,811,811,811,811,811,811
757,754,754,754,754,753,753,753,753,753,753
698,698,698,698,698,698,698,698,698,698,698
637,634,634,634,634,634,634,634,634,634,634
574,574,574,574,574,574,574,574,574,574,574
510,507,507,507,507,507,507,506,506,506,506
446,446,446,446,446,446,446,446,446,446,446
383,380,380,379,379,379,379,379,379,379,379
322,322,322,322,322,322,322,322,322,322,322
263,260,260,260,260,260,260,260,260,260,260
209,209,209,209,209,209,209,209,209,209,209
160,157,157,157,157,157,157,157,156,156,156
116,116,116,116,116,116,116,116,116,116,116
78,75,75,75,75,75,75,75,75,75,75
48,48,48,48,48,48,48,48,48,48,48
24,21,21,21,21,21,21,21,21,21,21
8,8,8,8,8,8,8,8,8,8,8
0,0,0,0,0,0,0,0,0,0,0
1,1,1,1,1,1,1,1,1,1,1
9,6,6,6,6,6,6,6,6,6,6
25,25,25,25,25,25,25,25,25,25,25
49,46,46,46,46,46,46,46,46,46,46
80,80,80,80,80,80,80,80,80,80,80
118,115,115,115,115,115,115,115,115,115,115
162,162,162,162,162,162,162,162,162,162,162
212,209,209,209,209,209,209,209,209,209,209
266,266,266,266,266,266,266,266,266,266,266
324,321,322,322,322,322,322,322,322,322,322
386,386,386,386,386,386,386,386,386,386,386
449,446,446,446,446,446,446,446,446,446,446
513,513,513,513,513,513,513,513,513,513,513
577,574,574,574,574,574,575,575,575,575,575
640,640,640,640,640,640,640,640,640,640,640
701,698,698,699,699,699,699,699,699,699,699
759,759,759,759,759,759,759,759,759,759,759
814,811,811,811,811,811,811,811,811,811,811
863,863,863,863,863,863,863,863,863,863,863
907,904,904,904,904,904,904,904,904,904,904
945,945,945,945,945,945,945,945,945,945,945
975,972,972,972,973,973,973,973,973,973,973
999,999,999,999,999,999,999,999,999,999,999
1015,1012,1012,1012,1012,1012,1012,1012,1012,1012,1012
1023,1023,1023,1023,1023,1023,1023,1023,1023,1023,1023
1022,1019,1019,1019,1019,1019,1019,1019,1019,1019,1019
1014,1014,1014,1014,1014,1014,1014,1014,1014,1014,1014
998,995,995,995,995,995,995,995,995,995,995
974,974,974,974,974,974,974,974,974,974,974
943,940,940,940,940,940,940,940,940,940,940
905,905,905,905,905,905,905,905,905,905,905
861,858,858,858,858,858,858,858,858,858,857
811,811,811,811,811,811,811,811,811,811,811
757,754,754,754,754,754,754,754,753,753,753
699,699,699,699,699,699,699,699,699,699,699
637,634,634,634,634,634,634,634,634,634,634
574,574,574,574,574,574,574,574,574,574,574
510,507,507,507,507,507,507,507,507,507,506
446,446,446,446,446,446,446,446,446,446,446
383,380,380,380,380,380,379,379,379,379,379
322,322,322,322,322,322,322,322,322,322,322
264,261,261,260,260,260,260,260,260,260,260
209,209,209,209,209,209,209,209,209,209,209
160,157,157,157,157,157,157,157,157,157,157
116,116,116,116,116,116,116,116,116,116,116
78,75,75,75,75,75,75,75,75,75,75
48,48,48,48,48,48,48,48,48,48,48
24,21,21,21,21,21,21,21,21,21,21
8,8,8,8,8,8,8,8,8,8,8
0,0,0,0,0,0,0,0,0,0,0
1,1,1,1,1,1,1,1,1,1,1
9,6,6,6,6,6,6,6,6,6,6
25,25,25,25,25,25,25,25,25,25,25
49,46,46,46,46,46,46,46,46,46,46
80,80,80,80,80,80,80,80,80,80,80
118,115,115,115,115,115,115,115,115,115,115
162,162,162,162,162,162,162,162,162,162,162
212,209,209,209,209,209,209,209,209,209,209
266,266,266,266,266,266,266,266,266,266,266
324,321,321,321,321,322,322,322,322,322,322
385,385,385,385,385,385,385,385,385,385,385
449,446,446,446,446,446,446,446,446,446,446
513,513,513,513,513,513,513,513,513,513,513
577,574,574,574,574,574,574,574,574,575,575
640,640,640,640,640,640,640,640,640,640,640
701,698,698,698,698,698,699,699,699,699,699
759,759,759,759,759,759,759,759,759,759,759
813,811,811,811,811,811,811,811,811,811,811
863,863,863,863,863,863,863,863,863,863,863
907,904,904,904,904,904,904,904,904,904,904
944,944,944,944,944,944,944,944,944,944,944
975,972,972,972,972,972,972,973,973,973,973
999,999,999,999,999,999,999,999,999,999,999
1015,1012,1012,1012,1012,1012,1012,1012,1012,1012,1012
1023,1023,1023,1023,1023,1023,1023,1023,1023,1023,1023
1022,1019,1019,1019,1019,1019,1019,1019,1019,1019,1019
1014,1014,1014,1014,1014,1014,1014,1014,1014,1014,1014
998,995,995,995,995,995,995,995,995,995,995
974,974,974,974,974,974,974,974,974,974,974
943,940,940,940,940,940,940,940,940,940,940
905,905,905,905,905,905,905,905,905,905,905
861,858,858,858,858,858,858,858,858,858,858
811,811,811,811,811,811,811,811,811,811,811
757,754,754,754,754,754,754,754,754,754,754
699,699,699,699,699,699,699,699,699,699,699
638,635,635,634,634,634,634,634,634,634,634
574,574,574,574,574,574,574,574,574,574,574
510,507,507,507,507,507,507,507,507,507,507
446,446,446,446,446,446,446,446,446,446,446
383,380,380,380,380,380,380,380,380,379,379
322,322,322,322,322,322,322,322,322,322,322
264,261,261,261,261,261,260,260,260,260,260
210,210,210,210,210,210,210,210,210,210,210
160,157,157,157,157,157,157,157,157,157,157
116,116,116,116,116,116,116,116,116,116,116
79,76,76,75,75,75,75,75,75,75,75
48,48,48,48,48,48,48,48,48,48,48
24,21,21,21,21,21,21,21,21,21,21
8,8,8,8,8,8,8,8,8,8,8
0,0,0,0,0,0,0,0,0,0,0
1,1,1,1,1,1,1,1,1,1,1
9,6,6,6,6,6,6,6,6,6,6
25,25,25,25,25,25,25,25,25,25,25
49,46,46,46,46,46,46,46,46,46,46
80,80,80,80,80,80,80,80,80,80,80
118,115,115,115,115,115,115,115,115,115,115
162,162,162,162,162,162,162,162,162,162,162
211,209,209,209,209,209,209,209,209,209,209
266,266,266,266,266,266,266,266,266,266,266
324,321,321,321,321,321,321,321,322,322,322
385,385,385,385,385,385,385,385,385,385,385
448,445,446,446,446,446,446,446,446,446,446
513,513,513,513,513,513,513,513,513,513,513
577,574,574,574,574,574,574,574,574,574,574
640,640,640,640,640,640,640,640,640,640,640
701,698,698,698,698,698,698,698,698,699,699
759,759,759,759,759,759,759,759,759,759,759
813,810,810,810,811,811,811,811,811,811,811
863,863,863,863,863,863,863,863,863,863,863
907,904,904,904,904,904,904,904,904,904,904
944,944,944,944,944,944,944,944,944,944,944
975,972,972,972,972,972,972,972,972,972,973
999,999,999,999,999,999,999,999,999,999,999
1015,1012,1012,1012,1012,1012,1012,1012,1012,1012,1012
1023,1023,1023,1023,1023,1023,1023,1023,1023,1023,1023
1022,1019,1019,1019,1019,1019,1019,1019,1019,1019,1019
1014,1014,1014,1014,1014,1014,1014,1014,1014,1014,1014
998,995,995,995,995,995,995,995,995,995,995
974,974,974,974,974,974,974,974,974,974,974
943,940,940,940,940,940,940,940,940,940,940
905,905,905,905,905,905,905,905,905,905,905
861,858,858,858,858,858,858,858,858,858,858
812,812,812,812,812,812,812,812,812,812,812
757,754,754,754,754,754,754,754,754,754,754
699,699,699,699,699,699,699,699,699,699,699
638,635,635,635,635,635,634,634,634,634,634
575,575,575,575,575,575,575,575,575,575,575
510,507,507,507,507,507,507,507,507,507,507
446,446,446,446,446,446,446,446,446,446,446
383,380,380,380,380,380,380,380,380,380,380
322,322,322,322,322,322,322,322,322,322,322
264,261,261,261,261,261,261,261,261,260,260
210,210,210,210,210,210,210,210,210,210,210
160,157,157,157,157,157,157,157,157,157,157
116,116,116,116,116,116,116,116,116,116,116
79,76,76,76,76,76,75,75,75,75,75
48,48,48,48,48,48,48,48,48,48,48
24,21,21,21,21,21,21,21,21,21,21
8,8,8,8,8,8,8,8,8,8,8
0,0,0,0,0,0,0,0,0,0,0
1,1,1,1,1,1,1,1,1,1,1
9,6,6,6,6,6,6,6,6,6,6
25,25,25,25,25,25,25,25,25,25,25
49,46,46,46,46,46,46,46,46,46,46
80,80,80,80,80,80,80,80,80,80,80
118,115,115,115,115,115,115,115,115,115,115
162,162,162,162,162,162,162,162,162,162,162
211,208,208,208,209,209,209,209,209,209,209
266,266,266,266,266,266,266,266,266,266,266
324,321,321,321,321,321,321,321,321,321,321
385,385,385,385,385,385,385,385,385,385,385
448,445,445,445,445,446,446,446,446,446,446
512,512,512,512,512,512,512,512,512,512,512
577,574,574,574,574,574,574,574,574,574,574
640,640,640,640,640,640,640,640,640,640,640
701,698,698,698,698,698,698,698,698,698,698
759,759,759,759,759,759,759,759,759,759,759
813,810,810,810,810,810,810,811,811,811,811
863,863,863,863,863,863,863,863,863,863,863
907,904,904,904,904,904,904,904,904,904,904
944,944,944,944,944,944,944,944,944,944,944
975,972,972,972,972,972,972,972,972,972,972
999,999,999,999,999,999,999,999,999,999,999
1015,1012,1012,1012,1012,1012,1012,1012,1012,1012,1012
1023,1023,1023,1023,1023,1023,1023,1023,1023,1023,1023
1022,1019,1019,1019,1019,1019,1019,1019,1019,1019,1019
1014,1014,1014,1014,1014,1014,1014,1014,1014,1014,1014
998,995,995,995,995,995,995,995,995,995,995
974,974,974,974,974,974,974,974,974,974,974
943,940,940,940,940,940,940,940,940,940,940
905,905,905,905,905,905,905,905,905,905,905
861,858,858,858,858,858,858,858,858,858,858
812,812,812,812,812,812,812,812,812,812,812
757,754,754,754,754,754,754,754,754,754,754
699,699,699,699,699,699,699,699,699,699,699
638,635,635,635,635,635,635,635,635,634,634
575,575,575,575,575,575,575,575,575,575,575
511,508,508,507,507,507,507,507,507,507,507
447,447,447,447,447,447,447,447,447,447,447
383,380,380,380,380,380,380,380,380,380,380
322,322,322,322,322,322,322,322,322,322,322
264,261,261,261,261,261,261,261,261,261,261
210,210,210,210,210,210,210,210,210,210,210
160,157,157,157,157,157,157,157,157,157,157
116,116,116,116,116,116,116,116,116,116,116
79,76,76,76,76,76,76,76,76,75,75
48,48,48,48,48,48,48,48,48,48,48
24,21,21,21,21,21,21,21,21,21,21
8,8,8,8,8,8,8,8,8,8,8
0,0,0,0,0,0,0,0,0,0,0
1,1,1,1,1,1,1,1,1,1,1
9,6,6,6,6,6,6,6,6,6,6
25,25,25,25,25,25,25,25,25,25,25
49,46,46,46,46,46,46,46,46,46,46
80,80,80,80,80,80,80,80,80,80,80
117,115,115,115,115,115,115,115,115,115,115
162,162,162,162,162,162,162,162,162,162,162
211,208,208,208,208,208,208,209,209,209,209
265,265,265,265,265,265,265,265,265,265,265
324,321,321,321,321,321,321,321,321,321,321
385,385,385,385,385,385,385,385,385,385,385
448,445,445,445,445,445,445,445,446,446,446
512,512,512,512,512,512,512,512,512,512,512
576,573,574,574,574,574,574,574,574,574,574
640,640,640,640,640,640,640,640,640,640,640
701,698,698,698,698,698,698,698,698,698,698
759,759,759,759,759,759,759,759,759,759,759
813,810,810,810,810,810,810,810,810,810,811
862,862,862,862,862,862,862,862,862,862,862
906,903,904,904,904,904,904,904,904,904,904
944,944,944,944,944,944,944,944,944,944,944
975,972,972,972,972,972,972,972,972,972,972
999,999,999,999,999,999,999,999,999,999,999
1015,1012,1012,1012,1012,1012,1012,1012,1012,1012,1012
1023,1023,1023,1023,1023,1023,1023,1023,1023,1023,1023
1022,1019,1019,1019,1019,1019,1019,1019,1019,1019,1019
1014,1014,1014,1014,1014,1014,1014,1014,1014,1014,1014
998,995,995,995,995,995,995,995,995,995,995
974,974,974,974,974,974,974,974,974,974,974
943,940,940,940,940,940,940,940,940,940,940
906,906,906,906,906,906,906,906,906,906,906
862,858,858,858,858,858,858,858,858,858,858
812,812,812,812,812,812,812,812,812,812,812
758,755,754,754,754,754,754,754,754,754,754
699,699,699,699,699,699,699,699,699,699,699
638,635,635,635,635,635,635,635,635,635,635
575,575,575,575,575,575,575,575,575,575,575
511,508,508,508,508,508,507,507,507,507,507
447,447,447,447,447,447,447,447,447,447,447
384,381,380,380,380,380,380,380,380,380,380
322,322,322,322,322,322,322,322,322,322,322
264,261,261,261,261,261,261,261,261,261,261
210,210,210,210,210,210,210,210,210,210,210
161,158,157,157,157,157,157,157,157,157,157
117,117,117,117,117,117,117,117,117,117,117
79,76,76,76,76,76,76,76,76,76,76
48,48,48,48,48,48,48,48,48,48,48
24,21,21,21,21,21,21,21,21,21,21
8,8,8,8,8,8,8,8,8,8,8
0,0,0,0,0,0,0,0,0,0,0
1,1,1,1,1,1,1,1,1,1,1
9,6,6,6,6,6,6,6,6,6,6
25,25,25,25,25,25,25,25,25,25,25
48,45,46,46,46,46,46,46,46,46,46
80,80,80,80,80,80,80,80,80,80,80
117,114,114,114,115,115,115,115,115,115,115
161,161,161,161,161,161,161,161,161,161,161
211,208,208,208,208,208,208,208,208,208,209
265,265,265,265,265,265,265,265,265,265,265
324,321,321,321,321,321,321,321,321,321,321
385,385,385,385,385,385,385,385,385,385,385
448,445,445,445,445,445,445,445,445,445,445
512,512,512,512,512,512,512,512,512,512,512
576,573,573,573,573,574,574,574,574,574,574
639,639,639,639,639,639,639,639,639,639,639
700,698,698,698,698,698,698,698,698,698,698
759,759,759,759,759,759,759,759,759,759,759
813,810,810,810,810,810,810,810,810,810,810
862,862,862,862,862,862,862,862,862,862,862
906,903,903,903,903,904,904,904,904,904,904
944,944,944,944,944,944,944,944,944,944,944
975,972,972,972,972,972,972,972,972,972,972
999,999,999,999,999,999,999,999,999,999,999
1015,1012,1012,1012,1012,1012,1012,1012,1012,1012,1012
1023,1023,1023,1023,1023,1023,1023,1023,1023,1023,1023
1022,1019,1019,1019,1019,1019,1019,1019,1019,1019,1019
1014,1014,1014,1014,1014,1014,1014,1014,1014,1014,1014
998,995,995,995,995,995,995,995,995,995,995
975,975,975,975,975,975,975,975,975,975,975
944,941,940,940,940,940,940,940,940,940,940
906,906,906,906,906,906,906,906,906,906,906
862,859,859,859,858,858,858,858,858,858,858
812,812,812,812,812,812,812,812,812,812,812
758,755,755,755,755,754,754,754,754,754,754
700,700,700,700,700,700,700,700,700,700,700
638,635,635,635,635,635,635,635,635,635,635
575,575,575,575,575,575,575,575,575,575,575
511,508,508,508,508,508,508,508,508,507,507
447,447,447,447,447,447,447,447,447,447,447
384,381,381,381,381,380,380,380,380,380,380
323,323,323,323,323,323,323,323,323,323,323
264,261,261,261,261,261,261,261,261,261,261
210,210,210,210,210,210,210,210,210,210,210
161,158,158,158,158,157,157,157,157,157,157
117,117,117,117,117,117,117,117,117,117,117
79,76,76,76,76,76,76,76,76,76,76
48,48,48,48,48,48,48,48,48,48,48
24,21,21,21,21,21,21,21,21,21,21
8,8,8,8,8,8,8,8,8,8,8
0,0,0,0,0,0,0,0,0,0,0
1,1,1,1,1,1,1,1,1,1,1
9,6,6,6,6,6,6,6,6,6,6
25,25,25,25,25,25,25,25,25,25,25
48,45,45,45,45,46,46,46,46,46,46
79,79,79,79,79,79,79,79,79,79,79
117,114,114,114,114,114,114,115,115,115,115
161,161,161,161,161,161,161,161,161,161,161
211,208,208,208,208,208,208,208,208,208,208
265,265,265,265,265,265,265,265,265,265,265
323,320,320,321,321,321,321,321,321,321,321
384,384,384,384,384,384,384,384,384,384,384
448,445,445,445,445,445,445,445,445,445,445
512,512,512,512,512,512,512,512,512,512,512
576,573,573,573,573,573,573,573,574,574,574
639,639,639,639,639,639,639,639,639,639,639
700,697,697,697,698,698,698,698,698,698,698
758,758,758,758,758,758,758,758,758,758,758
813,810,810,810,810,810,810,810,810,810,810
862,862,862,862,862,862,862,862,862,862,862
906,903,903,903,903,903,903,903,904,904,904
944,944,944,944,944,944,944,944,944,944,944
975,972,972,972,972,972,972,972,972,972,972
999,999,999,999,999,999,999,999,999,999,999
1014,1011,1012,1012,1012,1012,1012,1012,1012,1012,1012
1023,1023,1023,1023,1023,1023,1023,1023,1023,1023,1023
1022,1019,1019,1019,1019,1019,1019,1019,1019,1019,1019
1014,1014,1014,1014,1014,1014,1014,1014,1014,1014,1014
998,995,995,995,995,995,995,995,995,995,995
975,975,975,975,975,975,975,975,975,975,975
944,941,941,941,941,940,940,940,940,940,940
906,906,906,906,906,906,906,906,906,906,906
862,859,859,859,859,859,859,858,858,858,858
812,812,812,812,812,812,812,812,812,812,812
758,755,755,755,755,755,755,755,754,754,754
700,700,700,700,700,700,700,700,700,700,700
639,636,635,635,635,635,635,635,635,635,635
575,575,575,575,575,575,575,575,575,575,575
511,508,508,508,508,508,508,508,508,508,508
447,447,447,447,447,447,447,447,447,447,447
384,381,381,381,381,381,381,381,380,380,380
323,323,323,323,323,323,323,323,323,323,323
265,262,262,261,261,261,261,261,261,261,261
210,210,210,210,210,210,210,210,210,210,210
161,158,158,158,158,158,158,158,157,157,157
117,117,117,117,117,117,117,117,117,117,117
79,76,76,76,76,76,76,76,76,76,76
48,48,48,48,48,48,48,48,48,48,48
25,21,21,21,21,21,21,21,21,21,21
9,9,9,9,9,9,9,9,9,9,9
0,0,0,0,0,0,0,0,0,0,0
1,1,1,1,1,1,1,1,1,1,1
9,6,6,6,6,6,6,6,6,6,6
25,25,25,25,25,25,25,25,25,25,25
48,45,45,45,45,45,45,45,46,46,46
79,79,79,79,79,79,79,79,79,79,79
117,114,114,114,114,114,114,114,114,114,115
161,161,161,161,161,161,161,161,161,161,161
211,208,208,208,208,208,208,208,208,208,208
265,265,265,265,265,265,265,265,265,265,265
323,320,320,320,320,320,321,321,321,321,321
384,384,384,384,384,384,384,384,384,384,384
447,445,445,445,445,445,445,445,445,445,445
512,512,512,512,512,512,512,512,512,512,512
576,573,573,573,573,573,573,573,573,573,573
639,639,639,639,639,639,639,639,639,639,639
700,697,697,697,697,697,697,698,698,698,698
758,758,758,758,758,758,758,758,758,758,758
813,810,810,810,810,810,810,810,810,810,810
862,862,862,862,862,862,862,862,862,862,862
906,903,903,903,903,903,903,903,903,903,903
944,944,944,944,944,944,944,944,944,944,944
975,972,972,972,972,972,972,972,972,972,972
998,998,998,998,998,998,998,998,998,998,998
1014,1011,1011,1011,1011,1012,1012,1012,1012,1012,1012
1022,1022,1022,1022,1022,1022,1022,1022,1022,1022,1022
1022,1019,1019,1019,1019,1019,1019,1019,1019,1019,1019
1014,1014,1014,1014,1014,1014,1014,1014,1014,1014,1014
998,995,995,995,995,995,995,995,995,995,995
975,975,975,975,975,975,975,975,975,975,975
944,941,941,941,941,941,941,941,940,940,940
906,906,906,906,906,906,906,906,906,906,906
862,859,859,859,859,859,859,859,859,859,858
812,812,812,812,812,812,812,812,812,812,812
758,755,755,755,755,755,755,755,755,755,755
700,700,700,700,700,700,700,700,700,700,700
639,636,636,636,636,635,635,635,635,635,635
576,576,576,576,576,576,576,576,576,576,576
511,508,508,508,508,508,508,508,508,508,508
447,447,447,447,447,447,447,447,447,447,447
384,381,381,381,381,381,381,381,381,381,381
323,323,323,323,323,323,323,323,323,323,323
265,262,262,262,262,262,261,261,261,261,261
211,211,211,211,211,211,211,211,211,211,211
161,158,158,158,158,158,158,158,158,158,158
117,117,117,117,117,117,117,117,117,117,117
79,76,76,76,76,76,76,76,76,76,76
48,48,48,48,48,48,48,48,48,48,48
25,22,22,22,21,21,21,21,21,21,21
9,9,9,9,9,9,9,9,9,9,9
1,0,0,0,0,0,0,0,0,0,0
1,1,1,1,1,1,1,1,1,1,1
9,6,6,6,6,6,6,6,6,6,6
25,25,25,25,25,25,25,25,25,25,25
48,45,45,45,45,45,45,45,45,45,45
79,79,79,79,79,79,79,79,79,79,79
117,114,114,114,114,114,114,114,114,114,114
161,161,161,161,161,161,161,161,161,161,161
211,208,208,208,208,208,208,208,208,208,208
265,265,265,265,265,265,265,265,265,265,265
323,320,320,320,320,320,320,320,320,321,321
384,384,384,384,384,384,384,384,384,384,384
447,444,444,444,445,445,445,445,445,445,445
511,511,511,511,511,511,511,511,511,511,511
576,573,573,573,573,573,573,573,573,573,573
639,639,639,639,639,639,639,639,639,639,639
700,697,697,697,697,697,697,697,697,697,698
758,758,758,758,758,758,758,758,758,758,758
812,809,809,810,810,810,810,810,810,810,810
862,862,862,862,862,862,862,862,862,862,862
906,903,903,903,903,903,903,903,903,903,903
944,944,944,944,944,944,944,944,944,944,944
975,972,972,972,972,972,972,972,972,972,972
998,998,998,998,998,998,998,998,998,998,998
1014,1011,1011,1011,1011,1011,1011,1011,1012,1012,1012
1022,1022,1022,1022,1022,1022,1022,1022,1022,1022,1022
1022,1019,1019,1019,1019,1019,1019,1019,1019,1019,1019
1014,1014,1014,1014,1014,1014,1014,1014,1014,1014,1014
998,995,995,995,995,995,995,995,995,995,995
975,975,975,975,975,975,975,975,975,975,975
944,941,941,941,941,941,941,941,941,941,941
906,906,906,906,906,906,906,906,906,906,906
862,859,859,859,859,859,859,859,859,859,859
813,813,813,813,813,813,813,813,813,813,813
758,755,755,755,755,755,755,755,755,755,755
700,700,700,700,700,700,700,700,700,700,700
639,636,636,636,636,636,636,636,635,635,635
576,576,576,576,576,576,576,576,576,576,576
512,509,509,508,508,508,508,508,508,508,508
447,447,447,447,447,447,447,447,447,447,447
384,381,381,381,381,381,381,381,381,381,381
323,323,323,323,323,323,323,323,323,323,323
265,262,262,262,262,262,262,262,262,261,261
211,211,211,211,211,211,211,211,211,211,211
161,158,158,158,158,158,158,158,158,158,158
117,117,117,117,117,117,117,117,117,117,117
79,76,76,76,76,76,76,76,76,76,76
48,48,48,48,48,48,48,48,48,48,48
25,22,22,22,22,22,22,21,21,21,21
9,9,9,9,9,9,9,9,9,9,9
1,0,0,0,0,0,0,0,0,0,0
0,0,0,0,0,0,0,0,0,0,0
9,6,6,6,6,6,6,6,6,6,6
24,24,24,24,24,24,24,24,24,24,24
48,45,45,45,45,45,45,45,45,45,45
79,79,79,79,79,79,79,79,79,79,79
117,114,114,114,114,114,114,114,114,114,114
161,161,161,161,161,161,161,161,161,161,161
210,207,207,208,208,208,208,208,208,208,208
265,265,265,265,265,265,265,265,265,265,265
323,320,320,320,320,320,320,320,320,320,320
384,384,384,384,384,384,384,384,384,384,384
447,444,444,444,444,444,444,445,445,445,445
511,511,511,511,511,511,511,511,511,511,511
575,572,573,573,573,573,573,573,573,573,573
639,639,639,639,639,639,639,639,639,639,639
700,697,697,697,697,697,697,697,697,697,697
758,758,758,758,758,758,758,758,758,758,758
812,809,809,809,809,809,810,810,810,810,810
862,862,862,862,862,862,862,862,862,862,862
906,903,903,903,903,903,903,903,903,903,903
944,944,944,944,944,944,944,944,944,944,944
975,972,972,972,972,972,972,972,972,972,972
998,998,998,998,998,998,998,998,998,998,998
1014,1011,1011,1011,1011,1011,1011,1011,1011,1011,1011
1022,1022,1022,1022,1022,1022,1022,1022,1022,1022,1022
1023,1020,1020,1019,1019,1019,1019,1019,1019,1019,1019
1014,1014,1014,1014,1014,1014,1014,1014,1014,1014,1014
999,996,996,995,995,995,995,995,995,995,995
975,975,975,975,975,975,975,975,975,975,975
944,941,941,941,941,941,941,941,941,941,941
906,906,906,906,906,906,906,906,906,906,906
862,859,859,859,859,859,859,859,859,859,859
813,813,813,813,813,813,813,813,813,813,813
758,755,755,755,755,755,755,755,755,755,755
700,700,700,700,700,700,700,700,700,700,700
639,636,636,636,636,636,636,636,636,636,636
576,576,576,576,576,576,576,576,576,576,576
512,509,509,509,509,509,508,508,508,508,508
448,448,448,448,448,448,448,448,448,448,448
385,381,381,381,381,381,381,381,381,381,381
323,323,323,323,323,323,323,323,323,323,323
265,262,262,262,262,262,262,262,262,262,262
211,211,211,211,211,211,211,211,211,211,211
161,158,158,158,158,158,158,158,158,158,158
117,117,117,117,117,117,117,117,117,117,117
79,76,76,76,76,76,76,76,76,76,76
48,48,48,48,48,48,48,48,48,48,48
25,22,22,22,22,22,22,22,22,22,21
9,9,9,9,9,9,9,9,9,9,9
1,0,0,0,0,0,0,0,0,0,0
0,0,0,0,0,0,0,0,0,0,0
8,6,6,6,6,6,6,6,6,6,6
24,24,24,24,24,24,24,24,24,24,24
48,45,45,45,45,45,45,45,45,45,45
79,79,79,79,79,79,79,79,79,79,79
117,114,114,114,114,114,114,114,114,114,114
161,161,161,161,161,161,161,161,161,161,161
210,207,207,207,207,207,208,208,208,208,208
264,264,264,264,264,264,264,264,264,264,264
323,320,320,320,320,320,320,320,320,320,320
384,384,384,384,384,384,384,384,384,384,384
447,444,444,444,444,444,444,444,444,444,445
511,511,511,511,511,511,511,511,511,511,511
575,572,572,572,572,573,573,573,573,573,573
638,638,638,638,638,638,638,638,638,638,638
700,697,697,697,697,697,697,697,697,697,697
758,758,758,758,758,758,758,758,758,758,758
812,809,809,809,809,809,809,809,809,810,810
862,862,862,862,862,862,862,862,862,862,862
906,903,903,903,903,903,903,903,903,903,903
944,944,944,944,944,944,944,944,944,944,944
975,972,972,972,972,972,972,972,972,972,972
998,998,998,998,998,998,998,998,998,998,998
1014,1011,1011,1011,1011,1011,1011,1011,1011,1011,1011
1022,1022,1022,1022,1022,1022,1022,1022,1022,1022,1022
1023,1020,1020,1020,1020,1020,1019,1019,1019,1019,1019
1015,1015,1015,1015,1015,1015,1015,1015,1015,1015,1015
999,996,996,996,996,996,995,995,995,995,995
975,975,975,975,975,975,975,975,975,975,975
944,941,941,941,941,941,941,941,941,941,941
906,906,906,906,906,906,906,906,906,906,906
862,859,859,859,859,859,859,859,859,859,859
813,813,813,813,813,813,813,813,813,813,813
759,756,756,755,755,755,755,755,755,755,755
700,700,700,700,700,700,700,700,700,700,700
639,636,636,636,636,636,636,636,636,636,636
576,576,576,576,576,576,576,576,576,576,576
512,509,509,509,509,509,509,509,509,508,508
448,448,448,448,448,448,448,448,448,448,448
385,382,382,382,381,381,381,381,381,381,381
324,324,324,324,324,324,324,324,324,324,324
265,262,262,262,262,262,262,262,262,262,262
211,211,211,211,211,211,211,211,211,211,211
161,158,158,158,158,158,158,158,158,158,158
117,117,117,117,117,117,117,117,117,117,117
80,76,76,76,76,76,76,76,76,76,76
48,48,48,48,48,48,48,48,48,48,48
25,22,22,22,22,22,22,22,22,22,22
9,9,9,9,9,9,9,9,9,9,9
1,0,0,0,0,0,0,0,0,0,0
0,0,0,0,0,0,0,0,0,0,0
8,5,5,5,6,6,6,6,6,6,6
24,24,24,24,24,24,24,24,24,24,24
48,45,45,45,45,45,45,45,45,45,45
79,79,79,79,79,79,79,79,79,79,79
117,114,114,114,114,114,114,114,114,114,114
161,161,161,161,161,161,161,161,161,161,161
210,207,207,207,207,207,207,207,207,208,208
264,264,264,264,264,264,264,264,264,264,264
322,319,320,320,320,320,320,320,320,320,320
384,384,384,384,384,384,384,384,384,384,384
447,444,444,444,444,444,444,444,444,444,444
511,511,511,511,511,511,511,511,511,511,511
575,572,572,572,572,572,572,572,573,573,573
638,638,638,638,638,638,638,638,638,638,638
699,696,696,697,697,697,697,697,697,697,697
758,758,758,758,758,758,758,758,758,758,758
812,809,809,809,809,809,809,809,809,809,809
861,861,861,861,861,861,861,861,861,861,861
906,903,903,903,903,903,903,903,903,903,903
943,943,943,943,943,943,943,943,943,943,943
974,972,972,972,972,972,972,972,972,972,972
998,998,998,998,998,998,998,998,998,998,998
1014,1011,1011,1011,1011,1011,1011,1011,1011,1011,1011
1022,1022,1022,1022,1022,1022,1022,1022,1022,1022,1022
1023,1020,1020,1020,1020,1020,1020,1020,1020,1019,1019
1015,1015,1015,1015,1015,1015,1015,1015,1015,1015,1015
999,996,996,996,996,996,996,996,996,995,995
975,975,975,975,975,975,975,975,975,975,975
944,941,941,941,941,941,941,941,941,941,941
906,906,906,906,906,906,906,906,906,906,906
863,859,859,859,859,859,859,859,859,859,859
813,813,813,813,813,813,813,813,813,813,813
759,756,756,756,756,756,755,755,755,755,755
701,701,701,701,701,701,701,701,701,701,701
640,636,636,636,636,636,636,636,636,636,636
576,576,576,576,576,576,576,576,576,576,576
512,509,509,509,509,509,509,509,509,509,509
448,448,448,448,448,448,448,448,448,448,448
385,382,382,382,382,382,382,381,381,381,381
324,324,324,324,324,324,324,324,324,324,324
266,262,262,262,262,262,262,262,262,262,262
211,211,211,211,211,211,211,211,211,211,211
162,159,158,158,158,158,158,158,158,158,158
117,117,117,117,117,117,117,117,117,117,117
80,77,77,77,76,76,76,76,76,76,76
49,49,49,49,49,49,49,49,49,49,49
25,22,22,22,22,22,22,22,22,22,22
9,9,9,9,9,9,9,9,9,9,9
1,0,0,0,0,0,0,0,0,0,0
0,0,0,0,0,0,0,0,0,0,0
8,5,5,5,5,5,5,6,6,6,6
24,24,24,24,24,24,24,24,24,24,24
48,45,45,45,45,45,45,45,45,45,45
79,79,79,79,79,79,79,79,79,79,79
116,114,114,114,114,114,114,114,114,114,114
160,160,160,160,160,160,160,160,160,160,160
210,207,207,207,207,207,207,207,207,207,207
264,264,264,264,264,264,264,264,264,264,264
322,319,319,319,319,320,320,320,320,320,320
383,383,383,383,383,383,383,383,383,383,383
446,444,444,444,444,444,444,444,444,444,444
511,511,511,511,511,511,511,511,511,511,511
575,572,572,572,572,572,572,572,572,572,572
638,638,638,638,638,638,638,638,638,638,638
699,696,696,696,696,696,697,697,697,697,697
757,757,757,757,757,757,757,757,757,757,757
812,809,809,809,809,809,809,809,809,809,809
861,861,861,861,861,861,861,861,861,861,861
905,902,903,903,903,903,903,903,903,903,903
943,943,943,943,943,943,943,943,943,943,943
974,971,971,971,972,972,972,972,972,972,972
998,998,998,998,998,998,998,998,998,998,998
1014,1011,1011,1011,1011,1011,1011,1011,1011,1011,1011
1022,1022,1022,1022,1022,1022,1022,1022,1022,1022,1022
1023,1020,1020,1020,1020,1020,1020,1020,1020,1020,1020
1015,1015,1015,1015,1015,1015,1015,1015,1015,1015,1015
999,996,996,996,996,996,996,996,996,996,996
975,975,975,975,975,975,975,975,975,975,975
944,941,941,941,941,941,941,941,941,941,941
907,907,907,907,907,907,907,907,907,907,907
863,860,860,860,859,859,859,859,859,859,859
813,813,813,813,813,813,813,813,813,813,813
759,756,756,756,756,756,756,756,756,755,755
701,701,701,701,701,701,701,701,701,701,701
640,637,637,637,636,636,636,636,636,636,636
577,577,577,577,577,577,577,577,577,577,577
512,509,509,509,509,509,509,509,509,509,509
448,448,448,448,448,448,448,448,448,448,448
385,382,382,382,382,382,382,382,382,382,381
324,324,324,324,324,324,324,324,324,324,324
266,263,263,263,262,262,262,262,262,262,262
211,211,211,211,211,211,211,211,211,211,211
162,159,159,159,159,158,158,158,158,158,158
118,118,118,118,118,118,118,118,118,118,118
80,77,77,77,77,77,77,76,76,76,76
49,49,49,49,49,49,49,49,49,49,49
25,22,22,22,22,22,22,22,22,22,22
9,9,9,9,9,9,9,9,9,9,9
1,0,0,0,0,0,0,0,0,0,0
0,0,0,0,0,0,0,0,0,0,0
8,5,5,5,5,5,5,5,5,5,6
24,24,24,24,24,24,24,24,24,24,24
48,45,45,45,45,45,45,45,45,45,45
79,79,79,79,79,79,79,79,79,79,79
116,113,113,113,114,114,114,114,114,114,114
160,160,160,160,160,160,160,160,160,160,160
210,207,207,207,207,207,207,207,207,207,207
264,264,264,264,264,264,264,264,264,264,264
322,319,319,319,319,319,319,319,320,320,320
383,383,383,383,383,383,383,383,383,383,383
446,443,443,443,444,444,444,444,444,444,444
510,510,510,510,510,510,510,510,510,510,510
575,572,572,572,572,572,572,572,572,572,572
638,638,638,638,638,638,638,638,638,638,638
699,696,696,696,696,696,696,696,696,697,697
757,757,757,757,757,757,757,757,757,757,757
812,809,809,809,809,809,809,809,809,809,809
861,861,861,861,861,861,861,861,861,861,861
905,902,902,902,902,903,903,903,903,903,903
943,943,943,943,943,943,943,943,943,943,943
974,971,971,971,971,971,971,972,972,972,972
998,998,998,998,998,998,998,998,998,998,998
1014,1011,1011,1011,1011,1011,1011,1011,1011,1011,1011
1022,1022,1022,1022,1022,1022,1022,1022,1022,1022,1022
1023,1020,1020,1020,1020,1020,1020,1020,1020,1020,1020
1015,1015,1015,1015,1015,1015,1015,1015,1015,1015,1015
999,996,996,996,996,996,996,996,996,996,996
975,975,975,975,975,975,975,975,975,975,975
944,941,941,941,941,941,941,941,941,941,941
907,907,907,907,907,907,907,907,907,907,907
863,860,860,860,860,860,860,859,859,859,859
813,813,813,813,813,813,813,813,813,813,813
759,756,756,756,756,756,756,756,756,756,756
701,701,701,701,701,701,701,701,701,701,701
640,637,637,637,637,637,637,636,636,636,636
577,577,577,577,577,577,577,577,577,577,577
513,510,510,509,509,509,509,509,509,509,509
448,448,448,448,448,448,448,448,448,448,448
385,382,382,382,382,382,382,382,382,382,382
324,324,324,324,324,324,324,324,324,324,324
266,263,263,263,263,263,263,262,262,262,262
211,211,211,211,211,211,211,211,211,211,211
162,159,159,159,159,159,159,159,158,158,158
118,118,118,118,118,118,118,118,118,118,118
80,77,77,77,77,77,77,77,77,77,76
49,49,49,49,49,49,49,49,49,49,49
25,22,22,22,22,22,22,22,22,22,22
9,9,9,9,9,9,9,9,9,9,9
1,0,0,0,0,0,0,0,0,0,0
0,0,0,0,0,0,0,0,0,0,0
8,5,5,5,5,5,5,5,5,5,5
24,24,24,24,24,24,24,24,24,24,24
48,45,45,45,45,45,45,45,45,45,45
79,79,79,79,79,79,79,79,79,79,79
116,113,113,113,113,113,113,114,114,114,114
160,160,160,160,160,160,160,160,160,160,160
210,207,207,207,207,207,207,207,207,207,207
264,264,264,264,264,264,264,264,264,264,264
322,319,319,319,319,319,319,319,319,319,319
383,383,383,383,383,383,383,383,383,383,383
446,443,443,443,443,443,443,444,444,444,444
510,510,510,510,510,510,510,510,510,510,510
574,571,572,572,572,572,572,572,572,572,572
638,638,638,638,638,638,638,638,638,638,638
699,696,696,696,696,696,696,696,696,696,696
757,757,757,757,757,757,757,757,757,757,757
811,808,809,809,809,809,809,809,809,809,809
861,861,861,861,861,861,861,861,861,861,861
905,902,902,902,902,902,902,902,903,903,903
943,943,943,943,943,943,943,943,943,943,943
974,971,971,971,971,971,971,971,971,971,971
998,998,998,998,998,998,998,998,998,998,998
1014,1011,1011,1011,1011,1011,1011,1011,1011,1011,1011
1022,1022,1022,1022,1022,1022,1022,1022,1022,1022,1022
1023,1020,1020,1020,1020,1020,1020,1020,1020,1020,1020
1015,1015,1015,1015,1015,1015,1015,1015,1015,1015,1015
999,996,996,996,996,996,996,996,996,996,996
975,975,975,975,975,975,975,975,975,975,975
944,941,941,941,941,941,941,941,941,941,941
907,907,907,907,907,907,907,907,907,907,907
863,860,860,860,860,860,860,860,860,860,859
814,814,814,814,814,814,814,814,814,814,814
759,756,756,756,756,756,756,756,756,756,756
701,701,701,701,701,701,701,701,701,701,701
640,637,637,637,637,637,637,637,637,637,636
577,577,577,577,577,577,577,577,577,577,577
513,510,510,510,510,510,509,509,509,509,509
449,449,449,449,449,449,449,449,449,449,449
385,382,382,382,382,382,382,382,382,382,382
324,324,324,324,324,324,324,324,324,324,324
266,263,263,263,263,263,263,263,263,263,262
212,212,212,212,212,212,212,212,212,212,212
162,159,159,159,159,159,159,159,159,159,159
118,118,118,118,118,118,118,118,118,118,118
80,77,77,77,77,77,77,77,77,77,77
49,49,49,49,49,49,49,49,49,49,49
25,22,22,22,22,22,22,22,22,22,22
9,9,9,9,9,9,9,9,9,9,9
1,0,0,0,0,0,0,0,0,0,0
0,0,0,0,0,0,0,0,0,0,0
8,5,5,5,5,5,5,5,5,5,5
24,24,24,24,24,24,24,24,24,24,24
48,45,45,45,45,45,45,45,45,45,45
78,78,78,78,78,78,78,78,78,78,78
116,113,113,113,113,113,113,113,113,113,114
160,160,160,160,160,160,160,160,160,160,160
209,206,207,207,207,207,207,207,207,207,207
264,264,264,264,264,264,264,264,264,264,264
322,319,319,319,319,319,319,319,319,319,319
383,383,383,383,383,383,383,383,383,383,383
446,443,443,443,443,443,443,443,443,443,444
510,510,510,510,510,510,510,510,510,510,510
574,571,571,571,571,572,572,572,572,572,572
637,637,637,637,637,637,637,637,637,637,637
699,696,696,696,696,696,696,696,696,696,696
757,757,757,757,757,757,757,757,757,757,757
811,808,808,808,808,809,809,809,809,809,809
861,861,861,861,861,861,861,861,861,861,861
905,902,902,902,902,902,902,902,902,902,902
943,943,943,943,943,943,943,943,943,943,943
974,971,971,971,971,971,971,971,971,971,971
998,998,998,998,998,998,998,998,998,998,998
1014,1011,1011,1011,1011,1011,1011,1011,1011,1011,1011
1022,1022,1022,1022,1022,1022,1022,1022,1022,1022,1022
1023,1020,1020,1020,1020,1020,1020,1020,1020,1020,1020
1015,1015,1015,1015,1015,1015,1015,1015,1015,1015,1015
999,996,996,996,996,996,996,996,996,996,996
975,975,975,975,975,975,975,975,975,975,975
945,942,942,941,941,941,941,941,941,941,941
907,907,907,907,907,907,907,907,907,907,907
863,860,860,860,860,860,860,860,860,860,860
814,814,814,814,814,814,814,814,814,814,814
759,756,756,756,756,756,756,756,756,756,756
701,701,701,701,701,701,701,701,701,701,701
640,637,637,637,637,637,637,637,637,637,637
577,577,577,577,577,577,577,577,577,577,577
513,510,510,510,510,510,510,510,510,509,509
449,449,449,449,449,449,449,449,449,449,449
386,383,383,382,382,382,382,382,382,382,382
324,324,324,324,324,324,324,324,324,324,324
266,263,263,263,263,263,263,263,263,263,263
212,212,212,212,212,212,212,212,212,212,212
162,159,159,159,159,159,159,159,159,159,159
118,118,118,118,118,118,118,118,118,118,118
80,77,77,77,77,77,77,77,77,77,77
49,49,49,49,49,49,49,49,49,49,49
25,22,22,22,22,22,22,22,22,22,22
9,9,9,9,9,9,9,9,9,9,9
1,0,0,0,0,0,0,0,0,0,0
0,0,0,0,0,0,0,0,0,0,0
8,5,5,5,5,5,5,5,5,5,5
24,24,24,24,24,24,24,24,24,24,24
48,45,45,45,45,45,45,45,45,45,45
78,78,78,78,78,78,78,78,78,78,78
116,113,113,113,113,113,113,113,113,113,113
160,160,160,160,160,160,160,160,160,160,160
209,206,206,206,206,207,207,207,207,207,207
263,263,263,263,263,263,263,263,263,263,263
322,319,319,319,319,319,319,319,319,319,319
383,383,383,383,383,383,383,383,383,383,383
446,443,443,443,443,443,443,443,443,443,443
510,510,510,510,510,510,510,510,510,510,510
574,571,571,571,571,571,571,571,572,572,572
637,637,637,637,637,637,637,637,637,637,637
698,696,696,696,696,696,696,696,696,696,696
757,757,757,757,757,757,757,757,757,757,757
811,808,808,808,808,808,808,808,809,809,809
861,861,861,861,861,861,861,861,861,861,861
905,902,902,902,902,902,902,902,902,902,902
943,943,943,943,943,943,943,943,943,943,943
974,971,971,971,971,971,971,971,971,971,971
998,998,998,998,998,998,998,998,998,998,998
1014,1011,1011,1011,1011,1011,1011,1011,1011,1011,1011
1022,1022,1022,1022,1022,1022,1022,1022,1022,1022,1022
1023,1020,1020,1020,1020,1020,1020,1020,1020,1020,1020
1015,1015,1015,1015,1015,1015,1015,1015,1015,1015,1015
999,996,996,996,996,996,996,996,996,996,996
975,975,975,975,975,975,975,975,975,975,975
945,942,942,942,942,942,942,941,941,941,941
907,907,907,907,907,907,907,907,907,907,907
863,860,860,860,860,860,860,860,860,860,860
814,814,814,814,814,814,814,814,814,814,814
760,757,757,756,756,756,756,756,756,756,756
702,702,702,702,702,702,702,702,702,702,702
641,637,637,637,637,637,637,637,637,637,637
577,577,577,577,577,577,577,577,577,577,577
513,510,510,510,510,510,510,510,510,510,510
449,449,449,449,449,449,449,449,449,449,449
386,383,383,383,383,383,382,382,382,382,382
325,325,325,325,325,325,325,325,325,325,325
266,263,263,263,263,263,263,263,263,263,263
212,212,212,212,212,212,212,212,212,212,212
162,159,159,159,159,159,159,159,159,159,159
118,118,118,118,118,118,118,118,118,118,118
80,77,77,77,77,77,77,77,77,77,77
49,49,49,49,49,49,49,49,49,49,49
25,22,22,22,22,22,22,22,22,22,22
9,9,9,9,9,9,9,9,9,9,9
1,0,0,0,0,0,0,0,0,0,0
0,0,0,0,0,0,0,0,0,0,0
8,5,5,5,5,5,5,5,5,5,5
24,24,24,24,24,24,24,24,24,24,24
47,44,45,45,45,45,45,45,45,45,45
78,78,78,78,78,78,78,78,78,78,78
116,113,113,113,113,113,113,113,113,113,113
160,160,160,160,160,160,160,160,160,160,160
209,206,206,206,206,206,206,206,207,207,207
263,263,263,263,263,263,263,263,263,263,263
321,318,318,319,319,319,319,319,319,319,319
382,382,382,382,382,382,382,382,382,382,382
446,443,443,443,443,443,443,443,443,443,443
510,510,510,510,510,510,510,510,510,510,510
574,571,571,571,571,571,571,571,571,571,571
637,637,637,637,637,637,637,637,637,637,637
698,695,695,695,696,696,696,696,696,696,696
757,757,757,757,757,757,757,757,757,757,757
811,808,808,808,808,808,808,808,808,808,808
861,861,861,861,861,861,861,861,861,861,861
905,902,902,902,902,902,902,902,902,902,902
943,943,943,943,943,943,943,943,943,943,943
974,971,971,971,971,971,971,971,971,971,971
998,998,998,998,998,998,998,998,998,998,998
1014,1011,1011,1011,1011,1011,1011,1011,1011,1011,1011
1022,1022,1022,1022,1022,1022,1022,1022,1022,1022,1022
1023,1020,1020,1020,1020,1020,1020,1020,1020,1020,1020
1015,1015,1015,1015,1015,1015,1015,1015,1015,1015,1015
999,996,996,996,996,996,996,996,996,996,996
976,976,976,976,976,976,976,976,976,976,976
945,942,942,942,942,942,942,942,942,942,941
907,907,907,907,907,907,907,907,907,907,907
863,860,860,860,860,860,860,860,860,860,860
814,814,814,814,814,814,814,814,814,814,814
760,757,757,757,757,757,756,756,756,756,756
702,702,702,702,702,702,702,702,702,702,702
641,638,638,638,637,637,637,637,637,637,637
578,578,578,578,578,578,578,578,578,578,578
513,510,510,510,510,510,510,510,510,510,510
449,449,449,449,449,449,449,449,449,449,449
386,383,383,383,383,383,383,383,383,382,382
325,325,325,325,325,325,325,325,325,325,325
267,263,263,263,263,263,263,263,263,263,263
212,212,212,212,212,212,212,212,212,212,212
162,159,159,159,159,159,159,159,159,159,159
118,118,118,118,118,118,118,118,118,118,118
80,77,77,77,77,77,77,77,77,77,77
49,49,49,49,49,49,49,49,49,49,49
25,22,22,22,22,22,22,22,22,22,22
9,9,9,9,9,9,9,9,9,9,9
1,0,0,0,0,0,0,0,0,0,0
0,0,0,0,0,0,0,0,0,0,0
8,5,5,5,5,5,5,5,5,5,5
24,24,24,24,24,24,24,24,24,24,24
47,44,44,44,44,45,45,45,45,45,45
78,78,78,78,78,78,78,78,78,78,78
116,113,113,113,113,113,113,113,113,113,113
160,160,160,160,160,160,160,160,160,160,160
209,206,206,206,206,206,206,206,206,206,206
263,263,263,263,263,263,263,263,263,263,263
321,318,318,318,318,318,319,319,319,319,319
382,382,382,382,382,382,382,382,382,382,382
445,442,442,443,443,443,443,443,443,443,443
509,509,509,509,509,509,509,509,509,509,509
574,571,571,571,571,571,571,571,571,571,571
637,637,637,637,637,637,637,637,637,637,637
698,695,695,695,695,695,695,695,696,696,696
756,756,756,756,756,756,756,756,756,756,756
811,808,808,808,808,808,808,808,808,808,808
860,860,860,860,860,860,860,860,860,860,860
905,902,902,902,902,902,902,902,902,902,902
943,943,943,943,943,943,943,943,943,943,943
974,971,971,971,971,971,971,971,971,971,971
998,998,998,998,998,998,998,998,998,998,998
1014,1011,1011,1011,1011,1011,1011,1011,1011,1011,1011
1022,1022,1022,1022,1022,1022,1022,1022,1022,1022,1022
1023,1020,1020,1020,1020,1020,1020,1020,1020,1020,1020
1015,1015,1015,1015,1015,1015,1015,1015,1015,1015,1015
999,996,996,996,996,996,996,996,996,996,996
976,976,976,976,976,976,976,976,976,976,976
945,942,942,942,942,942,942,942,942,942,942
907,907,907,907,907,907,907,907,907,907,907
864,860,860,860,860,860,860,860,860,860,860
814,814,814,814,814,814,814,814,814,814,814
760,757,757,757,757,757,757,757,757,757,756
702,702,702,702,702,702,702,702,702,702,702
641,638,638,638,638,638,638,637,637,637,637
578,578,578,578,578,578,578,578,578,578,578
514,511,510,510,510,510,510,510,510,510,510
449,449,449,449,449,449,449,449,449,449,449
386,383,383,383,383,383,383,383,383,383,383
325,325,325,325,325,325,325,325,325,325,325
267,264,264,264,263,263,263,263,263,263,263
212,212,212,212,212,212,212,212,212,212,212
163,160,159,159,159,159,159,159,159,159,159
118,118,118,118,118,118,118,118,118,118,118
80,77,77,77,77,77,77,77,77,77,77
49,49,49,49,49,49,49,49,49,49,49
25,22,22,22,22,22,22,22,22,22,22
9,9,9,9,9,9,9,9,9,9,9
1,0,0,0,0,0,0,0,0,0,0
0,0,0,0,0,0,0,0,0,0,0
8,5,5,5,5,5,5,5,5,5,5
24,24,24,24,24,24,24,24,24,24,24
47,44,44,44,44,44,44,44,45,45,45
78,78,78,78,78,78,78,78,78,78,78
116,113,113,113,113,113,113,113,113,113,113
159,159,159,159,159,159,159,159,159,159,159
209,206,206,206,206,206,206,206,206,206,206
263,263,263,263,263,263,263,263,263,263,263
321,318,318,318,318,318,318,318,318,319,319
382,382,382,382,382,382,382,382,382,382,382
445,442,442,442,442,442,443,443,443,443,443
509,509,509,509,509,509,509,509,509,509,509
573,571,571,571,571,571,571,571,571,571,571
637,637,637,637,637,637,637,637,637,637,637
698,695,695,695,695,695,695,695,695,695,695
756,756,756,756,756,756,756,756,756,756,756
811,808,808,808,808,808,808,808,808,808,808
860,860,860,860,860,860,860,860,860,860,860
905,902,902,902,902,902,902,902,902,902,902
943,943,943,943,943,943,943,943,943,943,943
974,971,971,971,971,971,971,971,971,971,971
998,998,998,998,998,998,998,998,998,998,998
1014,1011,1011,1011,1011,1011,1011,1011,1011,1011,1011
1022,1022,1022,1022,1022,1022,1022,1022,1022,1022,1022
1023,1020,1020,1020,1020,1020,1020,1020,1020,1020,1020
1015,1015,1015,1015,1015,1015,1015,1015,1015,1015,1015
999,996,996,996,996,996,996,996,996,996,996
976,976,976,976,976,976,976,976,976,976,976
945,942,942,942,942,942,942,942,942,942,942
907,907,907,907,907,907,907,907,907,907,907
864,861,861,861,860,860,860,860,860,860,860
814,814,814,814,814,814,814,814,814,814,814
760,757,757,757,757,757,757,757,757,757,757
702,702,702,702,702,702,702,702,702,702,702
641,638,638,638,638,638,638,638,638,638,637
578,578,578,578,578,578,578,578,578,578,578
514,511,511,511,511,511,510,510,510,510,510
450,450,450,450,450,450,450,450,450,450,450
386,383,383,383,383,383,383,383,383,383,383
325,325,325,325,325,325,325,325,325,325,325
267,264,264,264,264,264,264,264,263,263,263
212,212,212,212,212,212,212,212,212,212,212
163,160,160,160,160,159,159,159,159,159,159
119,119,119,119,119,119,119,119,119,119,119
80,77,77,77,77,77,77,77,77,77,77
49,49,49,49,49,49,49,49,49,49,49
25,22,22,22,22,22,22,22,22,22,22
9,9,9,9,9,9,9,9,9,9,9
1,0,0,0,0,0,0,0,0,0,0
0,0,0,0,0,0,0,0,0,0,0
8,5,5,5,5,5,5,5,5,5,5
24,24,24,24,24,24,24,24,24,24,24
47,44,44,44,44,44,44,44,44,44,44
78,78,78,78,78,78,78,78,78,78,78
115,113,113,113,113,113,113,113,113,113,113
159,159,159,159,159,159,159,159,159,159,159
209,206,206,206,206,206,206,206,206,206,206
263,263,263,263,263,263,263,263,263,263,263
321,318,318,318,318,318,318,318,318,318,318
382,382,382,382,382,382,382,382,382,382,382
445,442,442,442,442,442,442,442,442,443,443
509,509,509,509,509,509,509,509,509,509,509
573,570,570,570,571,571,571,571,571,571,571
636,636,636,636,636,636,636,636,636,636,636
698,695,695,695,695,695,695,695,695,695,695
756,756,756,756,756,756,756,756,756,756,756
810,808,808,808,808,808,808,808,808,808,808
860,860,860,860,860,860,860,860,860,860,860
904,901,902,902,902,902,902,902,902,902,902
942,942,942,942,942,942,942,942,942,942,942
974,971,971,971,971,971,971,971,971,971,971
998,998,998,998,998,998,998,998,998,998,998
1014,1011,1011,1011,1011,1011,1011,1011,1011,1011,1011
1022,1022,1022,1022,1022,1022,1022,1022,1022,1022,1022
1023,1020,1020,1020,1020,1020,1020,1020,1020,1020,1020
1015,1015,1015,1015,1015,1015,1015,1015,1015,1015,1015
999,996,996,996,996,996,996,996,996,996,996
976,976,976,976,976,976,976,976,976,976,976
945,942,942,942,942,942,942,942,942,942,942
908,908,908,908,908,908,908,908,908,908,908
864,861,861,861,861,861,861,860,860,860,860
814,814,814,814,814,814,814,814,814,814,814
760,757,757,757,757,757,757,757,757,757,757
702,702,702,702,702,702,702,702,702,702,702
641,638,638,638,638,638,638,638,638,638,638
578,578,578,578,578,578,578,578,578,578,578
514,511,511,511,511,511,511,511,511,510,510
450,450,450,450,450,450,450,450,450,450,450
387,384,383,383,383,383,383,383,383,383,383
325,325,325,325,325,325,325,325,325,325,325
267,264,264,264,264,264,264,264,264,264,264
213,213,213,213,213,213,213,213,213,213,213
163,160,160,160,160,160,160,160,159,159,159
119,119,119,119,119,119,119,119,119,119,119
81,78,78,77,77,77,77,77,77,77,77
49,49,49,49,49,49,49,49,49,49,49
25,22,22,22,22,22,22,22,22,22,22
9,9,9,9,9,9,9,9,9,9,9
1,0,0,0,0,0,0,0,0,0,0
0,0,0,0,0,0,0,0,0,0,0
8,5,5,5,5,5,5,5,5,5,5
24,24,24,24,24,24,24,24,24,24,24
47,44,44,44,44,44,44,44,44,44,44
78,78,78,78,78,78,78,78,78,78,78
115,112,112,112,113,113,113,113,113,113,113
159,159,159,159,159,159,159,159,159,159,159
208,206,206,206,206,206,206,206,206,206,206
263,263,263,263,263,263,263,263,263,263,263
321,318,318,318,318,318,318,318,318,318,318
382,382,382,382,382,382,382,382,382,382,382
445,442,442,442,442,442,442,442,442,442,442
509,509,509,509,509,509,509,509,509,509,509
573,570,570,570,570,570,570,571,571,571,571
636,636,636,636,636,636,636,636,636,636,636
698,695,695,695,695,695,695,695,695,695,695
756,756,756,756,756,756,756,756,756,756,756
810,807,807,807,808,808,808,808,808,808,808
860,860,860,860,860,860,860,860,860,860,860
904,901,901,901,901,902,902,902,902,902,902
942,942,942,942,942,942,942,942,942,942,942
974,971,971,971,971,971,971,971,971,971,971
998,998,998,998,998,998,998,998,998,998,998
1014,1011,1011,1011,1011,1011,1011,1011,1011,1011,1011
1022,1022,1022,1022,1022,1022,1022,1022,1022,1022,1022
1023,1020,1020,1020,1020,1020,1020,1020,1020,1020,1020
1015,1015,1015,1015,1015,1015,1015,1015,1015,1015,1015
999,996,996,996,996,996,996,996,996,996,996
976,976,976,976,976,976,976,976,976,976,976
945,942,942,942,942,942,942,942,942,942,942
908,908,908,908,908,908,908,908,908,908,908
864,861,861,861,861,861,861,861,861,861,860
815,815,815,815,815,815,815,815,815,815,815
761,757,757,757,757,757,757,757,757,757,757
702,702,702,702,702,702,702,702,702,702,702
641,638,638,638,638,638,638,638,638,638,638
578,578,578,578,578,578,578,578,578,578,578
514,511,511,511,511,511,511,511,511,511,511
450,450,450,450,450,450,450,450,450,450,450
387,384,384,384,384,384,383,383,383,383,383
326,326,326,326,326,326,326,326,326,326,326
267,264,264,264,264,264,264,264,264,264,264
213,213,213,213,213,213,213,213,213,213,213
163,160,160,160,160,160,160,160,160,160,160
119,119,119,119,119,119,119,119,119,119,119
81,78,78,78,78,78,77,77,77,77,77
49,49,49,49,49,49,49,49,49,49,49
25,22,22,22,22,22,22,22,22,22,22
9,9,9,9,9,9,9,9,9,9,9
1,0,0,0,0,0,0,0,0,0,0
0,0,0,0,0,0,0,0,0,0,0
8,5,5,5,5,5,5,5,5,5,5
24,24,24,24,24,24,24,24,24,24,24
47,44,44,44,44,44,44,44,44,44,44
78,78,78,78,78,78,78,78,78,78,78
115,112,112,112,112,112,112,113,113,113,113
159,159,159,159,159,159,159,159,159,159,159
208,205,205,205,206,206,206,206,206,206,206
262,262,262,262,262,262,262,262,262,262,262
320,317,318,318,318,318,318,318,318,318,318
381,381,381,381,381,381,381,381,381,381,381
445,442,442,442,442,442,442,442,442,442,442
509,509,509,509,509,509,509,509,509,509,509
573,570,570,570,570,570,570,570,570,570,571
636,636,636,636,636,636,636,636,636,636,636
697,694,694,695,695,695,695,695,695,695,695
756,756,756,756,756,756,756,756,756,756,756
810,807,807,807,807,807,807,808,808,808,808
860,860,860,860,860,860,860,860,860,860,860
904,901,901,901,901,901,901,901,902,902,902
942,942,942,942,942,942,942,942,942,942,942
974,971,971,971,971,971,971,971,971,971,971
998,998,998,998,998,998,998,998,998,998,998
1014,1011,1011,1011,1011,1011,1011,1011,1011,1011,1011
1022,1022,1022,1022,1022,1022,1022,1022,1022,1022,1022
1023,1020,1020,1020,1020,1020,1020,1020,1020,1020,1020
1015,1015,1015,1015,1015,1015,1015,1015,1015,1015,1015
999,996,996,996,996,996,996,996,996,996,996
976,976,976,976,976,976,976,976,976,976,976
945,942,942,942,942,942,942,942,942,942,942
908,908,908,908,908,908,908,908,908,908,908
864,861,861,861,861,861,861,861,861,861,861
815,815,815,815,815,815,815,815,815,815,815
761,758,758,758,757,757,757,757,757,757,757
703,703,703,703,703,703,703,703,703,703,703
642,639,639,638,638,638,638,638,638,638,638
579,579,579,579,579,579,579,579,579,579,579
514,511,511,511,511,511,511,511,511,511,511
450,450,450,450,450,450,450,450,450,450,450
387,384,384,384,384,384,384,384,384,383,383
326,326,326,326,326,326,326,326,326,326,326
267,264,264,264,264,264,264,264,264,264,264
213,213,213,213,213,213,213,213,213,213,213
163,160,160,160,160,160,160,160,160,160,160
119,119,119,119,119,119,119,119,119,119,119
81,78,78,78,78,78,78,78,78,77,77
49,49,49,49,49,49,49,49,49,49,49
25,22,22,22,22,22,22,22,22,22,22
9,9,9,9,9,9,9,9,9,9,9
1,0,0,0,0,0,0,0,0,0,0
0,0,0,0,0,0,0,0,0,0,0
8,5,5,5,5,5,5,5,5,5,5
24,24,24,24,24,24,24,24,24,24,24
47,44,44,44,44,44,44,44,44,44,44
78,78,78,78,78,78,78,78,78,78,78
115,112,112,112,112,112,112,112,112,112,113
159,159,159,159,159,159,159,159,159,159,159
208,205,205,205,205,205,205,206,206,206,206
262,262,262,262,262,262,262,262,262,262,262
320,317,317,317,317,318,318,318,318,318,318
381,381,381,381,381,381,381,381,381,381,381
444,441,441,442,442,442,442,442,442,442,442
508,508,508,508,508,508,508,508,508,508,508
573,570,570,570,570,570,570,570,570,570,570
636,636,636,636,636,636,636,636,636,636,636
697,694,694,694,694,694,695,695,695,695,695
756,756,756,756,756,756,756,756,756,756,756
810,807,807,807,807,807,807,807,807,807,808
860,860,860,860,860,860,860,860,860,860,860
904,901,901,901,901,901,901,901,901,901,901
942,942,942,942,942,942,942,942,942,942,942
973,970,971,971,971,971,971,971,971,971,971
997,997,997,997,997,997,997,997,997,997,997
1014,1011,1011,1011,1011,1011,1011,1011,1011,1011,1011
1022,1022,1022,1022,1022,1022,1022,1022,1022,1022,1022
1023,1020,1020,1020,1020,1020,1020,1020,1020,1020,1020
1015,1015,1015,1015,1015,1015,1015,1015,1015,1015,1015
999,996,996,996,996,996,996,996,996,996,996
976,976,976,976,976,976,976,976,976,976,976
945,942,942,942,942,942,942,942,942,942,942
908,908,908,908,908,908,908,908,908,908,908
864,861,861,861,861,861,861,861,861,861,861
815,815,815,815,815,815,815,815,815,815,815
761,758,758,758,758,758,758,757,757,757,757
703,703,703,703,703,703,703,703,703,703,703
642,639,639,639,639,639,638,638,638,638,638
579,579,579,579,579,579,579,579,579,579,579
515,512,511,511,511,511,511,511,511,511,511
450,450,450,450,450,450,450,450,450,450,450
387,384,384,384,384,384,384,384,384,384,384
326,326,326,326,326,326,326,326,326,326,326
268,265,264,264,264,264,264,264,264,264,264
213,213,213,213,213,213,213,213,213,213,213
163,160,160,160,160,160,160,160,160,160,160
119,119,119,119,119,119,119,119,119,119,119
81,78,78,78,78,78,78,78,78,78,78
50,50,50,50,50,50,50,50,50,50,50
26,23,23,22,22,22,22,22,22,22,22
9,9,9,9,9,9,9,9,9,9,9
1,0,0,0,0,0,0,0,0,0,0
0,0,0,0,0,0,0,0,0,0,0
8,5,5,5,5,5,5,5,5,5,5
24,24,24,24,24,24,24,24,24,24,24
47,44,44,44,44,44,44,44,44,44,44
78,78,78,78,78,78,78,78,78,78,78
115,112,112,112,112,112,112,112,112,112,112
159,159,159,159,159,159,159,159,159,159,159
208,205,205,205,205,205,205,205,205,205,205
262,262,262,262,262,262,262,262,262,262,262
320,317,317,317,317,317,317,317,318,318,318
381,381,381,381,381,381,381,381,381,381,381
444,441,441,441,441,441,442,442,442,442,442
508,508,508,508,508,508,508,508,508,508,508
572,570,570,570,570,570,570,570,570,570,570
636,636,636,636,636,636,636,636,636,636,636
697,694,694,694,694,694,694,694,694,695,695
755,755,755,755,755,755,755,755,755,755,755
810,807,807,807,807,807,807,807,807,807,807
860,860,860,860,860,860,860,860,860,860,860
904,901,901,901,901,901,901,901,901,901,901
942,942,942,942,942,942,942,942,942,942,942
973,970,970,970,970,971,971,971,971,971,971
997,997,997,997,997,997,997,997,997,997,997
1014,1011,1011,1011,1011,1011,1011,1011,1011,1011,1011
1022,1022,1022,1022,1022,1022,1022,1022,1022,1022,1022
1023,1020,1020,1020,1020,1020,1020,1020,1020,1020,1020
1015,1015,1015,1015,1015,1015,1015,1015,1015,1015,1015
999,996,996,996,996,996,996,996,996,996,996
976,976,976,976,976,976,976,976,976,976,976
946,943,942,942,942,942,942,942,942,942,942
908,908,908,908,908,908,908,908,908,908,908
864,861,861,861,861,861,861,861,861,861,861
815,815,815,815,815,815,815,815,815,815,815
761,758,758,758,758,758,758,758,758,758,757
703,703,703,703,703,703,703,703,703,703,703
642,639,639,639,639,639,639,639,639,638,638
579,579,579,579,579,579,579,579,579,579,579
515,512,512,512,512,511,511,511,511,511,511
451,451,451,451,451,451,451,451,451,451,451
387,384,384,384,384,384,384,384,384,384,384
326,326,326,326,326,326,326,326,326,326,326
268,265,265,265,265,264,264,264,264,264,264
213,213,213,213,213,213,213,213,213,213,213
163,160,160,160,160,160,160,160,160,160,160
119,119,119,119,119,119,119,119,119,119,119
81,78,78,78,78,78,78,78,78,78,78
50,50,50,50,50,50,50,50,50,50,50
26,23,23,23,23,23,22,22,22,22,22
9,9,9,9,9,9,9,9,9,9,9
1,0,0,0,0,0,0,0,0,0,0
0,0,0,0,0,0,0,0,0,0,0
8,5,5,5,5,5,5,5,5,5,5
24,24,24,24,24,24,24,24,24,24,24
47,44,44,44,44,44,44,44,44,44,44
77,77,77,77,77,77,77,77,77,77,77
115,112,112,112,112,112,112,112,112,112,112
159,159,159,159,159,159,159,159,159,159,159
208,205,205,205,205,205,205,205,205,205,205
262,262,262,262,262,262,262,262,262,262,262
320,317,317,317,317,317,317,317,317,317,317
381,381,381,381,381,381,381,381,381,381,381
444,441,441,441,441,441,441,441,441,442,442
508,508,508,508,508,508,508,508,508,508,508
572,569,569,569,570,570,570,570,570,570,570
636,636,636,636,636,636,636,636,636,636,636
697,694,694,694,694,694,694,694,694,694,694
755,755,755,755,755,755,755,755,755,755,755
810,807,807,807,807,807,807,807,807,807,807
859,859,859,859,859,859,859,859,859,859,859
904,901,901,901,901,901,901,901,901,901,901
942,942,942,942,942,942,942,942,942,942,942
973,970,970,970,970,970,970,970,971,971,971
997,997,997,997,997,997,997,997,997,997,997
1014,1011,1011,1011,1011,1011,1011,1011,1011,1011,1011
1022,1022,1022,1022,1022,1022,1022,1022,1022,1022,1022
1023,1020,1020,1020,1020,1020,1020,1020,1020,1020,1020
1015,1015,1015,1015,1015,1015,1015,1015,1015,1015,1015
1000,996,996,996,996,996,996,996,996,996,996
976,976,976,976,976,976,976,976,976,976,976
946,943,943,943,943,942,942,942,942,942,942
908,908,908,908,908,908,908,908,908,908,908
865,861,861,861,861,861,861,861,861,861,861
815,815,815,815,815,815,815,815,815,815,815
761,758,758,758,758,758,758,758,758,758,758
703,703,703,703,703,703,703,703,703,703,703
642,639,639,639,639,639,639,639,639,639,639
579,579,579,579,579,579,579,579,579,579,579
515,512,512,512,512,512,512,512,511,511,511
451,451,451,451,451,451,451,451,451,451,451
388,385,384,384,384,384,384,384,384,384,384
326,326,326,326,326,326,326,326,326,326,326
268,265,265,265,265,265,265,265,264,264,264
213,213,213,213,213,213,213,213,213,213,213
164,161,160,160,160,160,160,160,160,160,160
119,119,119,119,119,119,119,119,119,119,119
81,78,78,78,78,78,78,78,78,78,78
50,50,50,50,50,50,50,50,50,50,50
26,23,23,23,23,23,23,23,23,22,22
9,9,9,9,9,9,9,9,9,9,9
1,0,0,0,0,0,0,0,0,0,0
0,0,0,0,0,0,0,0,0,0,0
8,5,5,5,5,5,5,5,5,5,5
23,23,23,23,23,23,23,23,23,23,23
47,44,44,44,44,44,44,44,44,44,44
77,77,77,77,77,77,77,77,77,77,77
115,112,112,112,112,112,112,112,112,112,112
158,158,158,158,158,158,158,158,158,158,158
208,205,205,205,205,205,205,205,205,205,205
262,262,262,262,262,262,262,262,262,262,262
320,317,317,317,317,317,317,317,317,317,317
381,381,381,381,381,381,381,381,381,381,381
444,441,441,441,441,441,441,441,441,441,441
508,508,508,508,508,508,508,508,508,508,508
572,569,569,569,569,569,569,570,570,570,570
635,635,635,635,635,635,635,635,635,635,635
697,694,694,694,694,694,694,694,694,694,694
755,755,755,755,755,755,755,755,755,755,755
810,807,807,807,807,807,807,807,807,807,807
859,859,859,859,859,859,859,859,859,859,859
904,901,901,901,901,901,901,901,901,901,901
942,942,942,942,942,942,942,942,942,942,942
973,970,970,970,970,970,970,970,970,970,970
997,997,997,997,997,997,997,997,997,997,997
1014,1011,1011,1011,1011,1011,1011,1011,1011,1011,1011
1022,1022,1022,1022,1022,1022,1022,1022,1022,1022,1022
1023,1020,1020,1020,1020,1020,1020,1020,1020,1020,1020
1015,1015,1015,1015,1015,1015,1015,1015,1015,1015,1015
1000,997,997,997,996,996,996,996,996,996,996
976,976,976,976,976,976,976,976,976,976,976
946,943,943,943,943,943,943,943,942,942,942
908,908,908,908,908,908,908,908,908,908,908
865,862,862,862,861,861,861,861,861,861,861
815,815,815,815,815,815,815,815,815,815,815
761,758,758,758,758,758,758,758,758,758,758
703,703,703,703,703,703,703,703,703,703,703
642,639,639,639,639,639,639,639,639,639,639
579,579,579,579,579,579,579,579,579,579,579
515,512,512,512,512,512,512,512,512,512,512
451,451,451,451,451,451,451,451,451,451,451
388,385,385,385,385,384,384,384,384,384,384
326,326,326,326,326,326,326,326,326,326,326
268,265,265,265,265,265,265,265,265,265,265
214,214,214,214,214,214,214,214,214,214,214
164,161,161,161,161,160,160,160,160,160,160
119,119,119,119,119,119,119,119,119,119,119
81,78,78,78,78,78,78,78,78,78,78
50,50,50,50,50,50,50,50,50,50,50
26,23,23,23,23,23,23,23,23,23,23
9,9,9,9,9,9,9,9,9,9,9
1,0,0,0,0,0,0,0,0,0,0
0,0,0,0,0,0,0,0,0,0,0
8,5,5,5,5,5,5,5,5,5,5
23,23,23,23,23,23,23,23,23,23,23
47,44,44,44,44,44,44,44,44,44,44
77,77,77,77,77,77,77,77,77,77,77
115,112,112,112,112,112,112,112,112,112,112
158,158,158,158,158,158,158,158,158,158,158
208,205,205,205,205,205,205,205,205,205,205
262,262,262,262,262,262,262,262,262,262,262
320,317,317,317,317,317,317,317,317,317,317
381,381,381,381,381,381,381,381,381,381,381
444,441,441,441,441,441,441,441,441,441,441
508,508,508,508,508,508,508,508,508,508,508
572,569,569,569,569,569,569,569,569,569,570
635,635,635,635,635,635,635,635,635,635,635
696,693,694,694,694,694,694,694,694,694,694
755,755,755,755,755,755,755,755,755,755,755
809,806,806,807,807,807,807,807,807,807,807
859,859,859,859,859,859,859,859,859,859,859
904,901,901,901,901,901,901,901,901,901,901
942,942,942,942,942,942,942,942,942,942,942
973,970,970,970,970,970,970,970,970,970,970
997,997,997,997,997,997,997,997,997,997,997
1014,1011,1011,1011,1011,1011,1011,1011,1011,1011,1011
1022,1022,1022,1022,1022,1022,1022,1022,1022,1022,1022
1023,1020,1020,1020,1020,1020,1020,1020,1020,1020,1020
1015,1015,1015,1015,1015,1015,1015,1015,1015,1015,1015
1000,997,997,997,997,997,997,996,996,996,996
976,976,976,976,976,976,976,976,976,976,976
946,943,943,943,943,943,943,943,943,943,943
908,908,908,908,908,908,908,908,908,908,908
865,862,862,862,862,862,862,861,861,861,861
816,816,816,816,816,816,816,816,816,816,816
762,758,758,758,758,758,758,758,758,758,758
704,704,704,704,704,704,704,704,704,704,704
643,640,639,639,639,639,639,639,639,639,639
580,580,580,580,580,580,580,580,580,580,580
515,512,512,512,512,512,512,512,512,512,512
451,451,451,451,451,451,451,451,451,451,451
388,385,385,385,385,385,385,385,384,384,384
327,327,327,327,327,327,327,327,327,327,327
268,265,265,265,265,265,265,265,265,265,265
214,214,214,214,214,214,214,214,214,214,214
164,161,161,161,161,161,161,161,161,160,160
120,120,120,120,120,120,120,120,120,120,120
81,78,78,78,78,78,78,78,78,78,78
50,50,50,50,50,50,50,50,50,50,50
26,23,23,23,23,23,23,23,23,23,23
9,9,9,9,9,9,9,9,9,9,9
1,0,0,0,0,0,0,0,0,0,0
0,0,0,0,0,0,0,0,0,0,0
8,5,5,5,5,5,5,5,5,5,5
23,23,23,23,23,23,23,23,23,23,23
47,44,44,44,44,44,44,44,44,44,44
77,77,77,77,77,77,77,77,77,77,77
114,112,112,112,112,112,112,112,112,112,112
158,158,158,158,158,158,158,158,158,158,158
207,204,204,205,205,205,205,205,205,205,205
261,261,261,261,261,261,261,261,261,261,261
319,316,316,317,317,317,317,317,317,317,317
380,380,380,380,380,380,380,380,380,380,380
443,440,441,441,441,441,441,441,441,441,441
508,508,508,508,508,508,508,508,508,508,508
572,569,569,569,569,569,569,569,569,569,569
635,635,635,635,635,635,635,635,635,635,635
696,693,693,693,693,694,694,694,694,694,694
755,755,755,755,755,755,755,755,755,755,755
809,806,806,806,806,806,807,807,807,807,807
859,859,859,859,859,859,859,859,859,859,859
903,900,901,901,901,901,901,901,901,901,901
942,942,942,942,942,942,942,942,942,942,942
973,970,970,970,970,970,970,970,970,970,970
997,997,997,997,997,997,997,997,997,997,997
1014,1011,1011,1011,1011,1011,1011,1011,1011,1011,1011
1022,1022,1022,1022,1022,1022,1022,1022,1022,1022,1022
1023,1020,1020,1020,1020,1020,1020,1020,1020,1020,1020
1015,1015,1015,1015,1015,1015,1015,1015,1015,1015,1015
1000,997,997,997,997,997,997,997,997,997,996
976,976,976,976,976,976,976,976,976,976,976
946,943,943,943,943,943,943,943,943,943,943
909,909,909,909,909,909,909,909,909,909,909
865,862,862,862,862,862,862,862,862,862,861
816,816,816,816,816,816,816,816,816,816,816
762,759,759,759,758,758,758,758,758,758,758
704,704,704,704,704,704,704,704,704,704,704
643,640,640,640,640,639,639,639,639,639,639
580,580,580,580,580,580,580,580,580,580,580
516,513,512,512,512,512,512,512,512,512,512
451,451,451,451,451,451,451,451,451,451,451
388,385,385,385,385,385,385,385,385,385,385
327,327,327,327,327,327,327,327,327,327,327
268,265,265,265,265,265,265,265,265,265,265
214,214,214,214,214,214,214,214,214,214,214
164,161,161,161,161,161,161,161,161,161,161
120,120,120,120,120,120,120,120,120,120,120
81,78,78,78,78,78,78,78,78,78,78
50,50,50,50,50,50,50,50,50,50,50
26,23,23,23,23,23,23,23,23,23,23
9,9,9,9,9,9,9,9,9,9,9
1,0,0,0,0,0,0,0,0,0,0
0,0,0,0,0,0,0,0,0,0,0
8,5,5,5,5,5,5,5,5,5,5
23,23,23,23,23,23,23,23,23,23,23
46,44,44,44,44,44,44,44,44,44,44
77,77,77,77,77,77,77,77,77,77,77
114,111,111,111,112,112,112,112,112,112,112
158,158,158,158,158,158,158,158,158,158,158
207,204,204,204,204,204,205,205,205,205,205
261,261,261,261,261,261,261,261,261,261,261
319,316,316,316,316,316,316,317,317,317,317
380,380,380,380,380,380,380,380,380,380,380
443,440,440,440,440,440,441,441,441,441,441
507,507,507,507,507,507,507,507,507,507,507
572,569,569,569,569,569,569,569,569,569,569
635,635,635,635,635,635,635,635,635,635,635
696,693,693,693,693,693,693,693,694,694,694
754,754,754,754,754,754,754,754,754,754,754
809,806,806,806,806,806,806,806,806,807,807
859,859,859,859,859,859,859,859,859,859,859
903,900,900,900,900,901,901,901,901,901,901
942,942,942,942,942,942,942,942,942,942,942
973,970,970,970,970,970,970,970,970,970,970
997,997,997,997,997,997,997,997,997,997,997
1014,1011,1011,1011,1011,1011,1011,1011,1011,1011,1011
1022,1022,1022,1022,1022,1022,1022,1022,1022,1022,1022
1023,1020,1020,1020,1020,1020,1020,1020,1020,1020,1020
1015,1015,1015,1015,1015,1015,1015,1015,1015,1015,1015
1000,997,997,997,997,997,997,997,997,997,997
977,977,977,977,977,977,977,977,977,977,977
946,943,943,943,943,943,943,943,943,943,943
909,909,909,909,909,909,909,909,909,909,909
865,862,862,862,862,862,862,862,862,862,862
816,816,816,816,816,816,816,816,816,816,816
762,759,759,759,759,759,759,759,758,758,758
704,704,704,704,704,704,704,704,704,704,704
643,640,640,640,640,640,640,640,639,639,639
580,580,580,580,580,580,580,580,580,580,580
516,513,513,513,513,512,512,512,512,512,512
452,452,452,452,452,452,452,452,452,452,452
388,385,385,385,385,385,385,385,385,385,385
327,327,327,327,327,327,327,327,327,327,327
269,266,266,265,265,265,265,265,265,265,265
214,214,214,214,214,214,214,214,214,214,214
164,161,161,161,161,161,161,161,161,161,161
120,120,120,120,120,120,120,120,120,120,120
82,78,78,78,78,78,78,78,78,78,78
50,50,50,50,50,50,50,50,50,50,50
26,23,23,23,23,23,23,23,23,23,23
9,9,9,9,9,9,9,9,9,9,9
1,0,0,0,0,0,0,0,0,0,0
0,0,0,0,0,0,0,0,0,0,0
8,5,5,5,5,5,5,5,5,5,5
23,23,23,23,23,23,23,23,23,23,23
46,43,43,43,44,44,44,44,44,44,44
77,77,77,77,77,77,77,77,77,77,77
114,111,111,111,111,111,111,112,112,112,112
158,158,158,158,158,158,158,158,158,158,158
207,204,204,204,204,204,204,204,204,204,205
261,261,261,261,261,261,261,261,261,261,261
319,316,316,316,316,316,316,316,316,316,317
380,380,380,380,380,380,380,380,380,380,380
443,440,440,440,440,440,440,440,440,441,441
507,507,507,507,507,507,507,507,507,507,507
571,568,568,569,569,569,569,569,569,569,569
635,635,635,635,635,635,635,635,635,635,635
696,693,693,693,693,693,693,693,693,693,693
754,754,754,754,754,754,754,754,754,754,754
809,806,806,806,806,806,806,806,806,806,806
859,859,859,859,859,859,859,859,859,859,859
903,900,900,900,900,900,900,900,901,901,901
941,941,941,941,941,941,941,941,941,941,941
973,970,970,970,970,970,970,970,970,970,970
997,997,997,997,997,997,997,997,997,997,997
1014,1011,1011,1011,1011,1011,1011,1011,1011,1011,1011
1022,1022,1022,1022,1022,1022,1022,1022,1022,1022,1022
1023,1020,1020,1020,1020,1020,1020,1020,1020,1020,1020
1015,1015,1015,1015,1015,1015,1015,1015,1015,1015,1015
1000,997,997,997,997,997,997,997,997,997,997
977,977,977,977,977,977,977,977,977,977,977
946,943,943,943,943,943,943,943,943,943,943
909,909,909,909,909,909,909,909,909,909,909
865,862,862,862,862,862,862,862,862,862,862
816,816,816,816,816,816,816,816,816,816,816
762,759,759,759,759,759,759,759,759,759,759
704,704,704,704,704,704,704,704,704,704,704
643,640,640,640,640,640,640,640,640,640,640
580,580,580,580,580,580,580,580,580,580,580
516,513,513,513,513,513,513,513,512,512,512
452,452,452,452,452,452,452,452,452,452,452
389,385,385,385,385,385,385,385,385,385,385
327,327,327,327,327,327,327,327,327,327,327
269,266,266,266,266,266,265,265,265,265,265
214,214,214,214,214,214,214,214,214,214,214
164,161,161,161,161,161,161,161,161,161,161
120,120,120,120,120,120,120,120,120,120,120
82,79,79,79,79,78,78,78,78,78,78
50,50,50,50,50,50,50,50,50,50,50
26,23,23,23,23,23,23,23,23,23,23
9,9,9,9,9,9,9,9,9,9,9
1,0,0,0,0,0,0,0,0,0,0
0,0,0,0,0,0,0,0,0,0,0
8,5,5,5,5,5,5,5,5,5,5
23,23,23,23,23,23,23,23,23,23,23
46,43,43,43,43,43,43,43,44,44,44
77,77,77,77,77,77,77,77,77,77,77
114,111,111,111,111,111,111,111,111,111,112
158,158,158,158,158,158,158,158,158,158,158
207,204,204,204,204,204,204,204,204,204,204
261,261,261,261,261,261,261,261,261,261,261
319,316,316,316,316,316,316,316,316,316,316
380,380,380,380,380,380,380,380,380,380,380
443,440,440,440,440,440,440,440,440,440,440
507,507,507,507,507,507,507,507,507,507,507
571,568,568,568,568,568,569,569,569,569,569
634,634,634,634,634,634,634,634,634,634,634
696,693,693,693,693,693,693,693,693,693,693
754,754,754,754,754,754,754,754,754,754,754
809,806,806,806,806,806,806,806,806,806,806
859,859,859,859,859,859,859,859,859,859,859
903,900,900,900,900,900,900,900,900,900,900
941,941,941,941,941,941,941,941,941,941,941
973,970,970,970,970,970,970,970,970,970,970
997,997,997,997,997,997,997,997,997,997,997
1014,1011,1011,1011,1011,1011,1011,1011,1011,1011,1011
1022,1022,1022,1022,1022,1022,1022,1022,1022,1022,1022
1023,1020,1020,1020,1020,1020,1020,1020,1020,1020,1020
1015,1015,1015,1015,1015,1015,1015,1015,1015,1015,1015
1000,997,997,997,997,997,997,997,997,997,997
977,977,977,977,977,977,977,977,977,977,977
946,943,943,943,943,943,943,943,943,943,943
909,909,909,909,909,909,909,909,909,909,909
865,862,862,862,862,862,862,862,862,862,862
816,816,816,816,816,816,816,816,816,816,816
762,759,759,759,759,759,759,759,759,759,759
704,704,704,704,704,704,704,704,704,704,704
643,640,640,640,640,640,640,640,640,640,640
580,580,580,580,580,580,580,580,580,580,580
516,513,513,513,513,513,513,513,513,513,513
452,452,452,452,452,452,452,452,452,452,452
389,386,386,386,385,385,385,385,385,385,385
327,327,327,327,327,327,327,327,327,327,327
269,266,266,266,266,266,266,266,266,265,265
214,214,214,214,214,214,214,214,214,214,214
164,161,161,161,161,161,161,161,161,161,161
120,120,120,120,120,120,120,120,120,120,120
82,79,79,79,79,79,79,79,78,78,78
50,50,50,50,50,50,50,50,50,50,50
26,23,23,23,23,23,23,23,23,23,23
9,9,9,9,9,9,9,9,9,9,9
1,0,0,0,0,0,0,0,0,0,0
0,0,0,0,0,0,0,0,0,0,0
8,5,5,5,5,5,5,5,5,5,5
23,23,23,23,23,23,23,23,23,23,23
46,43,43,43,43,43,43,43,43,43,43
77,77,77,77,77,77,77,77,77,77,77
114,111,111,111,111,111,111,111,111,111,111
158,158,158,158,158,158,158,158,158,158,158
207,204,204,204,204,204,204,204,204,204,204
261,261,261,261,261,261,261,261,261,261,261
319,316,316,316,316,316,316,316,316,316,316
380,380,380,380,380,380,380,380,380,380,380
443,440,440,440,440,440,440,440,440,440,440
507,507,507,507,507,507,507,507,507,507,507
571,568,568,568,568,568,568,568,568,568,569
634,634,634,634,634,634,634,634,634,634,634
696,693,693,693,693,693,693,693,693,693,693
754,754,754,754,754,754,754,754,754,754,754
809,806,806,806,806,806,806,806,806,806,806
858,858,858,858,858,858,858,858,858,858,858
903,900,900,900,900,900,900,900,900,900,900
941,941,941,941,941,941,941,941,941,941,941
973,970,970,970,970,970,970,970,970,970,970
997,997,997,997,997,997,997,997,997,997,997
1014,1011,1011,1011,1011,1011,1011,1011,1011,1011,1011
1022,1022,1022,1022,1022,1022,1022,1022,1022,1022,1022
1023,1020,1020,1020,1020,1020,1020,1020,1020,1020,1020
1015,1015,1015,1015,1015,1015,1015,1015,1015,1015,1015
1000,997,997,997,997,997,997,997,997,997,997
977,977,977,977,977,977,977,977,977,977,977
946,943,943,943,943,943,943,943,943,943,943
909,909,909,909,909,909,909,909,909,909,909
866,862,862,862,862,862,862,862,862,862,862
816,816,816,816,816,816,816,816,816,816,816
762,759,759,759,759,759,759,759,759,759,759
704,704,704,704,704,704,704,704,704,704,704
644,640,640,640,640,640,640,640,640,640,640
581,581,581,581,581,581,581,581,581,581,581
516,513,513,513,513,513,513,513,513,513,513
452,452,452,452,452,452,452,452,452,452,452
389,386,386,386,386,386,386,385,385,385,385
328,328,328,328,328,328,328,328,328,328,328
269,266,266,266,266,266,266,266,266,266,266
215,215,215,215,215,215,215,215,215,215,215
165,162,162,161,161,161,161,161,161,161,161
120,120,120,120,120,120,120,120,120,120,120
82,79,79,79,79,79,79,79,79,79,79
50,50,50,50,50,50,50,50,50,50,50
26,23,23,23,23,23,23,23,23,23,23
10,10,10,10,10,10,10,10,10,10,10
1,0,0,0,0,0,0,0,0,0,0
0,0,0,0,0,0,0,0,0,0,0
8,5,5,5,5,5,5,5,5,5,5
23,23,23,23,23,23,23,23,23,23,23
46,43,43,43,43,43,43,43,43,43,43
77,77,77,77,77,77,77,77,77,77,77
114,111,111,111,111,111,111,111,111,111,111
157,157,157,157,157,157,157,157,157,157,157
207,204,204,204,204,204,204,204,204,204,204
261,261,261,261,261,261,261,261,261,261,261
318,315,316,316,316,316,316,316,316,316,316
379,379,379,379,379,379,379,379,379,379,379
442,439,440,440,440,440,440,440,440,440,440
507,507,507,507,507,507,507,507,507,507,507
571,568,568,568,568,568,568,568,568,568,568
634,634,634,634,634,634,634,634,634,634,634
695,692,692,693,693,693,693,693,693,693,693
754,754,754,754,754,754,754,754,754,754,754
808,805,805,806,806,806,806,806,806,806,806
858,858,858,858,858,858,858,858,858,858,858
903,900,900,900,900,900,900,900,900,900,900
941,941,941,941,941,941,941,941,941,941,941
973,970,970,970,970,970,970,970,970,970,970
997,997,997,997,997,997,997,997,997,997,997
1013,1010,1010,1011,1011,1011,1011,1011,1011,1011,1011
1022,1022,1022,1022,1022,1022,1022,1022,1022,1022,1022
1023,1020,1020,1020,1020,1020,1020,1020,1020,1020,1020
1015,1015,1015,1015,1015,1015,1015,1015,1015,1015,1015
1000,997,997,997,997,997,997,997,997,997,997
977,977,977,977,977,977,977,977,977,977,977
946,943,943,943,943,943,943,943,943,943,943
909,909,909,909,909,909,909,909,909,909,909
866,863,863,863,862,862,862,862,862,862,862
817,817,817,817,817,817,817,817,817,817,817
763,760,759,759,759,759,759,759,759,759,759
705,705,705,705,705,705,705,705,705,705,705
644,641,641,641,640,640,640,640,640,640,640
581,581,581,581,581,581,581,581,581,581,581
517,514,513,513,513,513,513,513,513,513,513
452,452,452,452,452,452,452,452,452,452,452
389,386,386,386,386,386,386,386,386,386,385
328,328,328,328,328,328,328,328,328,328,328
269,266,266,266,266,266,266,266,266,266,266
215,215,215,215,215,215,215,215,215,215,215
165,162,162,162,162,162,161,161,161,161,161
120,120,120,120,120,120,120,120,120,120,120
82,79,79,79,79,79,79,79,79,79,79
50,50,50,50,50,50,50,50,50,50,50
26,23,23,23,23,23,23,23,23,23,23
10,10,10,10,10,10,10,10,10,10,10
1,0,0,0,0,0,0,0,0,0,0
0,0,0,0,0,0,0,0,0,0,0
8,5,5,5,5,5,5,5,5,5,5
23,23,23,23,23,23,23,23,23,23,23
46,43,43,43,43,43,43,43,43,43,43
76,76,76,76,76,76,76,76,76,76,76
114,111,111,111,111,111,111,111,111,111,111
157,157,157,157,157,157,157,157,157,157,157
206,203,204,204,204,204,204,204,204,204,204
260,260,260,260,260,260,260,260,260,260,260
318,315,315,315,315,316,316,316,316,316,316
379,379,379,379,379,379,379,379,379,379,379
442,439,439,439,439,440,440,440,440,440,440
506,506,506,506,506,506,506,506,506,506,506
571,568,568,568,568,568,568,568,568,568,568
634,634,634,634,634,634,634,634,634,634,634
695,692,692,692,692,692,693,693,693,693,693
754,754,754,754,754,754,754,754,754,754,754
808,805,805,805,805,805,806,806,806,806,806
858,858,858,858,858,858,858,858,858,858,858
903,900,900,900,900,900,900,900,900,900,900
941,941,941,941,941,941,941,941,941,941,941
973,970,970,970,970,970,970,970,970,970,970
997,997,997,997,997,997,997,997,997,997,997
1013,1010,1010,1010,1010,1010,1011,1011,1011,1011,1011
1022,1022,1022,1022,1022,1022,1022,1022,1022,1022,1022
1023,1020,1020,1020,1020,1020,1020,1020,1020,1020,1020
1015,1015,1015,1015,1015,1015,1015,1015,1015,1015,1015
1000,997,997,997,997,997,997,997,997,997,997
977,977,977,977,977,977,977,977,977,977,977
947,944,944,943,943,943,943,943,943,943,943
909,909,909,909,909,909,909,909,909,909,909
866,863,863,863,863,863,863,862,862,862,862
817,817,817,817,817,817,817,817,817,817,817
763,760,760,760,760,759,759,759,759,759,759
705,705,705,705,705,705,705,705,705,705,705
644,641,641,641,641,641,641,640,640,640,640
581,581,581,581,581,581,581,581,581,581,581
517,514,514,514,514,513,513,513,513,513,513
453,453,453,453,453,453,453,453,453,453,453
389,386,386,386,386,386,386,386,386,386,386
328,328,328,328,328,328,328,328,328,328,328
269,266,266,266,266,266,266,266,266,266,266
215,215,215,215,215,215,215,215,215,215,215
165,162,162,162,162,162,162,162,162,161,161
120,120,120,120,120,120,120,120,120,120,120
82,79,79,79,79,79,79,79,79,79,79
51,51,51,51,51,51,51,51,51,51,51
26,23,23,23,23,23,23,23,23,23,23
10,10,10,10,10,10,10,10,10,10,10
1,0,0,0,0,0,0,0,0,0,0
0,0,0,0,0,0,0,0,0,0,0
8,5,5,5,5,5,5,5,5,5,5
23,23,23,23,23,23,23,23,23,23,23
46,43,43,43,43,43,43,43,43,43,43
76,76,76,76,76,76,76,76,76,76,76
114,111,111,111,111,111,111,111,111,111,111
157,157,157,157,157,157,157,157,157,157,157
206,203,203,203,203,204,204,204,204,204,204
260,260,260,260,260,260,260,260,260,260,260
318,315,315,315,315,315,315,315,316,316,316
379,379,379,379,379,379,379,379,379,379,379
442,439,439,439,439,439,439,439,440,440,440
506,506,506,506,506,506,506,506,506,506,506
570,567,567,568,568,568,568,568,568,568,568
634,634,634,634,634,634,634,634,634,634,634
695,692,692,692,692,692,692,692,692,693,693
753,753,753,753,753,753,753,753,753,753,753
808,805,805,805,805,805,805,805,805,806,806
858,858,858,858,858,858,858,858,858,858,858
903,900,900,900,900,900,900,900,900,900,900
941,941,941,941,941,941,941,941,941,941,941
972,969,970,970,970,970,970,970,970,970,970
997,997,997,997,997,997,997,997,997,997,997
1013,1010,1010,1010,1010,1010,1010,1010,1010,1011,1011
1022,1022,1022,1022,1022,1022,1022,1022,1022,1022,1022
1023,1020,1020,1020,1020,1020,1020,1020,1020,1020,1020
1015,1015,1015,1015,1015,1015,1015,1015,1015,1015,1015
1000,997,997,997,997,997,997,997,997,997,997
977,977,977,977,977,977,977,977,977,977,977
947,944,944,944,944,944,943,943,943,943,943
909,909,909,909,909,909,909,909,909,909,909
866,863,863,863,863,863,863,863,863,863,862
817,817,817,817,817,817,817,817,817,817,817
763,760,760,760,760,760,760,760,759,759,759
705,705,705,705,705,705,705,705,705,705,705
644,641,641,641,641,641,641,641,641,641,640
581,581,581,581,581,581,581,581,581,581,581
517,514,514,514,514,514,514,514,513,513,513
453,453,453,453,453,453,453,453,453,453,453
389,386,386,386,386,386,386,386,386,386,386
328,328,328,328,328,328,328,328,328,328,328
270,267,267,266,266,266,266,266,266,266,266
215,215,215,215,215,215,215,215,215,215,215
165,162,162,162,162,162,162,162,162,162,162
121,121,121,121,121,121,121,121,121,121,121
82,79,79,79,79,79,79,79,79,79,79
51,51,51,51,51,51,51,51,51,51,51
26,23,23,23,23,23,23,23,23,23,23
10,10,10,10,10,10,10,10,10,10,10
1,0,0,0,0,0,0,0,0,0,0
0,0,0,0,0,0,0,0,0,0,0
8,5,5,5,5,5,5,5,5,5,5
23,23,23,23,23,23,23,23,23,23,23
46,43,43,43,43,43,43,43,43,43,43
76,76,76,76,76,76,76,76,76,76,76
113,111,111,111,111,111,111,111,111,111,111
157,157,157,157,157,157,157,157,157,157,157
206,203,203,203,203,203,203,203,203,204,204
260,260,260,260,260,260,260,260,260,260,260
318,315,315,315,315,315,315,315,315,315,315
379,379,379,379,379,379,379,379,379,379,379
442,439,439,439,439,439,439,439,439,439,439
506,506,506,506,506,506,506,506,506,506,506
570,567,567,567,567,567,568,568,568,568,568
633,633,633,633,633,633,633,633,633,633,633
695,692,692,692,692,692,692,692,692,692,692
753,753,753,753,753,753,753,753,753,753,753
808,805,805,805,805,805,805,805,805,805,805
858,858,858,858,858,858,858,858,858,858,858
902,899,899,900,900,900,900,900,900,900,900
941,941,941,941,941,941,941,941,941,941,941
972,969,969,969,969,969,970,970,970,970,970
997,997,997,997,997,997,997,997,997,997,997
1013,1010,1010,1010,1010,1010,1010,1010,1010,1010,1010
1022,1022,1022,1022,1022,1022,1022,1022,1022,1022,1022
1023,1020,1020,1020,1020,1020,1020,1020,1020,1020,1020
1015,1015,1015,1015,1015,1015,1015,1015,1015,1015,1015
1000,997,997,997,997,997,997,997,997,997,997
977,977,977,977,977,977,977,977,977,977,977
947,944,944,944,944,944,944,944,944,943,943
910,910,910,910,910,910,910,910,910,910,910
866,863,863,863,863,863,863,863,863,863,863
817,817,817,817,817,817,817,817,817,817,817
763,760,760,760,760,760,760,760,760,760,760
705,705,705,705,705,705,705,705,705,705,705
644,641,641,641,641,641,641,641,641,641,641
581,581,581,581,581,581,581,581,581,581,581
517,514,514,514,514,514,514,514,514,514,514
453,453,453,453,453,453,453,453,453,453,453
390,387,387,386,386,386,386,386,386,386,386
328,328,328,328,328,328,328,328,328,328,328
270,267,267,267,267,267,266,266,266,266,266
215,215,215,215,215,215,215,215,215,215,215
165,162,162,162,162,162,162,162,162,162,162
121,121,121,121,121,121,121,121,121,121,121
82,79,79,79,79,79,79,79,79,79,79
51,51,51,51,51,51,51,51,51,51,51
26,23,23,23,23,23,23,23,23,23,23
10,10,10,10,10,10,10,10,10,10,10
1,0,0,0,0,0,0,0,0,0,0
0,0,0,0,0,0,0,0,0,0,0
8,5,5,5,5,5,5,5,5,5,5
23,23,23,23,23,23,23,23,23,23,23
46,43,43,43,43,43,43,43,43,43,43
76,76,76,76,76,76,76,76,76,76,76
113,110,110,110,111,111,111,111,111,111,111
157,157,157,157,157,157,157,157,157,157,157
206,203,203,203,203,203,203,203,203,203,203
260,260,260,260,260,260,260,260,260,260,260
318,315,315,315,315,315,315,315,315,315,315
379,379,379,379,379,379,379,379,379,379,379
442,439,439,439,439,439,439,439,439,439,439
506,506,506,506,506,506,506,506,506,506,506
570,567,567,567,567,567,567,567,567,568,568
633,633,633,633,633,633,633,633,633,633,633
695,692,692,692,692,692,692,692,692,692,692
753,753,753,753,753,753,753,753,753,753,753
808,805,805,805,805,805,805,805,805,805,805
858,858,858,858,858,858,858,858,858,858,858
902,899,899,899,899,899,900,900,900,900,900
941,941,941,941,941,941,941,941,941,941,941
972,969,969,969,969,969,969,969,969,970,970
997,997,997,997,997,997,997,997,997,997,997
1013,1010,1010,1010,1010,1010,1010,1010,1010,1010,1010
1022,1022,1022,1022,1022,1022,1022,1022,1022,1022,1022
1023,1020,1020,1020,1020,1020,1020,1020,1020,1020,1020
1015,1015,1015,1015,1015,1015,1015,1015,1015,1015,1015
1000,997,997,997,997,997,997,997,997,997,997
977,977,977,977,977,977,977,977,977,977,977
947,944,944,944,944,944,944,944,944,944,944
910,910,910,910,910,910,910,910,910,910,910
866,863,863,863,863,863,863,863,863,863,863
817,817,817,817,817,817,817,817,817,817,817
763,760,760,760,760,760,760,760,760,760,760
705,705,705,705,705,705,705,705,705,705,705
644,641,641,641,641,641,641,641,641,641,641
581,581,581,581,581,581,581,581,581,581,581
517,514,514,514,514,514,514,514,514,514,514
453,453,453,453,453,453,453,453,453,453,453
390,387,387,387,387,387,386,386,386,386,386
328,328,328,328,328,328,328,328,328,328,328
270,267,267,267,267,267,267,267,267,266,266
215,215,215,215,215,215,215,215,215,215,215
165,162,162,162,162,162,162,162,162,162,162
121,121,121,121,121,121,121,121,121,121,121
82,79,79,79,79,79,79,79,79,79,79
51,51,51,51,51,51,51,51,51,51,51
26,23,23,23,23,23,23,23,23,23,23
10,10,10,10,10,10,10,10,10,10,10
1,0,0,0,0,0,0,0,0,0,0
0,0,0,0,0,0,0,0,0,0,0
7,5,5,5,5,5,5,5,5,5,5
23,23,23,23,23,23,23,23,23,23,23
46,43,43,43,43,43,43,43,43,43,43
76,76,76,76,76,76,76,76,76,76,76
113,110,110,110,110,110,110,111,111,111,111
157,157,157,157,157,157,157,157,157,157,157
206,203,203,203,203,203,203,203,203,203,203
260,260,260,260,260,260,260,260,260,260,260
318,315,315,315,315,315,315,315,315,315,315
378,378,378,378,378,378,378,378,378,378,378
441,438,439,439,439,439,439,439,439,439,439
506,506,506,506,506,506,506,506,506,506,506
570,567,567,567,567,567,567,567,567,567,567
633,633,633,633,633,633,633,633,633,633,633
694,691,692,692,692,692,692,692,692,692,692
753,753,753,753,753,753,753,753,753,753,753
808,805,805,805,805,805,805,805,805,805,805
858,858,858,858,858,858,858,858,858,858,858
902,899,899,899,899,899,899,899,899,900,900
941,941,941,941,941,941,941,941,941,941,941
972,969,969,969,969,969,969,969,969,969,969
997,997,997,997,997,997,997,997,997,997,997
1013,1010,1010,1010,1010,1010,1010,1010,1010,1010,1010
1022,1022,1022,1022,1022,1022,1022,1022,1022,1022,1022
1023,1020,1020,1020,1020,1020,1020,1020,1020,1020,1020
1016,1016,1016,1016,1016,1016,1016,1016,1016,1016,1016
1000,997,997,997,997,997,997,997,997,997,997
977,977,977,977,977,977,977,977,977,977,977
947,944,944,944,944,944,944,944,944,944,944
910,910,910,910,910,910,910,910,910,910,910
866,863,863,863,863,863,863,863,863,863,863
817,817,817,817,817,817,817,817,817,817,817
763,760,760,760,760,760,760,760,760,760,760
706,706,706,706,706,706,706,706,706,706,706
645,642,642,641,641,641,641,641,641,641,641
582,582,582,582,582,582,582,582,582,582,582
518,514,514,514,514,514,514,514,514,514,514
453,453,453,453,453,453,453,453,453,453,453
390,387,387,387,387,387,387,387,387,386,386
329,329,329,329,329,329,329,329,329,329,329
270,267,267,267,267,267,267,267,267,267,267
215,215,215,215,215,215,215,215,215,215,215
165,162,162,162,162,162,162,162,162,162,162
121,121,121,121,121,121,121,121,121,121,121
82,79,79,79,79,79,79,79,79,79,79
51,51,51,51,51,51,51,51,51,51,51
26,23,23,23,23,23,23,23,23,23,23
10,10,10,10,10,10,10,10,10,10,10
1,0,0,0,0,0,0,0,0,0,0
0,0,0,0,0,0,0,0,0,0,0
7,4,4,4,5,5,5,5,5,5,5
23,23,23,23,23,23,23,23,23,23,23
46,43,43,43,43,43,43,43,43,43,43
76,76,76,76,76,76,76,76,76,76,76
113,110,110,110,110,110,110,110,110,110,111
157,157,157,157,157,157,157,157,157,157,157
206,203,203,203,203,203,203,203,203,203,203
259,259,259,259,259,259,259,259,259,259,259
317,314,314,315,315,315,315,315,315,315,315
378,378,378,378,378,378,378,378,378,378,378
441,438,438,438,438,439,439,439,439,439,439
505,505,505,505,505,505,505,505,505,505,505
570,567,567,567,567,567,567,567,567,567,567
633,633,633,633,633,633,633,633,633,633,633
694,691,691,691,691,692,692,692,692,692,692
753,753,753,753,753,753,753,753,753,753,753
807,804,805,805,805,805,805,805,805,805,805
857,857,857,857,857,857,857,857,857,857,857
902,899,899,899,899,899,899,899,899,899,899
940,940,940,940,940,940,940,940,940,940,940
972,969,969,969,969,969,969,969,969,969,969
996,996,996,996,996,996,996,996,996,996,996
1013,1010,1010,1010,1010,1010,1010,1010,1010,1010,1010
1022,1022,1022,1022,1022,1022,1022,1022,1022,1022,1022
1023,1020,1020,1020,1020,1020,1020,1020,1020,1020,1020
1016,1016,1016,1016,1016,1016,1016,1016,1016,1016,1016
1000,997,997,997,997,997,997,997,997,997,997
977,977,977,977,977,977,977,977,977,977,977
947,944,944,944,944,944,944,944,944,944,944
910,910,910,910,910,910,910,910,910,910,910
867,863,863,863,863,863,863,863,863,863,863
817,817,817,817,817,817,817,817,817,817,817
764,761,760,760,760,760,760,760,760,760,760
706,706,706,706,706,706,706,706,706,706,706
645,642,642,642,642,642,641,641,641,641,641
582,582,582,582,582,582,582,582,582,582,582
518,515,515,515,514,514,514,514,514,514,514
454,454,454,454,454,454,454,454,454,454,454
390,387,387,387,387,387,387,387,387,387,387
329,329,329,329,329,329,329,329,329,329,329
270,267,267,267,267,267,267,267,267,267,267
216,216,216,216,216,216,216,216,216,216,216
166,163,163,162,162,162,162,162,162,162,162
121,121,121,121,121,121,121,121,121,121,121
83,80,80,79,79,79,79,79,79,79,79
51,51,51,51,51,51,51,51,51,51,51
27,24,23,23,23,23,23,23,23,23,23
10,10,10,10,10,10,10,10,10,10,10
1,0,0,0,0,0,0,0,0,0,0
0,0,0,0,0,0,0,0,0,0,0
7,4,4,4,4,4,4,5,5,5,5
23,23,23,23,23,23,23,23,23,23,23
46,43,43,43,43,43,43,43,43,43,43
76,76,76,76,76,76,76,76,76,76,76
113,110,110,110,110,110,110,110,110,110,110
156,156,156,156,156,156,156,156,156,156,156
205,203,203,203,203,203,203,203,203,203,203
259,259,259,259,259,259,259,259,259,259,259
317,314,314,314,314,314,314,315,315,315,315
378,378,378,378,378,378,378,378,378,378,378
441,438,438,438,438,438,438,438,439,439,439
505,505,505,505,505,505,505,505,505,505,505
569,566,566,567,567,567,567,567,567,567,567
633,633,633,633,633,633,633,633,633,633,633
694,691,691,691,691,691,691,691,692,692,692
753,753,753,753,753,753,753,753,753,753,753
807,804,804,804,804,805,805,805,805,805,805
857,857,857,857,857,857,857,857,857,857,857
902,899,899,899,899,899,899,899,899,899,899
940,940,940,940,940,940,940,940,940,940,940
972,969,969,969,969,969,969,969,969,969,969
996,996,996,996,996,996,996,996,996,996,996
1013,1010,1010,1010,1010,1010,1010,1010,1010,1010,1010
1022,1022,1022,1022,1022,1022,1022,1022,1022,1022,1022
1023,1020,1020,1020,1020,1020,1020,1020,1020,1020,1020
1016,1016,1016,1016,1016,1016,1016,1016,1016,1016,1016
1000,997,997,997,997,997,997,997,997,997,997
977,977,977,977,977,977,977,977,977,977,977
947,944,944,944,944,944,944,944,944,944,944
910,910,910,910,910,910,910,910,910,910,910
867,864,864,864,863,863,863,863,863,863,863
818,818,818,818,818,818,818,818,818,818,818
764,761,761,761,761,760,760,760,760,760,760
706,706,706,706,706,706,706,706,706,706,706
645,642,642,642,642,642,642,642,642,641,641
582,582,582,582,582,582,582,582,582,582,582
518,515,515,515,515,515,515,514,514,514,514
454,454,454,454,454,454,454,454,454,454,454
390,387,387,387,387,387,387,387,387,387,387
329,329,329,329,329,329,329,329,329,329,329
271,267,267,267,267,267,267,267,267,267,267
216,216,216,216,216,216,216,216,216,216,216
166,163,163,163,163,163,162,162,162,162,162
121,121,121,121,121,121,121,121,121,121,121
83,80,80,80,80,80,79,79,79,79,79
51,51,51,51,51,51,51,51,51,51,51
27,24,24,24,24,23,23,23,23,23,23
10,10,10,10,10,10,10,10,10,10,10
1,0,0,0,0,0,0,0,0,0,0
0,0,0,0,0,0,0,0,0,0,0
7,4,4,4,4,4,4,4,4,4,5
23,23,23,23,23,23,23,23,23,23,23
45,43,43,43,43,43,43,43,43,43,43
76,76,76,76,76,76,76,76,76,76,76
113,110,110,110,110,110,110,110,110,110,110
156,156,156,156,156,156,156,156,156,156,156
205,202,202,202,203,203,203,203,203,203,203
259,259,259,259,259,259,259,259,259,259,259
317,314,314,314,314,314,314,314,314,314,315
378,378,378,378,378,378,378,378,378,378,378
441,438,438,438,438,438,438,438,438,438,438
505,505,505,505,505,505,505,505,505,505,505
569,566,566,566,566,566,567,567,567,567,567
632,632,632,632,632,632,632,632,632,632,632
694,691,691,691,691,691,691,691,691,691,691
752,752,752,752,752,752,752,752,752,752,752
807,804,804,804,804,804,804,804,805,805,805
857,857,857,857,857,857,857,857,857,857,857
902,899,899,899,899,899,899,899,899,899,899
940,940,940,940,940,940,940,940,940,940,940
972,969,969,969,969,969,969,969,969,969,969
996,996,996,996,996,996,996,996,996,996,996
1013,1010,1010,1010,1010,1010,1010,1010,1010,1010,1010
1022,1022,1022,1022,1022,1022,1022,1022,1022,1022,1022
1023,1020,1020,1020,1020,1020,1020,1020,1020,1020,1020
1016,1016,1016,1016,1016,1016,1016,1016,1016,1016,1016
1000,997,997,997,997,997,997,997,997,997,997
978,978,978,978,978,978,978,978,978,978,978
947,944,944,944,944,944,944,944,944,944,944
910,910,910,910,910,910,910,910,910,910,910
867,864,864,864,864,864,864,863,863,863,863
818,818,818,818,818,818,818,818,818,818,818
764,761,761,761,761,761,761,761,760,760,760
706,706,706,706,706,706,706,706,706,706,706
645,642,642,642,642,642,642,642,642,642,642
582,582,582,582,582,582,582,582,582,582,582
518,515,515,515,515,515,515,515,515,515,515
454,454,454,454,454,454,454,454,454,454,454
391,388,387,387,387,387,387,387,387,387,387
329,329,329,329,329,329,329,329,329,329,329
271,268,268,268,267,267,267,267,267,267,267
216,216,216,216,216,216,216,216,216,216,216
166,163,163,163,163,163,163,163,163,162,162
121,121,121,121,121,121,121,121,121,121,121
83,80,80,80,80,80,80,80,80,80,79
51,51,51,51,51,51,51,51,51,51,51
27,24,24,24,24,24,24,24,24,23,23
10,10,10,10,10,10,10,10,10,10,10
1,0,0,0,0,0,0,0,0,0,0
0,0,0,0,0,0,0,0,0,0,0
7,4,4,4,4,4,4,4,4,4,4
23,23,23,23,23,23,23,23,23,23,23
45,42,42,42,43,43,43,43,43,43,43
76,76,76,76,76,76,76,76,76,76,76
113,110,110,110,110,110,110,110,110,110,110
156,156,156,156,156,156,156,156,156,156,156
205,202,202,202,202,202,202,203,203,203,203
259,259,259,259,259,259,259,259,259,259,259
317,314,314,314,314,314,314,314,314,314,314
378,378,378,378,378,378,378,378,378,378,378
441,438,438,438,438,438,438,438,438,438,438
505,505,505,505,505,505,505,505,505,505,505
569,566,566,566,566,566,566,566,566,567,567
632,632,632,632,632,632,632,632,632,632,632
694,691,691,691,691,691,691,691,691,691,691
752,752,752,752,752,752,752,752,752,752,752
807,804,804,804,804,804,804,804,804,804,804
857,857,857,857,857,857,857,857,857,857,857
902,899,899,899,899,899,899,899,899,899,899
940,940,940,940,940,940,940,940,940,940,940
972,969,969,969,969,969,969,969,969,969,969
996,996,996,996,996,996,996,996,996,996,996
1013,1010,1010,1010,1010,1010,1010,1010,1010,1010,1010
1022,1022,1022,1022,1022,1022,1022,1022,1022,1022,1022
1023,1020,1020,1020,1020,1020,1020,1020,1020,1020,1020
1016,1016,1016,1016,1016,1016,1016,1016,1016,1016,1016
1000,997,997,997,997,997,997,997,997,997,997
978,978,978,978,978,978,978,978,978,978,978
947,944,944,944,944,944,944,944,944,944,944
910,910,910,910,910,910,910,910,910,910,910
867,864,864,864,864,864,864,864,864,864,863
818,818,818,818,818,818,818,818,818,818,818
764,761,761,761,761,761,761,761,761,761,761
706,706,706,706,706,706,706,706,706,706,706
645,642,642,642,642,642,642,642,642,642,642
582,582,582,582,582,582,582,582,582,582,582
518,515,515,515,515,515,515,515,515,515,515
454,454,454,454,454,454,454,454,454,454,454
391,388,388,388,388,388,387,387,387,387,387
329,329,329,329,329,329,329,329,329,329,329
271,268,268,268,268,268,268,267,267,267,267
216,216,216,216,216,216,216,216,216,216,216
166,163,163,163,163,163,163,163,163,163,163
121,121,121,121,121,121,121,121,121,121,121
83,80,80,80,80,80,80,80,80,80,80
51,51,51,51,51,51,51,51,51,51,51
27,24,24,24,24,24,24,24,24,24,24
10,10,10,10,10,10,10,10,10,10,10
1,0,0,0,0,0,0,0,0,0,0
0,0,0,0,0,0,0,0,0,0,0
7,4,4,4,4,4,4,4,4,4,4
22,22,22,22,22,22,22,22,22,22,22
45,42,42,42,42,42,42,43,43,43,43
76,76,76,76,76,76,76,76,76,76,76
113,110,110,110,110,110,110,110,110,110,110
156,156,156,156,156,156,156,156,156,156,156
205,202,202,202,202,202,202,202,202,202,202
259,259,259,259,259,259,259,259,259,259,259
317,314,314,314,314,314,314,314,314,314,314
377,377,377,377,377,377,377,377,377,377,377
440,438,438,438,438,438,438,438,438,438,438
505,505,505,505,505,505,505,505,505,505,505
569,566,566,566,566,566,566,566,566,566,566
632,632,632,632,632,632,632,632,632,632,632
693,691,691,691,691,691,691,691,691,691,691
752,752,752,752,752,752,752,752,752,752,752
807,804,804,804,804,804,804,804,804,804,804
857,857,857,857,857,857,857,857,857,857,857
902,899,899,899,899,899,899,899,899,899,899
940,940,940,940,940,940,940,940,940,940,940
972,969,969,969,969,969,969,969,969,969,969
996,996,996,996,996,996,996,996,996,996,996
1013,1010,1010,1010,1010,1010,1010,1010,1010,1010,1010
1022,1022,1022,1022,1022,1022,1022,1022,1022,1022,1022
1023,1020,1020,1020,1020,1020,1020,1020,1020,1020,1020
1016,1016,1016,1016,1016,1016,1016,1016,1016,1016,1016
1001,998,998,998,997,997,997,997,997,997,997
978,978,978,978,978,978,978,978,978,978,978
948,944,944,944,944,944,944,944,944,944,944
910,910,910,910,910,910,910,910,910,910,910
867,864,864,864,864,864,864,864,864,864,864
818,818,818,818,818,818,818,818,818,818,818
764,761,761,761,761,761,761,761,761,761,761
706,706,706,706,706,706,706,706,706,706,706
646,643,643,642,642,642,642,642,642,642,642
583,583,583,583,583,583,583,583,583,583,583
519,515,515,515,515,515,515,515,515,515,515
454,454,454,454,454,454,454,454,454,454,454
391,388,388,388,388,388,388,388,388,387,387
330,330,330,330,330,330,330,330,330,330,330
271,268,268,268,268,268,268,268,268,268,267
216,216,216,216,216,216,216,216,216,216,216
166,163,163,163,163,163,163,163,163,163,163
122,122,122,122,122,122,122,122,122,122,122
83,80,80,80,80,80,80,80,80,80,80
51,51,51,51,51,51,51,51,51,51,51
27,24,24,24,24,24,24,24,24,24,24
10,10,10,10,10,10,10,10,10,10,10
1,0,0,0,0,0,0,0,0,0,0
0,0,0,0,0,0,0,0,0,0,0
7,4,4,4,4,4,4,4,4,4,4
22,22,22,22,22,22,22,22,22,22,22
45,42,42,42,42,42,42,42,42,42,43
75,75,75,75,75,75,75,75,75,75,75
113,110,110,110,110,110,110,110,110,110,110
156,156,156,156,156,156,156,156,156,156,156
205,202,202,202,202,202,202,202,202,202,202
259,259,259,259,259,259,259,259,259,259,259
316,313,314,314,314,314,314,314,314,314,314
377,377,377,377,377,377,377,377,377,377,377
440,437,437,437,438,438,438,438,438,438,438
504,504,504,504,504,504,504,504,504,504,504
569,566,566,566,566,566,566,566,566,566,566
632,632,632,632,632,632,632,632,632,632,632
693,690,690,690,691,691,691,691,691,691,691
752,752,752,752,752,752,752,752,752,752,752
807,804,804,804,804,804,804,804,804,804,804
857,857,857,857,857,857,857,857,857,857,857
901,898,898,899,899,899,899,899,899,899,899
940,940,940,940,940,940,940,940,940,940,940
972,969,969,969,969,969,969,969,969,969,969
996,996,996,996,996,996,996,996,996,996,996
1013,1010,1010,1010,1010,1010,1010,1010,1010,1010,1010
1022,1022,1022,1022,1022,1022,1022,1022,1022,1022,1022
1023,1020,1020,1020,1020,1020,1020,1020,1020,1020,1020
1016,1016,1016,1016,1016,1016,1016,1016,1016,1016,1016
1001,998,998,998,998,998,998,997,997,997,997
978,978,978,978,978,978,978,978,978,978,978
948,945,945,945,944,944,944,944,944,944,944
911,911,911,911,911,911,911,911,911,911,911
867,864,864,864,864,864,864,864,864,864,864
818,818,818,818,818,818,818,818,818,818,818
764,761,761,761,761,761,761,761,761,761,761
707,707,707,707,707,707,707,707,707,707,707
646,643,643,643,643,643,642,642,642,642,642
583,583,583,583,583,583,583,583,583,583,583
519,516,516,516,515,515,515,515,515,515,515
455,455,455,455,455,455,455,455,455,455,455
391,388,388,388,388,388,388,388,388,388,388
330,330,330,330,330,330,330,330,330,330,330
271,268,268,268,268,268,268,268,268,268,268
216,216,216,216,216,216,216,216,216,216,216
166,163,163,163,163,163,163,163,163,163,163
122,122,122,122,122,122,122,122,122,122,122
83,80,80,80,80,80,80,80,80,80,80
51,51,51,51,51,51,51,51,51,51,51
27,24,24,24,24,24,24,24,24,24,24
10,10,10,10,10,10,10,10,10,10,10
1,0,0,0,0,0,0,0,0,0,0
0,0,0,0,0,0,0,0,0,0,0
7,4,4,4,4,4,4,4,4,4,4
22,22,22,22,22,22,22,22,22,22,22
45,42,42,42,42,42,42,42,42,42,42
75,75,75,75,75,75,75,75,75,75,75
112,109,109,110,110,110,110,110,110,110,110
156,156,156,156,156,156,156,156,156,156,156
205,202,202,202,202,202,202,202,202,202,202
258,258,258,258,258,258,258,258,258,258,258
316,313,313,313,313,314,314,314,314,314,314
377,377,377,377,377,377,377,377,377,377,377
440,437,437,437,437,437,437,438,438,438,438
504,504,504,504,504,504,504,504,504,504,504
568,565,566,566,566,566,566,566,566,566,566
632,632,632,632,632,632,632,632,632,632,632
693,690,690,690,690,690,690,691,691,691,691
752,752,752,752,752,752,752,752,752,752,752
806,804,804,804,804,804,804,804,804,804,804
857,857,857,857,857,857,857,857,857,857,857
901,898,898,898,898,898,899,899,899,899,899
940,940,940,940,940,940,940,940,940,940,940
972,969,969,969,969,969,969,969,969,969,969
996,996,996,996,996,996,996,996,996,996,996
1013,1010,1010,1010,1010,1010,1010,1010,1010,1010,1010
1022,1022,1022,1022,1022,1022,1022,1022,1022,1022,1022
1023,1020,1020,1020,1020,1020,1020,1020,1020,1020,1020
1016,1016,1016,1016,1016,1016,1016,1016,1016,1016,1016
1001,998,998,998,998,998,998,998,998,998,997
978,978,978,978,978,978,978,978,978,978,978
948,945,945,945,945,945,945,944,944,944,944
911,911,911,911,911,911,911,911,911,911,911
867,864,864,864,864,864,864,864,864,864,864
818,818,818,818,818,818,818,818,818,818,818
765,762,762,761,761,761,761,761,761,761,761
707,707,707,707,707,707,707,707,707,707,707
646,643,643,643,643,643,643,643,643,642,642
583,583,583,583,583,583,583,583,583,583,583
519,516,516,516,516,516,516,515,515,515,515
455,455,455,455,455,455,455,455,455,455,455
391,388,388,388,388,388,388,388,388,388,388
330,330,330,330,330,330,330,330,330,330,330
271,268,268,268,268,268,268,268,268,268,268
217,217,217,217,217,217,217,217,217,217,217
166,163,163,163,163,163,163,163,163,163,163
122,122,122,122,122,122,122,122,122,122,122
83,80,80,80,80,80,80,80,80,80,80
51,51,51,51,51,51,51,51,51,51,51
27,24,24,24,24,24,24,24,24,24,24
10,10,10,10,10,10,10,10,10,10,10
1,0,0,0,0,0,0,0,0,0,0
0,0,0,0,0,0,0,0,0,0,0
7,4,4,4,4,4,4,4,4,4,4
22,22,22,22,22,22,22,22,22,22,22
45,42,42,42,42,42,42,42,42,42,42
75,75,75,75,75,75,75,75,75,75,75
112,109,109,109,109,109,110,110,110,110,110
156,156,156,156,156,156,156,156,156,156,156
205,202,202,202,202,202,202,202,202,202,202
258,258,258,258,258,258,258,258,258,258,258
316,313,313,313,313,313,313,313,314,314,314
377,377,377,377,377,377,377,377,377,377,377
440,437,437,437,437,437,437,437,437,437,438
504,504,504,504,504,504,504,504,504,504,504
568,565,565,565,565,566,566,566,566,566,566
632,632,632,632,632,632,632,632,632,632,632
693,690,690,690,690,690,690,690,690,690,691
752,752,752,752,752,752,752,752,752,752,752
806,803,803,803,804,804,804,804,804,804,804
856,856,856,856,856,856,856,856,856,856,856
901,898,898,898,898,898,898,898,898,899,899
940,940,940,940,940,940,940,940,940,940,940
972,969,969,969,969,969,969,969,969,969,969
996,996,996,996,996,996,996,996,996,996,996
1013,1010,1010,1010,1010,1010,1010,1010,1010,1010,1010
1022,1022,1022,1022,1022,1022,1022,1022,1022,1022,1022
1023,1020,1020,1020,1020,1020,1020,1020,1020,1020,1020
1016,1016,1016,1016,1016,1016,1016,1016,1016,1016,1016
1001,998,998,998,998,998,998,998,998,998,998
978,978,978,978,978,978,978,978,978,978,978
948,945,945,945,945,945,945,945,945,945,944
911,911,911,911,911,911,911,911,911,911,911
867,864,864,864,864,864,864,864,864,864,864
819,819,819,819,819,819,819,819,819,819,819
765,762,762,762,762,762,761,761,761,761,761
707,707,707,707,707,707,707,707,707,707,707
646,643,643,643,643,643,643,643,643,643,643
583,583,583,583,583,583,583,583,583,583,583
519,516,516,516,516,516,516,516,516,516,515
455,455,455,455,455,455,455,455,455,455,455
392,389,388,388,388,388,388,388,388,388,388
330,330,330,330,330,330,330,330,330,330,330
272,269,268,268,268,268,268,268,268,268,268
217,217,217,217,217,217,217,217,217,217,217
167,164,164,163,163,163,163,163,163,163,163
122,122,122,122,122,122,122,122,122,122,122
83,80,80,80,80,80,80,80,80,80,80
52,52,52,52,52,52,52,52,52,52,52
27,24,24,24,24,24,24,24,24,24,24
10,10,10,10,10,10,10,10,10,10,10
1,0,0,0,0,0,0,0,0,0,0
0,0,0,0,0,0,0,0,0,0,0
7,4,4,4,4,4,4,4,4,4,4
22,22,22,22,22,22,22,22,22,22,22
45,42,42,42,42,42,42,42,42,42,42
75,75,75,75,75,75,75,75,75,75,75
112,109,109,109,109,109,109,109,109,109,110
155,155,155,155,155,155,155,155,155,155,155
204,201,201,202,202,202,202,202,202,202,202
258,258,258,258,258,258,258,258,258,258,258
316,313,313,313,313,313,313,313,313,313,313
377,377,377,377,377,377,377,377,377,377,377
440,437,437,437,437,437,437,437,437,437,437
504,504,504,504,504,504,504,504,504,504,504
568,565,565,565,565,565,565,565,566,566,566
631,631,631,631,631,631,631,631,631,631,631
693,690,690,690,690,690,690,690,690,690,690
751,751,751,751,751,751,751,751,751,751,751
806,803,803,803,803,803,803,804,804,804,804
856,856,856,856,856,856,856,856,856,856,856
901,898,898,898,898,898,898,898,898,898,898
940,940,940,940,940,940,940,940,940,940,940
971,968,968,968,969,969,969,969,969,969,969
996,996,996,996,996,996,996,996,996,996,996
1013,1010,1010,1010,1010,1010,1010,1010,1010,1010,1010
1022,1022,1022,1022,1022,1022,1022,1022,1022,1022,1022
1023,1020,1020,1020,1020,1020,1020,1020,1020,1020,1020
1016,1016,1016,1016,1016,1016,1016,1016,1016,1016,1016
1001,998,998,998,998,998,998,998,998,998,998
978,978,978,978,978,978,978,978,978,978,978
948,945,945,945,945,945,945,945,945,945,945
911,911,911,911,911,911,911,911,911,911,911
868,865,865,864,864,864,864,864,864,864,864
819,819,819,819,819,819,819,819,819,819,819
765,762,762,762,762,762,762,762,762,761,761
707,707,707,707,707,707,707,707,707,707,707
646,643,643,643,643,643,643,643,643,643,643
583,583,583,583,583,583,583,583,583,583,583
519,516,516,516,516,516,516,516,516,516,516
455,455,455,455,455,455,455,455,455,455,455
392,389,389,389,389,388,388,388,388,388,388
330,330,330,330,330,330,330,330,330,330,330
272,269,269,269,269,268,268,268,268,268,268
217,217,217,217,217,217,217,217,217,217,217
167,164,164,164,164,164,163,163,163,163,163
122,122,122,122,122,122,122,122,122,122,122
83,80,80,80,80,80,80,80,80,80,80
52,52,52,52,52,52,52,52,52,52,52
27,24,24,24,24,24,24,24,24,24,24
10,10,10,10,10,10,10,10,10,10,10
1,0,0,0,0,0,0,0,0,0,0
0,0,0,0,0,0,0,0,0,0,0
7,4,4,4,4,4,4,4,4,4,4
22,22,22,22,22,22,22,22,22,22,22
45,42,42,42,42,42,42,42,42,42,42
75,75,75,75,75,75,75,75,75,75,75
112,109,109,109,109,109,109,109,109,109,109
155,155,155,155,155,155,155,155,155,155,155
204,201,201,201,201,201,202,202,202,202,202
258,258,258,258,258,258,258,258,258,258,258
316,313,313,313,313,313,313,313,313,313,313
377,377,377,377,377,377,377,377,377,377,377
439,437,437,437,437,437,437,437,437,437,437
504,504,504,504,504,504,504,504,504,504,504
568,565,565,565,565,565,565,565,565,565,565
631,631,631,631,631,631,631,631,631,631,631
693,690,690,690,690,690,690,690,690,690,690
751,751,751,751,751,751,751,751,751,751,751
806,803,803,803,803,803,803,803,803,803,804
856,856,856,856,856,856,856,856,856,856,856
901,898,898,898,898,898,898,898,898,898,898
939,939,939,939,939,939,939,939,939,939,939
971,968,968,968,968,968,968,969,969,969,969
996,996,996,996,996,996,996,996,996,996,996
1013,1010,1010,1010,1010,1010,1010,1010,1010,1010,1010
1022,1022,1022,1022,1022,1022,1022,1022,1022,1022,1022
1023,1020,1020,1020,1020,1020,1020,1020,1020,1020,1020
1016,1016,1016,1016,1016,1016,1016,1016,1016,1016,1016
1001,998,998,998,998,998,998,998,998,998,998
978,978,978,978,978,978,978,978,978,978,978
948,945,945,945,945,945,945,945,945,945,945
911,911,911,911,911,911,911,911,911,911,911
868,865,865,865,865,865,864,864,864,864,864
819,819,819,819,819,819,819,819,819,819,819
765,762,762,762,762,762,762,762,762,762,762
707,707,707,707,707,707,707,707,707,707,707
647,644,643,643,643,643,643,643,643,643,643
584,584,584,584,584,584,584,584,584,584,584
520,516,516,516,516,516,516,516,516,516,516
455,455,455,455,455,455,455,455,455,455,455
392,389,389,389,389,389,389,389,388,388,388
331,331,331,331,331,331,331,331,331,331,331
272,269,269,269,269,269,269,269,268,268,268
217,217,217,217,217,217,217,217,217,217,217
167,164,164,164,164,164,164,164,164,163,163
122,122,122,122,122,122,122,122,122,122,122
84,81,81,80,80,80,80,80,80,80,80
52,52,52,52,52,52,52,52,52,52,52
27,24,24,24,24,24,24,24,24,24,24
10,10,10,10,10,10,10,10,10,10,10
1,0,0,0,0,0,0,0,0,0,0
0,0,0,0,0,0,0,0,0,0,0
7,4,4,4,4,4,4,4,4,4,4
22,22,22,22,22,22,22,22,22,22,22
45,42,42,42,42,42,42,42,42,42,42
75,75,75,75,75,75,75,75,75,75,75
112,109,109,109,109,109,109,109,109,109,109
155,155,155,155,155,155,155,155,155,155,155
204,201,201,201,201,201,201,201,201,202,202
258,258,258,258,258,258,258,258,258,258,258
316,313,313,313,313,313,313,313,313,313,313
376,376,376,376,376,376,376,376,376,376,376
439,436,436,436,437,437,437,437,437,437,437
503,503,503,503,503,503,503,503,503,503,503
568,565,565,565,565,565,565,565,565,565,565
631,631,631,631,631,631,631,631,631,631,631
692,689,690,690,690,690,690,690,690,690,690
751,751,751,751,751,751,751,751,751,751,751
806,803,803,803,803,803,803,803,803,803,803
856,856,856,856,856,856,856,856,856,856,856
901,898,898,898,898,898,898,898,898,898,898
939,939,939,939,939,939,939,939,939,939,939
971,968,968,968,968,968,968,968,968,968,969
996,996,996,996,996,996,996,996,996,996,996
1013,1010,1010,1010,1010,1010,1010,1010,1010,1010,1010
1022,1022,1022,1022,1022,1022,1022,1022,1022,1022,1022
1023,1020,1020,1020,1020,1020,1020,1020,1020,1020,1020
1016,1016,1016,1016,1016,1016,1016,1016,1016,1016,1016
1001,998,998,998,998,998,998,998,998,998,998
978,978,978,978,978,978,978,978,978,978,978
948,945,945,945,945,945,945,945,945,945,945
911,911,911,911,911,911,911,911,911,911,911
868,865,865,865,865,865,865,865,865,864,864
819,819,819,819,819,819,819,819,819,819,819
765,762,762,762,762,762,762,762,762,762,762
708,708,708,708,708,708,708,708,708,708,708
647,644,644,644,644,643,643,643,643,643,643
584,584,584,584,584,584,584,584,584,584,584
520,517,517,517,516,516,516,516,516,516,516
455,455,455,455,455,455,455,455,455,455,455
392,389,389,389,389,389,389,389,389,389,389
331,331,331,331,331,331,331,331,331,331,331
272,269,269,269,269,269,269,269,269,269,269
217,217,217,217,217,217,217,217,217,217,217
167,164,164,164,164,164,164,164,164,164,164
122,122,122,122,122,122,122,122,122,122,122
84,81,81,81,81,81,80,80,80,80,80
52,52,52,52,52,52,52,52,52,52,52
27,24,24,24,24,24,24,24,24,24,24
10,10,10,10,10,10,10,10,10,10,10
1,0,0,0,0,0,0,0,0,0,0
0,0,0,0,0,0,0,0,0,0,0
7,4,4,4,4,4,4,4,4,4,4
22,22,22,22,22,22,22,22,22,22,22
45,42,42,42,42,42,42,42,42,42,42
75,75,75,75,75,75,75,75,75,75,75
112,109,109,109,109,109,109,109,109,109,109
155,155,155,155,155,155,155,155,155,155,155
204,201,201,201,201,201,201,201,201,201,201
258,258,258,258,258,258,258,258,258,258,258
315,312,312,313,313,313,313,313,313,313,313
376,376,376,376,376,376,376,376,376,376,376
439,436,436,436,436,436,436,437,437,437,437
503,503,503,503,503,503,503,503,503,503,503
567,564,565,565,565,565,565,565,565,565,565
631,631,631,631,631,631,631,631,631,631,631
692,689,689,689,689,690,690,690,690,690,690
751,751,751,751,751,751,751,751,751,751,751
806,803,803,803,803,803,803,803,803,803,803
856,856,856,856,856,856,856,856,856,856,856
901,898,898,898,898,898,898,898,898,898,898
939,939,939,939,939,939,939,939,939,939,939
971,968,968,968,968,968,968,968,968,968,968
996,996,996,996,996,996,996,996,996,996,996
1013,1010,1010,1010,1010,1010,1010,1010,1010,1010,1010
1022,1022,1022,1022,1022,1022,1022,1022,1022,1022,1022
1023,1020,1020,1020,1020,1020,1020,1020,1020,1020,1020
1016,1016,1016,1016,1016,1016,1016,1016,1016,1016,1016
1001,998,998,998,998,998,998,998,998,998,998
978,978,978,978,978,978,978,978,978,978,978
948,945,945,945,945,945,945,945,945,945,945
911,911,911,911,911,911,911,911,911,911,911
868,865,865,865,865,865,865,865,865,865,865
819,819,819,819,819,819,819,819,819,819,819
765,762,762,762,762,762,762,762,762,762,762
708,708,708,708,708,708,708,708,708,708,708
647,644,644,644,644,644,644,644,643,643,643
584,584,584,584,584,584,584,584,584,584,584
520,517,517,517,517,517,517,516,516,516,516
456,456,456,456,456,456,456,456,456,456,456
392,389,389,389,389,389,389,389,389,389,389
331,331,331,331,331,331,331,331,331,331,331
272,269,269,269,269,269,269,269,269,269,269
217,217,217,217,217,217,217,217,217,217,217
167,164,164,164,164,164,164,164,164,164,164
122,122,122,122,122,122,122,122,122,122,122
84,81,81,81,81,81,81,81,81,80,80
52,52,52,52,52,52,52,52,52,52,52
27,24,24,24,24,24,24,24,24,24,24
10,10,10,10,10,10,10,10,10,10,10
1,0,0,0,0,0,0,0,0,0,0
0,0,0,0,0,0,0,0,0,0,0
7,4,4,4,4,4,4,4,4,4,4
22,22,22,22,22,22,22,22,22,22,22
45,42,42,42,42,42,42,42,42,42,42
75,75,75,75,75,75,75,75,75,75,75
112,109,109,109,109,109,109,109,109,109,109
155,155,155,155,155,155,155,155,155,155,155
204,201,201,201,201,201,201,201,201,201,201
257,257,257,257,257,257,257,257,257,257,257
315,312,312,312,312,312,313,313,313,313,313
376,376,376,376,376,376,376,376,376,376,376
439,436,436,436,436,436,436,436,436,436,437
503,503,503,503,503,503,503,503,503,503,503
567,564,564,564,564,565,565,565,565,565,565
631,631,631,631,631,631,631,631,631,631,631
692,689,689,689,689,689,689,689,690,690,690
751,751,751,751,751,751,751,751,751,751,751
806,803,803,803,803,803,803,803,803,803,803
856,856,856,856,856,856,856,856,856,856,856
901,898,898,898,898,898,898,898,898,898,898
939,939,939,939,939,939,939,939,939,939,939
971,968,968,968,968,968,968,968,968,968,968
996,996,996,996,996,996,996,996,996,996,996
1013,1010,1010,1010,1010,1010,1010,1010,1010,1010,1010
1022,1022,1022,1022,1022,1022,1022,1022,1022,1022,1022
1023,1020,1020,1020,1020,1020,1020,1020,1020,1020,1020
1016,1016,1016,1016,1016,1016,1016,1016,1016,1016,1016
1001,998,998,998,998,998,998,998,998,998,998
978,978,978,978,978,978,978,978,978,978,978
948,945,945,945,945,945,945,945,945,945,945
911,911,911,911,911,911,911,911,911,911,911
868,865,865,865,865,865,865,865,865,865,865
819,819,819,819,819,819,819,819,819,819,819
766,763,763,762,762,762,762,762,762,762,762
708,708,708,708,708,708,708,708,708,708,708
647,644,644,644,644,644,644,644,644,644,644
584,584,584,584,584,584,584,584,584,584,584
520,517,517,517,517,517,517,517,517,517,516
456,456,456,456,456,456,456,456,456,456,456
393,389,389,389,389,389,389,389,389,389,389
331,331,331,331,331,331,331,331,331,331,331
272,269,269,269,269,269,269,269,269,269,269
218,218,218,218,218,218,218,218,218,218,218
167,164,164,164,164,164,164,164,164,164,164
123,123,123,123,123,123,123,123,123,123,123
84,81,81,81,81,81,81,81,81,81,81
52,52,52,52,52,52,52,52,52,52,52
27,24,24,24,24,24,24,24,24,24,24
10,10,10,10,10,10,10,10,10,10,10
1,0,0,0,0,0,0,0,0,0,0
0,0,0,0,0,0,0,0,0,0,0
7,4,4,4,4,4,4,4,4,4,4
22,22,22,22,22,22,22,22,22,22,22
45,42,42,42,42,42,42,42,42,42,42
75,75,75,75,75,75,75,75,75,75,75
112,109,109,109,109,109,109,109,109,109,109
155,155,155,155,155,155,155,155,155,155,155
204,201,201,201,201,201,201,201,201,201,201
257,257,257,257,257,257,257,257,257,257,257
315,312,312,312,312,312,312,312,312,312,313
376,376,376,376,376,376,376,376,376,376,376
439,436,436,436,436,436,436,436,436,436,436
503,503,503,503,503,503,503,503,503,503,503
567,564,564,564,564,564,564,564,565,565,565
630,630,630,630,630,630,630,630,630,630,630
692,689,689,689,689,689,689,689,689,689,689
750,750,750,750,750,750,750,750,750,750,750
805,802,802,803,803,803,803,803,803,803,803
856,856,856,856,856,856,856,856,856,856,856
900,897,897,898,898,898,898,898,898,898,898
939,939,939,939,939,939,939,939,939,939,939
971,968,968,968,968,968,968,968,968,968,968
996,996,996,996,996,996,996,996,996,996,996
1013,1010,1010,1010,1010,1010,1010,1010,1010,1010,1010
1022,1022,1022,1022,1022,1022,1022,1022,1022,1022,1022
1023,1020,1020,1020,1020,1020,1020,1020,1020,1020,1020
1016,1016,1016,1016,1016,1016,1016,1016,1016,1016,1016
1001,998,998,998,998,998,998,998,998,998,998
978,978,978,978,978,978,978,978,978,978,978
948,945,945,945,945,945,945,945,945,945,945
912,912,912,912,912,912,912,912,912,912,912
868,865,865,865,865,865,865,865,865,865,865
820,820,820,820,820,820,820,820,820,820,820
766,763,763,763,763,763,762,762,762,762,762
708,708,708,708,708,708,708,708,708,708,708
647,644,644,644,644,644,644,644,644,644,644
584,584,584,584,584,584,584,584,584,584,584
520,517,517,517,517,517,517,517,517,517,517
456,456,456,456,456,456,456,456,456,456,456
393,390,390,390,389,389,389,389,389,389,389
331,331,331,331,331,331,331,331,331,331,331
273,270,269,269,269,269,269,269,269,269,269
218,218,218,218,218,218,218,218,218,218,218
167,164,164,164,164,164,164,164,164,164,164
123,123,123,123,123,123,123,123,123,123,123
84,81,81,81,81,81,81,81,81,81,81
52,52,52,52,52,52,52,52,52,52,52
27,24,24,24,24,24,24,24,24,24,24
10,10,10,10,10,10,10,10,10,10,10
1,0,0,0,0,0,0,0,0,0,0
0,0,0,0,0,0,0,0,0,0,0
7,4,4,4,4,4,4,4,4,4,4
22,22,22,22,22,22,22,22,22,22,22
45,42,42,42,42,42,42,42,42,42,42
75,75,75,75,75,75,75,75,75,75,75
111,108,108,109,109,109,109,109,109,109,109
155,155,155,155,155,155,155,155,155,155,155
203,200,201,201,201,201,201,201,201,201,201
257,257,257,257,257,257,257,257,257,257,257
315,312,312,312,312,312,312,312,312,312,312
376,376,376,376,376,376,376,376,376,376,376
439,436,436,436,436,436,436,436,436,436,436
503,503,503,503,503,503,503,503,503,503,503
567,564,564,564,564,564,564,564,564,564,564
630,630,630,630,630,630,630,630,630,630,630
692,689,689,689,689,689,689,689,689,689,689
750,750,750,750,750,750,750,750,750,750,750
805,802,802,802,802,802,802,803,803,803,803
855,855,855,855,855,855,855,855,855,855,855
900,897,897,897,897,897,898,898,898,898,898
939,939,939,939,939,939,939,939,939,939,939
971,968,968,968,968,968,968,968,968,968,968
996,996,996,996,996,996,996,996,996,996,996
1013,1010,1010,1010,1010,1010,1010,1010,1010,1010,1010
1022,1022,1022,1022,1022,1022,1022,1022,1022,1022,1022
1023,1020,1020,1020,1020,1020,1020,1020,1020,1020,1020
1016,1016,1016,1016,1016,1016,1016,1016,1016,1016,1016
1001,998,998,998,998,998,998,998,998,998,998
979,979,979,979,979,979,979,979,979,979,979
949,946,945,945,945,945,945,945,945,945,945
912,912,912,912,912,912,912,912,912,912,912
868,865,865,865,865,865,865,865,865,865,865
820,820,820,820,820,820,820,820,820,820,820
766,763,763,763,763,763,763,763,763,762,762
708,708,708,708,708,708,708,708,708,708,708
648,644,644,644,644,644,644,644,644,644,644
585,585,585,585,585,585,585,585,585,585,585
521,517,517,517,517,517,517,517,517,517,517
456,456,456,456,456,456,456,456,456,456,456
393,390,390,390,390,390,390,389,389,389,389
331,331,331,331,331,331,331,331,331,331,331
273,270,270,270,270,269,269,269,269,269,269
218,218,218,218,218,218,218,218,218,218,218
168,165,165,165,164,164,164,164,164,164,164
123,123,123,123,123,123,123,123,123,123,123
84,81,81,81,81,81,81,81,81,81,81
52,52,52,52,52,52,52,52,52,52,52
27,24,24,24,24,24,24,24,24,24,24
10,10,10,10,10,10,10,10,10,10,10
1,0,0,0,0,0,0,0,0,0,0
0,0,0,0,0,0,0,0,0,0,0
7,4,4,4,4,4,4,4,4,4,4
22,22,22,22,22,22,22,22,22,22,22
44,41,41,42,42,42,42,42,42,42,42
74,74,74,74,74,74,74,74,74,74,74
111,108,108,108,108,108,109,109,109,109,109
154,154,154,154,154,154,154,154,154,154,154
203,200,200,200,200,201,201,201,201,201,201
257,257,257,257,257,257,257,257,257,257,257
315,312,312,312,312,312,312,312,312,312,312
375,375,375,375,375,375,375,375,375,375,375
438,435,435,436,436,436,436,436,436,436,436
502,502,502,502,502,502,502,502,502,502,502
567,564,564,564,564,564,564,564,564,564,564
630,630,630,630,630,630,630,630,630,630,630
691,689,689,689,689,689,689,689,689,689,689
750,750,750,750,750,750,750,750,750,750,750
805,802,802,802,802,802,802,802,802,802,803
855,855,855,855,855,855,855,855,855,855,855
900,897,897,897,897,897,897,897,897,897,898
939,939,939,939,939,939,939,939,939,939,939
971,968,968,968,968,968,968,968,968,968,968
996,996,996,996,996,996,996,996,996,996,996
1013,1010,1010,1010,1010,1010,1010,1010,1010,1010,1010
1022,1022,1022,1022,1022,1022,1022,1022,1022,1022,1022
1023,1020,1020,1020,1020,1020,1020,1020,1020,1020,1020
1016,1016,1016,1016,1016,1016,1016,1016,1016,1016,1016
1001,998,998,998,998,998,998,998,998,998,998
979,979,979,979,979,979,979,979,979,979,979
949,946,946,946,946,945,945,945,945,945,945
912,912,912,912,912,912,912,912,912,912,912
869,866,866,865,865,865,865,865,865,865,865
820,820,820,820,820,820,820,820,820,820,820
766,763,763,763,763,763,763,763,763,763,763
708,708,708,708,708,708,708,708,708,708,708
648,645,645,645,644,644,644,644,644,644,644
585,585,585,585,585,585,585,585,585,585,585
521,518,518,518,517,517,517,517,517,517,517
456,456,456,456,456,456,456,456,456,456,456
393,390,390,390,390,390,390,390,390,390,389
332,332,332,332,332,332,332,332,332,332,332
273,270,270,270,270,270,270,270,269,269,269
218,218,218,218,218,218,218,218,218,218,218
168,165,165,165,165,165,165,164,164,164,164
123,123,123,123,123,123,123,123,123,123,123
84,81,81,81,81,81,81,81,81,81,81
52,52,52,52,52,52,52,52,52,52,52
27,24,24,24,24,24,24,24,24,24,24
10,10,10,10,10,10,10,10,10,10,10
1,0,0,0,0,0,0,0,0,0,0
0,0,0,0,0,0,0,0,0,0,0
7,4,4,4,4,4,4,4,4,4,4
22,22,22,22,22,22,22,22,22,22,22
44,41,41,41,41,41,42,42,42,42,42
74,74,74,74,74,74,74,74,74,74,74
111,108,108,108,108,108,108,108,108,109,109
154,154,154,154,154,154,154,154,154,154,154
203,200,200,200,200,200,200,200,201,201,201
257,257,257,257,257,257,257,257,257,257,257
314,311,312,312,312,312,312,312,312,312,312
375,375,375,375,375,375,375,375,375,375,375
438,435,435,435,435,435,436,436,436,436,436
502,502,502,502,502,502,502,502,502,502,502
566,563,564,564,564,564,564,564,564,564,564
630,630,630,630,630,630,630,630,630,630,630
691,688,688,688,689,689,689,689,689,689,689
750,750,750,750,750,750,750,750,750,750,750
805,802,802,802,802,802,802,802,802,802,802
855,855,855,855,855,855,855,855,855,855,855
900,897,897,897,897,897,897,897,897,897,897
939,939,939,939,939,939,939,939,939,939,939
971,968,968,968,968,968,968,968,968,968,968
995,995,995,995,995,995,995,995,995,995,995
1013,1010,1010,1010,1010,1010,1010,1010,1010,1010,1010
1022,1022,1022,1022,1022,1022,1022,1022,1022,1022,1022
1023,1020,1020,1020,1020,1020,1020,1020,1020,1020,1020
1016,1016,1016,1016,1016,1016,1016,1016,1016,1016,1016
1001,998,998,998,998,998,998,998,998,998,998
979,979,979,979,979,979,979,979,979,979,979
949,946,946,946,946,946,946,946,945,945,945
912,912,912,912,912,912,912,912,912,912,912
869,866,866,866,866,866,865,865,865,865,865
820,820,820,820,820,820,820,820,820,820,820
766,763,763,763,763,763,763,763,763,763,763
709,709,709,709,709,709,709,709,709,709,709
648,645,645,645,645,645,645,644,644,644,644
585,585,585,585,585,585,585,585,585,585,585
521,518,518,518,518,518,518,517,517,517,517
457,457,457,457,457,457,457,457,457,457,457
393,390,390,390,390,390,390,390,390,390,390
332,332,332,332,332,332,332,332,332,332,332
273,270,270,270,270,270,270,270,270,270,270
218,218,218,218,218,218,218,218,218,218,218
168,165,165,165,165,165,165,165,165,165,164
123,123,123,123,123,123,123,123,123,123,123
84,81,81,81,81,81,81,81,81,81,81
52,52,52,52,52,52,52,52,52,52,52
28,25,25,24,24,24,24,24,24,24,24
10,10,10,10,10,10,10,10,10,10,10
1,0,0,0,0,0,0,0,0,0,0
0,0,0,0,0,0,0,0,0,0,0
7,4,4,4,4,4,4,4,4,4,4
22,22,22,22,22,22,22,22,22,22,22
44,41,41,41,41,41,41,41,41,42,42
74,74,74,74,74,74,74,74,74,74,74
111,108,108,108,108,108,108,108,108,108,108
154,154,154,154,154,154,154,154,154,154,154
203,200,200,200,200,200,200,200,200,200,200
257,257,257,257,257,257,257,257,257,257,257
314,311,311,311,311,312,312,312,312,312,312
375,375,375,375,375,375,375,375,375,375,375
438,435,435,435,435,435,435,435,435,436,436
502,502,502,502,502,502,502,502,502,502,502
566,563,563,563,563,564,564,564,564,564,564
630,630,630,630,630,630,630,630,630,630,630
691,688,688,688,688,688,688,689,689,689,689
750,750,750,750,750,750,750,750,750,750,750
805,802,802,802,802,802,802,802,802,802,802
855,855,855,855,855,855,855,855,855,855,855
900,897,897,897,897,897,897,897,897,897,897
939,939,939,939,939,939,939,939,939,939,939
971,968,968,968,968,968,968,968,968,968,968
995,995,995,995,995,995,995,995,995,995,995
1013,1010,1010,1010,1010,1010,1010,1010,1010,1010,1010
1022,1022,1022,1022,1022,1022,1022,1022,1022,1022,1022
1023,1020,1020,1020,1020,1020,1020,1020,1020,1020,1020
1016,1016,1016,1016,1016,1016,1016,1016,1016,1016,1016
1001,998,998,998,998,998,998,998,998,998,998
979,979,979,979,979,979,979,979,979,979,979
949,946,946,946,946,946,946,946,946,946,946
912,912,912,912,912,912,912,912,912,912,912
869,866,866,866,866,866,866,866,866,865,865
820,820,820,820,820,820,820,820,820,820,820
767,763,763,763,763,763,763,763,763,763,763
709,709,709,709,709,709,709,709,709,709,709
648,645,645,645,645,645,645,645,645,645,644
585,585,585,585,585,585,585,585,585,585,585
521,518,518,518,518,518,518,518,518,518,517
457,457,457,457,457,457,457,457,457,457,457
393,390,390,390,390,390,390,390,390,390,390
332,332,332,332,332,332,332,332,332,332,332
273,270,270,270,270,270,270,270,270,270,270
218,218,218,218,218,218,218,218,218,218,218
168,165,165,165,165,165,165,165,165,165,165
123,123,123,123,123,123,123,123,123,123,123
84,81,81,81,81,81,81,81,81,81,81
52,52,52,52,52,52,52,52,52,52,52
28,25,25,25,25,25,24,24,24,24,24
10,10,10,10,10,10,10,10,10,10,10
1,0,0,0,0,0,0,0,0,0,0
0,0,0,0,0,0,0,0,0,0,0
7,4,4,4,4,4,4,4,4,4,4
22,22,22,22,22,22,22,22,22,22,22
44,41,41,41,41,41,41,41,41,41,41
74,74,74,74,74,74,74,74,74,74,74
111,108,108,108,108,108,108,108,108,108,108
154,154,154,154,154,154,154,154,154,154,154
203,200,200,200,200,200,200,200,200,200,200
256,256,256,256,256,256,256,256,256,256,256
314,311,311,311,311,311,311,311,312,312,312
375,375,375,375,375,375,375,375,375,375,375
438,435,435,435,435,435,435,435,435,435,435
502,502,502,502,502,502,502,502,502,502,502
566,563,563,563,563,563,563,563,564,564,564
629,629,629,629,629,629,629,629,629,629,629
691,688,688,688,688,688,688,688,688,688,689
750,750,750,750,750,750,750,750,750,750,750
805,802,802,802,802,802,802,802,802,802,802
855,855,855,855,855,855,855,855,855,855,855
900,897,897,897,897,897,897,897,897,897,897
939,939,939,939,939,939,939,939,939,939,939
971,968,968,968,968,968,968,968,968,968,968
995,995,995,995,995,995,995,995,995,995,995
1013,1010,1010,1010,1010,1010,1010,1010,1010,1010,1010
1022,1022,1022,1022,1022,1022,1022,1022,1022,1022,1022
1023,1020,1020,1020,1020,1020,1020,1020,1020,1020,1020
1016,1016,1016,1016,1016,1016,1016,1016,1016,1016,1016
1001,998,998,998,998,998,998,998,998,998,998
979,979,979,979,979,979,979,979,979,979,979
949,946,946,946,946,946,946,946,946,946,946
912,912,912,912,912,912,912,912,912,912,912
869,866,866,866,866,866,866,866,866,866,866
820,820,820,820,820,820,820,820,820,820,820
767,764,764,764,763,763,763,763,763,763,763
709,709,709,709,709,709,709,709,709,709,709
648,645,645,645,645,645,645,645,645,645,645
585,585,585,585,585,585,585,585,585,585,585
521,518,518,518,518,518,518,518,518,518,518
457,457,457,457,457,457,457,457,457,457,457
394,391,391,390,390,390,390,390,390,390,390
332,332,332,332,332,332,332,332,332,332,332
273,270,270,270,270,270,270,270,270,270,270
219,219,219,219,219,219,219,219,219,219,219
168,165,165,165,165,165,165,165,165,165,165
123,123,123,123,123,123,123,123,123,123,123
85,82,81,81,81,81,81,81,81,81,81
52,52,52,52,52,52,52,52,52,52,52
28,25,25,25,25,25,25,25,25,24,24
11,11,11,11,11,11,11,11,11,11,11
1,0,0,0,0,0,0,0,0,0,0
0,0,0,0,0,0,0,0,0,0,0
7,4,4,4,4,4,4,4,4,4,4
22,22,22,22,22,22,22,22,22,22,22
44,41,41,41,41,41,41,41,41,41,41
74,74,74,74,74,74,74,74,74,74,74
111,108,108,108,108,108,108,108,108,108,108
154,154,154,154,154,154,154,154,154,154,154
203,200,200,200,200,200,200,200,200,200,200
256,256,256,256,256,256,256,256,256,256,256
314,311,311,311,311,311,311,311,311,311,311
375,375,375,375,375,375,375,375,375,375,375
438,435,435,435,435,435,435,435,435,435,435
502,502,502,502,502,502,502,502,502,502,502
566,563,563,563,563,563,563,563,563,563,563
629,629,629,629,629,629,629,629,629,629,629
691,688,688,688,688,688,688,688,688,688,688
749,749,749,749,749,749,749,749,749,749,749
804,801,801,802,802,802,802,802,802,802,802
855,855,855,855,855,855,855,855,855,855,855
900,897,897,897,897,897,897,897,897,897,897
938,938,938,938,938,938,938,938,938,938,938
970,967,968,968,968,968,968,968,968,968,968
995,995,995,995,995,995,995,995,995,995,995
1012,1009,1010,1010,1010,1010,1010,1010,1010,1010,1010
1022,1022,1022,1022,1022,1022,1022,1022,1022,1022,1022
1023,1020,1020,1020,1020,1020,1020,1020,1020,1020,1020
1016,1016,1016,1016,1016,1016,1016,1016,1016,1016,1016
1001,998,998,998,998,998,998,998,998,998,998
979,979,979,979,979,979,979,979,979,979,979
949,946,946,946,946,946,946,946,946,946,946
912,912,912,912,912,912,912,912,912,912,912
869,866,866,866,866,866,866,866,866,866,866
820,820,820,820,820,820,820,820,820,820,820
767,764,764,764,764,764,764,763,763,763,763
709,709,709,709,709,709,709,709,709,709,709
648,645,645,645,645,645,645,645,645,645,645
586,586,586,586,586,586,586,586,586,586,586
521,518,518,518,518,518,518,518,518,518,518
457,457,457,457,457,457,457,457,457,457,457
394,391,391,391,391,391,390,390,390,390,390
332,332,332,332,332,332,332,332,332,332,332
274,271,271,270,270,270,270,270,270,270,270
219,219,219,219,219,219,219,219,219,219,219
168,165,165,165,165,165,165,165,165,165,165
123,123,123,123,123,123,123,123,123,123,123
85,82,82,82,82,81,81,81,81,81,81
53,53,53,53,53,53,53,53,53,53,53
28,25,25,25,25,25,25,25,25,25,25
11,11,11,11,11,11,11,11,11,11,11
1,0,0,0,0,0,0,0,0,0,0
0,0,0,0,0,0,0,0,0,0,0
7,4,4,4,4,4,4,4,4,4,4
22,22,22,22,22,22,22,22,22,22,22
44,41,41,41,41,41,41,41,41,41,41
74,74,74,74,74,74,74,74,74,74,74
111,108,108,108,108,108,108,108,108,108,108
154,154,154,154,154,154,154,154,154,154,154
202,200,200,200,200,200,200,200,200,200,200
256,256,256,256,256,256,256,256,256,256,256
314,311,311,311,311,311,311,311,311,311,311
374,374,374,374,374,374,374,374,374,374,374
437,434,434,435,435,435,435,435,435,435,435
501,501,501,501,501,501,501,501,501,501,501
566,563,563,563,563,563,563,563,563,563,563
629,629,629,629,629,629,629,629,629,629,629
691,688,688,688,688,688,688,688,688,688,688
749,749,749,749,749,749,749,749,749,749,749
804,801,801,801,801,801,802,802,802,802,802
855,855,855,855,855,855,855,855,855,855,855
899,897,897,897,897,897,897,897,897,897,897
938,938,938,938,938,938,938,938,938,938,938
970,967,967,967,967,968,968,968,968,968,968
995,995,995,995,995,995,995,995,995,995,995
1012,1009,1009,1009,1009,1010,1010,1010,1010,1010,1010
1022,1022,1022,1022,1022,1022,1022,1022,1022,1022,1022
1023,1020,1020,1020,1020,1020,1020,1020,1020,1020,1020
1016,1016,1016,1016,1016,1016,1016,1016,1016,1016,1016
1001,998,998,998,998,998,998,998,998,998,998
979,979,979,979,979,979,979,979,979,979,979
949,946,946,946,946,946,946,946,946,946,946
912,912,912,912,912,912,912,912,912,912,912
869,866,866,866,866,866,866,866,866,866,866
821,821,821,821,821,821,821,821,821,821,821
767,764,764,764,764,764,764,764,764,764,763
709,709,709,709,709,709,709,709,709,709,709
649,646,646,645,645,645,645,645,645,645,645
586,586,586,586,586,586,586,586,586,586,586
522,519,519,518,518,518,518,518,518,518,518
457,457,457,457,457,457,457,457,457,457,457
394,391,391,391,391,391,391,391,391,390,390
333,333,333,333,333,333,333,333,333,333,333
274,271,271,271,271,271,270,270,270,270,270
219,219,219,219,219,219,219,219,219,219,219
169,165,165,165,165,165,165,165,165,165,165
124,124,124,124,124,124,124,124,124,124,124
85,82,82,82,82,82,82,82,81,81,81
53,53,53,53,53,53,53,53,53,53,53
28,25,25,25,25,25,25,25,25,25,25
11,11,11,11,11,11,11,11,11,11,11
1,0,0,0,0,0,0,0,0,0,0
0,0,0,0,0,0,0,0,0,0,0
7,4,4,4,4,4,4,4,4,4,4
21,21,21,21,21,21,21,21,21,21,21
44,41,41,41,41,41,41,41,41,41,41
74,74,74,74,74,74,74,74,74,74,74
111,108,108,108,108,108,108,108,108,108,108
154,154,154,154,154,154,154,154,154,154,154
202,199,199,199,200,200,200,200,200,200,200
256,256,256,256,256,256,256,256,256,256,256
314,311,311,311,311,311,311,311,311,311,311
374,374,374,374,374,374,374,374,374,374,374
437,434,434,434,434,434,435,435,435,435,435
501,501,501,501,501,501,501,501,501,501,501
565,563,563,563,563,563,563,563,563,563,563
629,629,629,629,629,629,629,629,629,629,629
690,687,687,688,688,688,688,688,688,688,688
749,749,749,749,749,749,749,749,749,749,749
804,801,801,801,801,801,801,801,801,802,802
854,854,854,854,854,854,854,854,854,854,854
899,896,896,896,897,897,897,897,897,897,897
938,938,938,938,938,938,938,938,938,938,938
970,967,967,967,967,967,967,967,968,968,968
995,995,995,995,995,995,995,995,995,995,995
1012,1009,1009,1009,1009,1009,1009,1009,1010,1010,1010
1022,1022,1022,1022,1022,1022,1022,1022,1022,1022,1022
1023,1020,1020,1020,1020,1020,1020,1020,1020,1020,1020
1016,1016,1016,1016,1016,1016,1016,1016,1016,1016,1016
1002,999,998,998,998,998,998,998,998,998,998
979,979,979,979,979,979,979,979,979,979,979
949,946,946,946,946,946,946,946,946,946,946
913,913,913,913,913,913,913,913,913,913,913
869,866,866,866,866,866,866,866,866,866,866
821,821,821,821,821,821,821,821,821,821,821
767,764,764,764,764,764,764,764,764,764,764
710,710,710,710,710,710,710,710,710,710,710
649,646,646,646,646,646,645,645,645,645,645
586,586,586,586,586,586,586,586,586,586,586
522,519,519,519,519,519,518,518,518,518,518
458,458,458,458,458,458,458,458,458,458,458
394,391,391,391,391,391,391,391,391,391,391
333,333,333,333,333,333,333,333,333,333,333
274,271,271,271,271,271,271,271,271,270,270
219,219,219,219,219,219,219,219,219,219,219
169,166,166,166,165,165,165,165,165,165,165
124,124,124,124,124,124,124,124,124,124,124
85,82,82,82,82,82,82,82,82,82,82
53,53,53,53,53,53,53,53,53,53,53
28,25,25,25,25,25,25,25,25,25,25
11,11,11,11,11,11,11,11,11,11,11
1,0,0,0,0,0,0,0,0,0,0
0,0,0,0,0,0,0,0,0,0,0
7,4,4,4,4,4,4,4,4,4,4
21,21,21,21,21,21,21,21,21,21,21
44,41,41,41,41,41,41,41,41,41,41
74,74,74,74,74,74,74,74,74,74,74
110,107,108,108,108,108,108,108,108,108,108
153,153,153,153,153,153,153,153,153,153,153
202,199,199,199,199,199,199,200,200,200,200
256,256,256,256,256,256,256,256,256,256,256
313,310,310,311,311,311,311,311,311,311,311
374,374,374,374,374,374,374,374,374,374,374
437,434,434,434,434,434,434,434,434,435,435
501,501,501,501,501,501,501,501,501,501,501
565,562,562,562,563,563,563,563,563,563,563
629,629,629,629,629,629,629,629,629,629,629
690,687,687,687,687,687,688,688,688,688,688
749,749,749,749,749,749,749,749,749,749,749
804,801,801,801,801,801,801,801,801,801,801
854,854,854,854,854,854,854,854,854,854,854
899,896,896,896,896,896,896,897,897,897,897
938,938,938,938,938,938,938,938,938,938,938
970,967,967,967,967,967,967,967,967,967,967
995,995,995,995,995,995,995,995,995,995,995
1012,1009,1009,1009,1009,1009,1009,1009,1009,1009,1009
1022,1022,1022,1022,1022,1022,1022,1022,1022,1022,1022
1023,1020,1020,1020,1020,1020,1020,1020,1020,1020,1020
1016,1016,1016,1016,1016,1016,1016,1016,1016,1016,1016
1002,999,999,999,999,998,998,998,998,998,998
979,979,979,979,979,979,979,979,979,979,979
949,946,946,946,946,946,946,946,946,946,946
913,913,913,913,913,913,913,913,913,913,913
870,867,867,866,866,866,866,866,866,866,866
821,821,821,821,821,821,821,821,821,821,821
767,764,764,764,764,764,764,764,764,764,764
710,710,710,710,710,710,710,710,710,710,710
649,646,646,646,646,646,646,646,646,645,645
586,586,586,586,586,586,586,586,586,586,586
522,519,519,519,519,519,519,519,519,518,518
458,458,458,458,458,458,458,458,458,458,458
394,391,391,391,391,391,391,391,391,391,391
333,333,333,333,333,333,333,333,333,333,333
274,271,271,271,271,271,271,271,271,271,271
219,219,219,219,219,219,219,219,219,219,219
169,166,166,166,166,166,166,165,165,165,165
124,124,124,124,124,124,124,124,124,124,124
85,82,82,82,82,82,82,82,82,82,82
53,53,53,53,53,53,53,53,53,53,53
28,25,25,25,25,25,25,25,25,25,25
11,11,11,11,11,11,11,11,11,11,11
1,0,0,0,0,0,0,0,0,0,0
0,0,0,0,0,0,0,0,0,0,0
7,4,4,4,4,4,4,4,4,4,4
21,21,21,21,21,21,21,21,21,21,21
44,41,41,41,41,41,41,41,41,41,41
74,74,74,74,74,74,74,74,74,74,74
110,107,107,107,107,107,108,108,108,108,108
153,153,153,153,153,153,153,153,153,153,153
202,199,199,199,199,199,199,199,199,199,200
256,256,256,256,256,256,256,256,256,256,256
313,310,310,310,310,310,311,311,311,311,311
374,374,374,374,374,374,374,374,374,374,374
437,434,434,434,434,434,434,434,434,434,434
501,501,501,501,501,501,501,501,501,501,501
565,562,562,562,562,562,562,563,563,563,563
628,628,628,628,628,628,628,628,628,628,628
690,687,687,687,687,687,687,687,687,688,688
749,749,749,749,749,749,749,749,749,749,749
804,801,801,801,801,801,801,801,801,801,801
854,854,854,854,854,854,854,854,854,854,854
899,896,896,896,896,896,896,896,896,896,897
938,938,938,938,938,938,938,938,938,938,938
970,967,967,967,967,967,967,967,967,967,967
995,995,995,995,995,995,995,995,995,995,995
1012,1009,1009,1009,1009,1009,1009,1009,1009,1009,1009
1022,1022,1022,1022,1022,1022,1022,1022,1022,1022,1022
1023,1020,1020,1020,1020,1020,1020,1020,1020,1020,1020
1016,1016,1016,1016,1016,1016,1016,1016,1016,1016,1016
1002,999,999,999,999,999,999,999,999,998,998
979,979,979,979,979,979,979,979,979,979,979
949,946,946,946,946,946,946,946,946,946,946
913,913,913,913,913,913,913,913,913,913,913
870,867,867,867,867,867,866,866,866,866,866
821,821,821,821,821,821,821,821,821,821,821
768,764,764,764,764,764,764,764,764,764,764
710,710,710,710,710,710,710,710,710,710,710
649,646,646,646,646,646,646,646,646,646,646
586,586,586,586,586,586,586,586,586,586,586
522,519,519,519,519,519,519,519,519,519,519
458,458,458,458,458,458,458,458,458,458,458
395,392,392,391,391,391,391,391,391,391,391
333,333,333,333,333,333,333,333,333,333,333
274,271,271,271,271,271,271,271,271,271,271
219,219,219,219,219,219,219,219,219,219,219
169,166,166,166,166,166,166,166,166,166,165
124,124,124,124,124,124,124,124,124,124,124
85,82,82,82,82,82,82,82,82,82,82
53,53,53,53,53,53,53,53,53,53,53
28,25,25,25,25,25,25,25,25,25,25
11,11,11,11,11,11,11,11,11,11,11
1,0,0,0,0,0,0,0,0,0,0
0,0,0,0,0,0,0,0,0,0,0
7,4,4,4,4,4,4,4,4,4,4
21,21,21,21,21,21,21,21,21,21,21
44,41,41,41,41,41,41,41,41,41,41
73,73,73,73,73,73,73,73,73,73,73
110,107,107,107,107,107,107,107,107,108,108
153,153,153,153,153,153,153,153,153,153,153
202,199,199,199,199,199,199,199,199,199,199
255,255,255,255,255,255,255,255,255,255,255
313,310,310,310,310,310,310,310,310,311,311
374,374,374,374,374,374,374,374,374,374,374
437,434,434,434,434,434,434,434,434,434,434
501,501,501,501,501,501,501,501,501,501,501
565,562,562,562,562,562,562,562,562,562,563
628,628,628,628,628,628,628,628,628,628,628
690,687,687,687,687,687,687,687,687,687,687
749,749,749,749,749,749,749,749,749,749,749
804,801,801,801,801,801,801,801,801,801,801
854,854,854,854,854,854,854,854,854,854,854
899,896,896,896,896,896,896,896,896,896,896
938,938,938,938,938,938,938,938,938,938,938
970,967,967,967,967,967,967,967,967,967,967
995,995,995,995,995,995,995,995,995,995,995
1012,1009,1009,1009,1009,1009,1009,1009,1009,1009,1009
1022,1022,1022,1022,1022,1022,1022,1022,1022,1022,1022
1023,1020,1020,1020,1020,1020,1020,1020,1020,1020,1020
1016,1016,1016,1016,1016,1016,1016,1016,1016,1016,1016
1002,999,999,999,999,999,999,999,999,999,999
979,979,979,979,979,979,979,979,979,979,979
950,947,946,946,946,946,946,946,946,946,946
913,913,913,913,913,913,913,913,913,913,913
870,867,867,867,867,867,867,867,867,866,866
821,821,821,821,821,821,821,821,821,821,821
768,765,765,765,764,764,764,764,764,764,764
710,710,710,710,710,710,710,710,710,710,710
649,646,646,646,646,646,646,646,646,646,646
587,587,587,587,587,587,587,587,587,587,587
522,519,519,519,519,519,519,519,519,519,519
458,458,458,458,458,458,458,458,458,458,458
395,392,392,392,392,392,391,391,391,391,391
333,333,333,333,333,333,333,333,333,333,333
275,271,271,271,271,271,271,271,271,271,271
220,220,220,220,220,220,220,220,220,220,220
169,166,166,166,166,166,166,166,166,166,166
124,124,124,124,124,124,124,124,124,124,124
85,82,82,82,82,82,82,82,82,82,82
53,53,53,53,53,53,53,53,53,53,53
28,25,25,25,25,25,25,25,25,25,25
11,11,11,11,11,11,11,11,11,11,11
1,0,0,0,0,0,0,0,0,0,0
0,0,0,0,0,0,0,0,0,0,0
7,4,4,4,4,4,4,4,4,4,4
21,21,21,21,21,21,21,21,21,21,21
44,41,41,41,41,41,41,41,41,41,41
73,73,73,73,73,73,73,73,73,73,73
110,107,107,107,107,107,107,107,107,107,107
153,153,153,153,153,153,153,153,153,153,153
202,199,199,199,199,199,199,199,199,199,199
255,255,255,255,255,255,255,255,255,255,255
313,310,310,310,310,310,310,310,310,310,310
373,373,373,373,373,373,373,373,373,373,373
436,433,434,434,434,434,434,434,434,434,434
500,500,500,500,500,500,500,500,500,500,500
565,562,562,562,562,562,562,562,562,562,562
628,628,628,628,628,628,628,628,628,628,628
690,687,687,687,687,687,687,687,687,687,687
748,748,748,748,748,748,748,748,748,748,748
803,800,801,801,801,801,801,801,801,801,801
854,854,854,854,854,854,854,854,854,854,854
899,896,896,896,896,896,896,896,896,896,896
938,938,938,938,938,938,938,938,938,938,938
970,967,967,967,967,967,967,967,967,967,967
995,995,995,995,995,995,995,995,995,995,995
1012,1009,1009,1009,1009,1009,1009,1009,1009,1009,1009
1022,1022,1022,1022,1022,1022,1022,1022,1022,1022,1022
1023,1020,1020,1020,1020,1020,1020,1020,1020,1020,1020
1016,1016,1016,1016,1016,1016,1016,1016,1016,1016,1016
1002,999,999,999,999,999,999,999,999,999,999
979,979,979,979,979,979,979,979,979,979,979
950,947,947,947,947,946,946,946,946,946,946
913,913,913,913,913,913,913,913,913,913,913
870,867,867,867,867,867,867,867,867,867,867
821,821,821,821,821,821,821,821,821,821,821
768,765,765,765,765,765,765,764,764,764,764
710,710,710,710,710,710,710,710,710,710,710
650,647,646,646,646,646,646,646,646,646,646
587,587,587,587,587,587,587,587,587,587,587
523,520,520,519,519,519,519,519,519,519,519
458,458,458,458,458,458,458,458,458,458,458
395,392,392,392,392,392,392,392,392,391,391
333,333,333,333,333,333,333,333,333,333,333
275,272,272,272,271,271,271,271,271,271,271
220,220,220,220,220,220,220,220,220,220,220
169,166,166,166,166,166,166,166,166,166,166
124,124,124,124,124,124,124,124,124,124,124
85,82,82,82,82,82,82,82,82,82,82
53,53,53,53,53,53,53,53,53,53,53
28,25,25,25,25,25,25,25,25,25,25
11,11,11,11,11,11,11,11,11,11,11
1,0,0,0,0,0,0,0,0,0,0
0,0,0,0,0,0,0,0,0,0,0
7,4,4,4,4,4,4,4,4,4,4
21,21,21,21,21,21,21,21,21,21,21
44,41,41,41,41,41,41,41,41,41,41
73,73,73,73,73,73,73,73,73,73,73
110,107,107,107,107,107,107,107,107,107,107
153,153,153,153,153,153,153,153,153,153,153
202,199,199,199,199,199,199,199,199,199,199
255,255,255,255,255,255,255,255,255,255,255
313,310,310,310,310,310,310,310,310,310,310
373,373,373,373,373,373,373,373,373,373,373
436,433,433,433,433,433,434,434,434,434,434
500,500,500,500,500,500,500,500,500,500,500
564,562,562,562,562,562,562,562,562,562,562
628,628,628,628,628,628,628,628,628,628,628
689,687,687,687,687,687,687,687,687,687,687
748,748,748,748,748,748,748,748,748,748,748
803,800,800,800,800,801,801,801,801,801,801
854,854,854,854,854,854,854,854,854,854,854
899,896,896,896,896,896,896,896,896,896,896
938,938,938,938,938,938,938,938,938,938,938
970,967,967,967,967,967,967,967,967,967,967
995,995,995,995,995,995,995,995,995,995,995
1012,1009,1009,1009,1009,1009,1009,1009,1009,1009,1009
1022,1022,1022,1022,1022,1022,1022,1022,1022,1022,1022
1023,1020,1020,1020,1020,1020,1020,1020,1020,1020,1020
1016,1016,1016,1016,1016,1016,1016,1016,1016,1016,1016
1002,999,999,999,999,999,999,999,999,999,999
979,979,979,979,979,979,979,979,979,979,979
950,947,947,947,947,947,947,947,946,946,946
913,913,913,913,913,913,913,913,913,913,913
870,867,867,867,867,867,867,867,867,867,867
822,822,822,822,822,822,822,822,822,822,822
768,765,765,765,765,765,765,765,765,765,764
710,710,710,710,710,710,710,710,710,710,710
650,647,647,647,647,646,646,646,646,646,646
587,587,587,587,587,587,587,587,587,587,587
523,520,520,520,520,520,519,519,519,519,519
459,459,459,459,459,459,459,459,459,459,459
395,392,392,392,392,392,392,392,392,392,392
334,334,334,334,334,334,334,334,334,334,334
275,272,272,272,272,272,272,271,271,271,271
220,220,220,220,220,220,220,220,220,220,220
169,166,166,166,166,166,166,166,166,166,166
124,124,124,124,124,124,124,124,124,124,124
85,82,82,82,82,82,82,82,82,82,82
53,53,53,53,53,53,53,53,53,53,53
28,25,25,25,25,25,25,25,25,25,25
11,11,11,11,11,11,11,11,11,11,11
1,0,0,0,0,0,0,0,0,0,0
0,0,0,0,0,0,0,0,0,0,0
7,4,4,4,4,4,4,4,4,4,4
21,21,21,21,21,21,21,21,21,21,21
43,41,41,41,41,41,41,41,41,41,41
73,73,73,73,73,73,73,73,73,73,73
110,107,107,107,107,107,107,107,107,107,107
153,153,153,153,153,153,153,153,153,153,153
201,198,198,199,199,199,199,199,199,199,199
255,255,255,255,255,255,255,255,255,255,255
312,309,310,310,310,310,310,310,310,310,310
373,373,373,373,373,373,373,373,373,373,373
436,433,433,433,433,433,433,433,433,434,434
500,500,500,500,500,500,500,500,500,500,500
564,561,561,561,562,562,562,562,562,562,562
628,628,628,628,628,628,628,628,628,628,628
689,686,686,686,687,687,687,687,687,687,687
748,748,748,748,748,748,748,748,748,748,748
803,800,800,800,800,800,800,800,801,801,801
854,854,854,854,854,854,854,854,854,854,854
899,896,896,896,896,896,896,896,896,896,896
938,938,938,938,938,938,938,938,938,938,938
970,967,967,967,967,967,967,967,967,967,967
995,995,995,995,995,995,995,995,995,995,995
1012,1009,1009,1009,1009,1009,1009,1009,1009,1009,1009
1022,1022,1022,1022,1022,1022,1022,1022,1022,1022,1022
1023,1020,1020,1020,1020,1020,1020,1020,1020,1020,1020
1016,1016,1016,1016,1016,1016,1016,1016,1016,1016,1016
1002,999,999,999,999,999,999,999,999,999,999
980,980,980,980,980,980,980,980,980,980,980
950,947,947,947,947,947,947,947,947,947,947
913,913,913,913,913,913,913,913,913,913,913
870,867,867,867,867,867,867,867,867,867,867
822,822,822,822,822,822,822,822,822,822,822
768,765,765,765,765,765,765,765,765,765,765
711,711,711,711,711,711,711,711,711,711,711
650,647,647,647,647,647,647,647,646,646,646
587,587,587,587,587,587,587,587,587,587,587
523,520,520,520,520,520,520,520,520,519,519
459,459,459,459,459,459,459,459,459,459,459
395,392,392,392,392,392,392,392,392,392,392
334,334,334,334,334,334,334,334,334,334,334
275,272,272,272,272,272,272,272,272,272,271
220,220,220,220,220,220,220,220,220,220,220
170,166,166,166,166,166,166,166,166,166,166
124,124,124,124,124,124,124,124,124,124,124
86,82,82,82,82,82,82,82,82,82,82
53,53,53,53,53,53,53,53,53,53,53
28,25,25,25,25,25,25,25,25,25,25
11,11,11,11,11,11,11,11,11,11,11
1,0,0,0,0,0,0,0,0,0,0
0,0,0,0,0,0,0,0,0,0,0
7,4,4,4,4,4,4,4,4,4,4
21,21,21,21,21,21,21,21,21,21,21
43,40,40,40,41,41,41,41,41,41,41
73,73,73,73,73,73,73,73,73,73,73
110,107,107,107,107,107,107,107,107,107,107
153,153,153,153,153,153,153,153,153,153,153
201,198,198,198,198,198,199,199,199,199,199
255,255,255,255,255,255,255,255,255,255,255
312,309,309,309,309,310,310,310,310,310,310
373,373,373,373,373,373,373,373,373,373,373
436,433,433,433,433,433,433,433,433,433,433
500,500,500,500,500,500,500,500,500,500,500
564,561,561,561,561,561,561,562,562,562,562
628,628,628,628,628,628,628,628,628,628,628
689,686,686,686,686,686,686,687,687,687,687
748,748,748,748,748,748,748,748,748,748,748
803,800,800,800,800,800,800,800,800,800,800
853,853,853,853,853,853,853,853,853,853,853
898,895,896,896,896,896,896,896,896,896,896
937,937,937,937,937,937,937,937,937,937,937
970,967,967,967,967,967,967,967,967,967,967
995,995,995,995,995,995,995,995,995,995,995
1012,1009,1009,1009,1009,1009,1009,1009,1009,1009,1009
1022,1022,1022,1022,1022,1022,1022,1022,1022,1022,1022
1023,1020,1020,1020,1020,1020,1020,1020,1020,1020,1020
1016,1016,1016,1016,1016,1016,1016,1016,1016,1016,1016
1002,999,999,999,999,999,999,999,999,999,999
980,980,980,980,980,980,980,980,980,980,980
950,947,947,947,947,947,947,947,947,947,947
913,913,913,913,913,913,913,913,913,913,913
870,867,867,867,867,867,867,867,867,867,867
822,822,822,822,822,822,822,822,822,822,822
768,765,765,765,765,765,765,765,765,765,765
711,711,711,711,711,711,711,711,711,711,711
650,647,647,647,647,647,647,647,647,647,647
587,587,587,587,587,587,587,587,587,587,587
523,520,520,520,520,520,520,520,520,520,520
459,459,459,459,459,459,459,459,459,459,459
396,393,392,392,392,392,392,392,392,392,392
334,334,334,334,334,334,334,334,334,334,334
275,272,272,272,272,272,272,272,272,272,272
220,220,220,220,220,220,220,220,220,220,220
170,167,167,167,166,166,166,166,166,166,166
125,125,125,125,125,125,125,125,125,125,125
86,83,83,83,82,82,82,82,82,82,82
53,53,53,53,53,53,53,53,53,53,53
28,25,25,25,25,25,25,25,25,25,25
11,11,11,11,11,11,11,11,11,11,11
1,0,0,0,0,0,0,0,0,0,0
0,0,0,0,0,0,0,0,0,0,0
6,4,4,4,4,4,4,4,4,4,4
21,21,21,21,21,21,21,21,21,21,21
43,40,40,40,40,40,40,41,41,41,41
73,73,73,73,73,73,73,73,73,73,73
110,107,107,107,107,107,107,107,107,107,107
152,152,152,152,152,152,152,152,152,152,152
201,198,198,198,198,198,198,198,198,199,199
255,255,255,255,255,255,255,255,255,255,255
312,309,309,309,309,309,309,309,310,310,310
373,373,373,373,373,373,373,373,373,373,373
436,433,433,433,433,433,433,433,433,433,433
500,500,500,500,500,500,500,500,500,500,500
564,561,561,561,561,561,561,561,561,561,562
627,627,627,627,627,627,627,627,627,627,627
689,686,686,686,686,686,686,686,686,686,687
748,748,748,748,748,748,748,748,748,748,748
803,800,800,800,800,800,800,800,800,800,800
853,853,853,853,853,853,853,853,853,853,853
898,895,895,895,895,896,896,896,896,896,896
937,937,937,937,937,937,937,937,937,937,937
970,967,967,967,967,967,967,967,967,967,967
995,995,995,995,995,995,995,995,995,995,995
1012,1009,1009,1009,1009,1009,1009,1009,1009,1009,1009
1022,1022,1022,1022,1022,1022,1022,1022,1022,1022,1022
1023,1020,1020,1020,1020,1020,1020,1020,1020,1020,1020
1017,1017,1017,1017,1017,1017,1017,1017,1017,1017,1017
1002,999,999,999,999,999,999,999,999,999,999
980,980,980,980,980,980,980,980,980,980,980
950,947,947,947,947,947,947,947,947,947,947
913,913,913,913,913,913,913,913,913,913,913
871,868,867,867,867,867,867,867,867,867,867
822,822,822,822,822,822,822,822,822,822,822
769,765,765,765,765,765,765,765,765,765,765
711,711,711,711,711,711,711,711,711,711,711
650,647,647,647,647,647,647,647,647,647,647
587,587,587,587,587,587,587,587,587,587,587
523,520,520,520,520,520,520,520,520,520,520
459,459,459,459,459,459,459,459,459,459,459
396,393,393,393,393,392,392,392,392,392,392
334,334,334,334,334,334,334,334,334,334,334
275,272,272,272,272,272,272,272,272,272,272
220,220,220,220,220,220,220,220,220,220,220
170,167,167,167,167,167,167,166,166,166,166
125,125,125,125,125,125,125,125,125,125,125
86,83,83,83,83,83,83,82,82,82,82
53,53,53,53,53,53,53,53,53,53,53
28,25,25,25,25,25,25,25,25,25,25
11,11,11,11,11,11,11,11,11,11,11
1,0,0,0,0,0,0,0,0,0,0
0,0,0,0,0,0,0,0,0,0,0
6,3,3,3,4,4,4,4,4,4,4
21,21,21,21,21,21,21,21,21,21,21
43,40,40,40,40,40,40,40,40,40,41
73,73,73,73,73,73,73,73,73,73,73
109,106,107,107,107,107,107,107,107,107,107
152,152,152,152,152,152,152,152,152,152,152
201,198,198,198,198,198,198,198,198,198,198
254,254,254,254,254,254,254,254,254,254,254
312,309,309,309,309,309,309,309,309,309,309
373,373,373,373,373,373,373,373,373,373,373
435,432,433,433,433,433,433,433,433,433,433
499,499,499,499,499,499,499,499,499,499,499
564,561,561,561,561,561,561,561,561,561,561
627,627,627,627,627,627,627,627,627,627,627
689,686,686,686,686,686,686,686,686,686,686
748,748,748,748,748,748,748,748,748,748,748
803,800,800,800,800,800,800,800,800,800,800
853,853,853,853,853,853,853,853,853,853,853
898,895,895,895,895,895,895,895,896,896,896
937,937,937,937,937,937,937,937,937,937,937
969,967,967,967,967,967,967,967,967,967,967
995,995,995,995,995,995,995,995,995,995,995
1012,1009,1009,1009,1009,1009,1009,1009,1009,1009,1009
1022,1022,1022,1022,1022,1022,1022,1022,1022,1022,1022
1023,1020,1020,1020,1020,1020,1020,1020,1020,1020,1020
1017,1017,1017,1017,1017,1017,1017,1017,1017,1017,1017
1002,999,999,999,999,999,999,999,999,999,999
980,980,980,980,980,980,980,980,980,980,980
950,947,947,947,947,947,947,947,947,947,947
914,914,914,914,914,914,914,914,914,914,914
871,868,868,868,868,867,867,867,867,867,867
822,822,822,822,822,822,822,822,822,822,822
769,766,766,766,765,765,765,765,765,765,765
711,711,711,711,711,711,711,711,711,711,711
651,647,647,647,647,647,647,647,647,647,647
588,588,588,588,588,588,588,588,588,588,588
524,521,521,520,520,520,520,520,520,520,520
459,459,459,459,459,459,459,459,459,459,459
396,393,393,393,393,393,393,393,392,392,392
334,334,334,334,334,334,334,334,334,334,334
276,273,272,272,272,272,272,272,272,272,272
220,220,220,220,220,220,220,220,220,220,220
170,167,167,167,167,167,167,167,167,167,166
125,125,125,125,125,125,125,125,125,125,125
86,83,83,83,83,83,83,83,83,83,82
54,54,54,54,54,54,54,54,54,54,54
28,25,25,25,25,25,25,25,25,25,25
11,11,11,11,11,11,11,11,11,11,11
1,0,0,0,0,0,0,0,0,0,0
0,0,0,0,0,0,0,0,0,0,0
6,3,3,3,3,3,3,4,4,4,4
21,21,21,21,21,21,21,21,21,21,21
43,40,40,40,40,40,40,40,40,40,40
73,73,73,73,73,73,73,73,73,73,73
109,106,106,106,106,107,107,107,107,107,107
152,152,152,152,152,152,152,152,152,152,152
201,198,198,198,198,198,198,198,198,198,198
254,254,254,254,254,254,254,254,254,254,254
312,309,309,309,309,309,309,309,309,309,309
372,372,372,372,372,372,372,372,372,372,372
435,432,432,432,432,433,433,433,433,433,433
499,499,499,499,499,499,499,499,499,499,499
564,561,561,561,561,561,561,561,561,561,561
627,627,627,627,627,627,627,627,627,627,627
689,686,686,686,686,686,686,686,686,686,686
747,747,747,747,747,747,747,747,747,747,747
802,799,800,800,800,800,800,800,800,800,800
853,853,853,853,853,853,853,853,853,853,853
898,895,895,895,895,895,895,895,895,895,895
937,937,937,937,937,937,937,937,937,937,937
969,966,966,966,967,967,967,967,967,967,967
995,995,995,995,995,995,995,995,995,995,995
1012,1009,1009,1009,1009,1009,1009,1009,1009,1009,1009
1022,1022,1022,1022,1022,1022,1022,1022,1022,1022,1022
1023,1020,1020,1020,1020,1020,1020,1020,1020,1020,1020
1017,1017,1017,1017,1017,1017,1017,1017,1017,1017,1017
1002,999,999,999,999,999,999,999,999,999,999
980,980,980,980,980,980,980,980,980,980,980
950,947,947,947,947,947,947,947,947,947,947
914,914,914,914,914,914,914,914,914,914,914
871,868,868,868,868,868,868,868,867,867,867
822,822,822,822,822,822,822,822,822,822,822
769,766,766,766,766,766,766,765,765,765,765
711,711,711,711,711,711,711,711,711,711,711
651,648,648,648,647,647,647,647,647,647,647
588,588,588,588,588,588,588,588,588,588,588
524,521,521,521,521,521,520,520,520,520,520
460,460,460,460,460,460,460,460,460,460,460
396,393,393,393,393,393,393,393,393,393,393
335,335,335,335,335,335,335,335,335,335,335
276,273,273,273,273,272,272,272,272,272,272
221,221,221,221,221,221,221,221,221,221,221
170,167,167,167,167,167,167,167,167,167,167
125,125,125,125,125,125,125,125,125,125,125
86,83,83,83,83,83,83,83,83,83,83
54,54,54,54,54,54,54,54,54,54,54
29,26,25,25,25,25,25,25,25,25,25
11,11,11,11,11,11,11,11,11,11,11
1,0,0,0,0,0,0,0,0,0,0
0,0,0,0,0,0,0,0,0,0,0
6,3,3,3,3,3,3,3,3,3,3
21,21,21,21,21,21,21,21,21,21,21
43,40,40,40,40,40,40,40,40,40,40
73,73,73,73,73,73,73,73,73,73,73
109,106,106,106,106,106,106,106,107,107,107
152,152,152,152,152,152,152,152,152,152,152
201,198,198,198,198,198,198,198,198,198,198
254,254,254,254,254,254,254,254,254,254,254
312,309,309,309,309,309,309,309,309,309,309
372,372,372,372,372,372,372,372,372,372,372
435,432,432,432,432,432,432,432,433,433,433
499,499,499,499,499,499,499,499,499,499,499
563,560,560,561,561,561,561,561,561,561,561
627,627,627,627,627,627,627,627,627,627,627
688,685,685,686,686,686,686,686,686,686,686
747,747,747,747,747,747,747,747,747,747,747
802,799,799,799,799,800,800,800,800,800,800
853,853,853,853,853,853,853,853,853,853,853
898,895,895,895,895,895,895,895,895,895,895
937,937,937,937,937,937,937,937,937,937,937
969,966,966,966,966,966,966,967,967,967,967
994,994,994,994,994,994,994,994,994,994,994
1012,1009,1009,1009,1009,1009,1009,1009,1009,1009,1009
1022,1022,1022,1022,1022,1022,1022,1022,1022,1022,1022
1023,1020,1020,1020,1020,1020,1020,1020,1020,1020,1020
1017,1017,1017,1017,1017,1017,1017,1017,1017,1017,1017
1002,999,999,999,999,999,999,999,999,999,999
980,980,980,980,980,980,980,980,980,980,980
950,947,947,947,947,947,947,947,947,947,947
914,914,914,914,914,914,914,914,914,914,914
871,868,868,868,868,868,868,868,868,868,868
822,822,822,822,822,822,822,822,822,822,822
769,766,766,766,766,766,766,766,766,766,765
712,712,712,712,712,712,712,712,712,712,712
651,648,648,648,648,648,648,647,647,647,647
588,588,588,588,588,588,588,588,588,588,588
524,521,521,521,521,521,521,521,521,520,520
460,460,460,460,460,460,460,460,460,460,460
396,393,393,393,393,393,393,393,393,393,393
335,335,335,335,335,335,335,335,335,335,335
276,273,273,273,273,273,273,273,272,272,272
221,221,221,221,221,221,221,221,221,221,221
170,167,167,167,167,167,167,167,167,167,167
125,125,125,125,125,125,125,125,125,125,125
86,83,83,83,83,83,83,83,83,83,83
54,54,54,54,54,54,54,54,54,54,54
29,26,26,26,26,25,25,25,25,25,25
11,11,11,11,11,11,11,11,11,11,11
1,0,0,0,0,0,0,0,0,0,0
0,0,0,0,0,0,0,0,0,0,0
6,3,3,3,3,3,3,3,3,3,3
21,21,21,21,21,21,21,21,21,21,21
43,40,40,40,40,40,40,40,40,40,40
73,73,73,73,73,73,73,73,73,73,73
109,106,106,106,106,106,106,106,106,106,106
152,152,152,152,152,152,152,152,152,152,152
200,197,198,198,198,198,198,198,198,198,198
254,254,254,254,254,254,254,254,254,254,254
311,308,308,309,309,309,309,309,309,309,309
372,372,372,372,372,372,372,372,372,372,372
435,432,432,432,432,432,432,432,432,432,432
499,499,499,499,499,499,499,499,499,499,499
563,560,560,560,560,560,560,561,561,561,561
627,627,627,627,627,627,627,627,627,627,627
688,685,685,685,685,685,686,686,686,686,686
747,747,747,747,747,747,747,747,747,747,747
802,799,799,799,799,799,799,799,800,800,800
853,853,853,853,853,853,853,853,853,853,853
898,895,895,895,895,895,895,895,895,895,895
937,937,937,937,937,937,937,937,937,937,937
969,966,966,966,966,966,966,966,966,966,967
994,994,994,994,994,994,994,994,994,994,994
1012,1009,1009,1009,1009,1009,1009,1009,1009,1009,1009
1022,1022,1022,1022,1022,1022,1022,1022,1022,1022,1022
1023,1020,1020,1020,1020,1020,1020,1020,1020,1020,1020
1017,1017,1017,1017,1017,1017,1017,1017,1017,1017,1017
1002,999,999,999,999,999,999,999,999,999,999
980,980,980,980,980,980,980,980,980,980,980
950,947,947,947,947,947,947,947,947,947,947
914,914,914,914,914,914,914,914,914,914,914
871,868,868,868,868,868,868,868,868,868,868
823,823,823,823,823,823,823,823,823,823,823
769,766,766,766,766,766,766,766,766,766,766
712,712,712,712,712,712,712,712,712,712,712
651,648,648,648,648,648,648,648,648,648,647
588,588,588,588,588,588,588,588,588,588,588
524,521,521,521,521,521,521,521,521,521,521
460,460,460,460,460,460,460,460,460,460,460
397,393,393,393,393,393,393,393,393,393,393
335,335,335,335,335,335,335,335,335,335,335
276,273,273,273,273,273,273,273,273,273,273
221,221,221,221,221,221,221,221,221,221,221
170,167,167,167,167,167,167,167,167,167,167
125,125,125,125,125,125,125,125,125,125,125
86,83,83,83,83,83,83,83,83,83,83
54,54,54,54,54,54,54,54,54,54,54
29,26,26,26,26,26,26,26,25,25,25
11,11,11,11,11,11,11,11,11,11,11
1,0,0,0,0,0,0,0,0,0,0
0,0,0,0,0,0,0,0,0,0,0
6,3,3,3,3,3,3,3,3,3,3
21,21,21,21,21,21,21,21,21,21,21
43,40,40,40,40,40,40,40,40,40,40
72,72,72,72,72,72,72,72,72,72,72
109,106,106,106,106,106,106,106,106,106,106
152,152,152,152,152,152,152,152,152,152,152
200,197,197,197,197,198,198,198,198,198,198
254,254,254,254,254,254,254,254,254,254,254
311,308,308,308,308,308,309,309,309,309,309
372,372,372,372,372,372,372,372,372,372,372
435,432,432,432,432,432,432,432,432,432,432
499,499,499,499,499,499,499,499,499,499,499
563,560,560,560,560,560,560,560,560,560,561
626,626,626,626,626,626,626,626,626,626,626
688,685,685,685,685,685,685,685,685,686,686
747,747,747,747,747,747,747,747,747,747,747
802,799,799,799,799,799,799,799,799,799,799
853,853,853,853,853,853,853,853,853,853,853
898,895,895,895,895,895,895,895,895,895,895
937,937,937,937,937,937,937,937,937,937,937
969,966,966,966,966,966,966,966,966,966,966
994,994,994,994,994,994,994,994,994,994,994
1012,1009,1009,1009,1009,1009,1009,1009,1009,1009,1009
1022,1022,1022,1022,1022,1022,1022,1022,1022,1022,1022
1023,1020,1020,1020,1020,1020,1020,1020,1020,1020,1020
1017,1017,1017,1017,1017,1017,1017,1017,1017,1017,1017
1002,999,999,999,999,999,999,999,999,999,999
980,980,980,980,980,980,980,980,980,980,980
951,948,948,947,947,947,947,947,947,947,947
914,914,914,914,914,914,914,914,914,914,914
871,868,868,868,868,868,868,868,868,868,868
823,823,823,823,823,823,823,823,823,823,823
769,766,766,766,766,766,766,766,766,766,766
712,712,712,712,712,712,712,712,712,712,712
651,648,648,648,648,648,648,648,648,648,648
588,588,588,588,588,588,588,588,588,588,588
524,521,521,521,521,521,521,521,521,521,521
460,460,460,460,460,460,460,460,460,460,460
397,394,394,394,393,393,393,393,393,393,393
335,335,335,335,335,335,335,335,335,335,335
276,273,273,273,273,273,273,273,273,273,273
221,221,221,221,221,221,221,221,221,221,221
171,168,167,167,167,167,167,167,167,167,167
125,125,125,125,125,125,125,125,125,125,125
86,83,83,83,83,83,83,83,83,83,83
54,54,54,54,54,54,54,54,54,54,54
29,26,26,26,26,26,26,26,26,26,26
11,11,11,11,11,11,11,11,11,11,11
1,0,0,0,0,0,0,0,0,0,0
0,0,0,0,0,0,0,0,0,0,0
6,3,3,3,3,3,3,3,3,3,3
21,21,21,21,21,21,21,21,21,21,21
43,40,40,40,40,40,40,40,40,40,40
72,72,72,72,72,72,72,72,72,72,72
109,106,106,106,106,106,106,106,106,106,106
152,152,152,152,152,152,152,152,152,152,152
200,197,197,197,197,197,197,197,198,198,198
254,254,254,254,254,254,254,254,254,254,254
311,308,308,308,308,308,308,308,308,309,309
372,372,372,372,372,372,372,372,372,372,372
434,431,432,432,432,432,432,432,432,432,432
498,498,498,498,498,498,498,498,498,498,498
563,560,560,560,560,560,560,560,560,560,560
626,626,626,626,626,626,626,626,626,626,626
688,685,685,685,685,685,685,685,685,685,685
747,747,747,747,747,747,747,747,747,747,747
802,799,799,799,799,799,799,799,799,799,799
852,852,852,852,852,852,852,852,852,852,852
898,895,895,895,895,895,895,895,895,895,895
937,937,937,937,937,937,937,937,937,937,937
969,966,966,966,966,966,966,966,966,966,966
994,994,994,994,994,994,994,994,994,994,994
1012,1009,1009,1009,1009,1009,1009,1009,1009,1009,1009
1022,1022,1022,1022,1022,1022,1022,1022,1022,1022,1022
1023,1020,1020,1020,1020,1020,1020,1020,1020,1020,1020
1017,1017,1017,1017,1017,1017,1017,1017,1017,1017,1017
1002,999,999,999,999,999,999,999,999,999,999
980,980,980,980,980,980,980,980,980,980,980
951,948,948,948,948,948,947,947,947,947,947
914,914,914,914,914,914,914,914,914,914,914
871,868,868,868,868,868,868,868,868,868,868
823,823,823,823,823,823,823,823,823,823,823
770,767,766,766,766,766,766,766,766,766,766
712,712,712,712,712,712,712,712,712,712,712
651,648,648,648,648,648,648,648,648,648,648
589,589,589,589,589,589,589,589,589,589,589
525,522,521,521,521,521,521,521,521,521,521
460,460,460,460,460,460,460,460,460,460,460
397,394,394,394,394,394,394,393,393,393,393
335,335,335,335,335,335,335,335,335,335,335
276,273,273,273,273,273,273,273,273,273,273
221,221,221,221,221,221,221,221,221,221,221
171,168,168,168,168,167,167,167,167,167,167
126,126,126,126,126,126,126,126,126,126,126
86,83,83,83,83,83,83,83,83,83,83
54,54,54,54,54,54,54,54,54,54,54
29,26,26,26,26,26,26,26,26,26,26
11,11,11,11,11,11,11,11,11,11,11
2,0,0,0,0,0,0,0,0,0,0
0,0,0,0,0,0,0,0,0,0,0
6,3,3,3,3,3,3,3,3,3,3
21,21,21,21,21,21,21,21,21,21,21
43,40,40,40,40,40,40,40,40,40,40
72,72,72,72,72,72,72,72,72,72,72
109,106,106,106,106,106,106,106,106,106,106
152,152,152,152,152,152,152,152,152,152,152
200,197,197,197,197,197,197,197,197,197,197
253,253,253,253,253,253,253,253,253,253,253
311,308,308,308,308,308,308,308,308,308,308
371,371,371,371,371,371,371,371,371,371,371
434,431,431,431,431,432,432,432,432,432,432
498,498,498,498,498,498,498,498,498,498,498
563,560,560,560,560,560,560,560,560,560,560
626,626,626,626,626,626,626,626,626,626,626
688,685,685,685,685,685,685,685,685,685,685
746,746,746,746,746,746,746,746,746,746,746
802,799,799,799,799,799,799,799,799,799,799
852,852,852,852,852,852,852,852,852,852,852
897,894,895,895,895,895,895,895,895,895,895
937,937,937,937,937,937,937,937,937,937,937
969,966,966,966,966,966,966,966,966,966,966
994,994,994,994,994,994,994,994,994,994,994
1012,1009,1009,1009,1009,1009,1009,1009,1009,1009,1009
1021,1021,1021,1021,1021,1021,1021,1021,1021,1021,1021
1023,1020,1020,1020,1020,1020,1020,1020,1020,1020,1020
1017,1017,1017,1017,1017,1017,1017,1017,1017,1017,1017
1002,999,999,999,999,999,999,999,999,999,999
980,980,980,980,980,980,980,980,980,980,980
951,948,948,948,948,948,948,948,948,947,947
914,914,914,914,914,914,914,914,914,914,914
872,869,868,868,868,868,868,868,868,868,868
823,823,823,823,823,823,823,823,823,823,823
770,767,767,767,767,766,766,766,766,766,766
712,712,712,712,712,712,712,712,712,712,712
652,649,649,648,648,648,648,648,648,648,648
589,589,589,589,589,589,589,589,589,589,589
525,522,522,522,522,521,521,521,521,521,521
461,461,461,461,461,461,461,461,461,461,461
397,394,394,394,394,394,394,394,394,394,393
335,335,335,335,335,335,335,335,335,335,335
277,274,273,273,273,273,273,273,273,273,273
221,221,221,221,221,221,221,221,221,221,221
171,168,168,168,168,168,168,168,167,167,167
126,126,126,126,126,126,126,126,126,126,126
87,83,83,83,83,83,83,83,83,83,83
54,54,54,54,54,54,54,54,54,54,54
29,26,26,26,26,26,26,26,26,26,26
11,11,11,11,11,11,11,11,11,11,11
2,0,0,0,0,0,0,0,0,0,0
0,0,0,0,0,0,0,0,0,0,0
6,3,3,3,3,3,3,3,3,3,3
21,21,21,21,21,21,21,21,21,21,21
43,40,40,40,40,40,40,40,40,40,40
72,72,72,72,72,72,72,72,72,72,72
109,106,106,106,106,106,106,106,106,106,106
151,151,151,151,151,151,151,151,151,151,151
200,197,197,197,197,197,197,197,197,197,197
253,253,253,253,253,253,253,253,253,253,253
311,308,308,308,308,308,308,308,308,308,308
371,371,371,371,371,371,371,371,371,371,371
434,431,431,431,431,431,431,431,432,432,432
498,498,498,498,498,498,498,498,498,498,498
562,559,559,560,560,560,560,560,560,560,560
626,626,626,626,626,626,626,626,626,626,626
687,684,685,685,685,685,685,685,685,685,685
746,746,746,746,746,746,746,746,746,746,746
801,799,799,799,799,799,799,799,799,799,799
852,852,852,852,852,852,852,852,852,852,852
897,894,894,894,894,895,895,895,895,895,895
936,936,936,936,936,936,936,936,936,936,936
969,966,966,966,966,966,966,966,966,966,966
994,994,994,994,994,994,994,994,994,994,994
1012,1009,1009,1009,1009,1009,1009,1009,1009,1009,1009
1021,1021,1021,1021,1021,1021,1021,1021,1021,1021,1021
1023,1020,1020,1020,1020,1020,1020,1020,1020,1020,1020
1017,1017,1017,1017,1017,1017,1017,1017,1017,1017,1017
1002,999,999,999,999,999,999,999,999,999,999
980,980,980,980,980,980,980,980,980,980,980
951,948,948,948,948,948,948,948,948,948,948
914,914,914,914,914,914,914,914,914,914,914
872,869,869,869,869,868,868,868,868,868,868
823,823,823,823,823,823,823,823,823,823,823
770,767,767,767,767,767,767,767,766,766,766
712,712,712,712,712,712,712,712,712,712,712
652,649,649,649,649,649,648,648,648,648,648
589,589,589,589,589,589,589,589,589,589,589
525,522,522,522,522,522,522,522,522,521,521
461,461,461,461,461,461,461,461,461,461,461
397,394,394,394,394,394,394,394,394,394,394
336,336,336,336,336,336,336,336,336,336,336
277,274,274,274,274,273,273,273,273,273,273
222,222,222,222,222,222,222,222,222,222,222
171,168,168,168,168,168,168,168,168,168,168
126,126,126,126,126,126,126,126,126,126,126
87,84,84,84,83,83,83,83,83,83,83
54,54,54,54,54,54,54,54,54,54,54
29,26,26,26,26,26,26,26,26,26,26
11,11,11,11,11,11,11,11,11,11,11
2,0,0,0,0,0,0,0,0,0,0
0,0,0,0,0,0,0,0,0,0,0
6,3,3,3,3,3,3,3,3,3,3
21,21,21,21,21,21,21,21,21,21,21
43,40,40,40,40,40,40,40,40,40,40
72,72,72,72,72,72,72,72,72,72,72
108,106,106,106,106,106,106,106,106,106,106
151,151,151,151,151,151,151,151,151,151,151
200,197,197,197,197,197,197,197,197,197,197
253,253,253,253,253,253,253,253,253,253,253
310,307,308,308,308,308,308,308,308,308,308
371,371,371,371,371,371,371,371,371,371,371
434,431,431,431,431,431,431,431,431,431,431
498,498,498,498,498,498,498,498,498,498,498
562,559,559,559,559,559,560,560,560,560,560
626,626,626,626,626,626,626,626,626,626,626
687,684,684,684,684,685,685,685,685,685,685
746,746,746,746,746,746,746,746,746,746,746
801,798,798,798,799,799,799,799,799,799,799
852,852,852,852,852,852,852,852,852,852,852
897,894,894,894,894,894,894,894,895,895,895
936,936,936,936,936,936,936,936,936,936,936
969,966,966,966,966,966,966,966,966,966,966
994,994,994,994,994,994,994,994,994,994,994
1012,1009,1009,1009,1009,1009,1009,1009,1009,1009,1009
1021,1021,1021,1021,1021,1021,1021,1021,1021,1021,1021
1023,1020,1020,1020,1020,1020,1020,1020,1020,1020,1020
1017,1017,1017,1017,1017,1017,1017,1017,1017,1017,1017
1002,999,999,999,999,999,999,999,999,999,999
980,980,980,980,980,980,980,980,980,980,980
951,948,948,948,948,948,948,948,948,948,948
915,915,915,915,915,915,915,915,915,915,915
872,869,869,869,869,869,869,869,868,868,868
823,823,823,823,823,823,823,823,823,823,823
770,767,767,767,767,767,767,767,767,767,767
713,713,713,713,713,713,713,713,713,713,713
652,649,649,649,649,649,649,649,649,648,648
589,589,589,589,589,589,589,589,589,589,589
525,522,522,522,522,522,522,522,522,522,522
461,461,461,461,461,461,461,461,461,461,461
398,394,394,394,394,394,394,394,394,394,394
336,336,336,336,336,336,336,336,336,336,336
277,274,274,274,274,274,274,274,274,273,273
222,222,222,222,222,222,222,222,222,222,222
171,168,168,168,168,168,168,168,168,168,168
126,126,126,126,126,126,126,126,126,126,126
87,84,84,84,84,84,84,83,83,83,83
54,54,54,54,54,54,54,54,54,54,54
29,26,26,26,26,26,26,26,26,26,26
11,11,11,11,11,11,11,11,11,11,11
2,0,0,0,0,0,0,0,0,0,0
0,0,0,0,0,0,0,0,0,0,0
6,3,3,3,3,3,3,3,3,3,3
20,20,20,20,20,20,20,20,20,20,20
43,40,40,40,40,40,40,40,40,40,40
72,72,72,72,72,72,72,72,72,72,72
108,105,105,105,106,106,106,106,106,106,106
151,151,151,151,151,151,151,151,151,151,151
200,197,197,197,197,197,197,197,197,197,197
253,253,253,253,253,253,253,253,253,253,253
310,307,307,307,307,308,308,308,308,308,308
371,371,371,371,371,371,371,371,371,371,371
434,431,431,431,431,431,431,431,431,431,431
498,498,498,498,498,498,498,498,498,498,498
562,559,559,559,559,559,559,559,559,560,560
625,625,625,625,625,625,625,625,625,625,625
687,684,684,684,684,684,684,684,685,685,685
746,746,746,746,746,746,746,746,746,746,746
801,798,798,798,798,798,798,799,799,799,799
852,852,852,852,852,852,852,852,852,852,852
897,894,894,894,894,894,894,894,894,894,894
936,936,936,936,936,936,936,936,936,936,936
969,966,966,966,966,966,966,966,966,966,966
994,994,994,994,994,994,994,994,994,994,994
1012,1009,1009,1009,1009,1009,1009,1009,1009,1009,1009
1021,1021,1021,1021,1021,1021,1021,1021,1021,1021,1021
1023,1020,1020,1020,1020,1020,1020,1020,1020,1020,1020
1017,1017,1017,1017,1017,1017,1017,1017,1017,1017,1017
1003,1000,1000,999,999,999,999,999,999,999,999
981,981,981,981,981,981,981,981,981,981,981
951,948,948,948,948,948,948,948,948,948,948
915,915,915,915,915,915,915,915,915,915,915
872,869,869,869,869,869,869,869,869,869,869
824,824,824,824,824,824,824,824,824,824,824
770,767,767,767,767,767,767,767,767,767,767
713,713,713,713,713,713,713,713,713,713,713
652,649,649,649,649,649,649,649,649,649,649
589,589,589,589,589,589,589,589,589,589,589
525,522,522,522,522,522,522,522,522,522,522
461,461,461,461,461,461,461,461,461,461,461
398,395,395,395,394,394,394,394,394,394,394
336,336,336,336,336,336,336,336,336,336,336
277,274,274,274,274,274,274,274,274,274,274
222,222,222,222,222,222,222,222,222,222,222
171,168,168,168,168,168,168,168,168,168,168
126,126,126,126,126,126,126,126,126,126,126
87,84,84,84,84,84,84,84,84,84,83
54,54,54,54,54,54,54,54,54,54,54
29,26,26,26,26,26,26,26,26,26,26
11,11,11,11,11,11,11,11,11,11,11
2,0,0,0,0,0,0,0,0,0,0
0,0,0,0,0,0,0,0,0,0,0
6,3,3,3,3,3,3,3,3,3,3
20,20,20,20,20,20,20,20,20,20,20
42,39,40,40,40,40,40,40,40,40,40
72,72,72,72,72,72,72,72,72,72,72
108,105,105,105,105,105,105,106,106,106,106
151,151,151,151,151,151,151,151,151,151,151
199,196,196,197,197,197,197,197,197,197,197
253,253,253,253,253,253,253,253,253,253,253
310,307,307,307,307,307,307,307,308,308,308
371,371,371,371,371,371,371,371,371,371,371
433,431,431,431,431,431,431,431,431,431,431
497,497,497,497,497,497,497,497,497,497,497
562,559,559,559,559,559,559,559,559,559,559
625,625,625,625,625,625,625,625,625,625,625
687,684,684,684,684,684,684,684,684,684,684
746,746,746,746,746,746,746,746,746,746,746
801,798,798,798,798,798,798,798,798,798,799
852,852,852,852,852,852,852,852,852,852,852
897,894,894,894,894,894,894,894,894,894,894
936,936,936,936,936,936,936,936,936,936,936
969,966,966,966,966,966,966,966,966,966,966
994,994,994,994,994,994,994,994,994,994,994
1012,1009,1009,1009,1009,1009,1009,1009,1009,1009,1009
1021,1021,1021,1021,1021,1021,1021,1021,1021,1021,1021
1023,1020,1020,1020,1020,1020,1020,1020,1020,1020,1020
1017,1017,1017,1017,1017,1017,1017,1017,1017,1017,1017
1003,1000,1000,1000,1000,1000,999,999,999,999,999
981,981,981,981,981,981,981,981,981,981,981
951,948,948,948,948,948,948,948,948,948,948
915,915,915,915,915,915,915,915,915,915,915
872,869,869,869,869,869,869,869,869,869,869
824,824,824,824,824,824,824,824,824,824,824
770,767,767,767,767,767,767,767,767,767,767
713,713,713,713,713,713,713,713,713,713,713
652,649,649,649,649,649,649,649,649,649,649
590,590,590,590,590,590,590,590,590,590,590
526,523,522,522,522,522,522,522,522,522,522
461,461,461,461,461,461,461,461,461,461,461
398,395,395,395,395,395,395,394,394,394,394
336,336,336,336,336,336,336,336,336,336,336
277,274,274,274,274,274,274,274,274,274,274
222,222,222,222,222,222,222,222,222,222,222
171,168,168,168,168,168,168,168,168,168,168
126,126,126,126,126,126,126,126,126,126,126
87,84,84,84,84,84,84,84,84,84,84
54,54,54,54,54,54,54,54,54,54,54
29,26,26,26,26,26,26,26,26,26,26
11,11,11,11,11,11,11,11,11,11,11
2,0,0,0,0,0,0,0,0,0,0
0,0,0,0,0,0,0,0,0,0,0
6,3,3,3,3,3,3,3,3,3,3
20,20,20,20,20,20,20,20,20,20,20
42,39,39,39,39,40,40,40,40,40,40
72,72,72,72,72,72,72,72,72,72,72
108,105,105,105,105,105,105,105,105,105,106
151,151,151,151,151,151,151,151,151,151,151
199,196,196,196,196,196,197,197,197,197,197
253,253,253,253,253,253,253,253,253,253,253
310,307,307,307,307,307,307,307,307,307,307
370,370,370,370,370,370,370,370,370,370,370
433,430,430,430,431,431,431,431,431,431,431
497,497,497,497,497,497,497,497,497,497,497
562,559,559,559,559,559,559,559,559,559,559
625,625,625,625,625,625,625,625,625,625,625
687,684,684,684,684,684,684,684,684,684,684
746,746,746,746,746,746,746,746,746,746,746
801,798,798,798,798,798,798,798,798,798,798
851,851,851,851,851,851,851,851,851,851,851
897,894,894,894,894,894,894,894,894,894,894
936,936,936,936,936,936,936,936,936,936,936
969,966,966,966,966,966,966,966,966,966,966
994,994,994,994,994,994,994,994,994,994,994
1012,1009,1009,1009,1009,1009,1009,1009,1009,1009,1009
1021,1021,1021,1021,1021,1021,1021,1021,1021,1021,1021
1023,1020,1020,1020,1020,1020,1020,1020,1020,1020,1020
1017,1017,1017,1017,1017,1017,1017,1017,1017,1017,1017
1003,1000,1000,1000,1000,1000,1000,1000,1000,999,999
981,981,981,981,981,981,981,981,981,981,981
951,948,948,948,948,948,948,948,948,948,948
915,915,915,915,915,915,915,915,915,915,915
872,869,869,869,869,869,869,869,869,869,869
824,824,824,824,824,824,824,824,824,824,824
771,768,767,767,767,767,767,767,767,767,767
713,713,713,713,713,713,713,713,713,713,713
653,650,649,649,649,649,649,649,649,649,649
590,590,590,590,590,590,590,590,590,590,590
526,523,523,523,523,522,522,522,522,522,522
462,462,462,462,462,462,462,462,462,462,462
398,395,395,395,395,395,395,395,395,395,394
336,336,336,336,336,336,336,336,336,336,336
277,274,274,274,274,274,274,274,274,274,274
222,222,222,222,222,222,222,222,222,222,222
172,169,168,168,168,168,168,168,168,168,168
126,126,126,126,126,126,126,126,126,126,126
87,84,84,84,84,84,84,84,84,84,84
55,55,55,55,55,55,55,55,55,55,55
29,26,26,26,26,26,26,26,26,26,26
11,11,11,11,11,11,11,11,11,11,11
2,0,0,0,0,0,0,0,0,0,0
0,0,0,0,0,0,0,0,0,0,0
6,3,3,3,3,3,3,3,3,3,3
20,20,20,20,20,20,20,20,20,20,20
42,39,39,39,39,39,39,39,40,40,40
72,72,72,72,72,72,72,72,72,72,72
108,105,105,105,105,105,105,105,105,105,105
151,151,151,151,151,151,151,151,151,151,151
199,196,196,196,196,196,196,196,196,196,197
252,252,252,252,252,252,252,252,252,252,252
310,307,307,307,307,307,307,307,307,307,307
370,370,370,370,370,370,370,370,370,370,370
433,430,430,430,430,430,430,431,431,431,431
497,497,497,497,497,497,497,497,497,497,497
561,558,558,559,559,559,559,559,559,559,559
625,625,625,625,625,625,625,625,625,625,625
687,684,684,684,684,684,684,684,684,684,684
745,745,745,745,745,745,745,745,745,745,745
801,798,798,798,798,798,798,798,798,798,798
851,851,851,851,851,851,851,851,851,851,851
897,894,894,894,894,894,894,894,894,894,894
936,936,936,936,936,936,936,936,936,936,936
968,965,965,966,966,966,966,966,966,966,966
994,994,994,994,994,994,994,994,994,994,994
1012,1009,1009,1009,1009,1009,1009,1009,1009,1009,1009
1021,1021,1021,1021,1021,1021,1021,1021,1021,1021,1021
1023,1020,1020,1020,1020,1020,1020,1020,1020,1020,1020
1017,1017,1017,1017,1017,1017,1017,1017,1017,1017,1017
1003,1000,1000,1000,1000,1000,1000,1000,1000,1000,1000
981,981,981,981,981,981,981,981,981,981,981
951,948,948,948,948,948,948,948,948,948,948
915,915,915,915,915,915,915,915,915,915,915
872,869,869,869,869,869,869,869,869,869,869
824,824,824,824,824,824,824,824,824,824,824
771,768,768,768,768,767,767,767,767,767,767
713,713,713,713,713,713,713,713,713,713,713
653,650,650,650,650,650,649,649,649,649,649
590,590,590,590,590,590,590,590,590,590,590
526,523,523,523,523,523,523,523,522,522,522
462,462,462,462,462,462,462,462,462,462,462
398,395,395,395,395,395,395,395,395,395,395
337,337,337,337,337,337,337,337,337,337,337
278,275,275,274,274,274,274,274,274,274,274
222,222,222,222,222,222,222,222,222,222,222
172,169,169,169,169,168,168,168,168,168,168
126,126,126,126,126,126,126,126,126,126,126
87,84,84,84,84,84,84,84,84,84,84
55,55,55,55,55,55,55,55,55,55,55
29,26,26,26,26,26,26,26,26,26,26
11,11,11,11,11,11,11,11,11,11,11
2,0,0,0,0,0,0,0,0,0,0
0,0,0,0,0,0,0,0,0,0,0
6,3,3,3,3,3,3,3,3,3,3
20,20,20,20,20,20,20,20,20,20,20
42,39,39,39,39,39,39,39,39,39,39
72,72,72,72,72,72,72,72,72,72,72
108,105,105,105,105,105,105,105,105,105,105
151,151,151,151,151,151,151,151,151,151,151
199,196,196,196,196,196,196,196,196,196,196
252,252,252,252,252,252,252,252,252,252,252
310,307,307,307,307,307,307,307,307,307,307
370,370,370,370,370,370,370,370,370,370,370
433,430,430,430,430,430,430,430,430,430,431
497,497,497,497,497,497,497,497,497,497,497
561,558,558,558,558,558,559,559,559,559,559
625,625,625,625,625,625,625,625,625,625,625
686,683,683,684,684,684,684,684,684,684,684
745,745,745,745,745,745,745,745,745,745,745
801,798,798,798,798,798,798,798,798,798,798
851,851,851,851,851,851,851,851,851,851,851
897,894,894,894,894,894,894,894,894,894,894
936,936,936,936,936,936,936,936,936,936,936
968,965,965,965,965,965,966,966,966,966,966
994,994,994,994,994,994,994,994,994,994,994
1011,1008,1009,1009,1009,1009,1009,1009,1009,1009,1009
1021,1021,1021,1021,1021,1021,1021,1021,1021,1021,1021
1023,1020,1020,1020,1020,1020,1020,1020,1020,1020,1020
1017,1017,1017,1017,1017,1017,1017,1017,1017,1017,1017
1003,1000,1000,1000,1000,1000,1000,1000,1000,1000,1000
981,981,981,981,981,981,981,981,981,981,981
951,948,948,948,948,948,948,948,948,948,948
915,915,915,915,915,915,915,915,915,915,915
873,869,869,869,869,869,869,869,869,869,869
824,824,824,824,824,824,824,824,824,824,824
771,768,768,768,768,768,768,768,767,767,767
714,714,714,714,714,714,714,714,714,714,714
653,650,650,650,650,650,650,650,650,649,649
590,590,590,590,590,590,590,590,590,590,590
526,523,523,523,523,523,523,523,523,523,523
462,462,462,462,462,462,462,462,462,462,462
398,395,395,395,395,395,395,395,395,395,395
337,337,337,337,337,337,337,337,337,337,337
278,275,275,275,275,275,274,274,274,274,274
223,223,223,223,223,223,223,223,223,223,223
172,169,169,169,169,169,169,169,168,168,168
127,127,127,127,127,127,127,127,127,127,127
87,84,84,84,84,84,84,84,84,84,84
55,55,55,55,55,55,55,55,55,55,55
29,26,26,26,26,26,26,26,26,26,26
12,12,12,12,12,12,12,12,12,12,12
2,0,0,0,0,0,0,0,0,0,0
0,0,0,0,0,0,0,0,0,0,0
6,3,3,3,3,3,3,3,3,3,3
20,20,20,20,20,20,20,20,20,20,20
42,39,39,39,39,39,39,39,39,39,39
71,71,71,71,71,71,71,71,71,71,71
108,105,105,105,105,105,105,105,105,105,105
150,150,150,150,150,150,150,150,150,150,150
199,196,196,196,196,196,196,196,196,196,196
252,252,252,252,252,252,252,252,252,252,252
309,306,306,307,307,307,307,307,307,307,307
370,370,370,370,370,370,370,370,370,370,370
433,430,430,430,430,430,430,430,430,430,430
497,497,497,497,497,497,497,497,497,497,497
561,558,558,558,558,558,558,558,558,559,559
624,624,624,624,624,624,624,624,624,624,624
686,683,683,683,683,683,684,684,684,684,684
745,745,745,745,745,745,745,745,745,745,745
800,797,797,797,798,798,798,798,798,798,798
851,851,851,851,851,851,851,851,851,851,851
896,893,893,894,894,894,894,894,894,894,894
936,936,936,936,936,936,936,936,936,936,936
968,965,965,965,965,965,965,965,965,966,966
994,994,994,994,994,994,994,994,994,994,994
1011,1008,1008,1008,1008,1009,1009,1009,1009,1009,1009
1021,1021,1021,1021,1021,1021,1021,1021,1021,1021,1021
1023,1020,1020,1020,1020,1020,1020,1020,1020,1020,1020
1017,1017,1017,1017,1017,1017,1017,1017,1017,1017,1017
1003,1000,1000,1000,1000,1000,1000,1000,1000,1000,1000
981,981,981,981,981,981,981,981,981,981,981
952,949,949,948,948,948,948,948,948,948,948
915,915,915,915,915,915,915,915,915,915,915
873,870,870,870,869,869,869,869,869,869,869
824,824,824,824,824,824,824,824,824,824,824
771,768,768,768,768,768,768,768,768,768,768
714,714,714,714,714,714,714,714,714,714,714
653,650,650,650,650,650,650,650,650,650,650
590,590,590,590,590,590,590,590,590,590,590
526,523,523,523,523,523,523,523,523,523,523
462,462,462,462,462,462,462,462,462,462,462
399,396,396,395,395,395,395,395,395,395,395
337,337,337,337,337,337,337,337,337,337,337
278,275,275,275,275,275,275,275,275,274,274
223,223,223,223,223,223,223,223,223,223,223
172,169,169,169,169,169,169,169,169,169,169
127,127,127,127,127,127,127,127,127,127,127
87,84,84,84,84,84,84,84,84,84,84
55,55,55,55,55,55,55,55,55,55,55
29,26,26,26,26,26,26,26,26,26,26
12,12,12,12,12,12,12,12,12,12,12
2,0,0,0,0,0,0,0,0,0,0
0,0,0,0,0,0,0,0,0,0,0
6,3,3,3,3,3,3,3,3,3,3
20,20,20,20,20,20,20,20,20,20,20
42,39,39,39,39,39,39,39,39,39,39
71,71,71,71,71,71,71,71,71,71,71
108,105,105,105,105,105,105,105,105,105,105
150,150,150,150,150,150,150,150,150,150,150
199,196,196,196,196,196,196,196,196,196,196
252,252,252,252,252,252,252,252,252,252,252
309,306,306,306,306,306,307,307,307,307,307
370,370,370,370,370,370,370,370,370,370,370
432,430,430,430,430,430,430,430,430,430,430
497,497,497,497,497,497,497,497,497,497,497
561,558,558,558,558,558,558,558,558,558,558
624,624,624,624,624,624,624,624,624,624,624
686,683,683,683,683,683,683,683,683,683,684
745,745,745,745,745,745,745,745,745,745,745
800,797,797,797,797,797,797,798,798,798,798
851,851,851,851,851,851,851,851,851,851,851
896,893,893,893,893,893,894,894,894,894,894
936,936,936,936,936,936,936,936,936,936,936
968,965,965,965,965,965,965,965,965,965,965
994,994,994,994,994,994,994,994,994,994,994
1011,1008,1008,1008,1008,1008,1008,1008,1009,1009,1009
1021,1021,1021,1021,1021,1021,1021,1021,1021,1021,1021
1023,1020,1020,1020,1020,1020,1020,1020,1020,1020,1020
1017,1017,1017,1017,1017,1017,1017,1017,1017,1017,1017
1003,1000,1000,1000,1000,1000,1000,1000,1000,1000,1000
981,981,981,981,981,981,981,981,981,981,981
952,949,949,949,949,949,948,948,948,948,948
915,915,915,915,915,915,915,915,915,915,915
873,870,870,870,870,870,870,869,869,869,869
825,825,825,825,825,825,825,825,825,825,825
771,768,768,768,768,768,768,768,768,768,768
714,714,714,714,714,714,714,714,714,714,714
653,650,650,650,650,650,650,650,650,650,650
591,591,591,591,591,591,591,591,591,591,591
527,524,523,523,523,523,523,523,523,523,523
462,462,462,462,462,462,462,462,462,462,462
399,396,396,396,396,396,395,395,395,395,395
337,337,337,337,337,337,337,337,337,337,337
278,275,275,275,275,275,275,275,275,275,275
223,223,223,223,223,223,223,223,223,223,223
172,169,169,169,169,169,169,169,169,169,169
127,127,127,127,127,127,127,127,127,127,127
87,84,84,84,84,84,84,84,84,84,84
55,55,55,55,55,55,55,55,55,55,55
29,26,26,26,26,26,26,26,26,26,26
12,12,12,12,12,12,12,12,12,12,12
2,0,0,0,0,0,0,0,0,0,0
0,0,0,0,0,0,0,0,0,0,0
6,3,3,3,3,3,3,3,3,3,3
20,20,20,20,20,20,20,20,20,20,20
42,39,39,39,39,39,39,39,39,39,39
71,71,71,71,71,71,71,71,71,71,71
108,105,105,105,105,105,105,105,105,105,105
150,150,150,150,150,150,150,150,150,150,150
198,195,196,196,196,196,196,196,196,196,196
252,252,252,252,252,252,252,252,252,252,252
309,306,306,306,306,306,306,306,306,307,307
370,370,370,370,370,370,370,370,370,370,370
432,429,429,429,430,430,430,430,430,430,430
496,496,496,496,496,496,496,496,496,496,496
561,558,558,558,558,558,558,558,558,558,558
624,624,624,624,624,624,624,624,624,624,624
686,683,683,683,683,683,683,683,683,683,683
745,745,745,745,745,745,745,745,745,745,745
800,797,797,797,797,797,797,797,797,797,798
851,851,851,851,851,851,851,851,851,851,851
896,893,893,893,893,893,893,893,893,894,894
935,935,935,935,935,935,935,935,935,935,935
968,965,965,965,965,965,965,965,965,965,965
994,994,994,994,994,994,994,994,994,994,994
1011,1008,1008,1008,1008,1008,1008,1008,1008,1008,1008
1021,1021,1021,1021,1021,1021,1021,1021,1021,1021,1021
1023,1020,1020,1020,1020,1020,1020,1020,1020,1020,1020
1017,1017,1017,1017,1017,1017,1017,1017,1017,1017,1017
1003,1000,1000,1000,1000,1000,1000,1000,1000,1000,1000
981,981,981,981,981,981,981,981,981,981,981
952,949,949,949,949,949,949,949,949,948,948
916,916,916,916,916,916,916,916,916,916,916
873,870,870,870,870,870,870,870,870,870,869
825,825,825,825,825,825,825,825,825,825,825
771,768,768,768,768,768,768,768,768,768,768
714,714,714,714,714,714,714,714,714,714,714
654,651,650,650,650,650,650,650,650,650,650
591,591,591,591,591,591,591,591,591,591,591
527,524,524,524,524,523,523,523,523,523,523
463,463,463,463,463,463,463,463,463,463,463
399,396,396,396,396,396,396,396,396,395,395
337,337,337,337,337,337,337,337,337,337,337
278,275,275,275,275,275,275,275,275,275,275
223,223,223,223,223,223,223,223,223,223,223
172,169,169,169,169,169,169,169,169,169,169
127,127,127,127,127,127,127,127,127,127,127
88,85,85,84,84,84,84,84,84,84,84
55,55,55,55,55,55,55,55,55,55,55
30,26,26,26,26,26,26,26,26,26,26
12,12,12,12,12,12,12,12,12,12,12
2,0,0,0,0,0,0,0,0,0,0
0,0,0,0,0,0,0,0,0,0,0
6,3,3,3,3,3,3,3,3,3,3
20,20,20,20,20,20,20,20,20,20,20
42,39,39,39,39,39,39,39,39,39,39
71,71,71,71,71,71,71,71,71,71,71
107,104,104,105,105,105,105,105,105,105,105
150,150,150,150,150,150,150,150,150,150,150
198,195,195,195,195,196,196,196,196,196,196
251,251,251,251,251,251,251,251,251,251,251
309,306,306,306,306,306,306,306,306,306,306
369,369,369,369,369,369,369,369,369,369,369
432,429,429,429,429,429,429,430,430,430,430
496,496,496,496,496,496,496,496,496,496,496
560,557,558,558,558,558,558,558,558,558,558
624,624,624,624,624,624,624,624,624,624,624
686,683,683,683,683,683,683,683,683,683,683
745,745,745,745,745,745,745,745,745,745,745
800,797,797,797,797,797,797,797,797,797,797
851,851,851,851,851,851,851,851,851,851,851
896,893,893,893,893,893,893,893,893,893,893
935,935,935,935,935,935,935,935,935,935,935
968,965,965,965,965,965,965,965,965,965,965
993,993,993,993,993,993,993,993,993,993,993
1011,1008,1008,1008,1008,1008,1008,1008,1008,1008,1008
1021,1021,1021,1021,1021,1021,1021,1021,1021,1021,1021
1023,1020,1020,1020,1020,1020,1020,1020,1020,1020,1020
1017,1017,1017,1017,1017,1017,1017,1017,1017,1017,1017
1003,1000,1000,1000,1000,1000,1000,1000,1000,1000,1000
981,981,981,981,981,981,981,981,981,981,981
952,949,949,949,949,949,949,949,949,949,949
916,916,916,916,916,916,916,916,916,916,916
873,870,870,870,870,870,870,870,870,870,870
825,825,825,825,825,825,825,825,825,825,825
772,769,768,768,768,768,768,768,768,768,768
714,714,714,714,714,714,714,714,714,714,714
654,651,651,651,651,650,650,650,650,650,650
591,591,591,591,591,591,591,591,591,591,591
527,524,524,524,524,524,524,524,523,523,523
463,463,463,463,463,463,463,463,463,463,463
399,396,396,396,396,396,396,396,396,396,396
338,338,338,338,338,338,338,338,338,338,338
279,275,275,275,275,275,275,275,275,275,275
223,223,223,223,223,223,223,223,223,223,223
172,169,169,169,169,169,169,169,169,169,169
127,127,127,127,127,127,127,127,127,127,127
88,85,85,85,85,85,84,84,84,84,84
55,55,55,55,55,55,55,55,55,55,55
30,27,27,27,26,26,26,26,26,26,26
12,12,12,12,12,12,12,12,12,12,12
2,0,0,0,0,0,0,0,0,0,0
0,0,0,0,0,0,0,0,0,0,0
6,3,3,3,3,3,3,3,3,3,3
20,20,20,20,20,20,20,20,20,20,20
42,39,39,39,39,39,39,39,39,39,39
71,71,71,71,71,71,71,71,71,71,71
107,104,104,104,104,104,105,105,105,105,105
150,150,150,150,150,150,150,150,150,150,150
198,195,195,195,195,195,195,195,196,196,196
251,251,251,251,251,251,251,251,251,251,251
309,306,306,306,306,306,306,306,306,306,306
369,369,369,369,369,369,369,369,369,369,369
432,429,429,429,429,429,429,429,429,429,430
496,496,496,496,496,496,496,496,496,496,496
560,557,557,557,557,558,558,558,558,558,558
624,624,624,624,624,624,624,624,624,624,624
685,682,683,683,683,683,683,683,683,683,683
744,744,744,744,744,744,744,744,744,744,744
800,797,797,797,797,797,797,797,797,797,797
850,850,850,850,850,850,850,850,850,850,850
896,893,893,893,893,893,893,893,893,893,893
935,935,935,935,935,935,935,935,935,935,935
968,965,965,965,965,965,965,965,965,965,965
993,993,993,993,993,993,993,993,993,993,993
1011,1008,1008,1008,1008,1008,1008,1008,1008,1008,1008
1021,1021,1021,1021,1021,1021,1021,1021,1021,1021,1021
1023,1020,1020,1020,1020,1020,1020,1020,1020,1020,1020
1017,1017,1017,1017,1017,1017,1017,1017,1017,1017,1017
1003,1000,1000,1000,1000,1000,1000,1000,1000,1000,1000
981,981,981,981,981,981,981,981,981,981,981
952,949,949,949,949,949,949,949,949,949,949
916,916,916,916,916,916,916,916,916,916,916
873,870,870,870,870,870,870,870,870,870,870
825,825,825,825,825,825,825,825,825,825,825
772,769,769,769,769,768,768,768,768,768,768
714,714,714,714,714,714,714,714,714,714,714
654,651,651,651,651,651,651,651,650,650,650
591,591,591,591,591,591,591,591,591,591,591
527,524,524,524,524,524,524,524,524,524,524
463,463,463,463,463,463,463,463,463,463,463
399,396,396,396,396,396,396,396,396,396,396
338,338,338,338,338,338,338,338,338,338,338
279,276,276,276,275,275,275,275,275,275,275
223,223,223,223,223,223,223,223,223,223,223
173,170,170,169,169,169,169,169,169,169,169
127,127,127,127,127,127,127,127,127,127,127
88,85,85,85,85,85,85,85,85,84,84
55,55,55,55,55,55,55,55,55,55,55
30,27,27,27,27,27,27,26,26,26,26
12,12,12,12,12,12,12,12,12,12,12
2,0,0,0,0,0,0,0,0,0,0
0,0,0,0,0,0,0,0,0,0,0
6,3,3,3,3,3,3,3,3,3,3
20,20,20,20,20,20,20,20,20,20,20
42,39,39,39,39,39,39,39,39,39,39
71,71,71,71,71,71,71,71,71,71,71
107,104,104,104,104,104,104,104,104,105,105
150,150,150,150,150,150,150,150,150,150,150
198,195,195,195,195,195,195,195,195,195,195
251,251,251,251,251,251,251,251,251,251,251
308,306,306,306,306,306,306,306,306,306,306
369,369,369,369,369,369,369,369,369,369,369
432,429,429,429,429,429,429,429,429,429,429
496,496,496,496,496,496,496,496,496,496,496
560,557,557,557,557,557,557,557,558,558,558
623,623,623,623,623,623,623,623,623,623,623
685,682,682,682,682,683,683,683,683,683,683
744,744,744,744,744,744,744,744,744,744,744
800,797,797,797,797,797,797,797,797,797,797
850,850,850,850,850,850,850,850,850,850,850
896,893,893,893,893,893,893,893,893,893,893
935,935,935,935,935,935,935,935,935,935,935
968,965,965,965,965,965,965,965,965,965,965
993,993,993,993,993,993,993,993,993,993,993
1011,1008,1008,1008,1008,1008,1008,1008,1008,1008,1008
1021,1021,1021,1021,1021,1021,1021,1021,1021,1021,1021
1023,1020,1020,1020,1020,1020,1020,1020,1020,1020,1020
1017,1017,1017,1017,1017,1017,1017,1017,1017,1017,1017
1003,1000,1000,1000,1000,1000,1000,1000,1000,1000,1000
981,981,981,981,981,981,981,981,981,981,981
952,949,949,949,949,949,949,949,949,949,949
916,916,916,916,916,916,916,916,916,916,916
873,870,870,870,870,870,870,870,870,870,870
825,825,825,825,825,825,825,825,825,825,825
772,769,769,769,769,769,769,769,768,768,768
715,715,715,715,715,715,715,715,715,715,715
654,651,651,651,651,651,651,651,651,651,651
591,591,591,591,591,591,591,591,591,591,591
527,524,524,524,524,524,524,524,524,524,524
463,463,463,463,463,463,463,463,463,463,463
400,397,396,396,396,396,396,396,396,396,396
338,338,338,338,338,338,338,338,338,338,338
279,276,276,276,276,276,276,275,275,275,275
224,224,224,224,224,224,224,224,224,224,224
173,170,170,170,170,170,169,169,169,169,169
127,127,127,127,127,127,127,127,127,127,127
88,85,85,85,85,85,85,85,85,85,85
55,55,55,55,55,55,55,55,55,55,55
30,27,27,27,27,27,27,27,27,27,26
12,12,12,12,12,12,12,12,12,12,12
2,0,0,0,0,0,0,0,0,0,0
0,0,0,0,0,0,0,0,0,0,0
6,3,3,3,3,3,3,3,3,3,3
20,20,20,20,20,20,20,20,20,20,20
42,39,39,39,39,39,39,39,39,39,39
71,71,71,71,71,71,71,71,71,71,71
107,104,104,104,104,104,104,104,104,104,104
150,150,150,150,150,150,150,150,150,150,150
198,195,195,195,195,195,195,195,195,195,195
251,251,251,251,251,251,251,251,251,251,251
308,305,305,305,306,306,306,306,306,306,306
369,369,369,369,369,369,369,369,369,369,369
432,429,429,429,429,429,429,429,429,429,429
496,496,496,496,496,496,496,496,496,496,496
560,557,557,557,557,557,557,557,557,557,557
623,623,623,623,623,623,623,623,623,623,623
685,682,682,682,682,682,682,682,683,683,683
744,744,744,744,744,744,744,744,744,744,744
799,796,796,797,797,797,797,797,797,797,797
850,850,850,850,850,850,850,850,850,850,850
896,893,893,893,893,893,893,893,893,893,893
935,935,935,935,935,935,935,935,935,935,935
968,965,965,965,965,965,965,965,965,965,965
993,993,993,993,993,993,993,993,993,993,993
1011,1008,1008,1008,1008,1008,1008,1008,1008,1008,1008
1021,1021,1021,1021,1021,1021,1021,1021,1021,1021,1021
1023,1020,1020,1020,1020,1020,1020,1020,1020,1020,1020
1017,1017,1017,1017,1017,1017,1017,1017,1017,1017,1017
1003,1000,1000,1000,1000,1000,1000,1000,1000,1000,1000
981,981,981,981,981,981,981,981,981,981,981
952,949,949,949,949,949,949,949,949,949,949
916,916,916,916,916,916,916,916,916,916,916
874,870,870,870,870,870,870,870,870,870,870
825,825,825,825,825,825,825,825,825,825,825
772,769,769,769,769,769,769,769,769,769,769
715,715,715,715,715,715,715,715,715,715,715
654,651,651,651,651,651,651,651,651,651,651
592,592,592,592,592,592,592,592,592,592,592
528,525,524,524,524,524,524,524,524,524,524
463,463,463,463,463,463,463,463,463,463,463
400,397,397,397,397,396,396,396,396,396,396
338,338,338,338,338,338,338,338,338,338,338
279,276,276,276,276,276,276,276,276,276,275
224,224,224,224,224,224,224,224,224,224,224
173,170,170,170,170,170,170,170,170,169,169
127,127,127,127,127,127,127,127,127,127,127
88,85,85,85,85,85,85,85,85,85,85
55,55,55,55,55,55,55,55,55,55,55
30,27,27,27,27,27,27,27,27,27,27
12,12,12,12,12,12,12,12,12,12,12
2,0,0,0,0,0,0,0,0,0,0
0,0,0,0,0,0,0,0,0,0,0
6,3,3,3,3,3,3,3,3,3,3
20,20,20,20,20,20,20,20,20,20,20
42,39,39,39,39,39,39,39,39,39,39
71,71,71,71,71,71,71,71,71,71,71
107,104,104,104,104,104,104,104,104,104,104
149,149,149,149,149,149,149,149,149,149,149
198,195,195,195,195,195,195,195,195,195,195
251,251,251,251,251,251,251,251,251,251,251
308,305,305,305,305,305,305,306,306,306,306
369,369,369,369,369,369,369,369,369,369,369
431,428,428,429,429,429,429,429,429,429,429
495,495,495,495,495,495,495,495,495,495,495
560,557,557,557,557,557,557,557,557,557,557
623,623,623,623,623,623,623,623,623,623,623
685,682,682,682,682,682,682,682,682,682,682
744,744,744,744,744,744,744,744,744,744,744
799,796,796,796,796,796,797,797,797,797,797
850,850,850,850,850,850,850,850,850,850,850
895,893,893,893,893,893,893,893,893,893,893
935,935,935,935,935,935,935,935,935,935,935
968,965,965,965,965,965,965,965,965,965,965
993,993,993,993,993,993,993,993,993,993,993
1011,1008,1008,1008,1008,1008,1008,1008,1008,1008,1008
1021,1021,1021,1021,1021,1021,1021,1021,1021,1021,1021
1023,1020,1020,1020,1020,1020,1020,1020,1020,1020,1020
1017,1017,1017,1017,1017,1017,1017,1017,1017,1017,1017
1003,1000,1000,1000,1000,1000,1000,1000,1000,1000,1000
981,981,981,981,981,981,981,981,981,981,981
952,949,949,949,949,949,949,949,949,949,949
916,916,916,916,916,916,916,916,916,916,916
874,871,871,871,870,870,870,870,870,870,870
825,825,825,825,825,825,825,825,825,825,825
772,769,769,769,769,769,769,769,769,769,769
715,715,715,715,715,715,715,715,715,715,715
655,651,651,651,651,651,651,651,651,651,651
592,592,592,592,592,592,592,592,592,592,592
528,525,525,525,525,524,524,524,524,524,524
464,464,464,464,464,464,464,464,464,464,464
400,397,397,397,397,397,397,397,396,396,396
338,338,338,338,338,338,338,338,338,338,338
279,276,276,276,276,276,276,276,276,276,276
224,224,224,224,224,224,224,224,224,224,224
173,170,170,170,170,170,170,170,170,170,170
128,128,128,128,128,128,128,128,128,128,128
88,85,85,85,85,85,85,85,85,85,85
55,55,55,55,55,55,55,55,55,55,55
30,27,27,27,27,27,27,27,27,27,27
12,12,12,12,12,12,12,12,12,12,12
2,0,0,0,0,0,0,0,0,0,0
0,0,0,0,0,0,0,0,0,0,0
6,3,3,3,3,3,3,3,3,3,3
20,20,20,20,20,20,20,20,20,20,20
42,39,39,39,39,39,39,39,39,39,39
71,71,71,71,71,71,71,71,71,71,71
107,104,104,104,104,104,104,104,104,104,104
149,149,149,149,149,149,149,149,149,149,149
197,195,195,195,195,195,195,195,195,195,195
251,251,251,251,251,251,251,251,251,251,251
308,305,305,305,305,305,305,305,305,305,306
368,368,368,368,368,368,368,368,368,368,368
431,428,428,428,428,428,429,429,429,429,429
495,495,495,495,495,495,495,495,495,495,495
559,556,557,557,557,557,557,557,557,557,557
623,623,623,623,623,623,623,623,623,623,623
685,682,682,682,682,682,682,682,682,682,682
744,744,744,744,744,744,744,744,744,744,744
799,796,796,796,796,796,796,796,796,797,797
850,850,850,850,850,850,850,850,850,850,850
895,892,892,892,893,893,893,893,893,893,893
935,935,935,935,935,935,935,935,935,935,935
968,965,965,965,965,965,965,965,965,965,965
993,993,993,993,993,993,993,993,993,993,993
1011,1008,1008,1008,1008,1008,1008,1008,1008,1008,1008
1021,1021,1021,1021,1021,1021,1021,1021,1021,1021,1021
1023,1020,1020,1020,1020,1020,1020,1020,1020,1020,1020
1017,1017,1017,1017,1017,1017,1017,1017,1017,1017,1017
1003,1000,1000,1000,1000,1000,1000,1000,1000,1000,1000
982,982,982,982,982,982,982,982,982,982,982
952,949,949,949,949,949,949,949,949,949,949
916,916,916,916,916,916,916,916,916,916,916
874,871,871,871,871,871,871,870,870,870,870
826,826,826,826,826,826,826,826,826,826,826
772,769,769,769,769,769,769,769,769,769,769
715,715,715,715,715,715,715,715,715,715,715
655,652,652,652,651,651,651,651,651,651,651
592,592,592,592,592,592,592,592,592,592,592
528,525,525,525,525,525,525,525,524,524,524
464,464,464,464,464,464,464,464,464,464,464
400,397,397,397,397,397,397,397,397,397,397
338,338,338,338,338,338,338,338,338,338,338
279,276,276,276,276,276,276,276,276,276,276
224,224,224,224,224,224,224,224,224,224,224
173,170,170,170,170,170,170,170,170,170,170
128,128,128,128,128,128,128,128,128,128,128
88,85,85,85,85,85,85,85,85,85,85
55,55,55,55,55,55,55,55,55,55,55
30,27,27,27,27,27,27,27,27,27,27
12,12,12,12,12,12,12,12,12,12,12
2,0,0,0,0,0,0,0,0,0,0
0,0,0,0,0,0,0,0,0,0,0
6,3,3,3,3,3,3,3,3,3,3
20,20,20,20,20,20,20,20,20,20,20
41,38,38,39,39,39,39,39,39,39,39
71,71,71,71,71,71,71,71,71,71,71
107,104,104,104,104,104,104,104,104,104,104
149,149,149,149,149,149,149,149,149,149,149
197,194,194,194,195,195,195,195,195,195,195
250,250,250,250,250,250,250,250,250,250,250
308,305,305,305,305,305,305,305,305,305,305
368,368,368,368,368,368,368,368,368,368,368
431,428,428,428,428,428,428,428,428,429,429
495,495,495,495,495,495,495,495,495,495,495
559,556,556,556,556,557,557,557,557,557,557
623,623,623,623,623,623,623,623,623,623,623
684,682,682,682,682,682,682,682,682,682,682
744,744,744,744,744,744,744,744,744,744,744
799,796,796,796,796,796,796,796,796,796,796
850,850,850,850,850,850,850,850,850,850,850
895,892,892,892,892,892,892,893,893,893,893
935,935,935,935,935,935,935,935,935,935,935
967,964,965,965,965,965,965,965,965,965,965
993,993,993,993,993,993,993,993,993,993,993
1011,1008,1008,1008,1008,1008,1008,1008,1008,1008,1008
1021,1021,1021,1021,1021,1021,1021,1021,1021,1021,1021
1023,1020,1020,1020,1020,1020,1020,1020,1020,1020,1020
1017,1017,1017,1017,1017,1017,1017,1017,1017,1017,1017
1003,1000,1000,1000,1000,1000,1000,1000,1000,1000,1000
982,982,982,982,982,982,982,982,982,982,982
952,949,949,949,949,949,949,949,949,949,949
916,916,916,916,916,916,916,916,916,916,916
874,871,871,871,871,871,871,871,871,871,870
826,826,826,826,826,826,826,826,826,826,826
773,770,769,769,769,769,769,769,769,769,769
715,715,715,715,715,715,715,715,715,715,715
655,652,652,652,652,652,652,651,651,651,651
592,592,592,592,592,592,592,592,592,592,592
528,525,525,525,525,525,525,525,525,525,525
464,464,464,464,464,464,464,464,464,464,464
400,397,397,397,397,397,397,397,397,397,397
339,339,339,339,339,339,339,339,339,339,339
280,277,276,276,276,276,276,276,276,276,276
224,224,224,224,224,224,224,224,224,224,224
173,170,170,170,170,170,170,170,170,170,170
128,128,128,128,128,128,128,128,128,128,128
88,85,85,85,85,85,85,85,85,85,85
56,56,56,56,56,56,56,56,56,56,56
30,27,27,27,27,27,27,27,27,27,27
12,12,12,12,12,12,12,12,12,12,12
2,0,0,0,0,0,0,0,0,0,0
0,0,0,0,0,0,0,0,0,0,0
6,3,3,3,3,3,3,3,3,3,3
20,20,20,20,20,20,20,20,20,20,20
41,38,38,38,38,38,39,39,39,39,39
70,70,70,70,70,70,70,70,70,70,70
107,104,104,104,104,104,104,104,104,104,104
149,149,149,149,149,149,149,149,149,149,149
197,194,194,194,194,194,194,195,195,195,195
250,250,250,250,250,250,250,250,250,250,250
308,305,305,305,305,305,305,305,305,305,305
368,368,368,368,368,368,368,368,368,368,368
431,428,428,428,428,428,428,428,428,428,428
495,495,495,495,495,495,495,495,495,495,495
559,556,556,556,556,556,556,556,557,557,557
623,623,623,623,623,623,623,623,623,623,623
684,681,681,681,682,682,682,682,682,682,682
743,743,743,743,743,743,743,743,743,743,743
799,796,796,796,796,796,796,796,796,796,796
850,850,850,850,850,850,850,850,850,850,850
895,892,892,892,892,892,892,892,892,892,893
935,935,935,935,935,935,935,935,935,935,935
967,964,964,964,964,965,965,965,965,965,965
993,993,993,993,993,993,993,993,993,993,993
1011,1008,1008,1008,1008,1008,1008,1008,1008,1008,1008
1021,1021,1021,1021,1021,1021,1021,1021,1021,1021,1021
1023,1020,1020,1020,1020,1020,1020,1020,1020,1020,1020
1017,1017,1017,1017,1017,1017,1017,1017,1017,1017,1017
1003,1000,1000,1000,1000,1000,1000,1000,1000,1000,1000
982,982,982,982,982,982,982,982,982,982,982
953,950,950,949,949,949,949,949,949,949,949
917,917,917,917,917,917,917,917,917,917,917
874,871,871,871,871,871,871,871,871,871,871
826,826,826,826,826,826,826,826,826,826,826
773,770,770,770,770,770,769,769,769,769,769
716,716,716,716,716,716,716,716,716,716,716
655,652,652,652,652,652,652,652,652,652,651
592,592,592,592,592,592,592,592,592,592,592
528,525,525,525,525,525,525,525,525,525,525
464,464,464,464,464,464,464,464,464,464,464
401,398,397,397,397,397,397,397,397,397,397
339,339,339,339,339,339,339,339,339,339,339
280,277,277,277,277,276,276,276,276,276,276
224,224,224,224,224,224,224,224,224,224,224
174,170,170,170,170,170,170,170,170,170,170
128,128,128,128,128,128,128,128,128,128,128
88,85,85,85,85,85,85,85,85,85,85
56,56,56,56,56,56,56,56,56,56,56
30,27,27,27,27,27,27,27,27,27,27
12,12,12,12,12,12,12,12,12,12,12
2,0,0,0,0,0,0,0,0,0,0
0,0,0,0,0,0,0,0,0,0,0
6,3,3,3,3,3,3,3,3,3,3
20,20,20,20,20,20,20,20,20,20,20
41,38,38,38,38,38,38,38,38,39,39
70,70,70,70,70,70,70,70,70,70,70
106,103,104,104,104,104,104,104,104,104,104
149,149,149,149,149,149,149,149,149,149,149
197,194,194,194,194,194,194,194,194,194,195
250,250,250,250,250,250,250,250,250,250,250
307,304,304,305,305,305,305,305,305,305,305
368,368,368,368,368,368,368,368,368,368,368
431,428,428,428,428,428,428,428,428,428,428
495,495,495,495,495,495,495,495,495,495,495
559,556,556,556,556,556,556,556,556,556,556
622,622,622,622,622,622,622,622,622,622,622
684,681,681,681,681,681,681,682,682,682,682
743,743,743,743,743,743,743,743,743,743,743
799,796,796,796,796,796,796,796,796,796,796
849,849,849,849,849,849,849,849,849,849,849
895,892,892,892,892,892,892,892,892,892,892
934,934,934,934,934,934,934,934,934,934,934
967,964,964,964,964,964,964,964,965,965,965
993,993,993,993,993,993,993,993,993,993,993
1011,1008,1008,1008,1008,1008,1008,1008,1008,1008,1008
1021,1021,1021,1021,1021,1021,1021,1021,1021,1021,1021
1023,1020,1020,1020,1020,1020,1020,1020,1020,1020,1020
1017,1017,1017,1017,1017,1017,1017,1017,1017,1017,1017
1003,1000,1000,1000,1000,1000,1000,1000,1000,1000,1000
982,982,982,982,982,982,982,982,982,982,982
953,950,950,950,950,950,949,949,949,949,949
917,917,917,917,917,917,917,917,917,917,917
874,871,871,871,871,871,871,871,871,871,871
826,826,826,826,826,826,826,826,826,826,826
773,770,770,770,770,770,770,770,770,769,769
716,716,716,716,716,716,716,716,716,716,716
655,652,652,652,652,652,652,652,652,652,652
593,593,593,593,593,593,593,593,593,593,593
529,525,525,525,525,525,525,525,525,525,525
464,464,464,464,464,464,464,464,464,464,464
401,398,398,398,398,397,397,397,397,397,397
339,339,339,339,339,339,339,339,339,339,339
280,277,277,277,277,277,277,277,276,276,276
225,225,225,225,225,225,225,225,225,225,225
174,171,171,171,170,170,170,170,170,170,170
128,128,128,128,128,128,128,128,128,128,128
89,86,86,85,85,85,85,85,85,85,85
56,56,56,56,56,56,56,56,56,56,56
30,27,27,27,27,27,27,27,27,27,27
12,12,12,12,12,12,12,12,12,12,12
2,0,0,0,0,0,0,0,0,0,0
0,0,0,0,0,0,0,0,0,0,0
6,3,3,3,3,3,3,3,3,3,3
20,20,20,20,20,20,20,20,20,20,20
41,38,38,38,38,38,38,38,38,38,38
70,70,70,70,70,70,70,70,70,70,70
106,103,103,103,103,104,104,104,104,104,104
149,149,149,149,149,149,149,149,149,149,149
197,194,194,194,194,194,194,194,194,194,194
250,250,250,250,250,250,250,250,250,250,250
307,304,304,304,304,304,305,305,305,305,305
368,368,368,368,368,368,368,368,368,368,368
430,427,427,428,428,428,428,428,428,428,428
494,494,494,494,494,494,494,494,494,494,494
559,556,556,556,556,556,556,556,556,556,556
622,622,622,622,622,622,622,622,622,622,622
684,681,681,681,681,681,681,681,681,681,682
743,743,743,743,743,743,743,743,743,743,743
798,795,795,796,796,796,796,796,796,796,796
849,849,849,849,849,849,849,849,849,849,849
895,892,892,892,892,892,892,892,892,892,892
934,934,934,934,934,934,934,934,934,934,934
967,964,964,964,964,964,964,964,964,964,964
993,993,993,993,993,993,993,993,993,993,993
1011,1008,1008,1008,1008,1008,1008,1008,1008,1008,1008
1021,1021,1021,1021,1021,1021,1021,1021,1021,1021,1021
1023,1020,1020,1020,1020,1020,1020,1020,1020,1020,1020
1017,1017,1017,1017,1017,1017,1017,1017,1017,1017,1017
1003,1000,1000,1000,1000,1000,1000,1000,1000,1000,1000
982,982,982,982,982,982,982,982,982,982,982
953,950,950,950,950,950,950,950,950,949,949
917,917,917,917,917,917,917,917,917,917,917
874,871,871,871,871,871,871,871,871,871,871
826,826,826,826,826,826,826,826,826,826,826
773,770,770,770,770,770,770,770,770,770,770
716,716,716,716,716,716,716,716,716,716,716
655,652,652,652,652,652,652,652,652,652,652
593,593,593,593,593,593,593,593,593,593,593
529,526,526,526,525,525,525,525,525,525,525
464,464,464,464,464,464,464,464,464,464,464
401,398,398,398,398,398,398,398,397,397,397
339,339,339,339,339,339,339,339,339,339,339
280,277,277,277,277,277,277,277,277,277,277
225,225,225,225,225,225,225,225,225,225,225
174,171,171,171,171,171,171,170,170,170,170
128,128,128,128,128,128,128,128,128,128,128
89,86,86,86,86,86,85,85,85,85,85
56,56,56,56,56,56,56,56,56,56,56
30,27,27,27,27,27,27,27,27,27,27
12,12,12,12,12,12,12,12,12,12,12
2,0,0,0,0,0,0,0,0,0,0
0,0,0,0,0,0,0,0,0,0,0
6,3,3,3,3,3,3,3,3,3,3
19,19,19,19,19,19,19,19,19,19,19
41,38,38,38,38,38,38,38,38,38,38
70,70,70,70,70,70,70,70,70,70,70
106,103,103,103,103,103,103,103,104,104,104
149,149,149,149,149,149,149,149,149,149,149
197,194,194,194,194,194,194,194,194,194,194
250,250,250,250,250,250,250,250,250,250,250
307,304,304,304,304,304,304,304,304,305,305
367,367,367,367,367,367,367,367,367,367,367
430,427,427,427,427,427,428,428,428,428,428
494,494,494,494,494,494,494,494,494,494,494
558,555,556,556,556,556,556,556,556,556,556
622,622,622,622,622,622,622,622,622,622,622
684,681,681,681,681,681,681,681,681,681,681
743,743,743,743,743,743,743,743,743,743,743
798,795,795,795,795,795,796,796,796,796,796
849,849,849,849,849,849,849,849,849,849,849
895,892,892,892,892,892,892,892,892,892,892
934,934,934,934,934,934,934,934,934,934,934
967,964,964,964,964,964,964,964,964,964,964
993,993,993,993,993,993,993,993,993,993,993
1011,1008,1008,1008,1008,1008,1008,1008,1008,1008,1008
1021,1021,1021,1021,1021,1021,1021,1021,1021,1021,1021
1023,1020,1020,1020,1020,1020,1020,1020,1020,1020,1020
1017,1017,1017,1017,1017,1017,1017,1017,1017,1017,1017
1004,1001,1001,1000,1000,1000,1000,1000,1000,1000,1000
982,982,982,982,982,982,982,982,982,982,982
953,950,950,950,950,950,950,950,950,950,950
917,917,917,917,917,917,917,917,917,917,917
874,871,871,871,871,871,871,871,871,871,871
826,826,826,826,826,826,826,826,826,826,826
773,770,770,770,770,770,770,770,770,770,770
716,716,716,716,716,716,716,716,716,716,716
656,653,653,652,652,652,652,652,652,652,652
593,593,593,593,593,593,593,593,593,593,593
529,526,526,526,526,526,526,525,525,525,525
465,465,465,465,465,465,465,465,465,465,465
401,398,398,398,398,398,398,398,398,398,398
339,339,339,339,339,339,339,339,339,339,339
280,277,277,277,277,277,277,277,277,277,277
225,225,225,225,225,225,225,225,225,225,225
174,171,171,171,171,171,171,171,171,171,170
128,128,128,128,128,128,128,128,128,128,128
89,86,86,86,86,86,86,86,86,85,85
56,56,56,56,56,56,56,56,56,56,56
30,27,27,27,27,27,27,27,27,27,27
12,12,12,12,12,12,12,12,12,12,12
2,0,0,0,0,0,0,0,0,0,0
0,0,0,0,0,0,0,0,0,0,0
6,3,3,3,3,3,3,3,3,3,3
19,19,19,19,19,19,19,19,19,19,19
41,38,38,38,38,38,38,38,38,38,38
70,70,70,70,70,70,70,70,70,70,70
106,103,103,103,103,103,103,103,103,103,103
148,148,148,148,148,148,148,148,148,148,148
197,194,194,194,194,194,194,194,194,194,194
250,250,250,250,250,250,250,250,250,250,250
307,304,304,304,304,304,304,304,304,304,304
367,367,367,367,367,367,367,367,367,367,367
430,427,427,427,427,427,427,427,427,428,428
494,494,494,494,494,494,494,494,494,494,494
558,555,555,555,555,556,556,556,556,556,556
622,622,622,622,622,622,622,622,622,622,622
684,681,681,681,681,681,681,681,681,681,681
743,743,743,743,743,743,743,743,743,743,743
798,795,795,795,795,795,795,795,795,796,796
849,849,849,849,849,849,849,849,849,849,849
895,892,892,892,892,892,892,892,892,892,892
934,934,934,934,934,934,934,934,934,934,934
967,964,964,964,964,964,964,964,964,964,964
993,993,993,993,993,993,993,993,993,993,993
1011,1008,1008,1008,1008,1008,1008,1008,1008,1008,1008
1021,1021,1021,1021,1021,1021,1021,1021,1021,1021,1021
1023,1020,1020,1020,1020,1020,1020,1020,1020,1020,1020
1017,1017,1017,1017,1017,1017,1017,1017,1017,1017,1017
1004,1001,1001,1001,1001,1001,1000,1000,1000,1000,1000
982,982,982,982,982,982,982,982,982,982,982
953,950,950,950,950,950,950,950,950,950,950
917,917,917,917,917,917,917,917,917,917,917
875,872,872,871,871,871,871,871,871,871,871
827,827,827,827,827,827,827,827,827,827,827
773,770,770,770,770,770,770,770,770,770,770
716,716,716,716,716,716,716,716,716,716,716
656,653,653,653,653,653,652,652,652,652,652
593,593,593,593,593,593,593,593,593,593,593
529,526,526,526,526,526,526,526,526,526,525
465,465,465,465,465,465,465,465,465,465,465
401,398,398,398,398,398,398,398,398,398,398
340,340,340,340,340,340,340,340,340,340,340
280,277,277,277,277,277,277,277,277,277,277
225,225,225,225,225,225,225,225,225,225,225
174,171,171,171,171,171,171,171,171,171,171
128,128,128,128,128,128,128,128,128,128,128
89,86,86,86,86,86,86,86,86,86,86
56,56,56,56,56,56,56,56,56,56,56
30,27,27,27,27,27,27,27,27,27,27
12,12,12,12,12,12,12,12,12,12,12
2,0,0,0,0,0,0,0,0,0,0
0,0,0,0,0,0,0,0,0,0,0
6,3,3,3,3,3,3,3,3,3,3
19,19,19,19,19,19,19,19,19,19,19
41,38,38,38,38,38,38,38,38,38,38
70,70,70,70,70,70,70,70,70,70,70
106,103,103,103,103,103,103,103,103,103,103
148,148,148,148,148,148,148,148,148,148,148
196,193,194,194,194,194,194,194,194,194,194
249,249,249,249,249,249,249,249,249,249,249
307,304,304,304,304,304,304,304,304,304,304
367,367,367,367,367,367,367,367,367,367,367
430,427,427,427,427,427,427,427,427,427,427
494,494,494,494,494,494,494,494,494,494,494
558,555,555,555,555,555,555,555,556,556,556
622,622,622,622,622,622,622,622,622,622,622
683,680,680,681,681,681,681,681,681,681,681
742,742,742,742,742,742,742,742,742,742,742
798,795,795,795,795,795,795,795,795,795,795
849,849,849,849,849,849,849,849,849,849,849
894,891,892,892,892,892,892,892,892,892,892
934,934,934,934,934,934,934,934,934,934,934
967,964,964,964,964,964,964,964,964,964,964
993,993,993,993,993,993,993,993,993,993,993
1011,1008,1008,1008,1008,1008,1008,1008,1008,1008,1008
1021,1021,1021,1021,1021,1021,1021,1021,1021,1021,1021
1023,1020,1020,1020,1020,1020,1020,1020,1020,1020,1020
1017,1017,1017,1017,1017,1017,1017,1017,1017,1017,1017
1004,1001,1001,1001,1001,1001,1001,1001,1001,1000,1000
982,982,982,982,982,982,982,982,982,982,982
953,950,950,950,950,950,950,950,950,950,950
917,917,917,917,917,917,917,917,917,917,917
875,872,872,872,872,872,871,871,871,871,871
827,827,827,827,827,827,827,827,827,827,827
774,771,771,770,770,770,770,770,770,770,770
716,716,716,716,716,716,716,716,716,716,716
656,653,653,653,653,653,653,653,653,652,652
593,593,593,593,593,593,593,593,593,593,593
529,526,526,526,526,526,526,526,526,526,526
465,465,465,465,465,465,465,465,465,465,465
402,398,398,398,398,398,398,398,398,398,398
340,340,340,340,340,340,340,340,340,340,340
281,278,278,277,277,277,277,277,277,277,277
225,225,225,225,225,225,225,225,225,225,225
174,171,171,171,171,171,171,171,171,171,171
129,129,129,129,129,129,129,129,129,129,129
89,86,86,86,86,86,86,86,86,86,86
56,56,56,56,56,56,56,56,56,56,56
30,27,27,27,27,27,27,27,27,27,27
12,12,12,12,12,12,12,12,12,12,12
2,0,0,0,0,0,0,0,0,0,0
0,0,0,0,0,0,0,0,0,0,0
6,3,3,3,3,3,3,3,3,3,3
19,19,19,19,19,19,19,19,19,19,19
41,38,38,38,38,38,38,38,38,38,38
70,70,70,70,70,70,70,70,70,70,70
106,103,103,103,103,103,103,103,103,103,103
148,148,148,148,148,148,148,148,148,148,148
196,193,193,193,193,194,194,194,194,194,194
249,249,249,249,249,249,249,249,249,249,249
306,304,304,304,304,304,304,304,304,304,304
367,367,367,367,367,367,367,367,367,367,367
430,427,427,427,427,427,427,427,427,427,427
494,494,494,494,494,494,494,494,494,494,494
558,555,555,555,555,555,555,555,555,555,555
621,621,621,621,621,621,621,621,621,621,621
683,680,680,680,680,680,681,681,681,681,681
742,742,742,742,742,742,742,742,742,742,742
798,795,795,795,795,795,795,795,795,795,795
849,849,849,849,849,849,849,849,849,849,849
894,891,891,891,891,892,892,892,892,892,892
934,934,934,934,934,934,934,934,934,934,934
967,964,964,964,964,964,964,964,964,964,964
993,993,993,993,993,993,993,993,993,993,993
1011,1008,1008,1008,1008,1008,1008,1008,1008,1008,1008
1021,1021,1021,1021,1021,1021,1021,1021,1021,1021,1021
1023,1020,1020,1020,1020,1020,1020,1020,1020,1020,1020
1017,1017,1017,1017,1017,1017,1017,1017,1017,1017,1017
1004,1001,1001,1001,1001,1001,1001,1001,1001,1001,1001
982,982,982,982,982,982,982,982,982,982,982
953,950,950,950,950,950,950,950,950,950,950
917,917,917,917,917,917,917,917,917,917,917
875,872,872,872,872,872,872,872,872,871,871
827,827,827,827,827,827,827,827,827,827,827
774,771,771,771,771,771,770,770,770,770,770
717,717,717,717,717,717,717,717,717,717,717
656,653,653,653,653,653,653,653,653,653,653
594,594,594,594,594,594,594,594,594,594,594
530,526,526,526,526,526,526,526,526,526,526
465,465,465,465,465,465,465,465,465,465,465
402,399,399,399,398,398,398,398,398,398,398
340,340,340,340,340,340,340,340,340,340,340
281,278,278,278,278,278,277,277,277,277,277
225,225,225,225,225,225,225,225,225,225,225
174,171,171,171,171,171,171,171,171,171,171
129,129,129,129,129,129,129,129,129,129,129
89,86,86,86,86,86,86,86,86,86,86
56,56,56,56,56,56,56,56,56,56,56
30,27,27,27,27,27,27,27,27,27,27
12,12,12,12,12,12,12,12,12,12,12
2,0,0,0,0,0,0,0,0,0,0
0,0,0,0,0,0,0,0,0,0,0
5,3,3,3,3,3,3,3,3,3,3
19,19,19,19,19,19,19,19,19,19,19
41,38,38,38,38,38,38,38,38,38,38
70,70,70,70,70,70,70,70,70,70,70
106,103,103,103,103,103,103,103,103,103,103
148,148,148,148,148,148,148,148,148,148,148
196,193,193,193,193,193,193,193,193,194,194
249,249,249,249,249,249,249,249,249,249,249
306,303,303,303,304,304,304,304,304,304,304
367,367,367,367,367,367,367,367,367,367,367
429,426,427,427,427,427,427,427,427,427,427
493,493,493,493,493,493,493,493,493,493,493
558,555,555,555,555,555,555,555,555,555,555
621,621,621,621,621,621,621,621,621,621,621
683,680,680,680,680,680,680,680,680,681,681
742,742,742,742,742,742,742,742,742,742,742
798,795,795,795,795,795,795,795,795,795,795
849,849,849,849,849,849,849,849,849,849,849
894,891,891,891,891,891,891,891,892,892,892
934,934,934,934,934,934,934,934,934,934,934
967,964,964,964,964,964,964,964,964,964,964
993,993,993,993,993,993,993,993,993,993,993
1011,1008,1008,1008,1008,1008,1008,1008,1008,1008,1008
1021,1021,1021,1021,1021,1021,1021,1021,1021,1021,1021
1023,1020,1020,1020,1020,1020,1020,1020,1020,1020,1020
1018,1018,1018,1018,1018,1018,1018,1018,1018,1018,1018
1004,1001,1001,1001,1001,1001,1001,1001,1001,1001,1001
982,982,982,982,982,982,982,982,982,982,982
953,950,950,950,950,950,950,950,950,950,950
917,917,917,917,917,917,917,917,917,917,917
875,872,872,872,872,872,872,872,872,872,872
827,827,827,827,827,827,827,827,827,827,827
774,771,771,771,771,771,771,771,771,770,770
717,717,717,717,717,717,717,717,717,717,717
656,653,653,653,653,653,653,653,653,653,653
594,594,594,594,594,594,594,594,594,594,594
530,527,527,527,526,526,526,526,526,526,526
465,465,465,465,465,465,465,465,465,465,465
402,399,399,399,399,399,399,398,398,398,398
340,340,340,340,340,340,340,340,340,340,340
281,278,278,278,278,278,278,278,278,277,277
226,226,226,226,226,226,226,226,226,226,226
175,171,171,171,171,171,171,171,171,171,171
129,129,129,129,129,129,129,129,129,129,129
89,86,86,86,86,86,86,86,86,86,86
56,56,56,56,56,56,56,56,56,56,56
31,27,27,27,27,27,27,27,27,27,27
12,12,12,12,12,12,12,12,12,12,12
2,0,0,0,0,0,0,0,0,0,0
0,0,0,0,0,0,0,0,0,0,0
5,2,2,2,3,3,3,3,3,3,3
19,19,19,19,19,19,19,19,19,19,19
41,38,38,38,38,38,38,38,38,38,38
70,70,70,70,70,70,70,70,70,70,70
106,103,103,103,103,103,103,103,103,103,103
148,148,148,148,148,148,148,148,148,148,148
196,193,193,193,193,193,193,193,193,193,193
249,249,249,249,249,249,249,249,249,249,249
306,303,303,303,303,303,303,304,304,304,304
367,367,367,367,367,367,367,367,367,367,367
429,426,426,426,426,427,427,427,427,427,427
493,493,493,493,493,493,493,493,493,493,493
557,555,555,555,555,555,555,555,555,555,555
621,621,621,621,621,621,621,621,621,621,621
683,680,680,680,680,680,680,680,680,680,680
742,742,742,742,742,742,742,742,742,742,742
797,794,795,795,795,795,795,795,795,795,795
848,848,848,848,848,848,848,848,848,848,848
894,891,891,891,891,891,891,891,891,891,891
934,934,934,934,934,934,934,934,934,934,934
967,964,964,964,964,964,964,964,964,964,964
992,992,992,992,992,992,992,992,992,992,992
1011,1008,1008,1008,1008,1008,1008,1008,1008,1008,1008
1021,1021,1021,1021,1021,1021,1021,1021,1021,1021,1021
1023,1020,1020,1020,1020,1020,1020,1020,1020,1020,1020
1018,1018,1018,1018,1018,1018,1018,1018,1018,1018,1018
1004,1001,1001,1001,1001,1001,1001,1001,1001,1001,1001
982,982,982,982,982,982,982,982,982,982,982
953,950,950,950,950,950,950,950,950,950,950
917,917,917,917,917,917,917,917,917,917,917
875,872,872,872,872,872,872,872,872,872,872
827,827,827,827,827,827,827,827,827,827,827
774,771,771,771,771,771,771,771,771,771,771
717,717,717,717,717,717,717,717,717,717,717
657,654,653,653,653,653,653,653,653,653,653
594,594,594,594,594,594,594,594,594,594,594
530,527,527,527,527,527,527,526,526,526,526
466,466,466,466,466,466,466,466,466,466,466
402,399,399,399,399,399,399,399,399,399,398
340,340,340,340,340,340,340,340,340,340,340
281,278,278,278,278,278,278,278,278,278,278
226,226,226,226,226,226,226,226,226,226,226
175,172,172,172,171,171,171,171,171,171,171
129,129,129,129,129,129,129,129,129,129,129
89,86,86,86,86,86,86,86,86,86,86
56,56,56,56,56,56,56,56,56,56,56
31,28,28,28,27,27,27,27,27,27,27
12,12,12,12,12,12,12,12,12,12,12
2,0,0,0,0,0,0,0,0,0,0
0,0,0,0,0,0,0,0,0,0,0
5,2,2,2,2,2,2,3,3,3,3
19,19,19,19,19,19,19,19,19,19,19
41,38,38,38,38,38,38,38,38,38,38
70,70,70,70,70,70,70,70,70,70,70
105,103,103,103,103,103,103,103,103,103,103
148,148,148,148,148,148,148,148,148,148,148
196,193,193,193,193,193,193,193,193,193,193
249,249,249,249,249,249,249,249,249,249,249
306,303,303,303,303,303,303,303,303,303,304
366,366,366,366,366,366,366,366,366,366,366
429,426,426,426,426,426,426,426,427,427,427
493,493,493,493,493,493,493,493,493,493,493
557,554,554,554,555,555,555,555,555,555,555
621,621,621,621,621,621,621,621,621,621,621
683,680,680,680,680,680,680,680,680,680,680
742,742,742,742,742,742,742,742,742,742,742
797,794,794,794,794,795,795,795,795,795,795
848,848,848,848,848,848,848,848,848,848,848
894,891,891,891,891,891,891,891,891,891,891
934,934,934,934,934,934,934,934,934,934,934
967,964,964,964,964,964,964,964,964,964,964
992,992,992,992,992,992,992,992,992,992,992
1011,1008,1008,1008,1008,1008,1008,1008,1008,1008,1008
1021,1021,1021,1021,1021,1021,1021,1021,1021,1021,1021
1023,1020,1020,1020,1020,1020,1020,1020,1020,1020,1020
1018,1018,1018,1018,1018,1018,1018,1018,1018,1018,1018
1004,1001,1001,1001,1001,1001,1001,1001,1001,1001,1001
982,982,982,982,982,982,982,982,982,982,982
953,950,950,950,950,950,950,950,950,950,950
918,918,918,918,918,918,918,918,918,918,918
875,872,872,872,872,872,872,872,872,872,872
827,827,827,827,827,827,827,827,827,827,827
774,771,771,771,771,771,771,771,771,771,771
717,717,717,717,717,717,717,717,717,717,717
657,654,654,654,654,653,653,653,653,653,653
594,594,594,594,594,594,594,594,594,594,594
530,527,527,527,527,527,527,527,527,527,526
466,466,466,466,466,466,466,466,466,466,466
402,399,399,399,399,399,399,399,399,399,399
340,340,340,340,340,340,340,340,340,340,340
281,278,278,278,278,278,278,278,278,278,278
226,226,226,226,226,226,226,226,226,226,226
175,172,172,172,172,172,172,171,171,171,171
129,129,129,129,129,129,129,129,129,129,129
89,86,86,86,86,86,86,86,86,86,86
56,56,56,56,56,56,56,56,56,56,56
31,28,28,28,28,28,28,27,27,27,27
12,12,12,12,12,12,12,12,12,12,12
2,0,0,0,0,0,0,0,0,0,0
0,0,0,0,0,0,0,0,0,0,0
5,2,2,2,2,2,2,2,2,2,3
19,19,19,19,19,19,19,19,19,19,19
41,38,38,38,38,38,38,38,38,38,38
69,69,69,69,69,69,69,69,69,69,69
105,102,102,102,103,103,103,103,103,103,103
148,148,148,148,148,148,148,148,148,148,148
196,193,193,193,193,193,193,193,193,193,193
249,249,249,249,249,249,249,249,249,249,249
306,303,303,303,303,303,303,303,303,303,303
366,366,366,366,366,366,366,366,366,366,366
429,426,426,426,426,426,426,426,426,426,426
493,493,493,493,493,493,493,493,493,493,493
557,554,554,554,554,554,554,555,555,555,555
621,621,621,621,621,621,621,621,621,621,621
682,680,680,680,680,680,680,680,680,680,680
742,742,742,742,742,742,742,742,742,742,742
797,794,794,794,794,794,794,794,795,795,795
848,848,848,848,848,848,848,848,848,848,848
894,891,891,891,891,891,891,891,891,891,891
933,933,933,933,933,933,933,933,933,933,933
966,964,964,964,964,964,964,964,964,964,964
992,992,992,992,992,992,992,992,992,992,992
1011,1008,1008,1008,1008,1008,1008,1008,1008,1008,1008
1021,1021,1021,1021,1021,1021,1021,1021,1021,1021,1021
1023,1020,1020,1020,1020,1020,1020,1020,1020,1020,1020
1018,1018,1018,1018,1018,1018,1018,1018,1018,1018,1018
1004,1001,1001,1001,1001,1001,1001,1001,1001,1001,1001
982,982,982,982,982,982,982,982,982,982,982
954,951,951,950,950,950,950,950,950,950,950
918,918,918,918,918,918,918,918,918,918,918
875,872,872,872,872,872,872,872,872,872,872
827,827,827,827,827,827,827,827,827,827,827
774,771,771,771,771,771,771,771,771,771,771
717,717,717,717,717,717,717,717,717,717,717
657,654,654,654,654,654,654,654,653,653,653
594,594,594,594,594,594,594,594,594,594,594
530,527,527,527,527,527,527,527,527,527,527
466,466,466,466,466,466,466,466,466,466,466
402,399,399,399,399,399,399,399,399,399,399
341,341,341,341,341,341,341,341,341,341,341
282,278,278,278,278,278,278,278,278,278,278
226,226,226,226,226,226,226,226,226,226,226
175,172,172,172,172,172,172,172,172,172,171
129,129,129,129,129,129,129,129,129,129,129
90,87,87,86,86,86,86,86,86,86,86
57,57,57,57,57,57,57,57,57,57,57
31,28,28,28,28,28,28,28,28,28,27
12,12,12,12,12,12,12,12,12,12,12
2,0,0,0,0,0,0,0,0,0,0
0,0,0,0,0,0,0,0,0,0,0
5,2,2,2,2,2,2,2,2,2,2
19,19,19,19,19,19,19,19,19,19,19
41,38,38,38,38,38,38,38,38,38,38
69,69,69,69,69,69,69,69,69,69,69
105,102,102,102,102,102,102,103,103,103,103
147,147,147,147,147,147,147,147,147,147,147
195,193,193,193,193,193,193,193,193,193,193
248,248,248,248,248,248,248,248,248,248,248
306,303,303,303,303,303,303,303,303,303,303
366,366,366,366,366,366,366,366,366,366,366
429,426,426,426,426,426,426,426,426,426,426
493,493,493,493,493,493,493,493,493,493,493
557,554,554,554,554,554,554,554,554,554,555
620,620,620,620,620,620,620,620,620,620,620
682,679,679,679,679,680,680,680,680,680,680
741,741,741,741,741,741,741,741,741,741,741
797,794,794,794,794,794,794,794,794,794,794
848,848,848,848,848,848,848,848,848,848,848
894,891,891,891,891,891,891,891,891,891,891
933,933,933,933,933,933,933,933,933,933,933
966,963,963,963,964,964,964,964,964,964,964
992,992,992,992,992,992,992,992,992,992,992
1011,1008,1008,1008,1008,1008,1008,1008,1008,1008,1008
1021,1021,1021,1021,1021,1021,1021,1021,1021,1021,1021
1023,1020,1020,1020,1020,1020,1020,1020,1020,1020,1020
1018,1018,1018,1018,1018,1018,1018,1018,1018,1018,1018
1004,1001,1001,1001,1001,1001,1001,1001,1001,1001,1001
983,983,983,983,983,983,983,983,983,983,983
954,951,951,951,951,951,950,950,950,950,950
918,918,918,918,918,918,918,918,918,918,918
876,873,872,872,872,872,872,872,872,872,872
828,828,828,828,828,828,828,828,828,828,828
775,772,772,771,771,771,771,771,771,771,771
718,718,718,718,718,718,718,718,718,718,718
657,654,654,654,654,654,654,654,654,654,654
594,594,594,594,594,594,594,594,594,594,594
531,527,527,527,527,527,527,527,527,527,527
466,466,466,466,466,466,466,466,466,466,466
403,400,400,399,399,399,399,399,399,399,399
341,341,341,341,341,341,341,341,341,341,341
282,279,279,279,278,278,278,278,278,278,278
226,226,226,226,226,226,226,226,226,226,226
175,172,172,172,172,172,172,172,172,172,172
129,129,129,129,129,129,129,129,129,129,129
90,87,87,87,87,87,86,86,86,86,86
57,57,57,57,57,57,57,57,57,57,57
31,28,28,28,28,28,28,28,28,28,28
12,12,12,12,12,12,12,12,12,12,12
2,0,0,0,0,0,0,0,0,0,0
0,0,0,0,0,0,0,0,0,0,0
5,2,2,2,2,2,2,2,2,2,2
19,19,19,19,19,19,19,19,19,19,19
40,37,37,38,38,38,38,38,38,38,38
69,69,69,69,69,69,69,69,69,69,69
105,102,102,102,102,102,102,102,102,102,103
147,147,147,147,147,147,147,147,147,147,147
195,192,192,192,193,193,193,193,193,193,193
248,248,248,248,248,248,248,248,248,248,248
305,302,303,303,303,303,303,303,303,303,303
366,366,366,366,366,366,366,366,366,366,366
428,425,426,426,426,426,426,426,426,426,426
492,492,492,492,492,492,492,492,492,492,492
557,554,554,554,554,554,554,554,554,554,554
620,620,620,620,620,620,620,620,620,620,620
682,679,679,679,679,679,679,679,680,680,680
741,741,741,741,741,741,741,741,741,741,741
797,794,794,794,794,794,794,794,794,794,794
848,848,848,848,848,848,848,848,848,848,848
894,891,891,891,891,891,891,891,891,891,891
933,933,933,933,933,933,933,933,933,933,933
966,963,963,963,963,963,963,964,964,964,964
992,992,992,992,992,992,992,992,992,992,992
1010,1008,1008,1008,1008,1008,1008,1008,1008,1008,1008
1021,1021,1021,1021,1021,1021,1021,1021,1021,1021,1021
1023,1020,1020,1020,1020,1020,1020,1020,1020,1020,1020
1018,1018,1018,1018,1018,1018,1018,1018,1018,1018,1018
1004,1001,1001,1001,1001,1001,1001,1001,1001,1001,1001
983,983,983,983,983,983,983,983,983,983,983
954,951,951,951,951,951,951,951,951,950,950
918,918,918,918,918,918,918,918,918,918,918
876,873,873,873,873,872,872,872,872,872,872
828,828,828,828,828,828,828,828,828,828,828
775,772,772,772,772,772,771,771,771,771,771
718,718,718,718,718,718,718,718,718,718,718
657,654,654,654,654,654,654,654,654,654,654
595,595,595,595,595,595,595,595,595,595,595
531,528,528,528,527,527,527,527,527,527,527
466,466,466,466,466,466,466,466,466,466,466
403,400,400,400,400,400,399,399,399,399,399
341,341,341,341,341,341,341,341,341,341,341
282,279,279,279,279,279,279,278,278,278,278
226,226,226,226,226,226,226,226,226,226,226
175,172,172,172,172,172,172,172,172,172,172
130,130,130,130,130,130,130,130,130,130,130
90,87,87,87,87,87,87,87,87,86,86
57,57,57,57,57,57,57,57,57,57,57
31,28,28,28,28,28,28,28,28,28,28
13,13,13,13,13,13,13,13,13,13,13
2,0,0,0,0,0,0,0,0,0,0
0,0,0,0,0,0,0,0,0,0,0
5,2,2,2,2,2,2,2,2,2,2
19,19,19,19,19,19,19,19,19,19,19
40,37,37,37,37,37,38,38,38,38,38
69,69,69,69,69,69,69,69,69,69,69
105,102,102,102,102,102,102,102,102,102,102
147,147,147,147,147,147,147,147,147,147,147
195,192,192,192,192,192,192,193,193,193,193
248,248,248,248,248,248,248,248,248,248,248
305,302,302,302,302,303,303,303,303,303,303
366,366,366,366,366,366,366,366,366,366,366
428,425,425,425,425,426,426,426,426,426,426
492,492,492,492,492,492,492,492,492,492,492
556,554,554,554,554,554,554,554,554,554,554
620,620,620,620,620,620,620,620,620,620,620
682,679,679,679,679,679,679,679,679,679,679
741,741,741,741,741,741,741,741,741,741,741
797,794,794,794,794,794,794,794,794,794,794
848,848,848,848,848,848,848,848,848,848,848
893,890,890,891,891,891,891,891,891,891,891
933,933,933,933,933,933,933,933,933,933,933
966,963,963,963,963,963,963,963,963,963,964
992,992,992,992,992,992,992,992,992,992,992
1010,1007,1007,1007,1008,1008,1008,1008,1008,1008,1008
1021,1021,1021,1021,1021,1021,1021,1021,1021,1021,1021
1023,1020,1020,1020,1020,1020,1020,1020,1020,1020,1020
1018,1018,1018,1018,1018,1018,1018,1018,1018,1018,1018
1004,1001,1001,1001,1001,1001,1001,1001,1001,1001,1001
983,983,983,983,983,983,983,983,983,983,983
954,951,951,951,951,951,951,951,951,951,951
918,918,918,918,918,918,918,918,918,918,918
876,873,873,873,873,873,873,873,873,872,872
828,828,828,828,828,828,828,828,828,828,828
775,772,772,772,772,772,772,772,772,771,771
718,718,718,718,718,718,718,718,718,718,718
658,654,654,654,654,654,654,654,654,654,654
595,595,595,595,595,595,595,595,595,595,595
531,528,528,528,528,528,528,527,527,527,527
467,467,467,467,467,467,467,467,467,467,467
403,400,400,400,400,400,400,400,400,399,399
341,341,341,341,341,341,341,341,341,341,341
282,279,279,279,279,279,279,279,279,279,278
226,226,226,226,226,226,226,226,226,226,226
175,172,172,172,172,172,172,172,172,172,172
130,130,130,130,130,130,130,130,130,130,130
90,87,87,87,87,87,87,87,87,87,87
57,57,57,57,57,57,57,57,57,57,57
31,28,28,28,28,28,28,28,28,28,28
13,13,13,13,13,13,13,13,13,13,13
2,0,0,0,0,0,0,0,0,0,0
0,0,0,0,0,0,0,0,0,0,0
5,2,2,2,2,2,2,2,2,2,2
19,19,19,19,19,19,19,19,19,19,19
40,37,37,37,37,37,37,37,37,38,38
69,69,69,69,69,69,69,69,69,69,69
105,102,102,102,102,102,102,102,102,102,102
147,147,147,147,147,147,147,147,147,147,147
195,192,192,192,192,192,192,192,192,192,193
248,248,248,248,248,248,248,248,248,248,248
305,302,302,302,302,302,302,302,303,303,303
365,365,365,365,365,365,365,365,365,365,365
428,425,425,425,425,425,425,425,426,426,426
492,492,492,492,492,492,492,492,492,492,492
556,553,553,553,554,554,554,554,554,554,554
620,620,620,620,620,620,620,620,620,620,620
682,679,679,679,679,679,679,679,679,679,679
741,741,741,741,741,741,741,741,741,741,741
796,793,794,794,794,794,794,794,794,794,794
848,848,848,848,848,848,848,848,848,848,848
893,890,890,890,890,890,891,891,891,891,891
933,933,933,933,933,933,933,933,933,933,933
966,963,963,963,963,963,963,963,963,963,963
992,992,992,992,992,992,992,992,992,992,992
1010,1007,1007,1007,1007,1007,1007,1008,1008,1008,1008
1021,1021,1021,1021,1021,1021,1021,1021,1021,1021,1021
1023,1020,1020,1020,1020,1020,1020,1020,1020,1020,1020
1018,1018,1018,1018,1018,1018,1018,1018,1018,1018,1018
1004,1001,1001,1001,1001,1001,1001,1001,1001,1001,1001
983,983,983,983,983,983,983,983,983,983,983
954,951,951,951,951,951,951,951,951,951,951
918,918,918,918,918,918,918,918,918,918,918
876,873,873,873,873,873,873,873,873,873,873
828,828,828,828,828,828,828,828,828,828,828
775,772,772,772,772,772,772,772,772,772,772
718,718,718,718,718,718,718,718,718,718,718
658,655,655,655,654,654,654,654,654,654,654
595,595,595,595,595,595,595,595,595,595,595
531,528,528,528,528,528,528,528,528,528,527
467,467,467,467,467,467,467,467,467,467,467
403,400,400,400,400,400,400,400,400,400,400
341,341,341,341,341,341,341,341,341,341,341
282,279,279,279,279,279,279,279,279,279,279
227,227,227,227,227,227,227,227,227,227,227
176,173,172,172,172,172,172,172,172,172,172
130,130,130,130,130,130,130,130,130,130,130
90,87,87,87,87,87,87,87,87,87,87
57,57,57,57,57,57,57,57,57,57,57
31,28,28,28,28,28,28,28,28,28,28
13,13,13,13,13,13,13,13,13,13,13
2,0,0,0,0,0,0,0,0,0,0
0,0,0,0,0,0,0,0,0,0,0
5,2,2,2,2,2,2,2,2,2,2
19,19,19,19,19,19,19,19,19,19,19
40,37,37,37,37,37,37,37,37,37,37
69,69,69,69,69,69,69,69,69,69,69
105,102,102,102,102,102,102,102,102,102,102
147,147,147,147,147,147,147,147,147,147,147
195,192,192,192,192,192,192,192,192,192,192
248,248,248,248,248,248,248,248,248,248,248
305,302,302,302,302,302,302,302,302,302,302
365,365,365,365,365,365,365,365,365,365,365
428,425,425,425,425,425,425,425,425,425,425
492,492,492,492,492,492,492,492,492,492,492
556,553,553,553,553,553,553,554,554,554,554
620,620,620,620,620,620,620,620,620,620,620
682,679,679,679,679,679,679,679,679,679,679
741,741,741,741,741,741,741,741,741,741,741
796,793,793,793,793,794,794,794,794,794,794
847,847,847,847,847,847,847,847,847,847,847
893,890,890,890,890,890,890,890,890,891,891
933,933,933,933,933,933,933,933,933,933,933
966,963,963,963,963,963,963,963,963,963,963
992,992,992,992,992,992,992,992,992,992,992
1010,1007,1007,1007,1007,1007,1007,1007,1007,1007,1008
1021,1021,1021,1021,1021,1021,1021,1021,1021,1021,1021
1023,1020,1020,1020,1020,1020,1020,1020,1020,1020,1020
1018,1018,1018,1018,1018,1018,1018,1018,1018,1018,1018
1004,1001,1001,1001,1001,1001,1001,1001,1001,1001,1001
983,983,983,983,983,983,983,983,983,983,983
954,951,951,951,951,951,951,951,951,951,951
918,918,918,918,918,918,918,918,918,918,918
876,873,873,873,873,873,873,873,873,873,873
828,828,828,828,828,828,828,828,828,828,828
775,772,772,772,772,772,772,772,772,772,772
718,718,718,718,718,718,718,718,718,718,718
658,655,655,655,655,655,655,654,654,654,654
595,595,595,595,595,595,595,595,595,595,595
531,528,528,528,528,528,528,528,528,528,528
467,467,467,467,467,467,467,467,467,467,467
403,400,400,400,400,400,400,400,400,400,400
342,342,342,342,342,342,342,342,342,342,342
282,279,279,279,279,279,279,279,279,279,279
227,227,227,227,227,227,227,227,227,227,227
176,173,173,173,173,172,172,172,172,172,172
130,130,130,130,130,130,130,130,130,130,130
90,87,87,87,87,87,87,87,87,87,87
57,57,57,57,57,57,57,57,57,57,57
31,28,28,28,28,28,28,28,28,28,28
13,13,13,13,13,13,13,13,13,13,13
2,0,0,0,0,0,0,0,0,0,0
0,0,0,0,0,0,0,0,0,0,0
5,2,2,2,2,2,2,2,2,2,2
19,19,19,19,19,19,19,19,19,19,19
40,37,37,37,37,37,37,37,37,37,37
69,69,69,69,69,69,69,69,69,69,69
105,102,102,102,102,102,102,102,102,102,102
147,147,147,147,147,147,147,147,147,147,147
195,192,192,192,192,192,192,192,192,192,192
248,248,248,248,248,248,248,248,248,248,248
305,302,302,302,302,302,302,302,302,302,302
365,365,365,365,365,365,365,365,365,365,365
428,425,425,425,425,425,425,425,425,425,425
492,492,492,492,492,492,492,492,492,492,492
556,553,553,553,553,553,553,553,553,553,554
619,619,619,619,619,619,619,619,619,619,619
681,678,678,679,679,679,679,679,679,679,679
741,741,741,741,741,741,741,741,741,741,741
796,793,793,793,793,793,793,793,794,794,794
847,847,847,847,847,847,847,847,847,847,847
893,890,890,890,890,890,890,890,890,890,890
933,933,933,933,933,933,933,933,933,933,933
966,963,963,963,963,963,963,963,963,963,963
992,992,992,992,992,992,992,992,992,992,992
1010,1007,1007,1007,1007,1007,1007,1007,1007,1007,1007
1021,1021,1021,1021,1021,1021,1021,1021,1021,1021,1021
1023,1020,1020,1020,1020,1020,1020,1020,1020,1020,1020
1018,1018,1018,1018,1018,1018,1018,1018,1018,1018,1018
1004,1001,1001,1001,1001,1001,1001,1001,1001,1001,1001
983,983,983,983,983,983,983,983,983,983,983
954,951,951,951,951,951,951,951,951,951,951
918,918,918,918,918,918,918,918,918,918,918
876,873,873,873,873,873,873,873,873,873,873
828,828,828,828,828,828,828,828,828,828,828
775,772,772,772,772,772,772,772,772,772,772
718,718,718,718,718,718,718,718,718,718,718
658,655,655,655,655,655,655,655,655,655,654
595,595,595,595,595,595,595,595,595,595,595
531,528,528,528,528,528,528,528,528,528,528
467,467,467,467,467,467,467,467,467,467,467
404,401,401,400,400,400,400,400,400,400,400
342,342,342,342,342,342,342,342,342,342,342
283,280,279,279,279,279,279,279,279,279,279
227,227,227,227,227,227,227,227,227,227,227
176,173,173,173,173,173,173,173,172,172,172
130,130,130,130,130,130,130,130,130,130,130
90,87,87,87,87,87,87,87,87,87,87
57,57,57,57,57,57,57,57,57,57,57
31,28,28,28,28,28,28,28,28,28,28
13,13,13,13,13,13,13,13,13,13,13
2,0,0,0,0,0,0,0,0,0,0
0,0,0,0,0,0,0,0,0,0,0
5,2,2,2,2,2,2,2,2,2,2
19,19,19,19,19,19,19,19,19,19,19
40,37,37,37,37,37,37,37,37,37,37
69,69,69,69,69,69,69,69,69,69,69
105,102,102,102,102,102,102,102,102,102,102
147,147,147,147,147,147,147,147,147,147,147
195,192,192,192,192,192,192,192,192,192,192
247,247,247,247,247,247,247,247,247,247,247
304,302,302,302,302,302,302,302,302,302,302
365,365,365,365,365,365,365,365,365,365,365
427,425,425,425,425,425,425,425,425,425,425
491,491,491,491,491,491,491,491,491,491,491
556,553,553,553,553,553,553,553,553,553,553
619,619,619,619,619,619,619,619,619,619,619
681,678,678,678,678,678,679,679,679,679,679
740,740,740,740,740,740,740,740,740,740,740
796,793,793,793,793,793,793,793,793,793,793
847,847,847,847,847,847,847,847,847,847,847
893,890,890,890,890,890,890,890,890,890,890
933,933,933,933,933,933,933,933,933,933,933
966,963,963,963,963,963,963,963,963,963,963
992,992,992,992,992,992,992,992,992,992,992
1010,1007,1007,1007,1007,1007,1007,1007,1007,1007,1007
1021,1021,1021,1021,1021,1021,1021,1021,1021,1021,1021
1023,1020,1020,1020,1020,1020,1020,1020,1020,1020,1020
1018,1018,1018,1018,1018,1018,1018,1018,1018,1018,1018
1004,1001,1001,1001,1001,1001,1001,1001,1001,1001,1001
983,983,983,983,983,983,983,983,983,983,983
954,951,951,951,951,951,951,951,951,951,951
919,919,919,919,919,919,919,919,919,919,919
876,873,873,873,873,873,873,873,873,873,873
829,829,829,829,829,829,829,829,829,829,829
776,773,773,772,772,772,772,772,772,772,772
719,719,719,719,719,719,719,719,719,719,719
658,655,655,655,655,655,655,655,655,655,655
596,596,596,596,596,596,596,596,596,596,596
532,529,529,528,528,528,528,528,528,528,528
467,467,467,467,467,467,467,467,467,467,467
404,401,401,401,401,401,400,400,400,400,400
342,342,342,342,342,342,342,342,342,342,342
283,280,280,280,280,279,279,279,279,279,279
227,227,227,227,227,227,227,227,227,227,227
176,173,173,173,173,173,173,173,173,173,173
130,130,130,130,130,130,130,130,130,130,130
90,87,87,87,87,87,87,87,87,87,87
57,57,57,57,57,57,57,57,57,57,57
31,28,28,28,28,28,28,28,28,28,28
13,13,13,13,13,13,13,13,13,13,13
2,0,0,0,0,0,0,0,0,0,0
0,0,0,0,0,0,0,0,0,0,0
5,2,2,2,2,2,2,2,2,2,2
19,19,19,19,19,19,19,19,19,19,19
40,37,37,37,37,37,37,37,37,37,37
69,69,69,69,69,69,69,69,69,69,69
104,101,101,102,102,102,102,102,102,102,102
147,147,147,147,147,147,147,147,147,147,147
194,191,191,192,192,192,192,192,192,192,192
247,247,247,247,247,247,247,247,247,247,247
304,301,301,301,302,302,302,302,302,302,302
365,365,365,365,365,365,365,365,365,365,365
427,424,424,424,425,425,425,425,425,425,425
491,491,491,491,491,491,491,491,491,491,491
555,553,553,553,553,553,553,553,553,553,553
619,619,619,619,619,619,619,619,619,619,619
681,678,678,678,678,678,678,678,678,679,679
740,740,740,740,740,740,740,740,740,740,740
796,793,793,793,793,793,793,793,793,793,793
847,847,847,847,847,847,847,847,847,847,847
893,890,890,890,890,890,890,890,890,890,890
933,933,933,933,933,933,933,933,933,933,933
966,963,963,963,963,963,963,963,963,963,963
992,992,992,992,992,992,992,992,992,992,992
1010,1007,1007,1007,1007,1007,1007,1007,1007,1007,1007
1021,1021,1021,1021,1021,1021,1021,1021,1021,1021,1021
1023,1020,1020,1020,1020,1020,1020,1020,1020,1020,1020
1018,1018,1018,1018,1018,1018,1018,1018,1018,1018,1018
1004,1001,1001,1001,1001,1001,1001,1001,1001,1001,1001
983,983,983,983,983,983,983,983,983,983,983
954,951,951,951,951,951,951,951,951,951,951
919,919,919,919,919,919,919,919,919,919,919
877,874,873,873,873,873,873,873,873,873,873
829,829,829,829,829,829,829,829,829,829,829
776,773,773,773,773,773,772,772,772,772,772
719,719,719,719,719,719,719,719,719,719,719
658,655,655,655,655,655,655,655,655,655,655
596,596,596,596,596,596,596,596,596,596,596
532,529,529,529,529,529,528,528,528,528,528
468,468,468,468,468,468,468,468,468,468,468
404,401,401,401,401,401,401,401,401,400,400
342,342,342,342,342,342,342,342,342,342,342
283,280,280,280,280,280,280,280,279,279,279
227,227,227,227,227,227,227,227,227,227,227
176,173,173,173,173,173,173,173,173,173,173
130,130,130,130,130,130,130,130,130,130,130
90,87,87,87,87,87,87,87,87,87,87
57,57,57,57,57,57,57,57,57,57,57
31,28,28,28,28,28,28,28,28,28,28
13,13,13,13,13,13,13,13,13,13,13
2,0,0,0,0,0,0,0,0,0,0
0,0,0,0,0,0,0,0,0,0,0
5,2,2,2,2,2,2,2,2,2,2
19,19,19,19,19,19,19,19,19,19,19
40,37,37,37,37,37,37,37,37,37,37
69,69,69,69,69,69,69,69,69,69,69
104,101,101,101,101,101,102,102,102,102,102
146,146,146,146,146,146,146,146,146,146,146
194,191,191,191,191,191,192,192,192,192,192
247,247,247,247,247,247,247,247,247,247,247
304,301,301,301,301,301,301,302,302,302,302
364,364,364,364,364,364,364,364,364,364,364
427,424,424,424,424,424,424,425,425,425,425
491,491,491,491,491,491,491,491,491,491,491
555,552,552,552,553,553,553,553,553,553,553
619,619,619,619,619,619,619,619,619,619,619
681,678,678,678,678,678,678,678,678,678,678
740,740,740,740,740,740,740,740,740,740,740
796,793,793,793,793,793,793,793,793,793,793
847,847,847,847,847,847,847,847,847,847,847
893,890,890,890,890,890,890,890,890,890,890
932,932,932,932,932,932,932,932,932,932,932
966,963,963,963,963,963,963,963,963,963,963
992,992,992,992,992,992,992,992,992,992,992
1010,1007,1007,1007,1007,1007,1007,1007,1007,1007,1007
1021,1021,1021,1021,1021,1021,1021,1021,1021,1021,1021
1023,1020,1020,1020,1020,1020,1020,1020,1020,1020,1020
1018,1018,1018,1018,1018,1018,1018,1018,1018,1018,1018
1004,1001,1001,1001,1001,1001,1001,1001,1001,1001,1001
983,983,983,983,983,983,983,983,983,983,983
954,951,951,951,951,951,951,951,951,951,951
919,919,919,919,919,919,919,919,919,919,919
877,874,874,874,874,873,873,873,873,873,873
829,829,829,829,829,829,829,829,829,829,829
776,773,773,773,773,773,773,773,773,772,772
719,719,719,719,719,719,719,719,719,719,719
659,656,656,655,655,655,655,655,655,655,655
596,596,596,596,596,596,596,596,596,596,596
532,529,529,529,529,529,529,529,529,529,528
468,468,468,468,468,468,468,468,468,468,468
404,401,401,401,401,401,401,401,401,401,401
342,342,342,342,342,342,342,342,342,342,342
283,280,280,280,280,280,280,280,280,280,280
227,227,227,227,227,227,227,227,227,227,227
176,173,173,173,173,173,173,173,173,173,173
130,130,130,130,130,130,130,130,130,130,130
91,88,88,87,87,87,87,87,87,87,87
57,57,57,57,57,57,57,57,57,57,57
31,28,28,28,28,28,28,28,28,28,28
13,13,13,13,13,13,13,13,13,13,13
2,0,0,0,0,0,0,0,0,0,0
0,0,0,0,0,0,0,0,0,0,0
5,2,2,2,2,2,2,2,2,2,2
19,19,19,19,19,19,19,19,19,19,19
40,37,37,37,37,37,37,37,37,37,37
68,68,68,68,68,68,68,68,68,68,68
104,101,101,101,101,101,101,101,101,102,102
146,146,146,146,146,146,146,146,146,146,146
194,191,191,191,191,191,191,191,191,192,192
247,247,247,247,247,247,247,247,247,247,247
304,301,301,301,301,301,301,301,301,301,302
364,364,364,364,364,364,364,364,364,364,364
427,424,424,424,424,424,424,424,424,424,425
491,491,491,491,491,491,491,491,491,491,491
555,552,552,552,552,552,552,553,553,553,553
619,619,619,619,619,619,619,619,619,619,619
681,678,678,678,678,678,678,678,678,678,678
740,740,740,740,740,740,740,740,740,740,740
795,793,793,793,793,793,793,793,793,793,793
847,847,847,847,847,847,847,847,847,847,847
892,890,890,890,890,890,890,890,890,890,890
932,932,932,932,932,932,932,932,932,932,932
966,963,963,963,963,963,963,963,963,963,963
992,992,992,992,992,992,992,992,992,992,992
1010,1007,1007,1007,1007,1007,1007,1007,1007,1007,1007
1021,1021,1021,1021,1021,1021,1021,1021,1021,1021,1021
1023,1020,1020,1020,1020,1020,1020,1020,1020,1020,1020
1018,1018,1018,1018,1018,1018,1018,1018,1018,1018,1018
1004,1001,1001,1001,1001,1001,1001,1001,1001,1001,1001
983,983,983,983,983,983,983,983,983,983,983
955,952,951,951,951,951,951,951,951,951,951
919,919,919,919,919,919,919,919,919,919,919
877,874,874,874,874,874,874,874,873,873,873
829,829,829,829,829,829,829,829,829,829,829
776,773,773,773,773,773,773,773,773,773,773
719,719,719,719,719,719,719,719,719,719,719
659,656,656,656,656,656,655,655,655,655,655
596,596,596,596,596,596,596,596,596,596,596
532,529,529,529,529,529,529,529,529,529,529
468,468,468,468,468,468,468,468,468,468,468
404,401,401,401,401,401,401,401,401,401,401
343,343,343,343,343,343,343,343,343,343,343
283,280,280,280,280,280,280,280,280,280,280
228,228,228,228,228,228,228,228,228,228,228
176,173,173,173,173,173,173,173,173,173,173
131,131,131,131,131,131,131,131,131,131,131
91,88,88,88,88,88,87,87,87,87,87
57,57,57,57,57,57,57,57,57,57,57
31,28,28,28,28,28,28,28,28,28,28
13,13,13,13,13,13,13,13,13,13,13
2,0,0,0,0,0,0,0,0,0,0
0,0,0,0,0,0,0,0,0,0,0
5,2,2,2,2,2,2,2,2,2,2
19,19,19,19,19,19,19,19,19,19,19
40,37,37,37,37,37,37,37,37,37,37
68,68,68,68,68,68,68,68,68,68,68
104,101,101,101,101,101,101,101,101,101,101
146,146,146,146,146,146,146,146,146,146,146
194,191,191,191,191,191,191,191,191,191,191
247,247,247,247,247,247,247,247,247,247,247
304,301,301,301,301,301,301,301,301,301,301
364,364,364,364,364,364,364,364,364,364,364
427,424,424,424,424,424,424,424,424,424,424
491,491,491,491,491,491,491,491,491,491,491
555,552,552,552,552,552,552,552,552,552,553
618,618,618,618,618,618,618,618,618,618,618
680,677,678,678,678,678,678,678,678,678,678
740,740,740,740,740,740,740,740,740,740,740
795,792,792,792,793,793,793,793,793,793,793
846,846,846,846,846,846,846,846,846,846,846
892,889,889,889,890,890,890,890,890,890,890
932,932,932,932,932,932,932,932,932,932,932
965,963,963,963,963,963,963,963,963,963,963
992,992,992,992,992,992,992,992,992,992,992
1010,1007,1007,1007,1007,1007,1007,1007,1007,1007,1007
1021,1021,1021,1021,1021,1021,1021,1021,1021,1021,1021
1023,1020,1020,1020,1020,1020,1020,1020,1020,1020,1020
1018,1018,1018,1018,1018,1018,1018,1018,1018,1018,1018
1005,1001,1001,1001,1001,1001,1001,1001,1001,1001,1001
983,983,983,983,983,983,983,983,983,983,983
955,952,952,952,952,951,951,951,951,951,951
919,919,919,919,919,919,919,919,919,919,919
877,874,874,874,874,874,874,874,874,874,874
829,829,829,829,829,829,829,829,829,829,829
776,773,773,773,773,773,773,773,773,773,773
719,719,719,719,719,719,719,719,719,719,719
659,656,656,656,656,656,656,656,656,655,655
596,596,596,596,596,596,596,596,596,596,596
532,529,529,529,529,529,529,529,529,529,529
468,468,468,468,468,468,468,468,468,468,468
405,402,401,401,401,401,401,401,401,401,401
343,343,343,343,343,343,343,343,343,343,343
283,280,280,280,280,280,280,280,280,280,280
228,228,228,228,228,228,228,228,228,228,228
177,174,174,173,173,173,173,173,173,173,173
131,131,131,131,131,131,131,131,131,131,131
91,88,88,88,88,88,88,88,88,87,87
58,58,58,58,58,58,58,58,58,58,58
31,28,28,28,28,28,28,28,28,28,28
13,13,13,13,13,13,13,13,13,13,13
2,0,0,0,0,0,0,0,0,0,0
0,0,0,0,0,0,0,0,0,0,0
5,2,2,2,2,2,2,2,2,2,2
18,18,18,18,18,18,18,18,18,18,18
40,37,37,37,37,37,37,37,37,37,37
68,68,68,68,68,68,68,68,68,68,68
104,101,101,101,101,101,101,101,101,101,101
146,146,146,146,146,146,146,146,146,146,146
194,191,191,191,191,191,191,191,191,191,191
247,247,247,247,247,247,247,247,247,247,247
304,301,301,301,301,301,301,301,301,301,301
364,364,364,364,364,364,364,364,364,364,364
426,424,424,424,424,424,424,424,424,424,424
490,490,490,490,490,490,490,490,490,490,490
555,552,552,552,552,552,552,552,552,552,552
618,618,618,618,618,618,618,618,618,618,618
680,677,677,677,677,678,678,678,678,678,678
739,739,739,739,739,739,739,739,739,739,739
795,792,792,792,792,792,792,793,793,793,793
846,846,846,846,846,846,846,846,846,846,846
892,889,889,889,889,889,889,890,890,890,890
932,932,932,932,932,932,932,932,932,932,932
965,962,962,962,963,963,963,963,963,963,963
992,992,992,992,992,992,992,992,992,992,992
1010,1007,1007,1007,1007,1007,1007,1007,1007,1007,1007
1021,1021,1021,1021,1021,1021,1021,1021,1021,1021,1021
1023,1020,1020,1020,1020,1020,1020,1020,1020,1020,1020
1018,1018,1018,1018,1018,1018,1018,1018,1018,1018,1018
1005,1002,1002,1002,1001,1001,1001,1001,1001,1001,1001
983,983,983,983,983,983,983,983,983,983,983
955,952,952,952,952,952,952,952,951,951,951
919,919,919,919,919,919,919,919,919,919,919
877,874,874,874,874,874,874,874,874,874,874
829,829,829,829,829,829,829,829,829,829,829
776,773,773,773,773,773,773,773,773,773,773
719,719,719,719,719,719,719,719,719,719,719
659,656,656,656,656,656,656,656,656,656,656
597,597,597,597,597,597,597,597,597,597,597
533,530,530,529,529,529,529,529,529,529,529
468,468,468,468,468,468,468,468,468,468,468
405,402,402,402,402,401,401,401,401,401,401
343,343,343,343,343,343,343,343,343,343,343
284,281,281,280,280,280,280,280,280,280,280
228,228,228,228,228,228,228,228,228,228,228
177,174,174,174,174,174,173,173,173,173,173
131,131,131,131,131,131,131,131,131,131,131
91,88,88,88,88,88,88,88,88,88,88
58,58,58,58,58,58,58,58,58,58,58
32,29,28,28,28,28,28,28,28,28,28
13,13,13,13,13,13,13,13,13,13,13
2,0,0,0,0,0,0,0,0,0,0
0,0,0,0,0,0,0,0,0,0,0
5,2,2,2,2,2,2,2,2,2,2
18,18,18,18,18,18,18,18,18,18,18
40,37,37,37,37,37,37,37,37,37,37
68,68,68,68,68,68,68,68,68,68,68
104,101,101,101,101,101,101,101,101,101,101
146,146,146,146,146,146,146,146,146,146,146
194,191,191,191,191,191,191,191,191,191,191
246,246,246,246,246,246,246,246,246,246,246
303,300,301,301,301,301,301,301,301,301,301
364,364,364,364,364,364,364,364,364,364,364
426,423,423,423,424,424,424,424,424,424,424
490,490,490,490,490,490,490,490,490,490,490
555,552,552,552,552,552,552,552,552,552,552
618,618,618,618,618,618,618,618,618,618,618
680,677,677,677,677,677,677,677,678,678,678
739,739,739,739,739,739,739,739,739,739,739
795,792,792,792,792,792,792,792,792,792,793
846,846,846,846,846,846,846,846,846,846,846
892,889,889,889,889,889,889,889,889,889,890
932,932,932,932,932,932,932,932,932,932,932
965,962,962,962,962,962,962,963,963,963,963
991,991,991,991,991,991,991,991,991,991,991
1010,1007,1007,1007,1007,1007,1007,1007,1007,1007,1007
1021,1021,1021,1021,1021,1021,1021,1021,1021,1021,1021
1023,1020,1020,1020,1020,1020,1020,1020,1020,1020,1020
1018,1018,1018,1018,1018,1018,1018,1018,1018,1018,1018
1005,1002,1002,1002,1002,1002,1002,1001,1001,1001,1001
983,983,983,983,983,983,983,983,983,983,983
955,952,952,952,952,952,952,952,952,952,952
919,919,919,919,919,919,919,919,919,919,919
877,874,874,874,874,874,874,874,874,874,874
829,829,829,829,829,829,829,829,829,829,829
777,774,774,773,773,773,773,773,773,773,773
720,720,720,720,720,720,720,720,720,720,720
659,656,656,656,656,656,656,656,656,656,656
597,597,597,597,597,597,597,597,597,597,597
533,530,530,530,530,530,529,529,529,529,529
469,469,469,469,469,469,469,469,469,469,469
405,402,402,402,402,402,402,402,401,401,401
343,343,343,343,343,343,343,343,343,343,343
284,281,281,281,281,281,280,280,280,280,280
228,228,228,228,228,228,228,228,228,228,228
177,174,174,174,174,174,174,174,174,173,173
131,131,131,131,131,131,131,131,131,131,131
91,88,88,88,88,88,88,88,88,88,88
58,58,58,58,58,58,58,58,58,58,58
32,29,29,29,29,28,28,28,28,28,28
13,13,13,13,13,13,13,13,13,13,13
2,0,0,0,0,0,0,0,0,0,0
0,0,0,0,0,0,0,0,0,0,0
5,2,2,2,2,2,2,2,2,2,2
18,18,18,18,18,18,18,18,18,18,18
40,37,37,37,37,37,37,37,37,37,37
68,68,68,68,68,68,68,68,68,68,68
104,101,101,101,101,101,101,101,101,101,101
146,146,146,146,146,146,146,146,146,146,146
193,191,191,191,191,191,191,191,191,191,191
246,246,246,246,246,246,246,246,246,246,246
303,300,300,300,300,301,301,301,301,301,301
364,364,364,364,364,364,364,364,364,364,364
426,423,423,423,423,423,423,424,424,424,424
490,490,490,490,490,490,490,490,490,490,490
554,551,551,552,552,552,552,552,552,552,552
618,618,618,618,618,618,618,618,618,618,618
680,677,677,677,677,677,677,677,677,677,677
739,739,739,739,739,739,739,739,739,739,739
795,792,792,792,792,792,792,792,792,792,792
846,846,846,846,846,846,846,846,846,846,846
892,889,889,889,889,889,889,889,889,889,889
932,932,932,932,932,932,932,932,932,932,932
965,962,962,962,962,962,962,962,962,962,963
991,991,991,991,991,991,991,991,991,991,991
1010,1007,1007,1007,1007,1007,1007,1007,1007,1007,1007
1021,1021,1021,1021,1021,1021,1021,1021,1021,1021,1021
1023,1020,1020,1020,1020,1020,1020,1020,1020,1020,1020
1018,1018,1018,1018,1018,1018,1018,1018,1018,1018,1018
1005,1002,1002,1002,1002,1002,1002,1002,1002,1002,1001
984,984,984,984,984,984,984,984,984,984,984
955,952,952,952,952,952,952,952,952,952,952
919,919,919,919,919,919,919,919,919,919,919
877,874,874,874,874,874,874,874,874,874,874
830,830,830,830,830,830,830,830,830,830,830
777,774,774,774,774,774,773,773,773,773,773
720,720,720,720,720,720,720,720,720,720,720
660,657,656,656,656,656,656,656,656,656,656
597,597,597,597,597,597,597,597,597,597,597
533,530,530,530,530,530,530,530,530,529,529
469,469,469,469,469,469,469,469,469,469,469
405,402,402,402,402,402,402,402,402,402,402
343,343,343,343,343,343,343,343,343,343,343
284,281,281,281,281,281,281,281,281,280,280
228,228,228,228,228,228,228,228,228,228,228
177,174,174,174,174,174,174,174,174,174,174
131,131,131,131,131,131,131,131,131,131,131
91,88,88,88,88,88,88,88,88,88,88
58,58,58,58,58,58,58,58,58,58,58
32,29,29,29,29,29,29,29,28,28,28
13,13,13,13,13,13,13,13,13,13,13
2,0,0,0,0,0,0,0,0,0,0
0,0,0,0,0,0,0,0,0,0,0
5,2,2,2,2,2,2,2,2,2,2
18,18,18,18,18,18,18,18,18,18,18
39,36,36,37,37,37,37,37,37,37,37
68,68,68,68,68,68,68,68,68,68,68
104,101,101,101,101,101,101,101,101,101,101
146,146,146,146,146,146,146,146,146,146,146
193,190,190,190,191,191,191,191,191,191,191
246,246,246,246,246,246,246,246,246,246,246
303,300,300,300,300,300,300,300,301,301,301
363,363,363,363,363,363,363,363,363,363,363
426,423,423,423,423,423,423,423,423,423,424
490,490,490,490,490,490,490,490,490,490,490
554,551,551,551,551,551,552,552,552,552,552
618,618,618,618,618,618,618,618,618,618,618
680,677,677,677,677,677,677,677,677,677,677
739,739,739,739,739,739,739,739,739,739,739
795,792,792,792,792,792,792,792,792,792,792
846,846,846,846,846,846,846,846,846,846,846
892,889,889,889,889,889,889,889,889,889,889
932,932,932,932,932,932,932,932,932,932,932
965,962,962,962,962,962,962,962,962,962,962
991,991,991,991,991,991,991,991,991,991,991
1010,1007,1007,1007,1007,1007,1007,1007,1007,1007,1007
1021,1021,1021,1021,1021,1021,1021,1021,1021,1021,1021
1023,1020,1020,1020,1020,1020,1020,1020,1020,1020,1020
1018,1018,1018,1018,1018,1018,1018,1018,1018,1018,1018
1005,1002,1002,1002,1002,1002,1002,1002,1002,1002,1002
984,984,984,984,984,984,984,984,984,984,984
955,952,952,952,952,952,952,952,952,952,952
919,919,919,919,919,919,919,919,919,919,919
878,874,874,874,874,874,874,874,874,874,874
830,830,830,830,830,830,830,830,830,830,830
777,774,774,774,774,774,774,774,774,773,773
720,720,720,720,720,720,720,720,720,720,720
660,657,657,657,657,656,656,656,656,656,656
597,597,597,597,597,597,597,597,597,597,597
533,530,530,530,530,530,530,530,530,530,530
469,469,469,469,469,469,469,469,469,469,469
405,402,402,402,402,402,402,402,402,402,402
343,343,343,343,343,343,343,343,343,343,343
284,281,281,281,281,281,281,281,281,281,281
228,228,228,228,228,228,228,228,228,228,228
177,174,174,174,174,174,174,174,174,174,174
131,131,131,131,131,131,131,131,131,131,131
91,88,88,88,88,88,88,88,88,88,88
58,58,58,58,58,58,58,58,58,58,58
32,29,29,29,29,29,29,29,29,29,29
13,13,13,13,13,13,13,13,13,13,13
2,0,0,0,0,0,0,0,0,0,0
0,0,0,0,0,0,0,0,0,0,0
5,2,2,2,2,2,2,2,2,2,2
18,18,18,18,18,18,18,18,18,18,18
39,36,36,36,36,36,37,37,37,37,37
68,68,68,68,68,68,68,68,68,68,68
103,100,101,101,101,101,101,101,101,101,101
145,145,145,145,145,145,145,145,145,145,145
193,190,190,190,190,190,190,191,191,191,191
246,246,246,246,246,246,246,246,246,246,246
303,300,300,300,300,300,300,300,300,300,300
363,363,363,363,363,363,363,363,363,363,363
426,423,423,423,423,423,423,423,423,423,423
490,490,490,490,490,490,490,490,490,490,490
554,551,551,551,551,551,551,551,551,552,552
618,618,618,618,618,618,618,618,618,618,618
679,677,677,677,677,677,677,677,677,677,677
739,739,739,739,739,739,739,739,739,739,739
794,792,792,792,792,792,792,792,792,792,792
846,846,846,846,846,846,846,846,846,846,846
892,889,889,889,889,889,889,889,889,889,889
932,932,932,932,932,932,932,932,932,932,932
965,962,962,962,962,962,962,962,962,962,962
991,991,991,991,991,991,991,991,991,991,991
1010,1007,1007,1007,1007,1007,1007,1007,1007,1007,1007
1021,1021,1021,1021,1021,1021,1021,1021,1021,1021,1021
1023,1020,1020,1020,1020,1020,1020,1020,1020,1020,1020
1018,1018,1018,1018,1018,1018,1018,1018,1018,1018,1018
1005,1002,1002,1002,1002,1002,1002,1002,1002,1002,1002
984,984,984,984,984,984,984,984,984,984,984
955,952,952,952,952,952,952,952,952,952,952
920,920,920,920,920,920,920,920,920,920,920
878,875,875,875,874,874,874,874,874,874,874
830,830,830,830,830,830,830,830,830,830,830
777,774,774,774,774,774,774,774,774,774,774
720,720,720,720,720,720,720,720,720,720,720
660,657,657,657,657,657,657,657,656,656,656
597,597,597,597,597,597,597,597,597,597,597
533,530,530,530,530,530,530,530,530,530,530
469,469,469,469,469,469,469,469,469,469,469
406,402,402,402,402,402,402,402,402,402,402
344,344,344,344,344,344,344,344,344,344,344
284,281,281,281,281,281,281,281,281,281,281
229,229,229,229,229,229,229,229,229,229,229
177,174,174,174,174,174,174,174,174,174,174
131,131,131,131,131,131,131,131,131,131,131
91,88,88,88,88,88,88,88,88,88,88
58,58,58,58,58,58,58,58,58,58,58
32,29,29,29,29,29,29,29,29,29,29
13,13,13,13,13,13,13,13,13,13,13
2,0,0,0,0,0,0,0,0,0,0
0,0,0,0,0,0,0,0,0,0,0
5,2,2,2,2,2,2,2,2,2,2
18,18,18,18,18,18,18,18,18,18,18
39,36,36,36,36,36,36,36,36,37,37
68,68,68,68,68,68,68,68,68,68,68
103,100,100,100,100,101,101,101,101,101,101
145,145,145,145,145,145,145,145,145,145,145
193,190,190,190,190,190,190,190,190,190,191
246,246,246,246,246,246,246,246,246,246,246
303,300,300,300,300,300,300,300,300,300,300
363,363,363,363,363,363,363,363,363,363,363
426,423,423,423,423,423,423,423,423,423,423
489,489,489,489,489,489,489,489,489,489,489
554,551,551,551,551,551,551,551,551,551,551
617,617,617,617,617,617,617,617,617,617,617
679,676,676,676,677,677,677,677,677,677,677
739,739,739,739,739,739,739,739,739,739,739
794,791,791,791,792,792,792,792,792,792,792
846,846,846,846,846,846,846,846,846,846,846
892,889,889,889,889,889,889,889,889,889,889
932,932,932,932,932,932,932,932,932,932,932
965,962,962,962,962,962,962,962,962,962,962
991,991,991,991,991,991,991,991,991,991,991
1010,1007,1007,1007,1007,1007,1007,1007,1007,1007,1007
1021,1021,1021,1021,1021,1021,1021,1021,1021,1021,1021
1023,1020,1020,1020,1020,1020,1020,1020,1020,1020,1020
1018,1018,1018,1018,1018,1018,1018,1018,1018,1018,1018
1005,1002,1002,1002,1002,1002,1002,1002,1002,1002,1002
984,984,984,984,984,984,984,984,984,984,984
955,952,952,952,952,952,952,952,952,952,952
920,920,920,920,920,920,920,920,920,920,920
878,875,875,875,875,875,875,874,874,874,874
830,830,830,830,830,830,830,830,830,830,830
777,774,774,774,774,774,774,774,774,774,774
720,720,720,720,720,720,720,720,720,720,720
660,657,657,657,657,657,657,657,657,657,657
598,598,598,598,598,598,598,598,598,598,598
534,531,531,530,530,530,530,530,530,530,530
469,469,469,469,469,469,469,469,469,469,469
406,403,403,403,402,402,402,402,402,402,402
344,344,344,344,344,344,344,344,344,344,344
284,281,281,281,281,281,281,281,281,281,281
229,229,229,229,229,229,229,229,229,229,229
178,174,174,174,174,174,174,174,174,174,174
132,132,132,132,132,132,132,132,132,132,132
91,88,88,88,88,88,88,88,88,88,88
58,58,58,58,58,58,58,58,58,58,58
32,29,29,29,29,29,29,29,29,29,29
13,13,13,13,13,13,13,13,13,13,13
2,0,0,0,0,0,0,0,0,0,0
0,0,0,0,0,0,0,0,0,0,0
5,2,2,2,2,2,2,2,2,2,2
18,18,18,18,18,18,18,18,18,18,18
39,36,36,36,36,36,36,36,36,36,36
68,68,68,68,68,68,68,68,68,68,68
103,100,100,100,100,100,100,100,101,101,101
145,145,145,145,145,145,145,145,145,145,145
193,190,190,190,190,190,190,190,190,190,190
246,246,246,246,246,246,246,246,246,246,246
303,300,300,300,300,300,300,300,300,300,300
363,363,363,363,363,363,363,363,363,363,363
425,422,422,423,423,423,423,423,423,423,423
489,489,489,489,489,489,489,489,489,489,489
554,551,551,551,551,551,551,551,551,551,551
617,617,617,617,617,617,617,617,617,617,617
679,676,676,676,676,676,676,677,677,677,677
738,738,738,738,738,738,738,738,738,738,738
794,791,791,791,791,791,791,792,792,792,792
845,845,845,845,845,845,845,845,845,845,845
891,888,889,889,889,889,889,889,889,889,889
931,931,931,931,931,931,931,931,931,931,931
965,962,962,962,962,962,962,962,962,962,962
991,991,991,991,991,991,991,991,991,991,991
1010,1007,1007,1007,1007,1007,1007,1007,1007,1007,1007
1021,1021,1021,1021,1021,1021,1021,1021,1021,1021,1021
1023,1020,1020,1020,1020,1020,1020,1020,1020,1020,1020
1018,1018,1018,1018,1018,1018,1018,1018,1018,1018,1018
1005,1002,1002,1002,1002,1002,1002,1002,1002,1002,1002
984,984,984,984,984,984,984,984,984,984,984
955,952,952,952,952,952,952,952,952,952,952
920,920,920,920,920,920,920,920,920,920,920
878,875,875,875,875,875,875,875,875,875,874
830,830,830,830,830,830,830,830,830,830,830
777,774,774,774,774,774,774,774,774,774,774
721,721,721,721,721,721,721,721,721,721,721
660,657,657,657,657,657,657,657,657,657,657
598,598,598,598,598,598,598,598,598,598,598
534,531,531,531,531,531,530,530,530,530,530
470,470,470,470,470,470,470,470,470,470,470
406,403,403,403,403,403,403,403,402,402,402
344,344,344,344,344,344,344,344,344,344,344
285,282,282,281,281,281,281,281,281,281,281
229,229,229,229,229,229,229,229,229,229,229
178,175,175,175,174,174,174,174,174,174,174
132,132,132,132,132,132,132,132,132,132,132
92,89,89,88,88,88,88,88,88,88,88
58,58,58,58,58,58,58,58,58,58,58
32,29,29,29,29,29,29,29,29,29,29
13,13,13,13,13,13,13,13,13,13,13
2,0,0,0,0,0,0,0,0,0,0
0,0,0,0,0,0,0,0,0,0,0
5,2,2,2,2,2,2,2,2,2,2
18,18,18,18,18,18,18,18,18,18,18
39,36,36,36,36,36,36,36,36,36,36
68,68,68,68,68,68,68,68,68,68,68
103,100,100,100,100,100,100,100,100,100,100
145,145,145,145,145,145,145,145,145,145,145
193,190,190,190,190,190,190,190,190,190,190
245,245,245,245,245,245,245,245,245,245,245
302,299,299,300,300,300,300,300,300,300,300
363,363,363,363,363,363,363,363,363,363,363
425,422,422,422,422,422,423,423,423,423,423
489,489,489,489,489,489,489,489,489,489,489
553,550,550,551,551,551,551,551,551,551,551
617,617,617,617,617,617,617,617,617,617,617
679,676,676,676,676,676,676,676,676,676,677
738,738,738,738,738,738,738,738,738,738,738
794,791,791,791,791,791,791,791,791,791,792
845,845,845,845,845,845,845,845,845,845,845
891,888,888,888,888,889,889,889,889,889,889
931,931,931,931,931,931,931,931,931,931,931
965,962,962,962,962,962,962,962,962,962,962
991,991,991,991,991,991,991,991,991,991,991
1010,1007,1007,1007,1007,1007,1007,1007,1007,1007,1007
1021,1021,1021,1021,1021,1021,1021,1021,1021,1021,1021
1023,1020,1020,1020,1020,1020,1020,1020,1020,1020,1020
1018,1018,1018,1018,1018,1018,1018,1018,1018,1018,1018
1005,1002,1002,1002,1002,1002,1002,1002,1002,1002,1002
984,984,984,984,984,984,984,984,984,984,984
955,952,952,952,952,952,952,952,952,952,952
920,920,920,920,920,920,920,920,920,920,920
878,875,875,875,875,875,875,875,875,875,875
830,830,830,830,830,830,830,830,830,830,830
778,775,775,774,774,774,774,774,774,774,774
721,721,721,721,721,721,721,721,721,721,721
661,657,657,657,657,657,657,657,657,657,657
598,598,598,598,598,598,598,598,598,598,598
534,531,531,531,531,531,531,531,531,530,530
470,470,470,470,470,470,470,470,470,470,470
406,403,403,403,403,403,403,403,403,403,403
344,344,344,344,344,344,344,344,344,344,344
285,282,282,282,282,282,282,281,281,281,281
229,229,229,229,229,229,229,229,229,229,229
178,175,175,175,175,175,175,174,174,174,174
132,132,132,132,132,132,132,132,132,132,132
92,89,89,89,89,89,88,88,88,88,88
58,58,58,58,58,58,58,58,58,58,58
32,29,29,29,29,29,29,29,29,29,29
13,13,13,13,13,13,13,13,13,13,13
2,0,0,0,0,0,0,0,0,0,0
0,0,0,0,0,0,0,0,0,0,0
5,2,2,2,2,2,2,2,2,2,2
18,18,18,18,18,18,18,18,18,18,18
39,36,36,36,36,36,36,36,36,36,36
68,68,68,68,68,68,68,68,68,68,68
103,100,100,100,100,100,100,100,100,100,100
145,145,145,145,145,145,145,145,145,145,145
193,190,190,190,190,190,190,190,190,190,190
245,245,245,245,245,245,245,245,245,245,245
302,299,299,299,299,299,300,300,300,300,300
362,362,362,362,362,362,362,362,362,362,362
425,422,422,422,422,422,422,422,422,423,423
489,489,489,489,489,489,489,489,489,489,489
553,550,550,550,550,550,551,551,551,551,551
617,617,617,617,617,617,617,617,617,617,617
679,676,676,676,676,676,676,676,676,676,676
738,738,738,738,738,738,738,738,738,738,738
794,791,791,791,791,791,791,791,791,791,791
845,845,845,845,845,845,845,845,845,845,845
891,888,888,888,888,888,888,888,889,889,889
931,931,931,931,931,931,931,931,931,931,931
965,962,962,962,962,962,962,962,962,962,962
991,991,991,991,991,991,991,991,991,991,991
1010,1007,1007,1007,1007,1007,1007,1007,1007,1007,1007
1021,1021,1021,1021,1021,1021,1021,1021,1021,1021,1021
1023,1020,1020,1020,1020,1020,1020,1020,1020,1020,1020
1018,1018,1018,1018,1018,1018,1018,1018,1018,1018,1018
1005,1002,1002,1002,1002,1002,1002,1002,1002,1002,1002
984,984,984,984,984,984,984,984,984,984,984
956,953,952,952,952,952,952,952,952,952,952
920,920,920,920,920,920,920,920,920,920,920
878,875,875,875,875,875,875,875,875,875,875
831,831,831,831,831,831,831,831,831,831,831
778,775,775,775,775,775,774,774,774,774,774
721,721,721,721,721,721,721,721,721,721,721
661,658,658,658,657,657,657,657,657,657,657
598,598,598,598,598,598,598,598,598,598,598
534,531,531,531,531,531,531,531,531,531,531
470,470,470,470,470,470,470,470,470,470,470
406,403,403,403,403,403,403,403,403,403,403
344,344,344,344,344,344,344,344,344,344,344
285,282,282,282,282,282,282,282,282,282,281
229,229,229,229,229,229,229,229,229,229,229
178,175,175,175,175,175,175,175,175,175,174
132,132,132,132,132,132,132,132,132,132,132
92,89,89,89,89,89,89,89,89,89,88
58,58,58,58,58,58,58,58,58,58,58
32,29,29,29,29,29,29,29,29,29,29
13,13,13,13,13,13,13,13,13,13,13
2,0,0,0,0,0,0,0,0,0,0
0,0,0,0,0,0,0,0,0,0,0
5,2,2,2,2,2,2,2,2,2,2
18,18,18,18,18,18,18,18,18,18,18
39,36,36,36,36,36,36,36,36,36,36
67,67,67,67,67,67,67,67,67,67,67
103,100,100,100,100,100,100,100,100,100,100
145,145,145,145,145,145,145,145,145,145,145
192,189,189,190,190,190,190,190,190,190,190
245,245,245,245,245,245,245,245,245,245,245
302,299,299,299,299,299,299,299,299,300,300
362,362,362,362,362,362,362,362,362,362,362
425,422,422,422,422,422,422,422,422,422,422
489,489,489,489,489,489,489,489,489,489,489
553,550,550,550,550,550,550,550,550,551,551
617,617,617,617,617,617,617,617,617,617,617
679,676,676,676,676,676,676,676,676,676,676
738,738,738,738,738,738,738,738,738,738,738
794,791,791,791,791,791,791,791,791,791,791
845,845,845,845,845,845,845,845,845,845,845
891,888,888,888,888,888,888,888,888,888,888
931,931,931,931,931,931,931,931,931,931,931
965,962,962,962,962,962,962,962,962,962,962
991,991,991,991,991,991,991,991,991,991,991
1010,1007,1007,1007,1007,1007,1007,1007,1007,1007,1007
1021,1021,1021,1021,1021,1021,1021,1021,1021,1021,1021
1023,1020,1020,1020,1020,1020,1020,1020,1020,1020,1020
1018,1018,1018,1018,1018,1018,1018,1018,1018,1018,1018
1005,1002,1002,1002,1002,1002,1002,1002,1002,1002,1002
984,984,984,984,984,984,984,984,984,984,984
956,953,953,953,953,952,952,952,952,952,952
920,920,920,920,920,920,920,920,920,920,920
878,875,875,875,875,875,875,875,875,875,875
831,831,831,831,831,831,831,831,831,831,831
778,775,775,775,775,775,775,775,775,774,774
721,721,721,721,721,721,721,721,721,721,721
661,658,658,658,658,658,658,657,657,657,657
598,598,598,598,598,598,598,598,598,598,598
534,531,531,531,531,531,531,531,531,531,531
470,470,470,470,470,470,470,470,470,470,470
407,403,403,403,403,403,403,403,403,403,403
345,345,345,345,345,345,345,345,345,345,345
285,282,282,282,282,282,282,282,282,282,282
229,229,229,229,229,229,229,229,229,229,229
178,175,175,175,175,175,175,175,175,175,175
132,132,132,132,132,132,132,132,132,132,132
92,89,89,89,89,89,89,89,89,89,89
58,58,58,58,58,58,58,58,58,58,58
32,29,29,29,29,29,29,29,29,29,29
13,13,13,13,13,13,13,13,13,13,13
2,0,0,0,0,0,0,0,0,0,0
0,0,0,0,0,0,0,0,0,0,0
5,2,2,2,2,2,2,2,2,2,2
18,18,18,18,18,18,18,18,18,18,18
39,36,36,36,36,36,36,36,36,36,36
67,67,67,67,67,67,67,67,67,67,67
103,100,100,100,100,100,100,100,100,100,100
145,145,145,145,145,145,145,145,145,145,145
192,189,189,189,189,189,190,190,190,190,190
245,245,245,245,245,245,245,245,245,245,245
302,299,299,299,299,299,299,299,299,299,299
362,362,362,362,362,362,362,362,362,362,362
425,422,422,422,422,422,422,422,422,422,422
488,488,488,488,488,488,488,488,488,488,488
553,550,550,550,550,550,550,550,550,550,550
616,616,616,616,616,616,616,616,616,616,616
678,675,675,676,676,676,676,676,676,676,676
738,738,738,738,738,738,738,738,738,738,738
793,791,791,791,791,791,791,791,791,791,791
845,845,845,845,845,845,845,845,845,845,845
891,888,888,888,888,888,888,888,888,888,888
931,931,931,931,931,931,931,931,931,931,931
964,962,962,962,962,962,962,962,962,962,962
991,991,991,991,991,991,991,991,991,991,991
1010,1007,1007,1007,1007,1007,1007,1007,1007,1007,1007
1021,1021,1021,1021,1021,1021,1021,1021,1021,1021,1021
1023,1020,1020,1020,1020,1020,1020,1020,1020,1020,1020
1018,1018,1018,1018,1018,1018,1018,1018,1018,1018,1018
1005,1002,1002,1002,1002,1002,1002,1002,1002,1002,1002
984,984,984,984,984,984,984,984,984,984,984
956,953,953,953,953,953,953,953,952,952,952
920,920,920,920,920,920,920,920,920,920,920
878,875,875,875,875,875,875,875,875,875,875
831,831,831,831,831,831,831,831,831,831,831
778,775,775,775,775,775,775,775,775,775,775
721,721,721,721,721,721,721,721,721,721,721
661,658,658,658,658,658,658,658,658,658,657
599,599,599,599,599,599,599,599,599,599,599
535,532,532,531,531,531,531,531,531,531,531
470,470,470,470,470,470,470,470,470,470,470
407,404,404,404,403,403,403,403,403,403,403
345,345,345,345,345,345,345,345,345,345,345
285,282,282,282,282,282,282,282,282,282,282
230,230,230,230,230,230,230,230,230,230,230
178,175,175,175,175,175,175,175,175,175,175
132,132,132,132,132,132,132,132,132,132,132
92,89,89,89,89,89,89,89,89,89,89
59,59,59,59,59,59,59,59,59,59,59
32,29,29,29,29,29,29,29,29,29,29
13,13,13,13,13,13,13,13,13,13,13
2,0,0,0,0,0,0,0,0,0,0
0,0,0,0,0,0,0,0,0,0,0
5,2,2,2,2,2,2,2,2,2,2
18,18,18,18,18,18,18,18,18,18,18
39,36,36,36,36,36,36,36,36,36,36
67,67,67,67,67,67,67,67,67,67,67
103,100,100,100,100,100,100,100,100,100,100
144,144,144,144,144,144,144,144,144,144,144
192,189,189,189,189,189,189,189,189,190,190
245,245,245,245,245,245,245,245,245,245,245
302,299,299,299,299,299,299,299,299,299,299
362,362,362,362,362,362,362,362,362,362,362
424,421,421,422,422,422,422,422,422,422,422
488,488,488,488,488,488,488,488,488,488,488
553,550,550,550,550,550,550,550,550,550,550
616,616,616,616,616,616,616,616,616,616,616
678,675,675,675,675,675,676,676,676,676,676
738,738,738,738,738,738,738,738,738,738,738
793,790,790,790,791,791,791,791,791,791,791
845,845,845,845,845,845,845,845,845,845,845
891,888,888,888,888,888,888,888,888,888,888
931,931,931,931,931,931,931,931,931,931,931
964,961,961,961,962,962,962,962,962,962,962
991,991,991,991,991,991,991,991,991,991,991
1010,1007,1007,1007,1007,1007,1007,1007,1007,1007,1007
1020,1020,1020,1020,1020,1020,1020,1020,1020,1020,1020
1023,1020,1020,1020,1020,1020,1020,1020,1020,1020,1020
1018,1018,1018,1018,1018,1018,1018,1018,1018,1018,1018
1005,1002,1002,1002,1002,1002,1002,1002,1002,1002,1002
984,984,984,984,984,984,984,984,984,984,984
956,953,953,953,953,953,953,953,953,953,953
920,920,920,920,920,920,920,920,920,920,920
879,876,876,875,875,875,875,875,875,875,875
831,831,831,831,831,831,831,831,831,831,831
778,775,775,775,775,775,775,775,775,775,775
721,721,721,721,721,721,721,721,721,721,721
661,658,658,658,658,658,658,658,658,658,658
599,599,599,599,599,599,599,599,599,599,599
535,532,532,532,532,532,531,531,531,531,531
471,471,471,471,471,471,471,471,471,471,471
407,404,404,404,404,404,404,403,403,403,403
345,345,345,345,345,345,345,345,345,345,345
286,282,282,282,282,282,282,282,282,282,282
230,230,230,230,230,230,230,230,230,230,230
178,175,175,175,175,175,175,175,175,175,175
132,132,132,132,132,132,132,132,132,132,132
92,89,89,89,89,89,89,89,89,89,89
59,59,59,59,59,59,59,59,59,59,59
32,29,29,29,29,29,29,29,29,29,29
13,13,13,13,13,13,13,13,13,13,13
3,0,0,0,0,0,0,0,0,0,0
0,0,0,0,0,0,0,0,0,0,0
5,2,2,2,2,2,2,2,2,2,2
18,18,18,18,18,18,18,18,18,18,18
39,36,36,36,36,36,36,36,36,36,36
67,67,67,67,67,67,67,67,67,67,67
102,100,100,100,100,100,100,100,100,100,100
144,144,144,144,144,144,144,144,144,144,144
192,189,189,189,189,189,189,189,189,189,189
245,245,245,245,245,245,245,245,245,245,245
301,299,299,299,299,299,299,299,299,299,299
362,362,362,362,362,362,362,362,362,362,362
424,421,421,421,421,421,422,422,422,422,422
488,488,488,488,488,488,488,488,488,488,488
552,549,549,550,550,550,550,550,550,550,550
616,616,616,616,616,616,616,616,616,616,616
678,675,675,675,675,675,675,675,675,676,676
737,737,737,737,737,737,737,737,737,737,737
793,790,790,790,790,790,790,791,791,791,791
845,845,845,845,845,845,845,845,845,845,845
891,888,888,888,888,888,888,888,888,888,888
931,931,931,931,931,931,931,931,931,931,931
964,961,961,961,961,961,961,962,962,962,962
991,991,991,991,991,991,991,991,991,991,991
1010,1007,1007,1007,1007,1007,1007,1007,1007,1007,1007
1020,1020,1020,1020,1020,1020,1020,1020,1020,1020,1020
1023,1020,1020,1020,1020,1020,1020,1020,1020,1020,1020
1018,1018,1018,1018,1018,1018,1018,1018,1018,1018,1018
1005,1002,1002,1002,1002,1002,1002,1002,1002,1002,1002
984,984,984,984,984,984,984,984,984,984,984
956,953,953,953,953,953,953,953,953,953,953
921,921,921,921,921,921,921,921,921,921,921
879,876,876,876,876,876,875,875,875,875,875
831,831,831,831,831,831,831,831,831,831,831
778,775,775,775,775,775,775,775,775,775,775
722,722,722,722,722,722,722,722,722,722,722
661,658,658,658,658,658,658,658,658,658,658
599,599,599,599,599,599,599,599,599,599,599
535,532,532,532,532,532,532,532,532,531,531
471,471,471,471,471,471,471,471,471,471,471
407,404,404,404,404,404,404,404,404,404,403
345,345,345,345,345,345,345,345,345,345,345
286,283,283,283,282,282,282,282,282,282,282
230,230,230,230,230,230,230,230,230,230,230
179,175,175,175,175,175,175,175,175,175,175
132,132,132,132,132,132,132,132,132,132,132
92,89,89,89,89,89,89,89,89,89,89
59,59,59,59,59,59,59,59,59,59,59
32,29,29,29,29,29,29,29,29,29,29
14,14,14,14,14,14,14,14,14,14,14
3,0,0,0,0,0,0,0,0,0,0
0,0,0,0,0,0,0,0,0,0,0
5,2,2,2,2,2,2,2,2,2,2
18,18,18,18,18,18,18,18,18,18,18
39,36,36,36,36,36,36,36,36,36,36
67,67,67,67,67,67,67,67,67,67,67
102,99,99,99,100,100,100,100,100,100,100
144,144,144,144,144,144,144,144,144,144,144
192,189,189,189,189,189,189,189,189,189,189
244,244,244,244,244,244,244,244,244,244,244
301,298,298,298,299,299,299,299,299,299,299
361,361,361,361,361,361,361,361,361,361,361
424,421,421,421,421,421,421,421,421,422,422
488,488,488,488,488,488,488,488,488,488,488
552,549,549,549,549,549,550,550,550,550,550
616,616,616,616,616,616,616,616,616,616,616
678,675,675,675,675,675,675,675,675,675,675
737,737,737,737,737,737,737,737,737,737,737
793,790,790,790,790,790,790,790,790,790,791
844,844,844,844,844,844,844,844,844,844,844
891,888,888,888,888,888,888,888,888,888,888
931,931,931,931,931,931,931,931,931,931,931
964,961,961,961,961,961,961,961,961,961,962
991,991,991,991,991,991,991,991,991,991,991
1009,1006,1006,1007,1007,1007,1007,1007,1007,1007,1007
1020,1020,1020,1020,1020,1020,1020,1020,1020,1020,1020
1023,1020,1020,1020,1020,1020,1020,1020,1020,1020,1020
1018,1018,1018,1018,1018,1018,1018,1018,1018,1018,1018
1005,1002,1002,1002,1002,1002,1002,1002,1002,1002,1002
984,984,984,984,984,984,984,984,984,984,984
956,953,953,953,953,953,953,953,953,953,953
921,921,921,921,921,921,921,921,921,921,921
879,876,876,876,876,876,876,876,876,875,875
831,831,831,831,831,831,831,831,831,831,831
779,776,776,775,775,775,775,775,775,775,775
722,722,722,722,722,722,722,722,722,722,722
662,659,659,658,658,658,658,658,658,658,658
599,599,599,599,599,599,599,599,599,599,599
535,532,532,532,532,532,532,532,532,532,532
471,471,471,471,471,471,471,471,471,471,471
407,404,404,404,404,404,404,404,404,404,404
345,345,345,345,345,345,345,345,345,345,345
286,283,283,283,283,283,283,283,282,282,282
230,230,230,230,230,230,230,230,230,230,230
179,176,176,176,176,175,175,175,175,175,175
133,133,133,133,133,133,133,133,133,133,133
92,89,89,89,89,89,89,89,89,89,89
59,59,59,59,59,59,59,59,59,59,59
32,29,29,29,29,29,29,29,29,29,29
14,14,14,14,14,14,14,14,14,14,14
3,0,0,0,0,0,0,0,0,0,0
0,0,0,0,0,0,0,0,0,0,0
5,2,2,2,2,2,2,2,2,2,2
18,18,18,18,18,18,18,18,18,18,18
39,36,36,36,36,36,36,36,36,36,36
67,67,67,67,67,67,67,67,67,67,67
102,99,99,99,99,99,99,100,100,100,100
144,144,144,144,144,144,144,144,144,144,144
192,189,189,189,189,189,189,189,189,189,189
244,244,244,244,244,244,244,244,244,244,244
301,298,298,298,298,298,298,299,299,299,299
361,361,361,361,361,361,361,361,361,361,361
424,421,421,421,421,421,421,421,421,421,421
488,488,488,488,488,488,488,488,488,488,488
552,549,549,549,549,549,549,549,549,550,550
616,616,616,616,616,616,616,616,616,616,616
678,675,675,675,675,675,675,675,675,675,675
737,737,737,737,737,737,737,737,737,737,737
793,790,790,790,790,790,790,790,790,790,790
844,844,844,844,844,844,844,844,844,844,844
890,887,887,888,888,888,888,888,888,888,888
931,931,931,931,931,931,931,931,931,931,931
964,961,961,961,961,961,961,961,961,961,961
991,991,991,991,991,991,991,991,991,991,991
1009,1006,1006,1006,1006,1006,1007,1007,1007,1007,1007
1020,1020,1020,1020,1020,1020,1020,1020,1020,1020,1020
1023,1020,1020,1020,1020,1020,1020,1020,1020,1020,1020
1018,1018,1018,1018,1018,1018,1018,1018,1018,1018,1018
1005,1002,1002,1002,1002,1002,1002,1002,1002,1002,1002
984,984,984,984,984,984,984,984,984,984,984
956,953,953,953,953,953,953,953,953,953,953
921,921,921,921,921,921,921,921,921,921,921
879,876,876,876,876,876,876,876,876,876,876
831,831,831,831,831,831,831,831,831,831,831
779,776,776,776,776,776,776,775,775,775,775
722,722,722,722,722,722,722,722,722,722,722
662,659,659,659,659,659,658,658,658,658,658
599,599,599,599,599,599,599,599,599,599,599
535,532,532,532,532,532,532,532,532,532,532
471,471,471,471,471,471,471,471,471,471,471
407,404,404,404,404,404,404,404,404,404,404
345,345,345,345,345,345,345,345,345,345,345
286,283,283,283,283,283,283,283,283,283,283
230,230,230,230,230,230,230,230,230,230,230
179,176,176,176,176,176,176,176,175,175,175
133,133,133,133,133,133,133,133,133,133,133
93,89,89,89,89,89,89,89,89,89,89
59,59,59,59,59,59,59,59,59,59,59
32,29,29,29,29,29,29,29,29,29,29
14,14,14,14,14,14,14,14,14,14,14
3,0,0,0,0,0,0,0,0,0,0
0,0,0,0,0,0,0,0,0,0,0
5,2,2,2,2,2,2,2,2,2,2
18,18,18,18,18,18,18,18,18,18,18
39,36,36,36,36,36,36,36,36,36,36
67,67,67,67,67,67,67,67,67,67,67
102,99,99,99,99,99,99,99,99,99,100
144,144,144,144,144,144,144,144,144,144,144
191,189,189,189,189,189,189,189,189,189,189
244,244,244,244,244,244,244,244,244,244,244
301,298,298,298,298,298,298,298,298,298,298
361,361,361,361,361,361,361,361,361,361,361
424,421,421,421,421,421,421,421,421,421,421
487,487,487,487,487,487,487,487,487,487,487
552,549,549,549,549,549,549,549,549,549,549
615,615,615,615,615,615,615,615,615,615,615
677,674,675,675,675,675,675,675,675,675,675
737,737,737,737,737,737,737,737,737,737,737
793,790,790,790,790,790,790,790,790,790,790
844,844,844,844,844,844,844,844,844,844,844
890,887,887,887,887,887,888,888,888,888,888
930,930,930,930,930,930,930,930,930,930,930
964,961,961,961,961,961,961,961,961,961,961
990,990,990,990,990,990,990,990,990,990,990
1009,1006,1006,1006,1006,1006,1006,1006,1006,1007,1007
1020,1020,1020,1020,1020,1020,1020,1020,1020,1020,1020
1023,1020,1020,1020,1020,1020,1020,1020,1020,1020,1020
1018,1018,1018,1018,1018,1018,1018,1018,1018,1018,1018
1005,1002,1002,1002,1002,1002,1002,1002,1002,1002,1002
985,985,985,985,985,985,985,985,985,985,985
956,953,953,953,953,953,953,953,953,953,953
921,921,921,921,921,921,921,921,921,921,921
879,876,876,876,876,876,876,876,876,876,876
832,832,832,832,832,832,832,832,832,832,832
779,776,776,776,776,776,776,776,776,776,775
722,722,722,722,722,722,722,722,722,722,722
662,659,659,659,659,659,659,659,659,658,658
600,600,600,600,600,600,600,600,600,600,600
536,533,532,532,532,532,532,532,532,532,532
471,471,471,471,471,471,471,471,471,471,471
408,405,405,404,404,404,404,404,404,404,404
346,346,346,346,346,346,346,346,346,346,346
286,283,283,283,283,283,283,283,283,283,283
230,230,230,230,230,230,230,230,230,230,230
179,176,176,176,176,176,176,176,176,176,176
133,133,133,133,133,133,133,133,133,133,133
93,90,90,90,89,89,89,89,89,89,89
59,59,59,59,59,59,59,59,59,59,59
33,30,30,29,29,29,29,29,29,29,29
14,14,14,14,14,14,14,14,14,14,14
3,0,0,0,0,0,0,0,0,0,0
0,0,0,0,0,0,0,0,0,0,0
5,2,2,2,2,2,2,2,2,2,2
18,18,18,18,18,18,18,18,18,18,18
38,35,36,36,36,36,36,36,36,36,36
67,67,67,67,67,67,67,67,67,67,67
102,99,99,99,99,99,99,99,99,99,99
144,144,144,144,144,144,144,144,144,144,144
191,188,188,188,189,189,189,189,189,189,189
244,244,244,244,244,244,244,244,244,244,244
301,298,298,298,298,298,298,298,298,298,298
361,361,361,361,361,361,361,361,361,361,361
423,420,421,421,421,421,421,421,421,421,421
487,487,487,487,487,487,487,487,487,487,487
552,549,549,549,549,549,549,549,549,549,549
615,615,615,615,615,615,615,615,615,615,615
677,674,674,674,674,675,675,675,675,675,675
737,737,737,737,737,737,737,737,737,737,737
793,790,790,790,790,790,790,790,790,790,790
844,844,844,844,844,844,844,844,844,844,844
890,887,887,887,887,887,887,887,887,888,888
930,930,930,930,930,930,930,930,930,930,930
964,961,961,961,961,961,961,961,961,961,961
990,990,990,990,990,990,990,990,990,990,990
1009,1006,1006,1006,1006,1006,1006,1006,1006,1006,1006
1020,1020,1020,1020,1020,1020,1020,1020,1020,1020,1020
1023,1020,1020,1020,1020,1020,1020,1020,1020,1020,1020
1018,1018,1018,1018,1018,1018,1018,1018,1018,1018,1018
1005,1002,1002,1002,1002,1002,1002,1002,1002,1002,1002
985,985,985,985,985,985,985,985,985,985,985
956,953,953,953,953,953,953,953,953,953,953
921,921,921,921,921,921,921,921,921,921,921
879,876,876,876,876,876,876,876,876,876,876
832,832,832,832,832,832,832,832,832,832,832
779,776,776,776,776,776,776,776,776,776,776
722,722,722,722,722,722,722,722,722,722,722
662,659,659,659,659,659,659,659,659,659,659
600,600,600,600,600,600,600,600,600,600,600
536,533,533,533,533,532,532,532,532,532,532
472,472,472,472,472,472,472,472,472,472,472
408,405,405,405,405,405,404,404,404,404,404
346,346,346,346,346,346,346,346,346,346,346
286,283,283,283,283,283,283,283,283,283,283
231,231,231,231,231,231,231,231,231,231,231
179,176,176,176,176,176,176,176,176,176,176
133,133,133,133,133,133,133,133,133,133,133
93,90,90,90,90,90,90,89,89,89,89
59,59,59,59,59,59,59,59,59,59,59
33,30,30,30,30,30,29,29,29,29,29
14,14,14,14,14,14,14,14,14,14,14
3,0,0,0,0,0,0,0,0,0,0
0,0,0,0,0,0,0,0,0,0,0
5,2,2,2,2,2,2,2,2,2,2
18,18,18,18,18,18,18,18,18,18,18
38,35,35,35,35,36,36,36,36,36,36
67,67,67,67,67,67,67,67,67,67,67
102,99,99,99,99,99,99,99,99,99,99
144,144,144,144,144,144,144,144,144,144,144
191,188,188,188,188,188,188,189,189,189,189
244,244,244,244,244,244,244,244,244,244,244
301,298,298,298,298,298,298,298,298,298,298
361,361,361,361,361,361,361,361,361,361,361
423,420,420,420,420,421,421,421,421,421,421
487,487,487,487,487,487,487,487,487,487,487
551,548,549,549,549,549,549,549,549,549,549
615,615,615,615,615,615,615,615,615,615,615
677,674,674,674,674,674,674,674,675,675,675
736,736,736,736,736,736,736,736,736,736,736
792,789,789,790,790,790,790,790,790,790,790
844,844,844,844,844,844,844,844,844,844,844
890,887,887,887,887,887,887,887,887,887,887
930,930,930,930,930,930,930,930,930,930,930
964,961,961,961,961,961,961,961,961,961,961
990,990,990,990,990,990,990,990,990,990,990
1009,1006,1006,1006,1006,1006,1006,1006,1006,1006,1006
1020,1020,1020,1020,1020,1020,1020,1020,1020,1020,1020
1023,1020,1020,1020,1020,1020,1020,1020,1020,1020,1020
1018,1018,1018,1018,1018,1018,1018,1018,1018,1018,1018
1005,1002,1002,1002,1002,1002,1002,1002,1002,1002,1002
985,985,985,985,985,985,985,985,985,985,985
956,953,953,953,953,953,953,953,953,953,953
921,921,921,921,921,921,921,921,921,921,921
879,876,876,876,876,876,876,876,876,876,876
832,832,832,832,832,832,832,832,832,832,832
779,776,776,776,776,776,776,776,776,776,776
723,723,723,723,723,723,723,723,723,723,723
662,659,659,659,659,659,659,659,659,659,659
600,600,600,600,600,600,600,600,600,600,600
536,533,533,533,533,533,533,533,532,532,532
472,472,472,472,472,472,472,472,472,472,472
408,405,405,405,405,405,405,405,405,404,404
346,346,346,346,346,346,346,346,346,346,346
287,284,283,283,283,283,283,283,283,283,283
231,231,231,231,231,231,231,231,231,231,231
179,176,176,176,176,176,176,176,176,176,176
133,133,133,133,133,133,133,133,133,133,133
93,90,90,90,90,90,90,90,90,90,89
59,59,59,59,59,59,59,59,59,59,59
33,30,30,30,30,30,30,30,30,29,29
14,14,14,14,14,14,14,14,14,14,14
3,0,0,0,0,0,0,0,0,0,0
0,0,0,0,0,0,0,0,0,0,0
5,2,2,2,2,2,2,2,2,2,2
18,18,18,18,18,18,18,18,18,18,18
38,35,35,35,35,35,35,35,35,36,36
67,67,67,67,67,67,67,67,67,67,67
102,99,99,99,99,99,99,99,99,99,99
143,143,143,143,143,143,143,143,143,143,143
191,188,188,188,188,188,188,188,188,188,189
244,244,244,244,244,244,244,244,244,244,244
300,297,297,298,298,298,298,298,298,298,298
360,360,360,360,360,360,360,360,360,360,360
423,420,420,420,420,420,420,420,421,421,421
487,487,487,487,487,487,487,487,487,487,487
551,548,548,548,548,549,549,549,549,549,549
615,615,615,615,615,615,615,615,615,615,615
677,674,674,674,674,674,674,674,674,674,674
736,736,736,736,736,736,736,736,736,736,736
792,789,789,789,789,789,790,790,790,790,790
844,844,844,844,844,844,844,844,844,844,844
890,887,887,887,887,887,887,887,887,887,887
930,930,930,930,930,930,930,930,930,930,930
964,961,961,961,961,961,961,961,961,961,961
990,990,990,990,990,990,990,990,990,990,990
1009,1006,1006,1006,1006,1006,1006,1006,1006,1006,1006
1020,1020,1020,1020,1020,1020,1020,1020,1020,1020,1020
1023,1020,1020,1020,1020,1020,1020,1020,1020,1020,1020
1018,1018,1018,1018,1018,1018,1018,1018,1018,1018,1018
1005,1002,1002,1002,1002,1002,1002,1002,1002,1002,1002
985,985,985,985,985,985,985,985,985,985,985
957,953,953,953,953,953,953,953,953,953,953
921,921,921,921,921,921,921,921,921,921,921
880,877,876,876,876,876,876,876,876,876,876
832,832,832,832,832,832,832,832,832,832,832
780,776,776,776,776,776,776,776,776,776,776
723,723,723,723,723,723,723,723,723,723,723
663,660,659,659,659,659,659,659,659,659,659
600,600,600,600,600,600,600,600,600,600,600
536,533,533,533,533,533,533,533,533,533,533
472,472,472,472,472,472,472,472,472,472,472
408,405,405,405,405,405,405,405,405,405,405
346,346,346,346,346,346,346,346,346,346,346
287,284,284,284,284,283,283,283,283,283,283
231,231,231,231,231,231,231,231,231,231,231
179,176,176,176,176,176,176,176,176,176,176
133,133,133,133,133,133,133,133,133,133,133
93,90,90,90,90,90,90,90,90,90,90
59,59,59,59,59,59,59,59,59,59,59
33,30,30,30,30,30,30,30,30,30,30
14,14,14,14,14,14,14,14,14,14,14
3,0,0,0,0,0,0,0,0,0,0
0,0,0,0,0,0,0,0,0,0,0
5,2,2,2,2,2,2,2,2,2,2
17,17,17,17,17,17,17,17,17,17,17
38,35,35,35,35,35,35,35,35,35,35
66,66,66,66,66,66,66,66,66,66,66
102,99,99,99,99,99,99,99,99,99,99
143,143,143,143,143,143,143,143,143,143,143
191,188,188,188,188,188,188,188,188,188,188
243,243,243,243,243,243,243,243,243,243,243
300,297,297,297,297,297,298,298,298,298,298
360,360,360,360,360,360,360,360,360,360,360
423,420,420,420,420,420,420,420,420,420,420
487,487,487,487,487,487,487,487,487,487,487
551,548,548,548,548,548,548,548,549,549,549
615,615,615,615,615,615,615,615,615,615,615
677,674,674,674,674,674,674,674,674,674,674
736,736,736,736,736,736,736,736,736,736,736
792,789,789,789,789,789,789,789,789,789,790
843,843,843,843,843,843,843,843,843,843,843
890,887,887,887,887,887,887,887,887,887,887
930,930,930,930,930,930,930,930,930,930,930
964,961,961,961,961,961,961,961,961,961,961
990,990,990,990,990,990,990,990,990,990,990
1009,1006,1006,1006,1006,1006,1006,1006,1006,1006,1006
1020,1020,1020,1020,1020,1020,1020,1020,1020,1020,1020
1023,1020,1020,1020,1020,1020,1020,1020,1020,1020,1020
1018,1018,1018,1018,1018,1018,1018,1018,1018,1018,1018
1006,1003,1003,1002,1002,1002,1002,1002,1002,1002,1002
985,985,985,985,985,985,985,985,985,985,985
957,954,954,954,953,953,953,953,953,953,953
921,921,921,921,921,921,921,921,921,921,921
880,877,877,877,877,876,876,876,876,876,876
832,832,832,832,832,832,832,832,832,832,832
780,777,777,777,776,776,776,776,776,776,776
723,723,723,723,723,723,723,723,723,723,723
663,660,660,660,660,659,659,659,659,659,659
600,600,600,600,600,600,600,600,600,600,600
536,533,533,533,533,533,533,533,533,533,533
472,472,472,472,472,472,472,472,472,472,472
408,405,405,405,405,405,405,405,405,405,405
346,346,346,346,346,346,346,346,346,346,346
287,284,284,284,284,284,284,284,284,283,283
231,231,231,231,231,231,231,231,231,231,231
180,177,176,176,176,176,176,176,176,176,176
133,133,133,133,133,133,133,133,133,133,133
93,90,90,90,90,90,90,90,90,90,90
59,59,59,59,59,59,59,59,59,59,59
33,30,30,30,30,30,30,30,30,30,30
14,14,14,14,14,14,14,14,14,14,14
3,0,0,0,0,0,0,0,0,0,0
0,0,0,0,0,0,0,0,0,0,0
4,2,2,2,2,2,2,2,2,2,2
17,17,17,17,17,17,17,17,17,17,17
38,35,35,35,35,35,35,35,35,35,35
66,66,66,66,66,66,66,66,66,66,66
102,99,99,99,99,99,99,99,99,99,99
143,143,143,143,143,143,143,143,143,143,143
191,188,188,188,188,188,188,188,188,188,188
243,243,243,243,243,243,243,243,243,243,243
300,297,297,297,297,297,297,297,297,298,298
360,360,360,360,360,360,360,360,360,360,360
423,420,420,420,420,420,420,420,420,420,420
487,487,487,487,487,487,487,487,487,487,487
551,548,548,548,548,548,548,548,548,548,548
614,614,614,614,614,614,614,614,614,614,614
677,674,674,674,674,674,674,674,674,674,674
736,736,736,736,736,736,736,736,736,736,736
792,789,789,789,789,789,789,789,789,789,789
843,843,843,843,843,843,843,843,843,843,843
890,887,887,887,887,887,887,887,887,887,887
930,930,930,930,930,930,930,930,930,930,930
964,961,961,961,961,961,961,961,961,961,961
990,990,990,990,990,990,990,990,990,990,990
1009,1006,1006,1006,1006,1006,1006,1006,1006,1006,1006
1020,1020,1020,1020,1020,1020,1020,1020,1020,1020,1020
1023,1020,1020,1020,1020,1020,1020,1020,1020,1020,1020
1019,1019,1019,1019,1019,1019,1019,1019,1019,1019,1019
1006,1003,1003,1003,1003,1003,1002,1002,1002,1002,1002
985,985,985,985,985,985,985,985,985,985,985
957,954,954,954,954,954,954,953,953,953,953
922,922,922,922,922,922,922,922,922,922,922
880,877,877,877,877,877,877,877,876,876,876
832,832,832,832,832,832,832,832,832,832,832
780,777,777,777,777,777,777,776,776,776,776
723,723,723,723,723,723,723,723,723,723,723
663,660,660,660,660,660,660,660,659,659,659
600,600,600,600,600,600,600,600,600,600,600
537,534,533,533,533,533,533,533,533,533,533
472,472,472,472,472,472,472,472,472,472,472
409,406,406,405,405,405,405,405,405,405,405
347,347,347,347,347,347,347,347,347,347,347
287,284,284,284,284,284,284,284,284,284,284
231,231,231,231,231,231,231,231,231,231,231
180,177,177,177,177,176,176,176,176,176,176
133,133,133,133,133,133,133,133,133,133,133
93,90,90,90,90,90,90,90,90,90,90
59,59,59,59,59,59,59,59,59,59,59
33,30,30,30,30,30,30,30,30,30,30
14,14,14,14,14,14,14,14,14,14,14
3,0,0,0,0,0,0,0,0,0,0
0,0,0,0,0,0,0,0,0,0,0
4,1,1,1,1,2,2,2,2,2,2
17,17,17,17,17,17,17,17,17,17,17
38,35,35,35,35,35,35,35,35,35,35
66,66,66,66,66,66,66,66,66,66,66
101,98,99,99,99,99,99,99,99,99,99
143,143,143,143,143,143,143,143,143,143,143
191,188,188,188,188,188,188,188,188,188,188
243,243,243,243,243,243,243,243,243,243,243
300,297,297,297,297,297,297,297,297,297,297
360,360,360,360,360,360,360,360,360,360,360
422,419,420,420,420,420,420,420,420,420,420
486,486,486,486,486,486,486,486,486,486,486
551,548,548,548,548,548,548,548,548,548,548
614,614,614,614,614,614,614,614,614,614,614
676,673,673,674,674,674,674,674,674,674,674
736,736,736,736,736,736,736,736,736,736,736
792,789,789,789,789,789,789,789,789,789,789
843,843,843,843,843,843,843,843,843,843,843
889,886,887,887,887,887,887,887,887,887,887
930,930,930,930,930,930,930,930,930,930,930
963,960,961,961,961,961,961,961,961,961,961
990,990,990,990,990,990,990,990,990,990,990
1009,1006,1006,1006,1006,1006,1006,1006,1006,1006,1006
1020,1020,1020,1020,1020,1020,1020,1020,1020,1020,1020
1023,1020,1020,1020,1020,1020,1020,1020,1020,1020,1020
1019,1019,1019,1019,1019,1019,1019,1019,1019,1019,1019
1006,1003,1003,1003,1003,1003,1003,1003,1003,1002,1002
985,985,985,985,985,985,985,985,985,985,985
957,954,954,954,954,954,954,954,954,954,953
922,922,922,922,922,922,922,922,922,922,922
880,877,877,877,877,877,877,877,877,877,877
833,833,833,833,833,833,833,833,833,833,833
780,777,777,777,777,777,777,777,777,777,776
723,723,723,723,723,723,723,723,723,723,723
663,660,660,660,660,660,660,660,660,660,660
601,601,601,601,601,601,601,601,601,601,601
537,534,534,534,534,533,533,533,533,533,533
472,472,472,472,472,472,472,472,472,472,472
409,406,406,406,406,406,405,405,405,405,405
347,347,347,347,347,347,347,347,347,347,347
287,284,284,284,284,284,284,284,284,284,284
231,231,231,231,231,231,231,231,231,231,231
180,177,177,177,177,177,177,177,176,176,176
134,134,134,134,134,134,134,134,134,134,134
93,90,90,90,90,90,90,90,90,90,90
60,60,60,60,60,60,60,60,60,60,60
33,30,30,30,30,30,30,30,30,30,30
14,14,14,14,14,14,14,14,14,14,14
3,0,0,0,0,0,0,0,0,0,0
0,0,0,0,0,0,0,0,0,0,0
4,1,1,1,1,1,1,1,2,2,2
17,17,17,17,17,17,17,17,17,17,17
38,35,35,35,35,35,35,35,35,35,35
66,66,66,66,66,66,66,66,66,66,66
101,98,98,98,98,99,99,99,99,99,99
143,143,143,143,143,143,143,143,143,143,143
190,187,188,188,188,188,188,188,188,188,188
243,243,243,243,243,243,243,243,243,243,243
300,297,297,297,297,297,297,297,297,297,297
360,360,360,360,360,360,360,360,360,360,360
422,419,419,419,419,420,420,420,420,420,420
486,486,486,486,486,486,486,486,486,486,486
550,547,548,548,548,548,548,548,548,548,548
614,614,614,614,614,614,614,614,614,614,614
676,673,673,673,673,673,673,674,674,674,674
736,736,736,736,736,736,736,736,736,736,736
792,789,789,789,789,789,789,789,789,789,789
843,843,843,843,843,843,843,843,843,843,843
889,886,886,886,886,887,887,887,887,887,887
930,930,930,930,930,930,930,930,930,930,930
963,960,960,960,960,961,961,961,961,961,961
990,990,990,990,990,990,990,990,990,990,990
1009,1006,1006,1006,1006,1006,1006,1006,1006,1006,1006
1020,1020,1020,1020,1020,1020,1020,1020,1020,1020,1020
1023,1020,1020,1020,1020,1020,1020,1020,1020,1020,1020
1019,1019,1019,1019,1019,1019,1019,1019,1019,1019,1019
1006,1003,1003,1003,1003,1003,1003,1003,1003,1003,1003
985,985,985,985,985,985,985,985,985,985,985
957,954,954,954,954,954,954,954,954,954,954
922,922,922,922,922,922,922,922,922,922,922
880,877,877,877,877,877,877,877,877,877,877
833,833,833,833,833,833,833,833,833,833,833
780,777,777,777,777,777,777,777,777,777,777
723,723,723,723,723,723,723,723,723,723,723
663,660,660,660,660,660,660,660,660,660,660
601,601,601,601,601,601,601,601,601,601,601
537,534,534,534,534,534,534,534,533,533,533
473,473,473,473,473,473,473,473,473,473,473
409,406,406,406,406,406,406,406,406,405,405
347,347,347,347,347,347,347,347,347,347,347
287,284,284,284,284,284,284,284,284,284,284
232,232,232,232,232,232,232,232,232,232,232
180,177,177,177,177,177,177,177,177,177,177
134,134,134,134,134,134,134,134,134,134,134
93,90,90,90,90,90,90,90,90,90,90
60,60,60,60,60,60,60,60,60,60,60
33,30,30,30,30,30,30,30,30,30,30
14,14,14,14,14,14,14,14,14,14,14
3,0,0,0,0,0,0,0,0,0,0
0,0,0,0,0,0,0,0,0,0,0
4,1,1,1,1,1,1,1,1,1,1
17,17,17,17,17,17,17,17,17,17,17
38,35,35,35,35,35,35,35,35,35,35
66,66,66,66,66,66,66,66,66,66,66
101,98,98,98,98,98,98,98,99,99,99
143,143,143,143,143,143,143,143,143,143,143
190,187,187,187,187,187,188,188,188,188,188
243,243,243,243,243,243,243,243,243,243,243
299,297,297,297,297,297,297,297,297,297,297
360,360,360,360,360,360,360,360,360,360,360
422,419,419,419,419,419,419,419,420,420,420
486,486,486,486,486,486,486,486,486,486,486
550,547,547,547,547,548,548,548,548,548,548
614,614,614,614,614,614,614,614,614,614,614
676,673,673,673,673,673,673,673,673,673,674
735,735,735,735,735,735,735,735,735,735,735
791,788,788,789,789,789,789,789,789,789,789
843,843,843,843,843,843,843,843,843,843,843
889,886,886,886,886,886,886,886,887,887,887
930,930,930,930,930,930,930,930,930,930,930
963,960,960,960,960,960,960,960,961,961,961
990,990,990,990,990,990,990,990,990,990,990
1009,1006,1006,1006,1006,1006,1006,1006,1006,1006,1006
1020,1020,1020,1020,1020,1020,1020,1020,1020,1020,1020
1023,1020,1020,1020,1020,1020,1020,1020,1020,1020,1020
1019,1019,1019,1019,1019,1019,1019,1019,1019,1019,1019
1006,1003,1003,1003,1003,1003,1003,1003,1003,1003,1003
985,985,985,985,985,985,985,985,985,985,985
957,954,954,954,954,954,954,954,954,954,954
922,922,922,922,922,922,922,922,922,922,922
880,877,877,877,877,877,877,877,877,877,877
833,833,833,833,833,833,833,833,833,833,833
780,777,777,777,777,777,777,777,777,777,777
724,724,724,724,724,724,724,724,724,724,724
664,660,660,660,660,660,660,660,660,660,660
601,601,601,601,601,601,601,601,601,601,601
537,534,534,534,534,534,534,534,534,534,534
473,473,473,473,473,473,473,473,473,473,473
409,406,406,406,406,406,406,406,406,406,406
347,347,347,347,347,347,347,347,347,347,347
288,285,285,284,284,284,284,284,284,284,284
232,232,232,232,232,232,232,232,232,232,232
180,177,177,177,177,177,177,177,177,177,177
134,134,134,134,134,134,134,134,134,134,134
94,90,90,90,90,90,90,90,90,90,90
60,60,60,60,60,60,60,60,60,60,60
33,30,30,30,30,30,30,30,30,30,30
14,14,14,14,14,14,14,14,14,14,14
3,0,0,0,0,0,0,0,0,0,0
0,0,0,0,0,0,0,0,0,0,0
4,1,1,1,1,1,1,1,1,1,1
17,17,17,17,17,17,17,17,17,17,17
38,35,35,35,35,35,35,35,35,35,35
66,66,66,66,66,66,66,66,66,66,66
101,98,98,98,98,98,98,98,98,98,98
143,143,143,143,143,143,143,143,143,143,143
190,187,187,187,187,187,187,187,187,188,188
243,243,243,243,243,243,243,243,243,243,243
299,296,296,296,297,297,297,297,297,297,297
359,359,359,359,359,359,359,359,359,359,359
422,419,419,419,419,419,419,419,419,419,419
486,486,486,486,486,486,486,486,486,486,486
550,547,547,547,547,547,547,547,548,548,548
614,614,614,614,614,614,614,614,614,614,614
676,673,673,673,673,673,673,673,673,673,673
735,735,735,735,735,735,735,735,735,735,735
791,788,788,788,788,788,789,789,789,789,789
843,843,843,843,843,843,843,843,843,843,843
889,886,886,886,886,886,886,886,886,886,886
929,929,929,929,929,929,929,929,929,929,929
963,960,960,960,960,960,960,960,960,960,960
990,990,990,990,990,990,990,990,990,990,990
1009,1006,1006,1006,1006,1006,1006,1006,1006,1006,1006
1020,1020,1020,1020,1020,1020,1020,1020,1020,1020,1020
1023,1020,1020,1020,1020,1020,1020,1020,1020,1020,1020
1019,1019,1019,1019,1019,1019,1019,1019,1019,1019,1019
1006,1003,1003,1003,1003,1003,1003,1003,1003,1003,1003
985,985,985,985,985,985,985,985,985,985,985
957,954,954,954,954,954,954,954,954,954,954
922,922,922,922,922,922,922,922,922,922,922
880,877,877,877,877,877,877,877,877,877,877
833,833,833,833,833,833,833,833,833,833,833
781,777,777,777,777,777,777,777,777,777,777
724,724,724,724,724,724,724,724,724,724,724
664,661,661,661,660,660,660,660,660,660,660
601,601,601,601,601,601,601,601,601,601,601
537,534,534,534,534,534,534,534,534,534,534
473,473,473,473,473,473,473,473,473,473,473
409,406,406,406,406,406,406,406,406,406,406
347,347,347,347,347,347,347,347,347,347,347
288,285,285,285,285,285,284,284,284,284,284
232,232,232,232,232,232,232,232,232,232,232
180,177,177,177,177,177,177,177,177,177,177
134,134,134,134,134,134,134,134,134,134,134
94,91,91,91,90,90,90,90,90,90,90
60,60,60,60,60,60,60,60,60,60,60
33,30,30,30,30,30,30,30,30,30,30
14,14,14,14,14,14,14,14,14,14,14
3,0,0,0,0,0,0,0,0,0,0
0,0,0,0,0,0,0,0,0,0,0
4,1,1,1,1,1,1,1,1,1,1
17,17,17,17,17,17,17,17,17,17,17
38,35,35,35,35,35,35,35,35,35,35
66,66,66,66,66,66,66,66,66,66,66
101,98,98,98,98,98,98,98,98,98,98
143,143,143,143,143,143,143,143,143,143,143
190,187,187,187,187,187,187,187,187,187,187
242,242,242,242,242,242,242,242,242,242,242
299,296,296,296,296,296,296,297,297,297,297
359,359,359,359,359,359,359,359,359,359,359
422,419,419,419,419,419,419,419,419,419,419
486,486,486,486,486,486,486,486,486,486,486
550,547,547,547,547,547,547,547,547,547,547
613,613,613,613,613,613,613,613,613,613,613
676,673,673,673,673,673,673,673,673,673,673
735,735,735,735,735,735,735,735,735,735,735
791,788,788,788,788,788,788,788,788,789,789
843,843,843,843,843,843,843,843,843,843,843
889,886,886,886,886,886,886,886,886,886,886
929,929,929,929,929,929,929,929,929,929,929
963,960,960,960,960,960,960,960,960,960,960
990,990,990,990,990,990,990,990,990,990,990
1009,1006,1006,1006,1006,1006,1006,1006,1006,1006,1006
1020,1020,1020,1020,1020,1020,1020,1020,1020,1020,1020
1023,1020,1020,1020,1020,1020,1020,1020,1020,1020,1020
1019,1019,1019,1019,1019,1019,1019,1019,1019,1019,1019
1006,1003,1003,1003,1003,1003,1003,1003,1003,1003,1003
985,985,985,985,985,985,985,985,985,985,985
957,954,954,954,954,954,954,954,954,954,954
922,922,922,922,922,922,922,922,922,922,922
881,877,877,877,877,877,877,877,877,877,877
833,833,833,833,833,833,833,833,833,833,833
781,778,778,778,777,777,777,777,777,777,777
724,724,724,724,724,724,724,724,724,724,724
664,661,661,661,661,661,661,660,660,660,660
601,601,601,601,601,601,601,601,601,601,601
538,535,534,534,534,534,534,534,534,534,534
473,473,473,473,473,473,473,473,473,473,473
410,407,406,406,406,406,406,406,406,406,406
348,348,348,348,348,348,348,348,348,348,348
288,285,285,285,285,285,285,285,285,285,284
232,232,232,232,232,232,232,232,232,232,232
180,177,177,177,177,177,177,177,177,177,177
134,134,134,134,134,134,134,134,134,134,134
94,91,91,91,91,91,91,90,90,90,90
60,60,60,60,60,60,60,60,60,60,60
33,30,30,30,30,30,30,30,30,30,30
14,14,14,14,14,14,14,14,14,14,14
3,0,0,0,0,0,0,0,0,0,0
0,0,0,0,0,0,0,0,0,0,0
4,1,1,1,1,1,1,1,1,1,1
17,17,17,17,17,17,17,17,17,17,17
38,35,35,35,35,35,35,35,35,35,35
66,66,66,66,66,66,66,66,66,66,66
101,98,98,98,98,98,98,98,98,98,98
142,142,142,142,142,142,142,142,142,142,142
190,187,187,187,187,187,187,187,187,187,187
242,242,242,242,242,242,242,242,242,242,242
299,296,296,296,296,296,296,296,296,296,297
359,359,359,359,359,359,359,359,359,359,359
421,419,419,419,419,419,419,419,419,419,419
485,485,485,485,485,485,485,485,485,485,485
550,547,547,547,547,547,547,547,547,547,547
613,613,613,613,613,613,613,613,613,613,613
675,672,673,673,673,673,673,673,673,673,673
735,735,735,735,735,735,735,735,735,735,735
791,788,788,788,788,788,788,788,788,788,788
842,842,842,842,842,842,842,842,842,842,842
889,886,886,886,886,886,886,886,886,886,886
929,929,929,929,929,929,929,929,929,929,929
963,960,960,960,960,960,960,960,960,960,960
990,990,990,990,990,990,990,990,990,990,990
1009,1006,1006,1006,1006,1006,1006,1006,1006,1006,1006
1020,1020,1020,1020,1020,1020,1020,1020,1020,1020,1020
1023,1020,1020,1020,1020,1020,1020,1020,1020,1020,1020
1019,1019,1019,1019,1019,1019,1019,1019,1019,1019,1019
1006,1003,1003,1003,1003,1003,1003,1003,1003,1003,1003
985,985,985,985,985,985,985,985,985,985,985
957,954,954,954,954,954,954,954,954,954,954
922,922,922,922,922,922,922,922,922,922,922
881,878,878,878,877,877,877,877,877,877,877
833,833,833,833,833,833,833,833,833,833,833
781,778,778,778,778,778,778,777,777,777,777
724,724,724,724,724,724,724,724,724,724,724
664,661,661,661,661,661,661,661,661,661,660
602,602,602,602,602,602,602,602,602,602,602
538,535,535,535,535,534,534,534,534,534,534
473,473,473,473,473,473,473,473,473,473,473
410,407,407,407,407,406,406,406,406,406,406
348,348,348,348,348,348,348,348,348,348,348
288,285,285,285,285,285,285,285,285,285,285
232,232,232,232,232,232,232,232,232,232,232
181,178,178,177,177,177,177,177,177,177,177
134,134,134,134,134,134,134,134,134,134,134
94,91,91,91,91,91,91,91,91,91,90
60,60,60,60,60,60,60,60,60,60,60
33,30,30,30,30,30,30,30,30,30,30
14,14,14,14,14,14,14,14,14,14,14
3,0,0,0,0,0,0,0,0,0,0
0,0,0,0,0,0,0,0,0,0,0
4,1,1,1,1,1,1,1,1,1,1
17,17,17,17,17,17,17,17,17,17,17
38,35,35,35,35,35,35,35,35,35,35
66,66,66,66,66,66,66,66,66,66,66
101,98,98,98,98,98,98,98,98,98,98
142,142,142,142,142,142,142,142,142,142,142
190,187,187,187,187,187,187,187,187,187,187
242,242,242,242,242,242,242,242,242,242,242
299,296,296,296,296,296,296,296,296,296,296
359,359,359,359,359,359,359,359,359,359,359
421,418,418,418,419,419,419,419,419,419,419
485,485,485,485,485,485,485,485,485,485,485
549,546,547,547,547,547,547,547,547,547,547
613,613,613,613,613,613,613,613,613,613,613
675,672,672,672,672,673,673,673,673,673,673
735,735,735,735,735,735,735,735,735,735,735
791,788,788,788,788,788,788,788,788,788,788
842,842,842,842,842,842,842,842,842,842,842
889,886,886,886,886,886,886,886,886,886,886
929,929,929,929,929,929,929,929,929,929,929
963,960,960,960,960,960,960,960,960,960,960
990,990,990,990,990,990,990,990,990,990,990
1009,1006,1006,1006,1006,1006,1006,1006,1006,1006,1006
1020,1020,1020,1020,1020,1020,1020,1020,1020,1020,1020
1023,1020,1020,1020,1020,1020,1020,1020,1020,1020,1020
1019,1019,1019,1019,1019,1019,1019,1019,1019,1019,1019
1006,1003,1003,1003,1003,1003,1003,1003,1003,1003,1003
985,985,985,985,985,985,985,985,985,985,985
957,954,954,954,954,954,954,954,954,954,954
922,922,922,922,922,922,922,922,922,922,922
881,878,878,878,878,878,878,877,877,877,877
833,833,833,833,833,833,833,833,833,833,833
781,778,778,778,778,778,778,778,778,778,777
724,724,724,724,724,724,724,724,724,724,724
664,661,661,661,661,661,661,661,661,661,661
602,602,602,602,602,602,602,602,602,602,602
538,535,535,535,535,535,535,535,534,534,534
474,474,474,474,474,474,474,474,474,474,474
410,407,407,407,407,407,407,407,406,406,406
348,348,348,348,348,348,348,348,348,348,348
288,285,285,285,285,285,285,285,285,285,285
232,232,232,232,232,232,232,232,232,232,232
181,178,178,178,178,178,177,177,177,177,177
134,134,134,134,134,134,134,134,134,134,134
94,91,91,91,91,91,91,91,91,91,91
60,60,60,60,60,60,60,60,60,60,60
33,30,30,30,30,30,30,30,30,30,30
14,14,14,14,14,14,14,14,14,14,14
3,0,0,0,0,0,0,0,0,0,0
0,0,0,0,0,0,0,0,0,0,0
4,1,1,1,1,1,1,1,1,1,1
17,17,17,17,17,17,17,17,17,17,17
38,35,35,35,35,35,35,35,35,35,35
66,66,66,66,66,66,66,66,66,66,66
101,98,98,98,98,98,98,98,98,98,98
142,142,142,142,142,142,142,142,142,142,142
189,187,187,187,187,187,187,187,187,187,187
242,242,242,242,242,242,242,242,242,242,242
299,296,296,296,296,296,296,296,296,296,296
359,359,359,359,359,359,359,359,359,359,359
421,418,418,418,418,418,418,419,419,419,419
485,485,485,485,485,485,485,485,485,485,485
549,546,546,546,546,547,547,547,547,547,547
613,613,613,613,613,613,613,613,613,613,613
675,672,672,672,672,672,672,672,673,673,673
735,735,735,735,735,735,735,735,735,735,735
791,788,788,788,788,788,788,788,788,788,788
842,842,842,842,842,842,842,842,842,842,842
889,886,886,886,886,886,886,886,886,886,886
929,929,929,929,929,929,929,929,929,929,929
963,960,960,960,960,960,960,960,960,960,960
990,990,990,990,990,990,990,990,990,990,990
1009,1006,1006,1006,1006,1006,1006,1006,1006,1006,1006
1020,1020,1020,1020,1020,1020,1020,1020,1020,1020,1020
1023,1020,1020,1020,1020,1020,1020,1020,1020,1020,1020
1019,1019,1019,1019,1019,1019,1019,1019,1019,1019,1019
1006,1003,1003,1003,1003,1003,1003,1003,1003,1003,1003
985,985,985,985,985,985,985,985,985,985,985
957,954,954,954,954,954,954,954,954,954,954
922,922,922,922,922,922,922,922,922,922,922
881,878,878,878,878,878,878,878,878,878,877
834,834,834,834,834,834,834,834,834,834,834
781,778,778,778,778,778,778,778,778,778,778
725,725,725,725,725,725,725,725,725,725,725
664,661,661,661,661,661,661,661,661,661,661
602,602,602,602,602,602,602,602,602,602,602
538,535,535,535,535,535,535,535,535,535,535
474,474,474,474,474,474,474,474,474,474,474
410,407,407,407,407,407,407,407,407,407,407
348,348,348,348,348,348,348,348,348,348,348
289,285,285,285,285,285,285,285,285,285,285
233,233,233,233,233,233,233,233,233,233,233
181,178,178,178,178,178,178,178,178,177,177
135,135,135,135,135,135,135,135,135,135,135
94,91,91,91,91,91,91,91,91,91,91
60,60,60,60,60,60,60,60,60,60,60
33,30,30,30,30,30,30,30,30,30,30
14,14,14,14,14,14,14,14,14,14,14
3,0,0,0,0,0,0,0,0,0,0
0,0,0,0,0,0,0,0,0,0,0
4,1,1,1,1,1,1,1,1,1,1
17,17,17,17,17,17,17,17,17,17,17
37,35,35,35,35,35,35,35,35,35,35
65,65,65,65,65,65,65,65,65,65,65
100,98,98,98,98,98,98,98,98,98,98
142,142,142,142,142,142,142,142,142,142,142
189,186,186,186,187,187,187,187,187,187,187
242,242,242,242,242,242,242,242,242,242,242
298,295,296,296,296,296,296,296,296,296,296
358,358,358,358,358,358,358,358,358,358,358
421,418,418,418,418,418,418,418,418,418,419
485,485,485,485,485,485,485,485,485,485,485
549,546,546,546,546,546,546,546,547,547,547
613,613,613,613,613,613,613,613,613,613,613
675,672,672,672,672,672,672,672,672,672,672
734,734,734,734,734,734,734,734,734,734,734
790,787,787,788,788,788,788,788,788,788,788
842,842,842,842,842,842,842,842,842,842,842
888,885,885,886,886,886,886,886,886,886,886
929,929,929,929,929,929,929,929,929,929,929
963,960,960,960,960,960,960,960,960,960,960
989,989,989,989,989,989,989,989,989,989,989
1009,1006,1006,1006,1006,1006,1006,1006,1006,1006,1006
1020,1020,1020,1020,1020,1020,1020,1020,1020,1020,1020
1023,1020,1020,1020,1020,1020,1020,1020,1020,1020,1020
1019,1019,1019,1019,1019,1019,1019,1019,1019,1019,1019
1006,1003,1003,1003,1003,1003,1003,1003,1003,1003,1003
986,986,986,986,986,986,986,986,986,986,986
958,955,955,954,954,954,954,954,954,954,954
923,923,923,923,923,923,923,923,923,923,923
881,878,878,878,878,878,878,878,878,878,878
834,834,834,834,834,834,834,834,834,834,834
781,778,778,778,778,778,778,778,778,778,778
725,725,725,725,725,725,725,725,725,725,725
665,662,662,661,661,661,661,661,661,661,661
602,602,602,602,602,602,602,602,602,602,602
538,535,535,535,535,535,535,535,535,535,535
474,474,474,474,474,474,474,474,474,474,474
410,407,407,407,407,407,407,407,407,407,407
348,348,348,348,348,348,348,348,348,348,348
289,286,286,286,285,285,285,285,285,285,285
233,233,233,233,233,233,233,233,233,233,233
181,178,178,178,178,178,178,178,178,178,178
135,135,135,135,135,135,135,135,135,135,135
94,91,91,91,91,91,91,91,91,91,91
60,60,60,60,60,60,60,60,60,60,60
34,31,30,30,30,30,30,30,30,30,30
14,14,14,14,14,14,14,14,14,14,14
3,0,0,0,0,0,0,0,0,0,0
0,0,0,0,0,0,0,0,0,0,0
4,1,1,1,1,1,1,1,1,1,1
17,17,17,17,17,17,17,17,17,17,17
37,34,34,34,35,35,35,35,35,35,35
65,65,65,65,65,65,65,65,65,65,65
100,97,97,97,98,98,98,98,98,98,98
142,142,142,142,142,142,142,142,142,142,142
189,186,186,186,186,186,186,187,187,187,187
242,242,242,242,242,242,242,242,242,242,242
298,295,295,295,295,296,296,296,296,296,296
358,358,358,358,358,358,358,358,358,358,358
421,418,418,418,418,418,418,418,418,418,418
485,485,485,485,485,485,485,485,485,485,485
549,546,546,546,546,546,546,546,546,546,546
613,613,613,613,613,613,613,613,613,613,613
675,672,672,672,672,672,672,672,672,672,672
734,734,734,734,734,734,734,734,734,734,734
790,787,787,787,787,787,788,788,788,788,788
842,842,842,842,842,842,842,842,842,842,842
888,885,885,885,885,885,886,886,886,886,886
929,929,929,929,929,929,929,929,929,929,929
963,960,960,960,960,960,960,960,960,960,960
989,989,989,989,989,989,989,989,989,989,989
1009,1006,1006,1006,1006,1006,1006,1006,1006,1006,1006
1020,1020,1020,1020,1020,1020,1020,1020,1020,1020,1020
1023,1020,1020,1020,1020,1020,1020,1020,1020,1020,1020
1019,1019,1019,1019,1019,1019,1019,1019,1019,1019,1019
1006,1003,1003,1003,1003,1003,1003,1003,1003,1003,1003
986,986,986,986,986,986,986,986,986,986,986
958,955,955,955,955,955,954,954,954,954,954
923,923,923,923,923,923,923,923,923,923,923
881,878,878,878,878,878,878,878,878,878,878
834,834,834,834,834,834,834,834,834,834,834
782,778,778,778,778,778,778,778,778,778,778
725,725,725,725,725,725,725,725,725,725,725
665,662,662,662,662,662,661,661,661,661,661
602,602,602,602,602,602,602,602,602,602,602
539,535,535,535,535,535,535,535,535,535,535
474,474,474,474,474,474,474,474,474,474,474
411,407,407,407,407,407,407,407,407,407,407
348,348,348,348,348,348,348,348,348,348,348
289,286,286,286,286,286,286,286,285,285,285
233,233,233,233,233,233,233,233,233,233,233
181,178,178,178,178,178,178,178,178,178,178
135,135,135,135,135,135,135,135,135,135,135
94,91,91,91,91,91,91,91,91,91,91
60,60,60,60,60,60,60,60,60,60,60
34,31,31,31,31,30,30,30,30,30,30
14,14,14,14,14,14,14,14,14,14,14
3,0,0,0,0,0,0,0,0,0,0
0,0,0,0,0,0,0,0,0,0,0
4,1,1,1,1,1,1,1,1,1,1
17,17,17,17,17,17,17,17,17,17,17
37,34,34,34,34,34,34,35,35,35,35
65,65,65,65,65,65,65,65,65,65,65
100,97,97,97,97,97,97,98,98,98,98
142,142,142,142,142,142,142,142,142,142,142
189,186,186,186,186,186,186,186,186,186,187
241,241,241,241,241,241,241,241,241,241,241
298,295,295,295,295,295,295,295,296,296,296
358,358,358,358,358,358,358,358,358,358,358
420,418,418,418,418,418,418,418,418,418,418
484,484,484,484,484,484,484,484,484,484,484
549,546,546,546,546,546,546,546,546,546,546
612,612,612,612,612,612,612,612,612,612,612
674,672,672,672,672,672,672,672,672,672,672
734,734,734,734,734,734,734,734,734,734,734
790,787,787,787,787,787,787,787,787,788,788
842,842,842,842,842,842,842,842,842,842,842
888,885,885,885,885,885,885,885,885,886,886
929,929,929,929,929,929,929,929,929,929,929
963,960,960,960,960,960,960,960,960,960,960
989,989,989,989,989,989,989,989,989,989,989
1009,1006,1006,1006,1006,1006,1006,1006,1006,1006,1006
1020,1020,1020,1020,1020,1020,1020,1020,1020,1020,1020
1023,1020,1020,1020,1020,1020,1020,1020,1020,1020,1020
1019,1019,1019,1019,1019,1019,1019,1019,1019,1019,1019
1006,1003,1003,1003,1003,1003,1003,1003,1003,1003,1003
986,986,986,986,986,986,986,986,986,986,986
958,955,955,955,955,955,955,955,955,954,954
923,923,923,923,923,923,923,923,923,923,923
881,878,878,878,878,878,878,878,878,878,878
834,834,834,834,834,834,834,834,834,834,834
782,779,779,779,778,778,778,778,778,778,778
725,725,725,725,725,725,725,725,725,725,725
665,662,662,662,662,662,662,662,662,661,661
603,603,603,603,603,603,603,603,603,603,603
539,536,536,536,535,535,535,535,535,535,535
474,474,474,474,474,474,474,474,474,474,474
411,408,408,408,407,407,407,407,407,407,407
349,349,349,349,349,349,349,349,349,349,349
289,286,286,286,286,286,286,286,286,286,286
233,233,233,233,233,233,233,233,233,233,233
181,178,178,178,178,178,178,178,178,178,178
135,135,135,135,135,135,135,135,135,135,135
94,91,91,91,91,91,91,91,91,91,91
61,61,61,61,61,61,61,61,61,61,61
34,31,31,31,31,31,31,31,30,30,30
14,14,14,14,14,14,14,14,14,14,14
3,0,0,0,0,0,0,0,0,0,0
0,0,0,0,0,0,0,0,0,0,0
4,1,1,1,1,1,1,1,1,1,1
17,17,17,17,17,17,17,17,17,17,17
37,34,34,34,34,34,34,34,34,34,35
65,65,65,65,65,65,65,65,65,65,65
100,97,97,97,97,97,97,97,97,97,98
142,142,142,142,142,142,142,142,142,142,142
189,186,186,186,186,186,186,186,186,186,186
241,241,241,241,241,241,241,241,241,241,241
298,295,295,295,295,295,295,295,295,295,295
358,358,358,358,358,358,358,358,358,358,358
420,417,417,417,418,418,418,418,418,418,418
484,484,484,484,484,484,484,484,484,484,484
548,546,546,546,546,546,546,546,546,546,546
612,612,612,612,612,612,612,612,612,612,612
674,671,671,671,672,672,672,672,672,672,672
734,734,734,734,734,734,734,734,734,734,734
790,787,787,787,787,787,787,787,787,787,787
842,842,842,842,842,842,842,842,842,842,842
888,885,885,885,885,885,885,885,885,885,885
929,929,929,929,929,929,929,929,929,929,929
962,959,960,960,960,960,960,960,960,960,960
989,989,989,989,989,989,989,989,989,989,989
1009,1006,1006,1006,1006,1006,1006,1006,1006,1006,1006
1020,1020,1020,1020,1020,1020,1020,1020,1020,1020,1020
1023,1020,1020,1020,1020,1020,1020,1020,1020,1020,1020
1019,1019,1019,1019,1019,1019,1019,1019,1019,1019,1019
1006,1003,1003,1003,1003,1003,1003,1003,1003,1003,1003
986,986,986,986,986,986,986,986,986,986,986
958,955,955,955,955,955,955,955,955,955,955
923,923,923,923,923,923,923,923,923,923,923
881,878,878,878,878,878,878,878,878,878,878
834,834,834,834,834,834,834,834,834,834,834
782,779,779,779,779,779,779,778,778,778,778
725,725,725,725,725,725,725,725,725,725,725
665,662,662,662,662,662,662,662,662,662,662
603,603,603,603,603,603,603,603,603,603,603
539,536,536,536,536,536,536,535,535,535,535
475,475,475,475,475,475,475,475,475,475,475
411,408,408,408,408,408,408,408,407,407,407
349,349,349,349,349,349,349,349,349,349,349
289,286,286,286,286,286,286,286,286,286,286
233,233,233,233,233,233,233,233,233,233,233
182,178,178,178,178,178,178,178,178,178,178
135,135,135,135,135,135,135,135,135,135,135
95,92,91,91,91,91,91,91,91,91,91
61,61,61,61,61,61,61,61,61,61,61
34,31,31,31,31,31,31,31,31,31,31
14,14,14,14,14,14,14,14,14,14,14
3,0,0,0,0,0,0,0,0,0,0
0,0,0,0,0,0,0,0,0,0,0
4,1,1,1,1,1,1,1,1,1,1
17,17,17,17,17,17,17,17,17,17,17
37,34,34,34,34,34,34,34,34,34,34
65,65,65,65,65,65,65,65,65,65,65
100,97,97,97,97,97,97,97,97,97,97
141,141,141,141,141,141,141,141,141,141,141
189,186,186,186,186,186,186,186,186,186,186
241,241,241,241,241,241,241,241,241,241,241
298,295,295,295,295,295,295,295,295,295,295
358,358,358,358,358,358,358,358,358,358,358
420,417,417,417,417,417,417,418,418,418,418
484,484,484,484,484,484,484,484,484,484,484
548,545,545,545,546,546,546,546,546,546,546
612,612,612,612,612,612,612,612,612,612,612
674,671,671,671,671,671,671,672,672,672,672
734,734,734,734,734,734,734,734,734,734,734
790,787,787,787,787,787,787,787,787,787,787
841,841,841,841,841,841,841,841,841,841,841
888,885,885,885,885,885,885,885,885,885,885
928,928,928,928,928,928,928,928,928,928,928
962,959,959,959,959,960,960,960,960,960,960
989,989,989,989,989,989,989,989,989,989,989
1009,1006,1006,1006,1006,1006,1006,1006,1006,1006,1006
1020,1020,1020,1020,1020,1020,1020,1020,1020,1020,1020
1023,1020,1020,1020,1020,1020,1020,1020,1020,1020,1020
1019,1019,1019,1019,1019,1019,1019,1019,1019,1019,1019
1006,1003,1003,1003,1003,1003,1003,1003,1003,1003,1003
986,986,986,986,986,986,986,986,986,986,986
958,955,955,955,955,955,955,955,955,955,955
923,923,923,923,923,923,923,923,923,923,923
882,879,879,878,878,878,878,878,878,878,878
834,834,834,834,834,834,834,834,834,834,834
782,779,779,779,779,779,779,779,779,779,778
725,725,725,725,725,725,725,725,725,725,725
665,662,662,662,662,662,662,662,662,662,662
603,603,603,603,603,603,603,603,603,603,603
539,536,536,536,536,536,536,536,536,536,535
475,475,475,475,475,475,475,475,475,475,475
411,408,408,408,408,408,408,408,408,408,408
349,349,349,349,349,349,349,349,349,349,349
289,286,286,286,286,286,286,286,286,286,286
233,233,233,233,233,233,233,233,233,233,233
182,179,179,179,178,178,178,178,178,178,178
135,135,135,135,135,135,135,135,135,135,135
95,92,92,92,92,91,91,91,91,91,91
61,61,61,61,61,61,61,61,61,61,61
34,31,31,31,31,31,31,31,31,31,31
14,14,14,14,14,14,14,14,14,14,14
3,0,0,0,0,0,0,0,0,0,0
0,0,0,0,0,0,0,0,0,0,0
4,1,1,1,1,1,1,1,1,1,1
17,17,17,17,17,17,17,17,17,17,17
37,34,34,34,34,34,34,34,34,34,34
65,65,65,65,65,65,65,65,65,65,65
100,97,97,97,97,97,97,97,97,97,97
141,141,141,141,141,141,141,141,141,141,141
189,186,186,186,186,186,186,186,186,186,186
241,241,241,241,241,241,241,241,241,241,241
298,295,295,295,295,295,295,295,295,295,295
357,357,357,357,357,357,357,357,357,357,357
420,417,417,417,417,417,417,417,417,417,418
484,484,484,484,484,484,484,484,484,484,484
548,545,545,545,545,545,545,546,546,546,546
612,612,612,612,612,612,612,612,612,612,612
674,671,671,671,671,671,671,671,671,671,672
733,733,733,733,733,733,733,733,733,733,733
790,787,787,787,787,787,787,787,787,787,787
841,841,841,841,841,841,841,841,841,841,841
888,885,885,885,885,885,885,885,885,885,885
928,928,928,928,928,928,928,928,928,928,928
962,959,959,959,959,959,959,959,960,960,960
989,989,989,989,989,989,989,989,989,989,989
1008,1005,1006,1006,1006,1006,1006,1006,1006,1006,1006
1020,1020,1020,1020,1020,1020,1020,1020,1020,1020,1020
1023,1020,1020,1020,1020,1020,1020,1020,1020,1020,1020
1019,1019,1019,1019,1019,1019,1019,1019,1019,1019,1019
1006,1003,1003,1003,1003,1003,1003,1003,1003,1003,1003
986,986,986,986,986,986,986,986,986,986,986
958,955,955,955,955,955,955,955,955,955,955
923,923,923,923,923,923,923,923,923,923,923
882,879,879,879,879,879,878,878,878,878,878
835,835,835,835,835,835,835,835,835,835,835
782,779,779,779,779,779,779,779,779,779,779
726,726,726,726,726,726,726,726,726,726,726
666,663,662,662,662,662,662,662,662,662,662
603,603,603,603,603,603,603,603,603,603,603
539,536,536,536,536,536,536,536,536,536,536
475,475,475,475,475,475,475,475,475,475,475
411,408,408,408,408,408,408,408,408,408,408
349,349,349,349,349,349,349,349,349,349,349
290,287,286,286,286,286,286,286,286,286,286
234,234,234,234,234,234,234,234,234,234,234
182,179,179,179,179,179,179,178,178,178,178
135,135,135,135,135,135,135,135,135,135,135
95,92,92,92,92,92,92,92,91,91,91
61,61,61,61,61,61,61,61,61,61,61
34,31,31,31,31,31,31,31,31,31,31
15,15,15,15,15,15,15,15,15,15,15
3,0,0,0,0,0,0,0,0,0,0
0,0,0,0,0,0,0,0,0,0,0
4,1,1,1,1,1,1,1,1,1,1
17,17,17,17,17,17,17,17,17,17,17
37,34,34,34,34,34,34,34,34,34,34
65,65,65,65,65,65,65,65,65,65,65
100,97,97,97,97,97,97,97,97,97,97
141,141,141,141,141,141,141,141,141,141,141
188,185,186,186,186,186,186,186,186,186,186
241,241,241,241,241,241,241,241,241,241,241
297,294,294,295,295,295,295,295,295,295,295
357,357,357,357,357,357,357,357,357,357,357
420,417,417,417,417,417,417,417,417,417,417
484,484,484,484,484,484,484,484,484,484,484
548,545,545,545,545,545,545,545,545,545,545
612,612,612,612,612,612,612,612,612,612,612
674,671,671,671,671,671,671,671,671,671,671
733,733,733,733,733,733,733,733,733,733,733
789,786,786,787,787,787,787,787,787,787,787
841,841,841,841,841,841,841,841,841,841,841
888,885,885,885,885,885,885,885,885,885,885
928,928,928,928,928,928,928,928,928,928,928
962,959,959,959,959,959,959,959,959,959,959
989,989,989,989,989,989,989,989,989,989,989
1008,1005,1005,1005,1005,1006,1006,1006,1006,1006,1006
1020,1020,1020,1020,1020,1020,1020,1020,1020,1020,1020
1023,1020,1020,1020,1020,1020,1020,1020,1020,1020,1020
1019,1019,1019,1019,1019,1019,1019,1019,1019,1019,1019
1006,1003,1003,1003,1003,1003,1003,1003,1003,1003,1003
986,986,986,986,986,986,986,986,986,986,986
958,955,955,955,955,955,955,955,955,955,955
923,923,923,923,923,923,923,923,923,923,923
882,879,879,879,879,879,879,879,879,878,878
835,835,835,835,835,835,835,835,835,835,835
782,779,779,779,779,779,779,779,779,779,779
726,726,726,726,726,726,726,726,726,726,726
666,663,663,663,663,662,662,662,662,662,662
603,603,603,603,603,603,603,603,603,603,603
540,536,536,536,536,536,536,536,536,536,536
475,475,475,475,475,475,475,475,475,475,475
412,408,408,408,408,408,408,408,408,408,408
349,349,349,349,349,349,349,349,349,349,349
290,287,287,287,287,287,286,286,286,286,286
234,234,234,234,234,234,234,234,234,234,234
182,179,179,179,179,179,179,179,179,179,178
135,135,135,135,135,135,135,135,135,135,135
95,92,92,92,92,92,92,92,92,92,92
61,61,61,61,61,61,61,61,61,61,61
34,31,31,31,31,31,31,31,31,31,31
15,15,15,15,15,15,15,15,15,15,15
3,0,0,0,0,0,0,0,0,0,0
0,0,0,0,0,0,0,0,0,0,0
4,1,1,1,1,1,1,1,1,1,1
17,17,17,17,17,17,17,17,17,17,17
37,34,34,34,34,34,34,34,34,34,34
65,65,65,65,65,65,65,65,65,65,65
100,97,97,97,97,97,97,97,97,97,97
141,141,141,141,141,141,141,141,141,141,141
188,185,185,185,185,186,186,186,186,186,186
241,241,241,241,241,241,241,241,241,241,241
297,294,294,294,294,294,295,295,295,295,295
357,357,357,357,357,357,357,357,357,357,357
420,417,417,417,417,417,417,417,417,417,417
483,483,483,483,483,483,483,483,483,483,483
548,545,545,545,545,545,545,545,545,545,545
611,611,611,611,611,611,611,611,611,611,611
674,671,671,671,671,671,671,671,671,671,671
733,733,733,733,733,733,733,733,733,733,733
789,786,786,786,786,786,787,787,787,787,787
841,841,841,841,841,841,841,841,841,841,841
887,885,885,885,885,885,885,885,885,885,885
928,928,928,928,928,928,928,928,928,928,928
962,959,959,959,959,959,959,959,959,959,959
989,989,989,989,989,989,989,989,989,989,989
1008,1005,1005,1005,1005,1005,1005,1005,1006,1006,1006
1020,1020,1020,1020,1020,1020,1020,1020,1020,1020,1020
1023,1020,1020,1020,1020,1020,1020,1020,1020,1020,1020
1019,1019,1019,1019,1019,1019,1019,1019,1019,1019,1019
1006,1003,1003,1003,1003,1003,1003,1003,1003,1003,1003
986,986,986,986,986,986,986,986,986,986,986
958,955,955,955,955,955,955,955,955,955,955
923,923,923,923,923,923,923,923,923,923,923
882,879,879,879,879,879,879,879,879,879,879
835,835,835,835,835,835,835,835,835,835,835
783,779,779,779,779,779,779,779,779,779,779
726,726,726,726,726,726,726,726,726,726,726
666,663,663,663,663,663,663,663,662,662,662
604,604,604,604,604,604,604,604,604,604,604
540,537,537,537,536,536,536,536,536,536,536
475,475,475,475,475,475,475,475,475,475,475
412,409,409,409,408,408,408,408,408,408,408
350,350,350,350,350,350,350,350,350,350,350
290,287,287,287,287,287,287,287,287,286,286
234,234,234,234,234,234,234,234,234,234,234
182,179,179,179,179,179,179,179,179,179,179
136,136,136,136,136,136,136,136,136,136,136
95,92,92,92,92,92,92,92,92,92,92
61,61,61,61,61,61,61,61,61,61,61
34,31,31,31,31,31,31,31,31,31,31
15,15,15,15,15,15,15,15,15,15,15
3,0,0,0,0,0,0,0,0,0,0
0,0,0,0,0,0,0,0,0,0,0
4,1,1,1,1,1,1,1,1,1,1
17,17,17,17,17,17,17,17,17,17,17
37,34,34,34,34,34,34,34,34,34,34
65,65,65,65,65,65,65,65,65,65,65
100,97,97,97,97,97,97,97,97,97,97
141,141,141,141,141,141,141,141,141,141,141
188,185,185,185,185,185,185,185,186,186,186
240,240,240,240,240,240,240,240,240,240,240
297,294,294,294,294,294,294,294,294,295,295
357,357,357,357,357,357,357,357,357,357,357
419,416,416,417,417,417,417,417,417,417,417
483,483,483,483,483,483,483,483,483,483,483
547,545,545,545,545,545,545,545,545,545,545
611,611,611,611,611,611,611,611,611,611,611
673,670,670,671,671,671,671,671,671,671,671
733,733,733,733,733,733,733,733,733,733,733
789,786,786,786,786,786,786,786,786,787,787
841,841,841,841,841,841,841,841,841,841,841
887,884,884,884,884,885,885,885,885,885,885
928,928,928,928,928,928,928,928,928,928,928
962,959,959,959,959,959,959,959,959,959,959
989,989,989,989,989,989,989,989,989,989,989
1008,1005,1005,1005,1005,1005,1005,1005,1005,1005,1005
1020,1020,1020,1020,1020,1020,1020,1020,1020,1020,1020
1023,1020,1020,1020,1020,1020,1020,1020,1020,1020,1020
1019,1019,1019,1019,1019,1019,1019,1019,1019,1019,1019
1006,1003,1003,1003,1003,1003,1003,1003,1003,1003,1003
986,986,986,986,986,986,986,986,986,986,986
958,955,955,955,955,955,955,955,955,955,955
923,923,923,923,923,923,923,923,923,923,923
882,879,879,879,879,879,879,879,879,879,879
835,835,835,835,835,835,835,835,835,835,835
783,780,780,780,779,779,779,779,779,779,779
726,726,726,726,726,726,726,726,726,726,726
666,663,663,663,663,663,663,663,663,663,663
604,604,604,604,604,604,604,604,604,604,604
540,537,537,537,537,537,537,536,536,536,536
476,476,476,476,476,476,476,476,476,476,476
412,409,409,409,409,409,409,408,408,408,408
350,350,350,350,350,350,350,350,350,350,350
290,287,287,287,287,287,287,287,287,287,287
234,234,234,234,234,234,234,234,234,234,234
182,179,179,179,179,179,179,179,179,179,179
136,136,136,136,136,136,136,136,136,136,136
95,92,92,92,92,92,92,92,92,92,92
61,61,61,61,61,61,61,61,61,61,61
34,31,31,31,31,31,31,31,31,31,31
15,15,15,15,15,15,15,15,15,15,15
3,0,0,0,0,0,0,0,0,0,0
0,0,0,0,0,0,0,0,0,0,0
4,1,1,1,1,1,1,1,1,1,1
17,17,17,17,17,17,17,17,17,17,17
37,34,34,34,34,34,34,34,34,34,34
65,65,65,65,65,65,65,65,65,65,65
99,96,97,97,97,97,97,97,97,97,97
141,141,141,141,141,141,141,141,141,141,141
188,185,185,185,185,185,185,185,185,185,185
240,240,240,240,240,240,240,240,240,240,240
297,294,294,294,294,294,294,294,294,294,294
357,357,357,357,357,357,357,357,357,357,357
419,416,416,416,416,416,417,417,417,417,417
483,483,483,483,483,483,483,483,483,483,483
547,544,544,544,545,545,545,545,545,545,545
611,611,611,611,611,611,611,611,611,611,611
673,670,670,670,670,670,671,671,671,671,671
733,733,733,733,733,733,733,733,733,733,733
789,786,786,786,786,786,786,786,786,786,786
841,841,841,841,841,841,841,841,841,841,841
887,884,884,884,884,884,884,884,885,885,885
928,928,928,928,928,928,928,928,928,928,928
962,959,959,959,959,959,959,959,959,959,959
989,989,989,989,989,989,989,989,989,989,989
1008,1005,1005,1005,1005,1005,1005,1005,1005,1005,1005
1020,1020,1020,1020,1020,1020,1020,1020,1020,1020,1020
1023,1020,1020,1020,1020,1020,1020,1020,1020,1020,1020
1019,1019,1019,1019,1019,1019,1019,1019,1019,1019,1019
1007,1003,1003,1003,1003,1003,1003,1003,1003,1003,1003
986,986,986,986,986,986,986,986,986,986,986
958,955,955,955,955,955,955,955,955,955,955
924,924,924,924,924,924,924,924,924,924,924
882,879,879,879,879,879,879,879,879,879,879
835,835,835,835,835,835,835,835,835,835,835
783,780,780,780,780,780,780,779,779,779,779
726,726,726,726,726,726,726,726,726,726,726
666,663,663,663,663,663,663,663,663,663,663
604,604,604,604,604,604,604,604,604,604,604
540,537,537,537,537,537,537,537,537,537,536
476,476,476,476,476,476,476,476,476,476,476
412,409,409,409,409,409,409,409,409,409,408
350,350,350,350,350,350,350,350,350,350,350
290,287,287,287,287,287,287,287,287,287,287
234,234,234,234,234,234,234,234,234,234,234
182,179,179,179,179,179,179,179,179,179,179
136,136,136,136,136,136,136,136,136,136,136
95,92,92,92,92,92,92,92,92,92,92
61,61,61,61,61,61,61,61,61,61,61
34,31,31,31,31,31,31,31,31,31,31
15,15,15,15,15,15,15,15,15,15,15
3,0,0,0,0,0,0,0,0,0,0
0,0,0,0,0,0,0,0,0,0,0
4,1,1,1,1,1,1,1,1,1,1
16,16,16,16,16,16,16,16,16,16,16
37,34,34,34,34,34,34,34,34,34,34
65,65,65,65,65,65,65,65,65,65,65
99,96,96,96,96,97,97,97,97,97,97
141,141,141,141,141,141,141,141,141,141,141
188,185,185,185,185,185,185,185,185,185,185
240,240,240,240,240,240,240,240,240,240,240
297,294,294,294,294,294,294,294,294,294,294
357,357,357,357,357,357,357,357,357,357,357
419,416,416,416,416,416,416,416,416,417,417
483,483,483,483,483,483,483,483,483,483,483
547,544,544,544,544,544,544,545,545,545,545
611,611,611,611,611,611,611,611,611,611,611
673,670,670,670,670,670,670,670,670,671,671
733,733,733,733,733,733,733,733,733,733,733
789,786,786,786,786,786,786,786,786,786,786
840,840,840,840,840,840,840,840,840,840,840
887,884,884,884,884,884,884,884,884,884,884
928,928,928,928,928,928,928,928,928,928,928
962,959,959,959,959,959,959,959,959,959,959
989,989,989,989,989,989,989,989,989,989,989
1008,1005,1005,1005,1005,1005,1005,1005,1005,1005,1005
1020,1020,1020,1020,1020,1020,1020,1020,1020,1020,1020
1023,1020,1020,1020,1020,1020,1020,1020,1020,1020,1020
1019,1019,1019,1019,1019,1019,1019,1019,1019,1019,1019
1007,1004,1004,1004,1003,1003,1003,1003,1003,1003,1003
986,986,986,986,986,986,986,986,986,986,986
959,956,955,955,955,955,955,955,955,955,955
924,924,924,924,924,924,924,924,924,924,924
882,879,879,879,879,879,879,879,879,879,879
835,835,835,835,835,835,835,835,835,835,835
783,780,780,780,780,780,780,780,780,780,779
726,726,726,726,726,726,726,726,726,726,726
667,663,663,663,663,663,663,663,663,663,663
604,604,604,604,604,604,604,604,604,604,604
540,537,537,537,537,537,537,537,537,537,537
476,476,476,476,476,476,476,476,476,476,476
412,409,409,409,409,409,409,409,409,409,409
350,350,350,350,350,350,350,350,350,350,350
290,287,287,287,287,287,287,287,287,287,287
234,234,234,234,234,234,234,234,234,234,234
183,180,179,179,179,179,179,179,179,179,179
136,136,136,136,136,136,136,136,136,136,136
95,92,92,92,92,92,92,92,92,92,92
61,61,61,61,61,61,61,61,61,61,61
34,31,31,31,31,31,31,31,31,31,31
15,15,15,15,15,15,15,15,15,15,15
3,0,0,0,0,0,0,0,0,0,0
0,0,0,0,0,0,0,0,0,0,0
4,1,1,1,1,1,1,1,1,1,1
16,16,16,16,16,16,16,16,16,16,16
37,34,34,34,34,34,34,34,34,34,34
64,64,64,64,64,64,64,64,64,64,64
99,96,96,96,96,96,96,96,97,97,97
141,141,141,141,141,141,141,141,141,141,141
188,185,185,185,185,185,185,185,185,185,185
240,240,240,240,240,240,240,240,240,240,240
296,294,294,294,294,294,294,294,294,294,294
356,356,356,356,356,356,356,356,356,356,356
419,416,416,416,416,416,416,416,416,416,416
483,483,483,483,483,483,483,483,483,483,483
547,544,544,544,544,544,544,544,544,544,545
611,611,611,611,611,611,611,611,611,611,611
673,670,670,670,670,670,670,670,670,670,670
732,732,732,732,732,732,732,732,732,732,732
789,786,786,786,786,786,786,786,786,786,786
840,840,840,840,840,840,840,840,840,840,840
887,884,884,884,884,884,884,884,884,884,884
928,928,928,928,928,928,928,928,928,928,928
962,959,959,959,959,959,959,959,959,959,959
989,989,989,989,989,989,989,989,989,989,989
1008,1005,1005,1005,1005,1005,1005,1005,1005,1005,1005
1020,1020,1020,1020,1020,1020,1020,1020,1020,1020,1020
1023,1020,1020,1020,1020,1020,1020,1020,1020,1020,1020
1019,1019,1019,1019,1019,1019,1019,1019,1019,1019,1019
1007,1004,1004,1004,1004,1004,1004,1003,1003,1003,1003
986,986,986,986,986,986,986,986,986,986,986
959,956,956,956,956,955,955,955,955,955,955
924,924,924,924,924,924,924,924,924,924,924
883,880,879,879,879,879,879,879,879,879,879
835,835,835,835,835,835,835,835,835,835,835
783,780,780,780,780,780,780,780,780,780,780
727,727,727,727,727,727,727,727,727,727,727
667,664,664,664,663,663,663,663,663,663,663
604,604,604,604,604,604,604,604,604,604,604
541,537,537,537,537,537,537,537,537,537,537
476,476,476,476,476,476,476,476,476,476,476
412,409,409,409,409,409,409,409,409,409,409
350,350,350,350,350,350,350,350,350,350,350
291,288,288,288,287,287,287,287,287,287,287
235,235,235,235,235,235,235,235,235,235,235
183,180,180,180,180,179,179,179,179,179,179
136,136,136,136,136,136,136,136,136,136,136
95,92,92,92,92,92,92,92,92,92,92
61,61,61,61,61,61,61,61,61,61,61
34,31,31,31,31,31,31,31,31,31,31
15,15,15,15,15,15,15,15,15,15,15
3,0,0,0,0,0,0,0,0,0,0
0,0,0,0,0,0,0,0,0,0,0
4,1,1,1,1,1,1,1,1,1,1
16,16,16,16,16,16,16,16,16,16,16
37,34,34,34,34,34,34,34,34,34,34
64,64,64,64,64,64,64,64,64,64,64
99,96,96,96,96,96,96,96,96,96,96
140,140,140,140,140,140,140,140,140,140,140
188,185,185,185,185,185,185,185,185,185,185
240,240,240,240,240,240,240,240,240,240,240
296,293,293,293,294,294,294,294,294,294,294
356,356,356,356,356,356,356,356,356,356,356
419,416,416,416,416,416,416,416,416,416,416
482,482,482,482,482,482,482,482,482,482,482
547,544,544,544,544,544,544,544,544,544,544
610,610,610,610,610,610,610,610,610,610,610
673,670,670,670,670,670,670,670,670,670,670
732,732,732,732,732,732,732,732,732,732,732
788,785,785,786,786,786,786,786,786,786,786
840,840,840,840,840,840,840,840,840,840,840
887,884,884,884,884,884,884,884,884,884,884
927,927,927,927,927,927,927,927,927,927,927
962,959,959,959,959,959,959,959,959,959,959
989,989,989,989,989,989,989,989,989,989,989
1008,1005,1005,1005,1005,1005,1005,1005,1005,1005,1005
1020,1020,1020,1020,1020,1020,1020,1020,1020,1020,1020
1023,1020,1020,1020,1020,1020,1020,1020,1020,1020,1020
1019,1019,1019,1019,1019,1019,1019,1019,1019,1019,1019
1007,1004,1004,1004,1004,1004,1004,1004,1004,1004,1003
986,986,986,986,986,986,986,986,986,986,986
959,956,956,956,956,956,956,956,955,955,955
924,924,924,924,924,924,924,924,924,924,924
883,880,880,880,880,879,879,879,879,879,879
836,836,836,836,836,836,836,836,836,836,836
783,780,780,780,780,780,780,780,780,780,780
727,727,727,727,727,727,727,727,727,727,727
667,664,664,664,664,664,664,663,663,663,663
605,605,605,605,605,605,605,605,605,605,605
541,538,538,538,537,537,537,537,537,537,537
476,476,476,476,476,476,476,476,476,476,476
413,410,410,409,409,409,409,409,409,409,409
350,350,350,350,350,350,350,350,350,350,350
291,288,288,288,288,288,288,287,287,287,287
235,235,235,235,235,235,235,235,235,235,235
183,180,180,180,180,180,180,180,179,179,179
136,136,136,136,136,136,136,136,136,136,136
96,93,93,92,92,92,92,92,92,92,92
61,61,61,61,61,61,61,61,61,61,61
34,31,31,31,31,31,31,31,31,31,31
15,15,15,15,15,15,15,15,15,15,15
3,0,0,0,0,0,0,0,0,0,0
0,0,0,0,0,0,0,0,0,0,0
4,1,1,1,1,1,1,1,1,1,1
16,16,16,16,16,16,16,16,16,16,16
37,34,34,34,34,34,34,34,34,34,34
64,64,64,64,64,64,64,64,64,64,64
99,96,96,96,96,96,96,96,96,96,96
140,140,140,140,140,140,140,140,140,140,140
187,184,184,185,185,185,185,185,185,185,185
240,240,240,240,240,240,240,240,240,240,240
296,293,293,293,293,293,293,293,294,294,294
356,356,356,356,356,356,356,356,356,356,356
418,415,415,416,416,416,416,416,416,416,416
482,482,482,482,482,482,482,482,482,482,482
546,544,544,544,544,544,544,544,544,544,544
610,610,610,610,610,610,610,610,610,610,610
672,669,670,670,670,670,670,670,670,670,670
732,732,732,732,732,732,732,732,732,732,732
788,785,785,785,785,785,786,786,786,786,786
840,840,840,840,840,840,840,840,840,840,840
887,884,884,884,884,884,884,884,884,884,884
927,927,927,927,927,927,927,927,927,927,927
962,959,959,959,959,959,959,959,959,959,959
989,989,989,989,989,989,989,989,989,989,989
1008,1005,1005,1005,1005,1005,1005,1005,1005,1005,1005
1020,1020,1020,1020,1020,1020,1020,1020,1020,1020,1020
1023,1020,1020,1020,1020,1020,1020,1020,1020,1020,1020
1019,1019,1019,1019,1019,1019,1019,1019,1019,1019,1019
1007,1004,1004,1004,1004,1004,1004,1004,1004,1004,1004
987,987,987,987,987,987,987,987,987,987,987
959,956,956,956,956,956,956,956,956,956,956
924,924,924,924,924,924,924,924,924,924,924
883,880,880,880,880,880,880,880,879,879,879
836,836,836,836,836,836,836,836,836,836,836
784,780,780,780,780,780,780,780,780,780,780
727,727,727,727,727,727,727,727,727,727,727
667,664,664,664,664,664,664,664,664,664,663
605,605,605,605,605,605,605,605,605,605,605
541,538,538,538,538,538,538,537,537,537,537
477,477,477,477,477,477,477,477,477,477,477
413,410,410,410,410,410,409,409,409,409,409
351,351,351,351,351,351,351,351,351,351,351
291,288,288,288,288,288,288,288,288,288,287
235,235,235,235,235,235,235,235,235,235,235
183,180,180,180,180,180,180,180,180,180,180
136,136,136,136,136,136,136,136,136,136,136
96,93,93,93,93,93,92,92,92,92,92
62,62,62,62,62,62,62,62,62,62,62
34,31,31,31,31,31,31,31,31,31,31
15,15,15,15,15,15,15,15,15,15,15
3,0,0,0,0,0,0,0,0,0,0
0,0,0,0,0,0,0,0,0,0,0
4,1,1,1,1,1,1,1,1,1,1
16,16,16,16,16,16,16,16,16,16,16
36,33,33,34,34,34,34,34,34,34,34
64,64,64,64,64,64,64,64,64,64,64
99,96,96,96,96,96,96,96,96,96,96
140,140,140,140,140,140,140,140,140,140,140
187,184,184,184,184,184,184,185,185,185,185
239,239,239,239,239,239,239,239,239,239,239
296,293,293,293,293,293,293,293,293,293,293
356,356,356,356,356,356,356,356,356,356,356
418,415,415,415,415,415,416,416,416,416,416
482,482,482,482,482,482,482,482,482,482,482
546,543,543,543,544,544,544,544,544,544,544
610,610,610,610,610,610,610,610,610,610,610
672,669,669,669,669,670,670,670,670,670,670
732,732,732,732,732,732,732,732,732,732,732
788,785,785,785,785,785,785,785,785,786,786
840,840,840,840,840,840,840,840,840,840,840
887,884,884,884,884,884,884,884,884,884,884
927,927,927,927,927,927,927,927,927,927,927
961,958,958,959,959,959,959,959,959,959,959
989,989,989,989,989,989,989,989,989,989,989
1008,1005,1005,1005,1005,1005,1005,1005,1005,1005,1005
1020,1020,1020,1020,1020,1020,1020,1020,1020,1020,1020
1023,1020,1020,1020,1020,1020,1020,1020,1020,1020,1020
1019,1019,1019,1019,1019,1019,1019,1019,1019,1019,1019
1007,1004,1004,1004,1004,1004,1004,1004,1004,1004,1004
987,987,987,987,987,987,987,987,987,987,987
959,956,956,956,956,956,956,956,956,956,956
924,924,924,924,924,924,924,924,924,924,924
883,880,880,880,880,880,880,880,880,880,880
836,836,836,836,836,836,836,836,836,836,836
784,781,781,781,780,780,780,780,780,780,780
727,727,727,727,727,727,727,727,727,727,727
667,664,664,664,664,664,664,664,664,664,664
605,605,605,605,605,605,605,605,605,605,605
541,538,538,538,538,538,538,538,538,538,537
477,477,477,477,477,477,477,477,477,477,477
413,410,410,410,410,410,410,410,410,409,409
351,351,351,351,351,351,351,351,351,351,351
291,288,288,288,288,288,288,288,288,288,288
235,235,235,235,235,235,235,235,235,235,235
183,180,180,180,180,180,180,180,180,180,180
137,137,137,137,137,137,137,137,137,137,137
96,93,93,93,93,93,93,93,93,92,92
62,62,62,62,62,62,62,62,62,62,62
35,32,31,31,31,31,31,31,31,31,31
15,15,15,15,15,15,15,15,15,15,15
3,0,0,0,0,0,0,0,0,0,0
0,0,0,0,0,0,0,0,0,0,0
4,1,1,1,1,1,1,1,1,1,1
16,16,16,16,16,16,16,16,16,16,16
36,33,33,33,33,33,34,34,34,34,34
64,64,64,64,64,64,64,64,64,64,64
99,96,96,96,96,96,96,96,96,96,96
140,140,140,140,140,140,140,140,140,140,140
187,184,184,184,184,184,184,184,184,184,185
239,239,239,239,239,239,239,239,239,239,239
296,293,293,293,293,293,293,293,293,293,293
356,356,356,356,356,356,356,356,356,356,356
418,415,415,415,415,415,415,415,415,416,416
482,482,482,482,482,482,482,482,482,482,482
546,543,543,543,543,543,543,544,544,544,544
610,610,610,610,610,610,610,610,610,610,610
672,669,669,669,669,669,669,669,670,670,670
732,732,732,732,732,732,732,732,732,732,732
788,785,785,785,785,785,785,785,785,785,785
840,840,840,840,840,840,840,840,840,840,840
886,883,883,884,884,884,884,884,884,884,884
927,927,927,927,927,927,927,927,927,927,927
961,958,958,958,958,958,959,959,959,959,959
988,988,988,988,988,988,988,988,988,988,988
1008,1005,1005,1005,1005,1005,1005,1005,1005,1005,1005
1020,1020,1020,1020,1020,1020,1020,1020,1020,1020,1020
1023,1020,1020,1020,1020,1020,1020,1020,1020,1020,1020
1019,1019,1019,1019,1019,1019,1019,1019,1019,1019,1019
1007,1004,1004,1004,1004,1004,1004,1004,1004,1004,1004
987,987,987,987,987,987,987,987,987,987,987
959,956,956,956,956,956,956,956,956,956,956
924,924,924,924,924,924,924,924,924,924,924
883,880,880,880,880,880,880,880,880,880,880
836,836,836,836,836,836,836,836,836,836,836
784,781,781,781,781,781,781,780,780,780,780
727,727,727,727,727,727,727,727,727,727,727
667,664,664,664,664,664,664,664,664,664,664
605,605,605,605,605,605,605,605,605,605,605
541,538,538,538,538,538,538,538,538,538,538
477,477,477,477,477,477,477,477,477,477,477
413,410,410,410,410,410,410,410,410,410,410
351,351,351,351,351,351,351,351,351,351,351
291,288,288,288,288,288,288,288,288,288,288
235,235,235,235,235,235,235,235,235,235,235
183,180,180,180,180,180,180,180,180,180,180
137,137,137,137,137,137,137,137,137,137,137
96,93,93,93,93,93,93,93,93,93,93
62,62,62,62,62,62,62,62,62,62,62
35,32,32,32,32,31,31,31,31,31,31
15,15,15,15,15,15,15,15,15,15,15
3,0,0,0,0,0,0,0,0,0,0
0,0,0,0,0,0,0,0,0,0,0
4,1,1,1,1,1,1,1,1,1,1
16,16,16,16,16,16,16,16,16,16,16
36,33,33,33,33,33,33,33,33,34,34
64,64,64,64,64,64,64,64,64,64,64
99,96,96,96,96,96,96,96,96,96,96
140,140,140,140,140,140,140,140,140,140,140
187,184,184,184,184,184,184,184,184,184,184
239,239,239,239,239,239,239,239,239,239,239
296,293,293,293,293,293,293,293,293,293,293
355,355,355,355,355,355,355,355,355,355,355
418,415,415,415,415,415,415,415,415,415,415
482,482,482,482,482,482,482,482,482,482,482
546,543,543,543,543,543,543,543,543,543,544
610,610,610,610,610,610,610,610,610,610,610
672,669,669,669,669,669,669,669,669,669,669
732,732,732,732,732,732,732,732,732,732,732
788,785,785,785,785,785,785,785,785,785,785
840,840,840,840,840,840,840,840,840,840,840
886,883,883,883,883,883,884,884,884,884,884
927,927,927,927,927,927,927,927,927,927,927
961,958,958,958,958,958,958,958,958,959,959
988,988,988,988,988,988,988,988,988,988,988
1008,1005,1005,1005,1005,1005,1005,1005,1005,1005,1005
1020,1020,1020,1020,1020,1020,1020,1020,1020,1020,1020
1023,1020,1020,1020,1020,1020,1020,1020,1020,1020,1020
1019,1019,1019,1019,1019,1019,1019,1019,1019,1019,1019
1007,1004,1004,1004,1004,1004,1004,1004,1004,1004,1004
987,987,987,987,987,987,987,987,987,987,987
959,956,956,956,956,956,956,956,956,956,956
924,924,924,924,924,924,924,924,924,924,924
883,880,880,880,880,880,880,880,880,880,880
836,836,836,836,836,836,836,836,836,836,836
784,781,781,781,781,781,781,781,781,781,780
728,728,728,728,728,728,728,728,728,728,728
668,665,665,664,664,664,664,664,664,664,664
605,605,605,605,605,605,605,605,605,605,605
541,538,538,538,538,538,538,538,538,538,538
477,477,477,477,477,477,477,477,477,477,477
413,410,410,410,410,410,410,410,410,410,410
351,351,351,351,351,351,351,351,351,351,351
292,289,288,288,288,288,288,288,288,288,288
235,235,235,235,235,235,235,235,235,235,235
183,180,180,180,180,180,180,180,180,180,180
137,137,137,137,137,137,137,137,137,137,137
96,93,93,93,93,93,93,93,93,93,93
62,62,62,62,62,62,62,62,62,62,62
35,32,32,32,32,32,32,32,31,31,31
15,15,15,15,15,15,15,15,15,15,15
3,0,0,0,0,0,0,0,0,0,0
0,0,0,0,0,0,0,0,0,0,0
4,1,1,1,1,1,1,1,1,1,1
16,16,16,16,16,16,16,16,16,16,16
36,33,33,33,33,33,33,33,33,33,33
64,64,64,64,64,64,64,64,64,64,64
99,96,96,96,96,96,96,96,96,96,96
140,140,140,140,140,140,140,140,140,140,140
187,184,184,184,184,184,184,184,184,184,184
239,239,239,239,239,239,239,239,239,239,239
295,292,292,293,293,293,293,293,293,293,293
355,355,355,355,355,355,355,355,355,355,355
418,415,415,415,415,415,415,415,415,415,415
481,481,481,481,481,481,481,481,481,481,481
546,543,543,543,543,543,543,543,543,543,543
609,609,609,609,609,609,609,609,609,609,609
672,669,669,669,669,669,669,669,669,669,669
731,731,731,731,731,731,731,731,731,731,731
788,785,785,785,785,785,785,785,785,785,785
839,839,839,839,839,839,839,839,839,839,839
886,883,883,883,883,883,883,883,883,884,884
927,927,927,927,927,927,927,927,927,927,927
961,958,958,958,958,958,958,958,958,958,958
988,988,988,988,988,988,988,988,988,988,988
1008,1005,1005,1005,1005,1005,1005,1005,1005,1005,1005
1020,1020,1020,1020,1020,1020,1020,1020,1020,1020,1020
1023,1020,1020,1020,1020,1020,1020,1020,1020,1020,1020
1019,1019,1019,1019,1019,1019,1019,1019,1019,1019,1019
1007,1004,1004,1004,1004,1004,1004,1004,1004,1004,1004
987,987,987,987,987,987,987,987,987,987,987
959,956,956,956,956,956,956,956,956,956,956
925,925,925,925,925,925,925,925,925,925,925
883,880,880,880,880,880,880,880,880,880,880
836,836,836,836,836,836,836,836,836,836,836
784,781,781,781,781,781,781,781,781,781,781
728,728,728,728,728,728,728,728,728,728,728
668,665,665,665,665,665,664,664,664,664,664
606,606,606,606,606,606,606,606,606,606,606
542,539,539,538,538,538,538,538,538,538,538
477,477,477,477,477,477,477,477,477,477,477
414,411,411,410,410,410,410,410,410,410,410
351,351,351,351,351,351,351,351,351,351,351
292,289,289,289,289,288,288,288,288,288,288
236,236,236,236,236,236,236,236,236,236,236
184,181,181,180,180,180,180,180,180,180,180
137,137,137,137,137,137,137,137,137,137,137
96,93,93,93,93,93,93,93,93,93,93
62,62,62,62,62,62,62,62,62,62,62
35,32,32,32,32,32,32,32,32,32,32
15,15,15,15,15,15,15,15,15,15,15
3,0,0,0,0,0,0,0,0,0,0
0,0,0,0,0,0,0,0,0,0,0
4,1,1,1,1,1,1,1,1,1,1
16,16,16,16,16,16,16,16,16,16,16
36,33,33,33,33,33,33,33,33,33,33
64,64,64,64,64,64,64,64,64,64,64
98,95,95,96,96,96,96,96,96,96,96
140,140,140,140,140,140,140,140,140,140,140
187,184,184,184,184,184,184,184,184,184,184
239,239,239,239,239,239,239,239,239,239,239
295,292,292,292,292,292,293,293,293,293,293
355,355,355,355,355,355,355,355,355,355,355
417,414,415,415,415,415,415,415,415,415,415
481,481,481,481,481,481,481,481,481,481,481
546,543,543,543,543,543,543,543,543,543,543
609,609,609,609,609,609,609,609,609,609,609
671,669,669,669,669,669,669,669,669,669,669
731,731,731,731,731,731,731,731,731,731,731
787,784,785,785,785,785,785,785,785,785,785
839,839,839,839,839,839,839,839,839,839,839
886,883,883,883,883,883,883,883,883,883,883
927,927,927,927,927,927,927,927,927,927,927
961,958,958,958,958,958,958,958,958,958,958
988,988,988,988,988,988,988,988,988,988,988
1008,1005,1005,1005,1005,1005,1005,1005,1005,1005,1005
1020,1020,1020,1020,1020,1020,1020,1020,1020,1020,1020
1023,1020,1020,1020,1020,1020,1020,1020,1020,1020,1020
1019,1019,1019,1019,1019,1019,1019,1019,1019,1019,1019
1007,1004,1004,1004,1004,1004,1004,1004,1004,1004,1004
987,987,987,987,987,987,987,987,987,987,987
959,956,956,956,956,956,956,956,956,956,956
925,925,925,925,925,925,925,925,925,925,925
884,880,880,880,880,880,880,880,880,880,880
836,836,836,836,836,836,836,836,836,836,836
784,781,781,781,781,781,781,781,781,781,781
728,728,728,728,728,728,728,728,728,728,728
668,665,665,665,665,665,665,665,665,664,664
606,606,606,606,606,606,606,606,606,606,606
542,539,539,539,539,539,538,538,538,538,538
478,478,478,478,478,478,478,478,478,478,478
414,411,411,411,411,411,410,410,410,410,410
352,352,352,352,352,352,352,352,352,352,352
292,289,289,289,289,289,289,289,288,288,288
236,236,236,236,236,236,236,236,236,236,236
184,181,181,181,181,181,181,180,180,180,180
137,137,137,137,137,137,137,137,137,137,137
96,93,93,93,93,93,93,93,93,93,93
62,62,62,62,62,62,62,62,62,62,62
35,32,32,32,32,32,32,32,32,32,32
15,15,15,15,15,15,15,15,15,15,15
3,0,0,0,0,0,0,0,0,0,0
0,0,0,0,0,0,0,0,0,0,0
4,1,1,1,1,1,1,1,1,1,1
16,16,16,16,16,16,16,16,16,16,16
36,33,33,33,33,33,33,33,33,33,33
64,64,64,64,64,64,64,64,64,64,64
98,95,95,95,95,95,96,96,96,96,96
139,139,139,139,139,139,139,139,139,139,139
186,183,184,184,184,184,184,184,184,184,184
239,239,239,239,239,239,239,239,239,239,239
295,292,292,292,292,292,292,292,292,293,293
355,355,355,355,355,355,355,355,355,355,355
417,414,414,414,414,415,415,415,415,415,415
481,481,481,481,481,481,481,481,481,481,481
545,542,542,543,543,543,543,543,543,543,543
609,609,609,609,609,609,609,609,609,609,609
671,668,668,668,669,669,669,669,669,669,669
731,731,731,731,731,731,731,731,731,731,731
787,784,784,784,784,785,785,785,785,785,785
839,839,839,839,839,839,839,839,839,839,839
886,883,883,883,883,883,883,883,883,883,883
927,927,927,927,927,927,927,927,927,927,927
961,958,958,958,958,958,958,958,958,958,958
988,988,988,988,988,988,988,988,988,988,988
1008,1005,1005,1005,1005,1005,1005,1005,1005,1005,1005
1020,1020,1020,1020,1020,1020,1020,1020,1020,1020,1020
1023,1020,1020,1020,1020,1020,1020,1020,1020,1020,1020
1019,1019,1019,1019,1019,1019,1019,1019,1019,1019,1019
1007,1004,1004,1004,1004,1004,1004,1004,1004,1004,1004
987,987,987,987,987,987,987,987,987,987,987
959,956,956,956,956,956,956,956,956,956,956
925,925,925,925,925,925,925,925,925,925,925
884,881,881,881,880,880,880,880,880,880,880
837,837,837,837,837,837,837,837,837,837,837
785,781,781,781,781,781,781,781,781,781,781
728,728,728,728,728,728,728,728,728,728,728
668,665,665,665,665,665,665,665,665,665,665
606,606,606,606,606,606,606,606,606,606,606
542,539,539,539,539,539,539,539,539,539,538
478,478,478,478,478,478,478,478,478,478,478
414,411,411,411,411,411,411,411,411,410,410
352,352,352,352,352,352,352,352,352,352,352
292,289,289,289,289,289,289,289,289,289,289
236,236,236,236,236,236,236,236,236,236,236
184,181,181,181,181,181,181,181,181,181,180
137,137,137,137,137,137,137,137,137,137,137
96,93,93,93,93,93,93,93,93,93,93
62,62,62,62,62,62,62,62,62,62,62
35,32,32,32,32,32,32,32,32,32,32
15,15,15,15,15,15,15,15,15,15,15
3,0,0,0,0,0,0,0,0,0,0
0,0,0,0,0,0,0,0,0,0,0
4,1,1,1,1,1,1,1,1,1,1
16,16,16,16,16,16,16,16,16,16,16
36,33,33,33,33,33,33,33,33,33,33
64,64,64,64,64,64,64,64,64,64,64
98,95,95,95,95,95,95,95,95,96,96
139,139,139,139,139,139,139,139,139,139,139
186,183,183,183,183,184,184,184,184,184,184
238,238,238,238,238,238,238,238,238,238,238
295,292,292,292,292,292,292,292,292,292,292
355,355,355,355,355,355,355,355,355,355,355
417,414,414,414,414,414,414,414,415,415,415
481,481,481,481,481,481,481,481,481,481,481
545,542,542,542,542,542,542,543,543,543,543
609,609,609,609,609,609,609,609,609,609,609
671,668,668,668,668,668,668,669,669,669,669
731,731,731,731,731,731,731,731,731,731,731
787,784,784,784,784,784,784,784,785,785,785
839,839,839,839,839,839,839,839,839,839,839
886,883,883,883,883,883,883,883,883,883,883
927,927,927,927,927,927,927,927,927,927,927
961,958,958,958,958,958,958,958,958,958,958
988,988,988,988,988,988,988,988,988,988,988
1008,1005,1005,1005,1005,1005,1005,1005,1005,1005,1005
1020,1020,1020,1020,1020,1020,1020,1020,1020,1020,1020
1023,1020,1020,1020,1020,1020,1020,1020,1020,1020,1020
1019,1019,1019,1019,1019,1019,1019,1019,1019,1019,1019
1007,1004,1004,1004,1004,1004,1004,1004,1004,1004,1004
987,987,987,987,987,987,987,987,987,987,987
959,956,956,956,956,956,956,956,956,956,956
925,925,925,925,925,925,925,925,925,925,925
884,881,881,881,881,881,881,880,880,880,880
837,837,837,837,837,837,837,837,837,837,837
785,782,782,782,781,781,781,781,781,781,781
728,728,728,728,728,728,728,728,728,728,728
668,665,665,665,665,665,665,665,665,665,665
606,606,606,606,606,606,606,606,606,606,606
542,539,539,539,539,539,539,539,539,539,539
478,478,478,478,478,478,478,478,478,478,478
414,411,411,411,411,411,411,411,411,411,411
352,352,352,352,352,352,352,352,352,352,352
292,289,289,289,289,289,289,289,289,289,289
236,236,236,236,236,236,236,236,236,236,236
184,181,181,181,181,181,181,181,181,181,181
137,137,137,137,137,137,137,137,137,137,137
96,93,93,93,93,93,93,93,93,93,93
62,62,62,62,62,62,62,62,62,62,62
35,32,32,32,32,32,32,32,32,32,32
15,15,15,15,15,15,15,15,15,15,15
3,0,0,0,0,0,0,0,0,0,0
0,0,0,0,0,0,0,0,0,0,0
4,1,1,1,1,1,1,1,1,1,1
16,16,16,16,16,16,16,16,16,16,16
36,33,33,33,33,33,33,33,33,33,33
63,63,63,63,63,63,63,63,63,63,63
98,95,95,95,95,95,95,95,95,95,95
139,139,139,139,139,139,139,139,139,139,139
186,183,183,183,183,183,183,183,184,184,184
238,238,238,238,238,238,238,238,238,238,238
295,292,292,292,292,292,292,292,292,292,292
355,355,355,355,355,355,355,355,355,355,355
417,414,414,414,414,414,414,414,414,414,414
481,481,481,481,481,481,481,481,481,481,481
545,542,542,542,542,542,542,542,542,542,543
609,609,609,609,609,609,609,609,609,609,609
671,668,668,668,668,668,668,668,668,668,669
731,731,731,731,731,731,731,731,731,731,731
787,784,784,784,784,784,784,784,784,784,784
839,839,839,839,839,839,839,839,839,839,839
886,883,883,883,883,883,883,883,883,883,883
926,926,926,926,926,926,926,926,926,926,926
961,958,958,958,958,958,958,958,958,958,958
988,988,988,988,988,988,988,988,988,988,988
1008,1005,1005,1005,1005,1005,1005,1005,1005,1005,1005
1020,1020,1020,1020,1020,1020,1020,1020,1020,1020,1020
1023,1020,1020,1020,1020,1020,1020,1020,1020,1020,1020
1019,1019,1019,1019,1019,1019,1019,1019,1019,1019,1019
1007,1004,1004,1004,1004,1004,1004,1004,1004,1004,1004
987,987,987,987,987,987,987,987,987,987,987
960,957,957,956,956,956,956,956,956,956,956
925,925,925,925,925,925,925,925,925,925,925
884,881,881,881,881,881,881,881,881,881,880
837,837,837,837,837,837,837,837,837,837,837
785,782,782,782,782,782,782,781,781,781,781
728,728,728,728,728,728,728,728,728,728,728
669,666,665,665,665,665,665,665,665,665,665
606,606,606,606,606,606,606,606,606,606,606
542,539,539,539,539,539,539,539,539,539,539
478,478,478,478,478,478,478,478,478,478,478
414,411,411,411,411,411,411,411,411,411,411
352,352,352,352,352,352,352,352,352,352,352
292,289,289,289,289,289,289,289,289,289,289
236,236,236,236,236,236,236,236,236,236,236
184,181,181,181,181,181,181,181,181,181,181
137,137,137,137,137,137,137,137,137,137,137
97,94,94,93,93,93,93,93,93,93,93
62,62,62,62,62,62,62,62,62,62,62
35,32,32,32,32,32,32,32,32,32,32
15,15,15,15,15,15,15,15,15,15,15
3,0,0,0,0,0,0,0,0,0,0
0,0,0,0,0,0,0,0,0,0,0
4,1,1,1,1,1,1,1,1,1,1
16,16,16,16,16,16,16,16,16,16,16
36,33,33,33,33,33,33,33,33,33,33
63,63,63,63,63,63,63,63,63,63,63
98,95,95,95,95,95,95,95,95,95,95
139,139,139,139,139,139,139,139,139,139,139
186,183,183,183,183,183,183,183,183,183,183
238,238,238,238,238,238,238,238,238,238,238
294,292,292,292,292,292,292,292,292,292,292
354,354,354,354,354,354,354,354,354,354,354
417,414,414,414,414,414,414,414,414,414,414
480,480,480,480,480,480,480,480,480,480,480
545,542,542,542,542,542,542,542,542,542,542
608,608,608,608,608,608,608,608,608,608,608
671,668,668,668,668,668,668,668,668,668,668
730,730,730,730,730,730,730,730,730,730,730
787,784,784,784,784,784,784,784,784,784,784
839,839,839,839,839,839,839,839,839,839,839
885,882,883,883,883,883,883,883,883,883,883
926,926,926,926,926,926,926,926,926,926,926
961,958,958,958,958,958,958,958,958,958,958
988,988,988,988,988,988,988,988,988,988,988
1008,1005,1005,1005,1005,1005,1005,1005,1005,1005,1005
1020,1020,1020,1020,1020,1020,1020,1020,1020,1020,1020
1023,1020,1020,1020,1020,1020,1020,1020,1020,1020,1020
1019,1019,1019,1019,1019,1019,1019,1019,1019,1019,1019
1007,1004,1004,1004,1004,1004,1004,1004,1004,1004,1004
987,987,987,987,987,987,987,987,987,987,987
960,957,957,957,957,957,956,956,956,956,956
925,925,925,925,925,925,925,925,925,925,925
884,881,881,881,881,881,881,881,881,881,881
837,837,837,837,837,837,837,837,837,837,837
785,782,782,782,782,782,782,782,782,782,781
729,729,729,729,729,729,729,729,729,729,729
669,666,666,666,666,665,665,665,665,665,665
606,606,606,606,606,606,606,606,606,606,606
543,540,540,539,539,539,539,539,539,539,539
478,478,478,478,478,478,478,478,478,478,478
415,412,411,411,411,411,411,411,411,411,411
352,352,352,352,352,352,352,352,352,352,352
293,290,290,289,289,289,289,289,289,289,289
236,236,236,236,236,236,236,236,236,236,236
184,181,181,181,181,181,181,181,181,181,181
138,138,138,138,138,138,138,138,138,138,138
97,94,94,94,94,94,93,93,93,93,93
62,62,62,62,62,62,62,62,62,62,62
35,32,32,32,32,32,32,32,32,32,32
15,15,15,15,15,15,15,15,15,15,15
3,0,0,0,0,0,0,0,0,0,0
0,0,0,0,0,0,0,0,0,0,0
4,1,1,1,1,1,1,1,1,1,1
16,16,16,16,16,16,16,16,16,16,16
36,33,33,33,33,33,33,33,33,33,33
63,63,63,63,63,63,63,63,63,63,63
98,95,95,95,95,95,95,95,95,95,95
139,139,139,139,139,139,139,139,139,139,139
186,183,183,183,183,183,183,183,183,183,183
238,238,238,238,238,238,238,238,238,238,238
294,291,291,291,292,292,292,292,292,292,292
354,354,354,354,354,354,354,354,354,354,354
416,413,414,414,414,414,414,414,414,414,414
480,480,480,480,480,480,480,480,480,480,480
545,542,542,542,542,542,542,542,542,542,542
608,608,608,608,608,608,608,608,608,608,608
671,668,668,668,668,668,668,668,668,668,668
730,730,730,730,730,730,730,730,730,730,730
787,784,784,784,784,784,784,784,784,784,784
839,839,839,839,839,839,839,839,839,839,839
885,882,882,882,882,883,883,883,883,883,883
926,926,926,926,926,926,926,926,926,926,926
961,958,958,958,958,958,958,958,958,958,958
988,988,988,988,988,988,988,988,988,988,988
1008,1005,1005,1005,1005,1005,1005,1005,1005,1005,1005
1020,1020,1020,1020,1020,1020,1020,1020,1020,1020,1020
1023,1020,1020,1020,1020,1020,1020,1020,1020,1020,1020
1019,1019,1019,1019,1019,1019,1019,1019,1019,1019,1019
1007,1004,1004,1004,1004,1004,1004,1004,1004,1004,1004
987,987,987,987,987,987,987,987,987,987,987
960,957,957,957,957,957,957,957,957,956,956
925,925,925,925,925,925,925,925,925,925,925
884,881,881,881,881,881,881,881,881,881,881
837,837,837,837,837,837,837,837,837,837,837
785,782,782,782,782,782,782,782,782,782,782
729,729,729,729,729,729,729,729,729,729,729
669,666,666,666,666,666,666,666,665,665,665
607,607,607,607,607,607,607,607,607,607,607
543,540,540,540,540,540,539,539,539,539,539
479,479,479,479,479,479,479,479,479,479,479
415,412,412,412,412,411,411,411,411,411,411
353,353,353,353,353,353,353,353,353,353,353
293,290,290,290,290,290,289,289,289,289,289
237,237,237,237,237,237,237,237,237,237,237
185,182,181,181,181,181,181,181,181,181,181
138,138,138,138,138,138,138,138,138,138,138
97,94,94,94,94,94,94,94,94,94,93
62,62,62,62,62,62,62,62,62,62,62
35,32,32,32,32,32,32,32,32,32,32
15,15,15,15,15,15,15,15,15,15,15
3,0,0,0,0,0,0,0,0,0,0
0,0,0,0,0,0,0,0,0,0,0
4,1,1,1,1,1,1,1,1,1,1
16,16,16,16,16,16,16,16,16,16,16
36,33,33,33,33,33,33,33,33,33,33
63,63,63,63,63,63,63,63,63,63,63
98,95,95,95,95,95,95,95,95,95,95
139,139,139,139,139,139,139,139,139,139,139
186,183,183,183,183,183,183,183,183,183,183
238,238,238,238,238,238,238,238,238,238,238
294,291,291,291,291,291,291,292,292,292,292
354,354,354,354,354,354,354,354,354,354,354
416,413,413,413,413,414,414,414,414,414,414
480,480,480,480,480,480,480,480,480,480,480
544,541,541,542,542,542,542,542,542,542,542
608,608,608,608,608,608,608,608,608,608,608
670,667,667,668,668,668,668,668,668,668,668
730,730,730,730,730,730,730,730,730,730,730
786,783,784,784,784,784,784,784,784,784,784
838,838,838,838,838,838,838,838,838,838,838
885,882,882,882,882,882,882,882,883,883,883
926,926,926,926,926,926,926,926,926,926,926
960,958,958,958,958,958,958,958,958,958,958
988,988,988,988,988,988,988,988,988,988,988
1008,1005,1005,1005,1005,1005,1005,1005,1005,1005,1005
1020,1020,1020,1020,1020,1020,1020,1020,1020,1020,1020
1023,1020,1020,1020,1020,1020,1020,1020,1020,1020,1020
1019,1019,1019,1019,1019,1019,1019,1019,1019,1019,1019
1007,1004,1004,1004,1004,1004,1004,1004,1004,1004,1004
987,987,987,987,987,987,987,987,987,987,987
960,957,957,957,957,957,957,957,957,957,957
925,925,925,925,925,925,925,925,925,925,925
884,881,881,881,881,881,881,881,881,881,881
837,837,837,837,837,837,837,837,837,837,837
785,782,782,782,782,782,782,782,782,782,782
729,729,729,729,729,729,729,729,729,729,729
669,666,666,666,666,666,666,666,666,666,666
607,607,607,607,607,607,607,607,607,607,607
543,540,540,540,540,540,540,540,540,539,539
479,479,479,479,479,479,479,479,479,479,479
415,412,412,412,412,412,412,412,411,411,411
353,353,353,353,353,353,353,353,353,353,353
293,290,290,290,290,290,290,290,290,289,289
237,237,237,237,237,237,237,237,237,237,237
185,182,182,182,182,181,181,181,181,181,181
138,138,138,138,138,138,138,138,138,138,138
97,94,94,94,94,94,94,94,94,94,94
63,63,63,63,63,63,63,63,63,63,63
35,32,32,32,32,32,32,32,32,32,32
15,15,15,15,15,15,15,15,15,15,15
3,0,0,0,0,0,0,0,0,0,0
0,0,0,0,0,0,0,0,0,0,0
4,1,1,1,1,1,1,1,1,1,1
16,16,16,16,16,16,16,16,16,16,16
36,33,33,33,33,33,33,33,33,33,33
63,63,63,63,63,63,63,63,63,63,63
98,95,95,95,95,95,95,95,95,95,95
139,139,139,139,139,139,139,139,139,139,139
186,183,183,183,183,183,183,183,183,183,183
238,238,238,238,238,238,238,238,238,238,238
294,291,291,291,291,291,291,291,291,291,292
354,354,354,354,354,354,354,354,354,354,354
416,413,413,413,413,413,413,413,414,414,414
480,480,480,480,480,480,480,480,480,480,480
544,541,541,541,541,541,542,542,542,542,542
608,608,608,608,608,608,608,608,608,608,608
670,667,667,667,667,667,668,668,668,668,668
730,730,730,730,730,730,730,730,730,730,730
786,783,783,783,783,784,784,784,784,784,784
838,838,838,838,838,838,838,838,838,838,838
885,882,882,882,882,882,882,882,882,882,882
926,926,926,926,926,926,926,926,926,926,926
960,957,957,957,958,958,958,958,958,958,958
988,988,988,988,988,988,988,988,988,988,988
1008,1005,1005,1005,1005,1005,1005,1005,1005,1005,1005
1020,1020,1020,1020,1020,1020,1020,1020,1020,1020,1020
1023,1020,1020,1020,1020,1020,1020,1020,1020,1020,1020
1019,1019,1019,1019,1019,1019,1019,1019,1019,1019,1019
1007,1004,1004,1004,1004,1004,1004,1004,1004,1004,1004
987,987,987,987,987,987,987,987,987,987,987
960,957,957,957,957,957,957,957,957,957,957
925,925,925,925,925,925,925,925,925,925,925
884,881,881,881,881,881,881,881,881,881,881
838,838,838,838,838,838,838,838,838,838,838
785,782,782,782,782,782,782,782,782,782,782
729,729,729,729,729,729,729,729,729,729,729
669,666,666,666,666,666,666,666,666,666,666
607,607,607,607,607,607,607,607,607,607,607
543,540,540,540,540,540,540,540,540,540,540
479,479,479,479,479,479,479,479,479,479,479
415,412,412,412,412,412,412,412,412,412,412
353,353,353,353,353,353,353,353,353,353,353
293,290,290,290,290,290,290,290,290,290,290
237,237,237,237,237,237,237,237,237,237,237
185,182,182,182,182,182,182,182,181,181,181
138,138,138,138,138,138,138,138,138,138,138
97,94,94,94,94,94,94,94,94,94,94
63,63,63,63,63,63,63,63,63,63,63
35,32,32,32,32,32,32,32,32,32,32
15,15,15,15,15,15,15,15,15,15,15
3,0,0,0,0,0,0,0,0,0,0
0,0,0,0,0,0,0,0,0,0,0
4,1,1,1,1,1,1,1,1,1,1
16,16,16,16,16,16,16,16,16,16,16
36,33,33,33,33,33,33,33,33,33,33
63,63,63,63,63,63,63,63,63,63,63
97,95,95,95,95,95,95,95,95,95,95
138,138,138,138,138,138,138,138,138,138,138
185,182,182,183,183,183,183,183,183,183,183
237,237,237,237,237,237,237,237,237,237,237
294,291,291,291,291,291,291,291,291,291,291
354,354,354,354,354,354,354,354,354,354,354
416,413,413,413,413,413,413,413,413,413,413
480,480,480,480,480,480,480,480,480,480,480
544,541,541,541,541,541,541,541,541,542,542
608,608,608,608,608,608,608,608,608,608,608
670,667,667,667,667,667,667,667,667,668,668
730,730,730,730,730,730,730,730,730,730,730
786,783,783,783,783,783,783,783,784,784,784
838,838,838,838,838,838,838,838,838,838,838
885,882,882,882,882,882,882,882,882,882,882
926,926,926,926,926,926,926,926,926,926,926
960,957,957,957,957,957,957,958,958,958,958
988,988,988,988,988,988,988,988,988,988,988
1007,1004,1005,1005,1005,1005,1005,1005,1005,1005,1005
1019,1019,1019,1019,1019,1019,1019,1019,1019,1019,1019
1023,1020,1020,1020,1020,1020,1020,1020,1020,1020,1020
1019,1019,1019,1019,1019,1019,1019,1019,1019,1019,1019
1007,1004,1004,1004,1004,1004,1004,1004,1004,1004,1004
987,987,987,987,987,987,987,987,987,987,987
960,957,957,957,957,957,957,957,957,957,957
926,926,926,926,926,926,926,926,926,926,926
885,882,881,881,881,881,881,881,881,881,881
838,838,838,838,838,838,838,838,838,838,838
786,783,783,783,782,782,782,782,782,782,782
729,729,729,729,729,729,729,729,729,729,729
670,666,666,666,666,666,666,666,666,666,666
607,607,607,607,607,607,607,607,607,607,607
543,540,540,540,540,540,540,540,540,540,540
479,479,479,479,479,479,479,479,479,479,479
415,412,412,412,412,412,412,412,412,412,412
353,353,353,353,353,353,353,353,353,353,353
293,290,290,290,290,290,290,290,290,290,290
237,237,237,237,237,237,237,237,237,237,237
185,182,182,182,182,182,182,182,182,182,182
138,138,138,138,138,138,138,138,138,138,138
97,94,94,94,94,94,94,94,94,94,94
63,63,63,63,63,63,63,63,63,63,63
35,32,32,32,32,32,32,32,32,32,32
16,16,16,16,16,16,16,16,16,16,16
4,1,1,0,0,0,0,0,0,0,0
0,0,0,0,0,0,0,0,0,0,0
4,1,1,1,1,1,1,1,1,1,1
16,16,16,16,16,16,16,16,16,16,16
36,33,33,33,33,33,33,33,33,33,33
63,63,63,63,63,63,63,63,63,63,63
97,94,94,94,95,95,95,95,95,95,95
138,138,138,138,138,138,138,138,138,138,138
185,182,182,182,182,182,183,183,183,183,183
237,237,237,237,237,237,237,237,237,237,237
294,291,291,291,291,291,291,291,291,291,291
353,353,353,353,353,353,353,353,353,353,353
416,413,413,413,413,413,413,413,413,413,413
479,479,479,479,479,479,479,479,479,479,479
544,541,541,541,541,541,541,541,541,541,541
608,608,608,608,608,608,608,608,608,608,608
670,667,667,667,667,667,667,667,667,667,667
730,730,730,730,730,730,730,730,730,730,730
786,783,783,783,783,783,783,783,783,783,783
838,838,838,838,838,838,838,838,838,838,838
885,882,882,882,882,882,882,882,882,882,882
926,926,926,926,926,926,926,926,926,926,926
960,957,957,957,957,957,957,957,957,957,958
988,988,988,988,988,988,988,988,988,988,988
1007,1004,1004,1004,1004,1005,1005,1005,1005,1005,1005
1019,1019,1019,1019,1019,1019,1019,1019,1019,1019,1019
1023,1020,1020,1020,1020,1020,1020,1020,1020,1020,1020
1019,1019,1019,1019,1019,1019,1019,1019,1019,1019,1019
1007,1004,1004,1004,1004,1004,1004,1004,1004,1004,1004
988,988,988,988,988,988,988,988,988,988,988
960,957,957,957,957,957,957,957,957,957,957
926,926,926,926,926,926,926,926,926,926,926
885,882,882,882,882,881,881,881,881,881,881
838,838,838,838,838,838,838,838,838,838,838
786,783,783,783,783,783,783,782,782,782,782
729,729,729,729,729,729,729,729,729,729,729
670,667,667,667,666,666,666,666,666,666,666
607,607,607,607,607,607,607,607,607,607,607
544,541,541,540,540,540,540,540,540,540,540
479,479,479,479,479,479,479,479,479,479,479
416,413,412,412,412,412,412,412,412,412,412
353,353,353,353,353,353,353,353,353,353,353
294,290,290,290,290,290,290,290,290,290,290
237,237,237,237,237,237,237,237,237,237,237
185,182,182,182,182,182,182,182,182,182,182
138,138,138,138,138,138,138,138,138,138,138
97,94,94,94,94,94,94,94,94,94,94
63,63,63,63,63,63,63,63,63,63,63
35,32,32,32,32,32,32,32,32,32,32
16,16,16,16,16,16,16,16,16,16,16
4,1,1,1,1,1,0,0,0,0,0
0,0,0,0,0,0,0,0,0,0,0
4,1,1,1,1,1,1,1,1,1,1
16,16,16,16,16,16,16,16,16,16,16
35,32,32,33,33,33,33,33,33,33,33
63,63,63,63,63,63,63,63,63,63,63
97,94,94,94,94,94,94,95,95,95,95
138,138,138,138,138,138,138,138,138,138,138
185,182,182,182,182,182,182,182,182,183,183
237,237,237,237,237,237,237,237,237,237,237
293,290,291,291,291,291,291,291,291,291,291
353,353,353,353,353,353,353,353,353,353,353
415,413,413,413,413,413,413,413,413,413,413
479,479,479,479,479,479,479,479,479,479,479
544,541,541,541,541,541,541,541,541,541,541
607,607,607,607,607,607,607,607,607,607,607
670,667,667,667,667,667,667,667,667,667,667
729,729,729,729,729,729,729,729,729,729,729
786,783,783,783,783,783,783,783,783,783,783
838,838,838,838,838,838,838,838,838,838,838
885,882,882,882,882,882,882,882,882,882,882
926,926,926,926,926,926,926,926,926,926,926
960,957,957,957,957,957,957,957,957,957,957
987,987,987,987,987,987,987,987,987,987,987
1007,1004,1004,1004,1004,1004,1004,1004,1005,1005,1005
1019,1019,1019,1019,1019,1019,1019,1019,1019,1019,1019
1023,1020,1020,1020,1020,1020,1020,1020,1020,1020,1020
1019,1019,1019,1019,1019,1019,1019,1019,1019,1019,1019
1007,1004,1004,1004,1004,1004,1004,1004,1004,1004,1004
988,988,988,988,988,988,988,988,988,988,988
960,957,957,957,957,957,957,957,957,957,957
926,926,926,926,926,926,926,926,926,926,926
885,882,882,882,882,882,882,882,881,881,881
838,838,838,838,838,838,838,838,838,838,838
786,783,783,783,783,783,783,783,783,783,782
730,730,730,730,730,730,730,730,730,730,730
670,667,667,667,667,667,667,666,666,666,666
608,608,608,608,608,608,608,608,608,608,608
544,541,541,541,541,541,540,540,540,540,540
480,480,480,480,480,480,480,480,480,480,480
416,413,413,413,413,412,412,412,412,412,412
353,353,353,353,353,353,353,353,353,353,353
294,291,291,291,290,290,290,290,290,290,290
237,237,237,237,237,237,237,237,237,237,237
185,182,182,182,182,182,182,182,182,182,182
138,138,138,138,138,138,138,138,138,138,138
97,94,94,94,94,94,94,94,94,94,94
63,63,63,63,63,63,63,63,63,63,63
36,33,32,32,32,32,32,32,32,32,32
16,16,16,16,16,16,16,16,16,16,16
4,1,1,1,1,1,1,1,1,0,0
0,0,0,0,0,0,0,0,0,0,0
4,1,1,1,1,1,1,1,1,1,1
16,16,16,16,16,16,16,16,16,16,16
35,32,32,32,32,32,33,33,33,33,33
63,63,63,63,63,63,63,63,63,63,63
97,94,94,94,94,94,94,94,94,94,95
138,138,138,138,138,138,138,138,138,138,138
185,182,182,182,182,182,182,182,182,182,182
237,237,237,237,237,237,237,237,237,237,237
293,290,290,290,290,291,291,291,291,291,291
353,353,353,353,353,353,353,353,353,353,353
415,412,412,412,413,413,413,413,413,413,413
479,479,479,479,479,479,479,479,479,479,479
543,540,540,541,541,541,541,541,541,541,541
607,607,607,607,607,607,607,607,607,607,607
669,666,667,667,667,667,667,667,667,667,667
729,729,729,729,729,729,729,729,729,729,729
786,783,783,783,783,783,783,783,783,783,783
838,838,838,838,838,838,838,838,838,838,838
885,882,882,882,882,882,882,882,882,882,882
926,926,926,926,926,926,926,926,926,926,926
960,957,957,957,957,957,957,957,957,957,957
987,987,987,987,987,987,987,987,987,987,987
1007,1004,1004,1004,1004,1004,1004,1004,1004,1004,1004
1019,1019,1019,1019,1019,1019,1019,1019,1019,1019,1019
1023,1020,1020,1020,1020,1020,1020,1020,1020,1020,1020
1020,1020,1020,1020,1020,1020,1020,1020,1020,1020,1020
1008,1004,1004,1004,1004,1004,1004,1004,1004,1004,1004
988,988,988,988,988,988,988,988,988,988,988
960,957,957,957,957,957,957,957,957,957,957
926,926,926,926,926,926,926,926,926,926,926
885,882,882,882,882,882,882,882,882,882,882
838,838,838,838,838,838,838,838,838,838,838
786,783,783,783,783,783,783,783,783,783,783
730,730,730,730,730,730,730,730,730,730,730
670,667,667,667,667,667,667,667,667,667,666
608,608,608,608,608,608,608,608,608,608,608
544,541,541,541,541,541,541,541,541,540,540
480,480,480,480,480,480,480,480,480,480,480
416,413,413,413,413,413,413,413,412,412,412
354,354,354,354,354,354,354,354,354,354,354
294,291,291,291,291,291,291,290,290,290,290
238,238,238,238,238,238,238,238,238,238,238
185,182,182,182,182,182,182,182,182,182,182
139,139,139,139,139,139,139,139,139,139,139
98,94,94,94,94,94,94,94,94,94,94
63,63,63,63,63,63,63,63,63,63,63
36,33,33,33,33,32,32,32,32,32,32
16,16,16,16,16,16,16,16,16,16,16
4,1,1,1,1,1,1,1,1,1,1
0,0,0,0,0,0,0,0,0,0,0
3,0,0,1,1,1,1,1,1,1,1
15,15,15,15,15,15,15,15,15,15,15
35,32,32,32,32,32,32,32,32,32,33
63,63,63,63,63,63,63,63,63,63,63
97,94,94,94,94,94,94,94,94,94,94
138,138,138,138,138,138,138,138,138,138,138
185,182,182,182,182,182,182,182,182,182,182
237,237,237,237,237,237,237,237,237,237,237
293,290,290,290,290,290,290,290,291,291,291
353,353,353,353,353,353,353,353,353,353,353
415,412,412,412,412,412,412,413,413,413,413
479,479,479,479,479,479,479,479,479,479,479
543,540,540,540,540,540,541,541,541,541,541
607,607,607,607,607,607,607,607,607,607,607
669,666,666,666,666,667,667,667,667,667,667
729,729,729,729,729,729,729,729,729,729,729
785,782,783,783,783,783,783,783,783,783,783
837,837,837,837,837,837,837,837,837,837,837
884,881,881,882,882,882,882,882,882,882,882
925,925,925,925,925,925,925,925,925,925,925
960,957,957,957,957,957,957,957,957,957,957
987,987,987,987,987,987,987,987,987,987,987
1007,1004,1004,1004,1004,1004,1004,1004,1004,1004,1004
1019,1019,1019,1019,1019,1019,1019,1019,1019,1019,1019
1023,1020,1020,1020,1020,1020,1020,1020,1020,1020,1020
1020,1020,1020,1020,1020,1020,1020,1020,1020,1020,1020
1008,1005,1005,1005,1004,1004,1004,1004,1004,1004,1004
988,988,988,988,988,988,988,988,988,988,988
960,957,957,957,957,957,957,957,957,957,957
926,926,926,926,926,926,926,926,926,926,926
885,882,882,882,882,882,882,882,882,882,882
838,838,838,838,838,838,838,838,838,838,838
786,783,783,783,783,783,783,783,783,783,783
730,730,730,730,730,730,730,730,730,730,730
670,667,667,667,667,667,667,667,667,667,667
608,608,608,608,608,608,608,608,608,608,608
544,541,541,541,541,541,541,541,541,541,541
480,480,480,480,480,480,480,480,480,480,480
416,413,413,413,413,413,413,413,413,413,413
354,354,354,354,354,354,354,354,354,354,354
294,291,291,291,291,291,291,291,291,291,290
238,238,238,238,238,238,238,238,238,238,238
186,183,183,182,182,182,182,182,182,182,182
139,139,139,139,139,139,139,139,139,139,139
98,95,95,95,94,94,94,94,94,94,94
63,63,63,63,63,63,63,63,63,63,63
36,33,33,33,33,33,33,33,32,32,32
16,16,16,16,16,16,16,16,16,16,16
4,1,1,1,1,1,1,1,1,1,1
0,0,0,0,0,0,0,0,0,0,0
3,0,0,0,0,0,1,1,1,1,1
15,15,15,15,15,15,15,15,15,15,15
35,32,32,32,32,32,32,32,32,32,32
63,63,63,63,63,63,63,63,63,63,63
97,94,94,94,94,94,94,94,94,94,94
138,138,138,138,138,138,138,138,138,138,138
185,182,182,182,182,182,182,182,182,182,182
237,237,237,237,237,237,237,237,237,237,237
293,290,290,290,290,290,290,290,290,290,290
353,353,353,353,353,353,353,353,353,353,353
415,412,412,412,412,412,412,412,412,412,413
479,479,479,479,479,479,479,479,479,479,479
543,540,540,540,540,540,540,540,540,541,541
607,607,607,607,607,607,607,607,607,607,607
669,666,666,666,666,666,666,666,667,667,667
729,729,729,729,729,729,729,729,729,729,729
785,782,782,782,782,783,783,783,783,783,783
837,837,837,837,837,837,837,837,837,837,837
884,881,881,881,881,881,882,882,882,882,882
925,925,925,925,925,925,925,925,925,925,925
960,957,957,957,957,957,957,957,957,957,957
987,987,987,987,987,987,987,987,987,987,987
1007,1004,1004,1004,1004,1004,1004,1004,1004,1004,1004
1019,1019,1019,1019,1019,1019,1019,1019,1019,1019,1019
1023,1020,1020,1020,1020,1020,1020,1020,1020,1020,1020
1020,1020,1020,1020,1020,1020,1020,1020,1020,1020,1020
1008,1005,1005,1005,1005,1005,1005,1004,1004,1004,1004
988,988,988,988,988,988,988,988,988,988,988
961,958,957,957,957,957,957,957,957,957,957
926,926,926,926,926,926,926,926,926,926,926
885,882,882,882,882,882,882,882,882,882,882
838,838,838,838,838,838,838,838,838,838,838
786,783,783,783,783,783,783,783,783,783,783
730,730,730,730,730,730,730,730,730,730,730
670,667,667,667,667,667,667,667,667,667,667
608,608,608,608,608,608,608,608,608,608,608
544,541,541,541,541,541,541,541,541,541,541
480,480,480,480,480,480,480,480,480,480,480
416,413,413,413,413,413,413,413,413,413,413
354,354,354,354,354,354,354,354,354,354,354
294,291,291,291,291,291,291,291,291,291,291
238,238,238,238,238,238,238,238,238,238,238
186,183,183,183,183,183,182,182,182,182,182
139,139,139,139,139,139,139,139,139,139,139
98,95,95,95,95,95,95,94,94,94,94
63,63,63,63,63,63,63,63,63,63,63
36,33,33,33,33,33,33,33,33,33,33
16,16,16,16,16,16,16,16,16,16,16
4,1,1,1,1,1,1,1,1,1,1
0,0,0,0,0,0,0,0,0,0,0
3,0,0,0,0,0,0,0,0,1,1
15,15,15,15,15,15,15,15,15,15,15
35,32,32,32,32,32,32,32,32,32,32
62,62,62,62,62,62,62,62,62,62,62
97,94,94,94,94,94,94,94,94,94,94
138,138,138,138,138,138,138,138,138,138,138
184,182,182,182,182,182,182,182,182,182,182
236,236,236,236,236,236,236,236,236,236,236
293,290,290,290,290,290,290,290,290,290,290
352,352,352,352,352,352,352,352,352,352,352
415,412,412,412,412,412,412,412,412,412,412
478,478,478,478,478,478,478,478,478,478,478
543,540,540,540,540,540,540,540,540,540,540
607,607,607,607,607,607,607,607,607,607,607
669,666,666,666,666,666,666,666,666,666,666
729,729,729,729,729,729,729,729,729,729,729
785,782,782,782,782,782,782,782,783,783,783
837,837,837,837,837,837,837,837,837,837,837
884,881,881,881,881,881,881,881,881,882,882
925,925,925,925,925,925,925,925,925,925,925
960,957,957,957,957,957,957,957,957,957,957
987,987,987,987,987,987,987,987,987,987,987
1007,1004,1004,1004,1004,1004,1004,1004,1004,1004,1004
1019,1019,1019,1019,1019,1019,1019,1019,1019,1019,1019
1023,1020,1020,1020,1020,1020,1020,1020,1020,1020,1020
1020,1020,1020,1020,1020,1020,1020,1020,1020,1020,1020
1008,1005,1005,1005,1005,1005,1005,1005,1005,1005,1004
988,988,988,988,988,988,988,988,988,988,988
961,958,958,958,958,957,957,957,957,957,957
926,926,926,926,926,926,926,926,926,926,926
885,882,882,882,882,882,882,882,882,882,882
839,839,839,839,839,839,839,839,839,839,839
787,784,784,783,783,783,783,783,783,783,783
730,730,730,730,730,730,730,730,730,730,730
671,668,668,667,667,667,667,667,667,667,667
608,608,608,608,608,608,608,608,608,608,608
545,542,542,541,541,541,541,541,541,541,541
480,480,480,480,480,480,480,480,480,480,480
417,413,413,413,413,413,413,413,413,413,413
354,354,354,354,354,354,354,354,354,354,354
294,291,291,291,291,291,291,291,291,291,291
238,238,238,238,238,238,238,238,238,238,238
186,183,183,183,183,183,183,183,183,182,182
139,139,139,139,139,139,139,139,139,139,139
98,95,95,95,95,95,95,95,95,95,95
63,63,63,63,63,63,63,63,63,63,63
36,33,33,33,33,33,33,33,33,33,33
16,16,16,16,16,16,16,16,16,16,16
4,1,1,1,1,1,1,1,1,1,1
0,0,0,0,0,0,0,0,0,0,0
3,0,0,0,0,0,0,0,0,0,0
15,15,15,15,15,15,15,15,15,15,15
35,32,32,32,32,32,32,32,32,32,32
62,62,62,62,62,62,62,62,62,62,62
97,94,94,94,94,94,94,94,94,94,94
138,138,138,138,138,138,138,138,138,138,138
184,181,181,181,182,182,182,182,182,182,182
236,236,236,236,236,236,236,236,236,236,236
293,290,290,290,290,290,290,290,290,290,290
352,352,352,352,352,352,352,352,352,352,352
415,412,412,412,412,412,412,412,412,412,412
478,478,478,478,478,478,478,478,478,478,478
543,540,540,540,540,540,540,540,540,540,540
606,606,606,606,606,606,606,606,606,606,606
669,666,666,666,666,666,666,666,666,666,666
729,729,729,729,729,729,729,729,729,729,729
785,782,782,782,782,782,782,782,782,782,782
837,837,837,837,837,837,837,837,837,837,837
884,881,881,881,881,881,881,881,881,881,881
925,925,925,925,925,925,925,925,925,925,925
960,957,957,957,957,957,957,957,957,957,957
987,987,987,987,987,987,987,987,987,987,987
1007,1004,1004,1004,1004,1004,1004,1004,1004,1004,1004
1019,1019,1019,1019,1019,1019,1019,1019,1019,1019,1019
1023,1020,1020,1020,1020,1020,1020,1020,1020,1020,1020
1020,1020,1020,1020,1020,1020,1020,1020,1020,1020,1020
1008,1005,1005,1005,1005,1005,1005,1005,1005,1005,1005
988,988,988,988,988,988,988,988,988,988,988
961,958,958,958,958,958,958,958,957,957,957
926,926,926,926,926,926,926,926,926,926,926
886,882,882,882,882,882,882,882,882,882,882
839,839,839,839,839,839,839,839,839,839,839
787,784,784,784,784,784,783,783,783,783,783
731,731,731,731,731,731,731,731,731,731,731
671,668,668,668,668,668,667,667,667,667,667
609,609,609,609,609,609,609,609,609,609,609
545,542,542,542,542,542,541,541,541,541,541
481,481,481,481,481,481,481,481,481,481,481
417,414,414,414,413,413,413,413,413,413,413
354,354,354,354,354,354,354,354,354,354,354
295,292,291,291,291,291,291,291,291,291,291
238,238,238,238,238,238,238,238,238,238,238
186,183,183,183,183,183,183,183,183,183,183
139,139,139,139,139,139,139,139,139,139,139
98,95,95,95,95,95,95,95,95,95,95
63,63,63,63,63,63,63,63,63,63,63
36,33,33,33,33,33,33,33,33,33,33
16,16,16,16,16,16,16,16,16,16,16
4,1,1,1,1,1,1,1,1,1,1
0,0,0,0,0,0,0,0,0,0,0
3,0,0,0,0,0,0,0,0,0,0
15,15,15,15,15,15,15,15,15,15,15
35,32,32,32,32,32,32,32,32,32,32
62,62,62,62,62,62,62,62,62,62,62
97,94,94,94,94,94,94,94,94,94,94
137,137,137,137,137,137,137,137,137,137,137
184,181,181,181,181,181,181,182,182,182,182
236,236,236,236,236,236,236,236,236,236,236
292,289,289,290,290,290,290,290,290,290,290
352,352,352,352,352,352,352,352,352,352,352
414,411,411,412,412,412,412,412,412,412,412
478,478,478,478,478,478,478,478,478,478,478
542,539,539,540,540,540,540,540,540,540,540
606,606,606,606,606,606,606,606,606,606,606
668,666,666,666,666,666,666,666,666,666,666
728,728,728,728,728,728,728,728,728,728,728
785,782,782,782,782,782,782,782,782,782,782
837,837,837,837,837,837,837,837,837,837,837
884,881,881,881,881,881,881,881,881,881,881
925,925,925,925,925,925,925,925,925,925,925
960,957,957,957,957,957,957,957,957,957,957
987,987,987,987,987,987,987,987,987,987,987
1007,1004,1004,1004,1004,1004,1004,1004,1004,1004,1004
1019,1019,1019,1019,1019,1019,1019,1019,1019,1019,1019
1023,1020,1020,1020,1020,1020,1020,1020,1020,1020,1020
1020,1020,1020,1020,1020,1020,1020,1020,1020,1020,1020
1008,1005,1005,1005,1005,1005,1005,1005,1005,1005,1005
988,988,988,988,988,988,988,988,988,988,988
961,958,958,958,958,958,958,958,958,958,958
927,927,927,927,927,927,927,927,927,927,927
886,883,883,883,882,882,882,882,882,882,882
839,839,839,839,839,839,839,839,839,839,839
787,784,784,784,784,784,784,784,784,784,783
731,731,731,731,731,731,731,731,731,731,731
671,668,668,668,668,668,668,668,668,667,667
609,609,609,609,609,609,609,609,609,609,609
545,542,542,542,542,542,542,542,542,541,541
481,481,481,481,481,481,481,481,481,481,481
417,414,414,414,414,414,414,413,413,413,413
355,355,355,355,355,355,355,355,355,355,355
295,292,292,292,292,291,291,291,291,291,291
238,238,238,238,238,238,238,238,238,238,238
186,183,183,183,183,183,183,183,183,183,183
139,139,139,139,139,139,139,139,139,139,139
98,95,95,95,95,95,95,95,95,95,95
64,64,64,64,64,64,64,64,64,64,64
36,33,33,33,33,33,33,33,33,33,33
16,16,16,16,16,16,16,16,16,16,16
4,1,1,1,1,1,1,1,1,1,1
0,0,0,0,0,0,0,0,0,0,0
3,0,0,0,0,0,0,0,0,0,0
15,15,15,15,15,15,15,15,15,15,15
35,32,32,32,32,32,32,32,32,32,32
62,62,62,62,62,62,62,62,62,62,62
96,93,94,94,94,94,94,94,94,94,94
137,137,137,137,137,137,137,137,137,137,137
184,181,181,181,181,181,181,181,181,181,182
236,236,236,236,236,236,236,236,236,236,236
292,289,289,289,289,289,290,290,290,290,290
352,352,352,352,352,352,352,352,352,352,352
414,411,411,411,411,411,411,412,412,412,412
478,478,478,478,478,478,478,478,478,478,478
542,539,539,539,539,539,540,540,540,540,540
606,606,606,606,606,606,606,606,606,606,606
668,665,665,665,666,666,666,666,666,666,666
728,728,728,728,728,728,728,728,728,728,728
785,782,782,782,782,782,782,782,782,782,782
837,837,837,837,837,837,837,837,837,837,837
884,881,881,881,881,881,881,881,881,881,881
925,925,925,925,925,925,925,925,925,925,925
959,956,957,957,957,957,957,957,957,957,957
987,987,987,987,987,987,987,987,987,987,987
1007,1004,1004,1004,1004,1004,1004,1004,1004,1004,1004
1019,1019,1019,1019,1019,1019,1019,1019,1019,1019,1019
1023,1020,1020,1020,1020,1020,1020,1020,1020,1020,1020
1020,1020,1020,1020,1020,1020,1020,1020,1020,1020,1020
1008,1005,1005,1005,1005,1005,1005,1005,1005,1005,1005
988,988,988,988,988,988,988,988,988,988,988
961,958,958,958,958,958,958,958,958,958,958
927,927,927,927,927,927,927,927,927,927,927
886,883,883,883,883,883,883,882,882,882,882
839,839,839,839,839,839,839,839,839,839,839
787,784,784,784,784,784,784,784,784,784,784
731,731,731,731,731,731,731,731,731,731,731
671,668,668,668,668,668,668,668,668,668,668
609,609,609,609,609,609,609,609,609,609,609
545,542,542,542,542,542,542,542,542,542,542
481,481,481,481,481,481,481,481,481,481,481
417,414,414,414,414,414,414,414,414,414,413
355,355,355,355,355,355,355,355,355,355,355
295,292,292,292,292,292,292,292,291,291,291
239,239,239,239,239,239,239,239,239,239,239
186,183,183,183,183,183,183,183,183,183,183
139,139,139,139,139,139,139,139,139,139,139
98,95,95,95,95,95,95,95,95,95,95
64,64,64,64,64,64,64,64,64,64,64
36,33,33,33,33,33,33,33,33,33,33
16,16,16,16,16,16,16,16,16,16,16
4,1,1,1,1,1,1,1,1,1,1
0,0,0,0,0,0,0,0,0,0,0
3,0,0,0,0,0,0,0,0,0,0
15,15,15,15,15,15,15,15,15,15,15
35,32,32,32,32,32,32,32,32,32,32
62,62,62,62,62,62,62,62,62,62,62
96,93,93,93,93,94,94,94,94,94,94
137,137,137,137,137,137,137,137,137,137,137
184,181,181,181,181,181,181,181,181,181,181
236,236,236,236,236,236,236,236,236,236,236
292,289,289,289,289,289,289,289,289,290,290
352,352,352,352,352,352,352,352,352,352,352
414,411,411,411,411,411,411,411,411,411,412
478,478,478,478,478,478,478,478,478,478,478
542,539,539,539,539,539,539,539,539,540,540
606,606,606,606,606,606,606,606,606,606,606
668,665,665,665,665,665,665,666,666,666,666
728,728,728,728,728,728,728,728,728,728,728
784,781,782,782,782,782,782,782,782,782,782
837,837,837,837,837,837,837,837,837,837,837
884,881,881,881,881,881,881,881,881,881,881
925,925,925,925,925,925,925,925,925,925,925
959,956,956,956,956,957,957,957,957,957,957
987,987,987,987,987,987,987,987,987,987,987
1007,1004,1004,1004,1004,1004,1004,1004,1004,1004,1004
1019,1019,1019,1019,1019,1019,1019,1019,1019,1019,1019
1023,1020,1020,1020,1020,1020,1020,1020,1020,1020,1020
1020,1020,1020,1020,1020,1020,1020,1020,1020,1020,1020
1008,1005,1005,1005,1005,1005,1005,1005,1005,1005,1005
988,988,988,988,988,988,988,988,988,988,988
961,958,958,958,958,958,958,958,958,958,958
927,927,927,927,927,927,927,927,927,927,927
886,883,883,883,883,883,883,883,883,883,882
839,839,839,839,839,839,839,839,839,839,839
787,784,784,784,784,784,784,784,784,784,784
731,731,731,731,731,731,731,731,731,731,731
671,668,668,668,668,668,668,668,668,668,668
609,609,609,609,609,609,609,609,609,609,609
545,542,542,542,542,542,542,542,542,542,542
481,481,481,481,481,481,481,481,481,481,481
417,414,414,414,414,414,414,414,414,414,414
355,355,355,355,355,355,355,355,355,355,355
295,292,292,292,292,292,292,292,292,292,292
239,239,239,239,239,239,239,239,239,239,239
187,183,183,183,183,183,183,183,183,183,183
139,139,139,139,139,139,139,139,139,139,139
98,95,95,95,95,95,95,95,95,95,95
64,64,64,64,64,64,64,64,64,64,64
36,33,33,33,33,33,33,33,33,33,33
16,16,16,16,16,16,16,16,16,16,16
4,1,1,1,1,1,1,1,1,1,1
0,0,0,0,0,0,0,0,0,0,0
3,0,0,0,0,0,0,0,0,0,0
15,15,15,15,15,15,15,15,15,15,15
35,32,32,32,32,32,32,32,32,32,32
62,62,62,62,62,62,62,62,62,62,62
96,93,93,93,93,93,93,93,94,94,94
137,137,137,137,137,137,137,137,137,137,137
184,181,181,181,181,181,181,181,181,181,181
236,236,236,236,236,236,236,236,236,236,236
292,289,289,289,289,289,289,289,289,289,289
352,352,352,352,352,352,352,352,352,352,352
414,411,411,411,411,411,411,411,411,411,411
477,477,477,477,477,477,477,477,477,477,477
542,539,539,539,539,539,539,539,539,539,539
606,606,606,606,606,606,606,606,606,606,606
668,665,665,665,665,665,665,665,665,665,666
728,728,728,728,728,728,728,728,728,728,728
784,781,781,781,781,782,782,782,782,782,782
836,836,836,836,836,836,836,836,836,836,836
883,880,881,881,881,881,881,881,881,881,881
925,925,925,925,925,925,925,925,925,925,925
959,956,956,956,956,956,956,956,956,957,957
987,987,987,987,987,987,987,987,987,987,987
1007,1004,1004,1004,1004,1004,1004,1004,1004,1004,1004
1019,1019,1019,1019,1019,1019,1019,1019,1019,1019,1019
1023,1020,1020,1020,1020,1020,1020,1020,1020,1020,1020
1020,1020,1020,1020,1020,1020,1020,1020,1020,1020,1020
1008,1005,1005,1005,1005,1005,1005,1005,1005,1005,1005
988,988,988,988,988,988,988,988,988,988,988
961,958,958,958,958,958,958,958,958,958,958
927,927,927,927,927,927,927,927,927,927,927
886,883,883,883,883,883,883,883,883,883,883
839,839,839,839,839,839,839,839,839,839,839
787,784,784,784,784,784,784,784,784,784,784
731,731,731,731,731,731,731,731,731,731,731
672,669,668,668,668,668,668,668,668,668,668
609,609,609,609,609,609,609,609,609,609,609
546,543,542,542,542,542,542,542,542,542,542
481,481,481,481,481,481,481,481,481,481,481
417,414,414,414,414,414,414,414,414,414,414
355,355,355,355,355,355,355,355,355,355,355
295,292,292,292,292,292,292,292,292,292,292
239,239,239,239,239,239,239,239,239,239,239
187,184,184,184,183,183,183,183,183,183,183
140,140,140,140,140,140,140,140,140,140,140
98,95,95,95,95,95,95,95,95,95,95
64,64,64,64,64,64,64,64,64,64,64
36,33,33,33,33,33,33,33,33,33,33
16,16,16,16,16,16,16,16,16,16,16
4,1,1,1,1,1,1,1,1,1,1
0,0,0,0,0,0,0,0,0,0,0
3,0,0,0,0,0,0,0,0,0,0
15,15,15,15,15,15,15,15,15,15,15
35,32,32,32,32,32,32,32,32,32,32
62,62,62,62,62,62,62,62,62,62,62
96,93,93,93,93,93,93,93,93,93,93
137,137,137,137,137,137,137,137,137,137,137
184,181,181,181,181,181,181,181,181,181,181
235,235,235,235,235,235,235,235,235,235,235
292,289,289,289,289,289,289,289,289,289,289
351,351,351,351,351,351,351,351,351,351,351
414,411,411,411,411,411,411,411,411,411,411
477,477,477,477,477,477,477,477,477,477,477
542,539,539,539,539,539,539,539,539,539,539
605,605,605,605,605,605,605,605,605,605,605
668,665,665,665,665,665,665,665,665,665,665
728,728,728,728,728,728,728,728,728,728,728
784,781,781,781,781,781,781,781,782,782,782
836,836,836,836,836,836,836,836,836,836,836
883,880,880,880,880,881,881,881,881,881,881
924,924,924,924,924,924,924,924,924,924,924
959,956,956,956,956,956,956,956,956,956,956
987,987,987,987,987,987,987,987,987,987,987
1007,1004,1004,1004,1004,1004,1004,1004,1004,1004,1004
1019,1019,1019,1019,1019,1019,1019,1019,1019,1019,1019
1023,1020,1020,1020,1020,1020,1020,1020,1020,1020,1020
1020,1020,1020,1020,1020,1020,1020,1020,1020,1020,1020
1008,1005,1005,1005,1005,1005,1005,1005,1005,1005,1005
988,988,988,988,988,988,988,988,988,988,988
961,958,958,958,958,958,958,958,958,958,958
927,927,927,927,927,927,927,927,927,927,927
886,883,883,883,883,883,883,883,883,883,883
840,840,840,840,840,840,840,840,840,840,840
788,785,785,784,784,784,784,784,784,784,784
731,731,731,731,731,731,731,731,731,731,731
672,669,669,669,669,668,668,668,668,668,668
610,610,610,610,610,610,610,610,610,610,610
546,543,543,543,543,542,542,542,542,542,542
482,482,482,482,482,482,482,482,482,482,482
418,415,415,415,414,414,414,414,414,414,414
355,355,355,355,355,355,355,355,355,355,355
295,292,292,292,292,292,292,292,292,292,292
239,239,239,239,239,239,239,239,239,239,239
187,184,184,184,184,184,184,183,183,183,183
140,140,140,140,140,140,140,140,140,140,140
99,96,95,95,95,95,95,95,95,95,95
64,64,64,64,64,64,64,64,64,64,64
36,33,33,33,33,33,33,33,33,33,33
16,16,16,16,16,16,16,16,16,16,16
4,1,1,1,1,1,1,1,1,1,1
0,0,0,0,0,0,0,0,0,0,0
3,0,0,0,0,0,0,0,0,0,0
15,15,15,15,15,15,15,15,15,15,15
35,32,32,32,32,32,32,32,32,32,32
62,62,62,62,62,62,62,62,62,62,62
96,93,93,93,93,93,93,93,93,93,93
137,137,137,137,137,137,137,137,137,137,137
183,180,181,181,181,181,181,181,181,181,181
235,235,235,235,235,235,235,235,235,235,235
291,289,289,289,289,289,289,289,289,289,289
351,351,351,351,351,351,351,351,351,351,351
413,410,410,411,411,411,411,411,411,411,411
477,477,477,477,477,477,477,477,477,477,477
541,538,539,539,539,539,539,539,539,539,539
605,605,605,605,605,605,605,605,605,605,605
668,665,665,665,665,665,665,665,665,665,665
727,727,727,727,727,727,727,727,727,727,727
784,781,781,781,781,781,781,781,781,781,781
836,836,836,836,836,836,836,836,836,836,836
883,880,880,880,880,880,880,880,881,881,881
924,924,924,924,924,924,924,924,924,924,924
959,956,956,956,956,956,956,956,956,956,956
987,987,987,987,987,987,987,987,987,987,987
1007,1004,1004,1004,1004,1004,1004,1004,1004,1004,1004
1019,1019,1019,1019,1019,1019,1019,1019,1019,1019,1019
1023,1020,1020,1020,1020,1020,1020,1020,1020,1020,1020
1020,1020,1020,1020,1020,1020,1020,1020,1020,1020,1020
1008,1005,1005,1005,1005,1005,1005,1005,1005,1005,1005
988,988,988,988,988,988,988,988,988,988,988
961,958,958,958,958,958,958,958,958,958,958
927,927,927,927,927,927,927,927,927,927,927
886,883,883,883,883,883,883,883,883,883,883
840,840,840,840,840,840,840,840,840,840,840
788,785,785,785,785,785,784,784,784,784,784
732,732,732,732,732,732,732,732,732,732,732
672,669,669,669,669,669,669,669,668,668,668
610,610,610,610,610,610,610,610,610,610,610
546,543,543,543,543,543,543,543,542,542,542
482,482,482,482,482,482,482,482,482,482,482
418,415,415,415,415,415,415,414,414,414,414
356,356,356,356,356,356,356,356,356,356,356
296,293,293,292,292,292,292,292,292,292,292
239,239,239,239,239,239,239,239,239,239,239
187,184,184,184,184,184,184,184,184,184,183
140,140,140,140,140,140,140,140,140,140,140
99,96,96,96,96,96,95,95,95,95,95
64,64,64,64,64,64,64,64,64,64,64
36,33,33,33,33,33,33,33,33,33,33
16,16,16,16,16,16,16,16,16,16,16
4,1,1,1,1,1,1,1,1,1,1
0,0,0,0,0,0,0,0,0,0,0
3,0,0,0,0,0,0,0,0,0,0
15,15,15,15,15,15,15,15,15,15,15
35,32,32,32,32,32,32,32,32,32,32
62,62,62,62,62,62,62,62,62,62,62
96,93,93,93,93,93,93,93,93,93,93
137,137,137,137,137,137,137,137,137,137,137
183,180,180,180,180,181,181,181,181,181,181
235,235,235,235,235,235,235,235,235,235,235
291,288,288,288,289,289,289,289,289,289,289
351,351,351,351,351,351,351,351,351,351,351
413,410,410,410,410,410,411,411,411,411,411
477,477,477,477,477,477,477,477,477,477,477
541,538,538,538,538,539,539,539,539,539,539
605,605,605,605,605,605,605,605,605,605,605
667,664,664,665,665,665,665,665,665,665,665
727,727,727,727,727,727,727,727,727,727,727
784,781,781,781,781,781,781,781,781,781,781
836,836,836,836,836,836,836,836,836,836,836
883,880,880,880,880,880,880,880,880,880,880
924,924,924,924,924,924,924,924,924,924,924
959,956,956,956,956,956,956,956,956,956,956
987,987,987,987,987,987,987,987,987,987,987
1007,1004,1004,1004,1004,1004,1004,1004,1004,1004,1004
1019,1019,1019,1019,1019,1019,1019,1019,1019,1019,1019
1023,1020,1020,1020,1020,1020,1020,1020,1020,1020,1020
1020,1020,1020,1020,1020,1020,1020,1020,1020,1020,1020
1008,1005,1005,1005,1005,1005,1005,1005,1005,1005,1005
988,988,988,988,988,988,988,988,988,988,988
961,958,958,958,958,958,958,958,958,958,958
927,927,927,927,927,927,927,927,927,927,927
886,883,883,883,883,883,883,883,883,883,883
840,840,840,840,840,840,840,840,840,840,840
788,785,785,785,785,785,785,785,785,784,784
732,732,732,732,732,732,732,732,732,732,732
672,669,669,669,669,669,669,669,669,669,669
610,610,610,610,610,610,610,610,610,610,610
546,543,543,543,543,543,543,543,543,543,543
482,482,482,482,482,482,482,482,482,482,482
418,415,415,415,415,415,415,415,415,415,414
356,356,356,356,356,356,356,356,356,356,356
296,293,293,293,293,293,292,292,292,292,292
239,239,239,239,239,239,239,239,239,239,239
187,184,184,184,184,184,184,184,184,184,184
140,140,140,140,140,140,140,140,140,140,140
99,96,96,96,96,96,96,96,96,95,95
64,64,64,64,64,64,64,64,64,64,64
36,33,33,33,33,33,33,33,33,33,33
16,16,16,16,16,16,16,16,16,16,16
4,1,1,1,1,1,1,1,1,1,1
0,0,0,0,0,0,0,0,0,0,0
3,0,0,0,0,0,0,0,0,0,0
15,15,15,15,15,15,15,15,15,15,15
34,32,32,32,32,32,32,32,32,32,32
62,62,62,62,62,62,62,62,62,62,62
96,93,93,93,93,93,93,93,93,93,93
136,136,136,136,136,136,136,136,136,136,136
183,180,180,180,180,180,180,180,181,181,181
235,235,235,235,235,235,235,235,235,235,235
291,288,288,288,288,288,288,289,289,289,289
351,351,351,351,351,351,351,351,351,351,351
413,410,410,410,410,410,410,410,410,411,411
477,477,477,477,477,477,477,477,477,477,477
541,538,538,538,538,538,538,538,539,539,539
605,605,605,605,605,605,605,605,605,605,605
667,664,664,664,664,664,665,665,665,665,665
727,727,727,727,727,727,727,727,727,727,727
784,781,781,781,781,781,781,781,781,781,781
836,836,836,836,836,836,836,836,836,836,836
883,880,880,880,880,880,880,880,880,880,880
924,924,924,924,924,924,924,924,924,924,924
959,956,956,956,956,956,956,956,956,956,956
987,987,987,987,987,987,987,987,987,987,987
1007,1004,1004,1004,1004,1004,1004,1004,1004,1004,1004
1019,1019,1019,1019,1019,1019,1019,1019,1019,1019,1019
1023,1020,1020,1020,1020,1020,1020,1020,1020,1020,1020
1020,1020,1020,1020,1020,1020,1020,1020,1020,1020,1020
1008,1005,1005,1005,1005,1005,1005,1005,1005,1005,1005
989,989,989,989,989,989,989,989,989,989,989
961,958,958,958,958,958,958,958,958,958,958
927,927,927,927,927,927,927,927,927,927,927
887,884,884,883,883,883,883,883,883,883,883
840,840,840,840,840,840,840,840,840,840,840
788,785,785,785,785,785,785,785,785,785,785
732,732,732,732,732,732,732,732,732,732,732
672,669,669,669,669,669,669,669,669,669,669
610,610,610,610,610,610,610,610,610,610,610
546,543,543,543,543,543,543,543,543,543,543
482,482,482,482,482,482,482,482,482,482,482
418,415,415,415,415,415,415,415,415,415,415
356,356,356,356,356,356,356,356,356,356,356
296,293,293,293,293,293,293,293,293,292,292
239,239,239,239,239,239,239,239,239,239,239
187,184,184,184,184,184,184,184,184,184,184
140,140,140,140,140,140,140,140,140,140,140
99,96,96,96,96,96,96,96,96,96,96
64,64,64,64,64,64,64,64,64,64,64
36,33,33,33,33,33,33,33,33,33,33
16,16,16,16,16,16,16,16,16,16,16
4,1,1,1,1,1,1,1,1,1,1
0,0,0,0,0,0,0,0,0,0,0
3,0,0,0,0,0,0,0,0,0,0
15,15,15,15,15,15,15,15,15,15,15
34,31,31,31,32,32,32,32,32,32,32
61,61,61,61,61,61,61,61,61,61,61
96,93,93,93,93,93,93,93,93,93,93
136,136,136,136,136,136,136,136,136,136,136
183,180,180,180,180,180,180,180,180,180,180
235,235,235,235,235,235,235,235,235,235,235
291,288,288,288,288,288,288,288,288,288,289
351,351,351,351,351,351,351,351,351,351,351
413,410,410,410,410,410,410,410,410,410,410
477,477,477,477,477,477,477,477,477,477,477
541,538,538,538,538,538,538,538,538,538,538
605,605,605,605,605,605,605,605,605,605,605
667,664,664,664,664,664,664,664,664,665,665
727,727,727,727,727,727,727,727,727,727,727
783,780,781,781,781,781,781,781,781,781,781
836,836,836,836,836,836,836,836,836,836,836
883,880,880,880,880,880,880,880,880,880,880
924,924,924,924,924,924,924,924,924,924,924
959,956,956,956,956,956,956,956,956,956,956
986,986,986,986,986,986,986,986,986,986,986
1007,1004,1004,1004,1004,1004,1004,1004,1004,1004,1004
1019,1019,1019,1019,1019,1019,1019,1019,1019,1019,1019
1023,1020,1020,1020,1020,1020,1020,1020,1020,1020,1020
1020,1020,1020,1020,1020,1020,1020,1020,1020,1020,1020
1008,1005,1005,1005,1005,1005,1005,1005,1005,1005,1005
989,989,989,989,989,989,989,989,989,989,989
962,959,959,958,958,958,958,958,958,958,958
927,927,927,927,927,927,927,927,927,927,927
887,884,884,884,884,884,883,883,883,883,883
840,840,840,840,840,840,840,840,840,840,840
788,785,785,785,785,785,785,785,785,785,785
732,732,732,732,732,732,732,732,732,732,732
673,669,669,669,669,669,669,669,669,669,669
610,610,610,610,610,610,610,610,610,610,610
547,544,543,543,543,543,543,543,543,543,543
482,482,482,482,482,482,482,482,482,482,482
418,415,415,415,415,415,415,415,415,415,415
356,356,356,356,356,356,356,356,356,356,356
296,293,293,293,293,293,293,293,293,293,293
240,240,240,240,240,240,240,240,240,240,240
187,184,184,184,184,184,184,184,184,184,184
140,140,140,140,140,140,140,140,140,140,140
99,96,96,96,96,96,96,96,96,96,96
64,64,64,64,64,64,64,64,64,64,64
37,34,34,33,33,33,33,33,33,33,33
16,16,16,16,16,16,16,16,16,16,16
4,1,1,1,1,1,1,1,1,1,1
0,0,0,0,0,0,0,0,0,0,0
3,0,0,0,0,0,0,0,0,0,0
15,15,15,15,15,15,15,15,15,15,15
34,31,31,31,31,31,31,32,32,32,32
61,61,61,61,61,61,61,61,61,61,61
96,93,93,93,93,93,93,93,93,93,93
136,136,136,136,136,136,136,136,136,136,136
183,180,180,180,180,180,180,180,180,180,180
235,235,235,235,235,235,235,235,235,235,235
291,288,288,288,288,288,288,288,288,288,288
350,350,350,350,350,350,350,350,350,350,350
413,410,410,410,410,410,410,410,410,410,410
476,476,476,476,476,476,476,476,476,476,476
541,538,538,538,538,538,538,538,538,538,538
604,604,604,604,604,604,604,604,604,604,604
667,664,664,664,664,664,664,664,664,664,664
727,727,727,727,727,727,727,727,727,727,727
783,780,780,780,780,781,781,781,781,781,781
835,835,835,835,835,835,835,835,835,835,835
883,880,880,880,880,880,880,880,880,880,880
924,924,924,924,924,924,924,924,924,924,924
959,956,956,956,956,956,956,956,956,956,956
986,986,986,986,986,986,986,986,986,986,986
1007,1004,1004,1004,1004,1004,1004,1004,1004,1004,1004
1019,1019,1019,1019,1019,1019,1019,1019,1019,1019,1019
1023,1020,1020,1020,1020,1020,1020,1020,1020,1020,1020
1020,1020,1020,1020,1020,1020,1020,1020,1020,1020,1020
1008,1005,1005,1005,1005,1005,1005,1005,1005,1005,1005
989,989,989,989,989,989,989,989,989,989,989
962,959,959,959,959,959,958,958,958,958,958
928,928,928,928,928,928,928,928,928,928,928
887,884,884,884,884,884,884,884,884,883,883
840,840,840,840,840,840,840,840,840,840,840
788,785,785,785,785,785,785,785,785,785,785
732,732,732,732,732,732,732,732,732,732,732
673,670,670,670,669,669,669,669,669,669,669
611,611,611,611,611,611,611,611,611,611,611
547,544,544,544,544,543,543,543,543,543,543
482,482,482,482,482,482,482,482,482,482,482
419,416,416,415,415,415,415,415,415,415,415
356,356,356,356,356,356,356,356,356,356,356
296,293,293,293,293,293,293,293,293,293,293
240,240,240,240,240,240,240,240,240,240,240
188,185,184,184,184,184,184,184,184,184,184
140,140,140,140,140,140,140,140,140,140,140
99,96,96,96,96,96,96,96,96,96,96
64,64,64,64,64,64,64,64,64,64,64
37,34,34,34,34,34,33,33,33,33,33
16,16,16,16,16,16,16,16,16,16,16
4,1,1,1,1,1,1,1,1,1,1
0,0,0,0,0,0,0,0,0,0,0
3,0,0,0,0,0,0,0,0,0,0
15,15,15,15,15,15,15,15,15,15,15
34,31,31,31,31,31,31,31,31,31,32
61,61,61,61,61,61,61,61,61,61,61
95,92,92,93,93,93,93,93,93,93,93
136,136,136,136,136,136,136,136,136,136,136
183,180,180,180,180,180,180,180,180,180,180
234,234,234,234,234,234,234,234,234,234,234
291,288,288,288,288,288,288,288,288,288,288
350,350,350,350,350,350,350,350,350,350,350
412,409,410,410,410,410,410,410,410,410,410
476,476,476,476,476,476,476,476,476,476,476
540,537,538,538,538,538,538,538,538,538,538
604,604,604,604,604,604,604,604,604,604,604
667,664,664,664,664,664,664,664,664,664,664
727,727,727,727,727,727,727,727,727,727,727
783,780,780,780,780,780,780,780,781,781,781
835,835,835,835,835,835,835,835,835,835,835
882,880,880,880,880,880,880,880,880,880,880
924,924,924,924,924,924,924,924,924,924,924
959,956,956,956,956,956,956,956,956,956,956
986,986,986,986,986,986,986,986,986,986,986
1007,1004,1004,1004,1004,1004,1004,1004,1004,1004,1004
1019,1019,1019,1019,1019,1019,1019,1019,1019,1019,1019
1023,1020,1020,1020,1020,1020,1020,1020,1020,1020,1020
1020,1020,1020,1020,1020,1020,1020,1020,1020,1020,1020
1008,1005,1005,1005,1005,1005,1005,1005,1005,1005,1005
989,989,989,989,989,989,989,989,989,989,989
962,959,959,959,959,959,959,959,959,958,958
928,928,928,928,928,928,928,928,928,928,928
887,884,884,884,884,884,884,884,884,884,884
840,840,840,840,840,840,840,840,840,840,840
789,786,786,785,785,785,785,785,785,785,785
733,733,733,733,733,733,733,733,733,733,733
673,670,670,670,670,670,670,669,669,669,669
611,611,611,611,611,611,611,611,611,611,611
547,544,544,544,544,544,544,544,543,543,543
483,483,483,483,483,483,483,483,483,483,483
419,416,416,416,416,416,415,415,415,415,415
356,356,356,356,356,356,356,356,356,356,356
297,293,293,293,293,293,293,293,293,293,293
240,240,240,240,240,240,240,240,240,240,240
188,185,185,185,185,184,184,184,184,184,184
141,141,141,141,141,141,141,141,141,141,141
99,96,96,96,96,96,96,96,96,96,96
64,64,64,64,64,64,64,64,64,64,64
37,34,34,34,34,34,34,34,34,33,33
16,16,16,16,16,16,16,16,16,16,16
4,1,1,1,1,1,1,1,1,1,1
0,0,0,0,0,0,0,0,0,0,0
3,0,0,0,0,0,0,0,0,0,0
15,15,15,15,15,15,15,15,15,15,15
34,31,31,31,31,31,31,31,31,31,31
61,61,61,61,61,61,61,61,61,61,61
95,92,92,92,92,92,93,93,93,93,93
136,136,136,136,136,136,136,136,136,136,136
183,180,180,180,180,180,180,180,180,180,180
234,234,234,234,234,234,234,234,234,234,234
290,287,288,288,288,288,288,288,288,288,288
350,350,350,350,350,350,350,350,350,350,350
412,409,409,409,409,410,410,410,410,410,410
476,476,476,476,476,476,476,476,476,476,476
540,537,537,537,537,538,538,538,538,538,538
604,604,604,604,604,604,604,604,604,604,604
666,663,664,664,664,664,664,664,664,664,664
726,726,726,726,726,726,726,726,726,726,726
783,780,780,780,780,780,780,780,780,780,780
835,835,835,835,835,835,835,835,835,835,835
882,879,879,879,880,880,880,880,880,880,880
924,924,924,924,924,924,924,924,924,924,924
958,956,956,956,956,956,956,956,956,956,956
986,986,986,986,986,986,986,986,986,986,986
1007,1004,1004,1004,1004,1004,1004,1004,1004,1004,1004
1019,1019,1019,1019,1019,1019,1019,1019,1019,1019,1019
1023,1020,1020,1020,1020,1020,1020,1020,1020,1020,1020
1020,1020,1020,1020,1020,1020,1020,1020,1020,1020,1020
1008,1005,1005,1005,1005,1005,1005,1005,1005,1005,1005
989,989,989,989,989,989,989,989,989,989,989
962,959,959,959,959,959,959,959,959,959,959
928,928,928,928,928,928,928,928,928,928,928
887,884,884,884,884,884,884,884,884,884,884
841,841,841,841,841,841,841,841,841,841,841
789,786,786,786,786,786,785,785,785,785,785
733,733,733,733,733,733,733,733,733,733,733
673,670,670,670,670,670,670,670,670,670,669
611,611,611,611,611,611,611,611,611,611,611
547,544,544,544,544,544,544,544,544,544,544
483,483,483,483,483,483,483,483,483,483,483
419,416,416,416,416,416,416,416,416,415,415
357,357,357,357,357,357,357,357,357,357,357
297,294,294,294,293,293,293,293,293,293,293
240,240,240,240,240,240,240,240,240,240,240
188,185,185,185,185,185,185,185,184,184,184
141,141,141,141,141,141,141,141,141,141,141
99,96,96,96,96,96,96,96,96,96,96
65,65,65,65,65,65,65,65,65,65,65
37,34,34,34,34,34,34,34,34,34,34
16,16,16,16,16,16,16,16,16,16,16
4,1,1,1,1,1,1,1,1,1,1
0,0,0,0,0,0,0,0,0,0,0
3,0,0,0,0,0,0,0,0,0,0
15,15,15,15,15,15,15,15,15,15,15
34,31,31,31,31,31,31,31,31,31,31
61,61,61,61,61,61,61,61,61,61,61
95,92,92,92,92,92,92,92,92,93,93
136,136,136,136,136,136,136,136,136,136,136
182,179,179,180,180,180,180,180,180,180,180
234,234,234,234,234,234,234,234,234,234,234
290,287,287,287,287,288,288,288,288,288,288
350,350,350,350,350,350,350,350,350,350,350
412,409,409,409,409,409,409,409,410,410,410
476,476,476,476,476,476,476,476,476,476,476
540,537,537,537,537,537,537,537,538,538,538
604,604,604,604,604,604,604,604,604,604,604
666,663,663,663,663,664,664,664,664,664,664
726,726,726,726,726,726,726,726,726,726,726
783,780,780,780,780,780,780,780,780,780,780
835,835,835,835,835,835,835,835,835,835,835
882,879,879,879,879,879,879,880,880,880,880
924,924,924,924,924,924,924,924,924,924,924
958,955,955,955,956,956,956,956,956,956,956
986,986,986,986,986,986,986,986,986,986,986
1006,1004,1004,1004,1004,1004,1004,1004,1004,1004,1004
1019,1019,1019,1019,1019,1019,1019,1019,1019,1019,1019
1023,1020,1020,1020,1020,1020,1020,1020,1020,1020,1020
1020,1020,1020,1020,1020,1020,1020,1020,1020,1020,1020
1008,1005,1005,1005,1005,1005,1005,1005,1005,1005,1005
989,989,989,989,989,989,989,989,989,989,989
962,959,959,959,959,959,959,959,959,959,959
928,928,928,928,928,928,928,928,928,928,928
887,884,884,884,884,884,884,884,884,884,884
841,841,841,841,841,841,841,841,841,841,841
789,786,786,786,786,786,786,786,786,785,785
733,733,733,733,733,733,733,733,733,733,733
673,670,670,670,670,670,670,670,670,670,670
611,611,611,611,611,611,611,611,611,611,611
547,544,544,544,544,544,544,544,544,544,544
483,483,483,483,483,483,483,483,483,483,483
419,416,416,416,416,416,416,416,416,416,416
357,357,357,357,357,357,357,357,357,357,357
297,294,294,294,294,294,294,293,293,293,293
240,240,240,240,240,240,240,240,240,240,240
188,185,185,185,185,185,185,185,185,185,185
141,141,141,141,141,141,141,141,141,141,141
100,96,96,96,96,96,96,96,96,96,96
65,65,65,65,65,65,65,65,65,65,65
37,34,34,34,34,34,34,34,34,34,34
17,17,17,17,17,17,17,17,17,17,17
4,1,1,1,1,1,1,1,1,1,1
0,0,0,0,0,0,0,0,0,0,0
3,0,0,0,0,0,0,0,0,0,0
15,15,15,15,15,15,15,15,15,15,15
34,31,31,31,31,31,31,31,31,31,31
61,61,61,61,61,61,61,61,61,61,61
95,92,92,92,92,92,92,92,92,92,92
136,136,136,136,136,136,136,136,136,136,136
182,179,179,179,179,179,180,180,180,180,180
234,234,234,234,234,234,234,234,234,234,234
290,287,287,287,287,287,287,287,288,288,288
350,350,350,350,350,350,350,350,350,350,350
412,409,409,409,409,409,409,409,409,409,409
476,476,476,476,476,476,476,476,476,476,476
540,537,537,537,537,537,537,537,537,537,537
604,604,604,604,604,604,604,604,604,604,604
666,663,663,663,663,663,663,663,664,664,664
726,726,726,726,726,726,726,726,726,726,726
783,780,780,780,780,780,780,780,780,780,780
835,835,835,835,835,835,835,835,835,835,835
882,879,879,879,879,879,879,879,879,879,880
923,923,923,923,923,923,923,923,923,923,923
958,955,955,955,955,955,955,956,956,956,956
986,986,986,986,986,986,986,986,986,986,986
1006,1003,1003,1003,1004,1004,1004,1004,1004,1004,1004
1019,1019,1019,1019,1019,1019,1019,1019,1019,1019,1019
1023,1020,1020,1020,1020,1020,1020,1020,1020,1020,1020
1020,1020,1020,1020,1020,1020,1020,1020,1020,1020,1020
1008,1005,1005,1005,1005,1005,1005,1005,1005,1005,1005
989,989,989,989,989,989,989,989,989,989,989
962,959,959,959,959,959,959,959,959,959,959
928,928,928,928,928,928,928,928,928,928,928
887,884,884,884,884,884,884,884,884,884,884
841,841,841,841,841,841,841,841,841,841,841
789,786,786,786,786,786,786,786,786,786,786
733,733,733,733,733,733,733,733,733,733,733
673,670,670,670,670,670,670,670,670,670,670
611,611,611,611,611,611,611,611,611,611,611
548,545,544,544,544,544,544,544,544,544,544
483,483,483,483,483,483,483,483,483,483,483
419,416,416,416,416,416,416,416,416,416,416
357,357,357,357,357,357,357,357,357,357,357
297,294,294,294,294,294,294,294,294,294,293
240,240,240,240,240,240,240,240,240,240,240
188,185,185,185,185,185,185,185,185,185,185
141,141,141,141,141,141,141,141,141,141,141
100,97,97,97,96,96,96,96,96,96,96
65,65,65,65,65,65,65,65,65,65,65
37,34,34,34,34,34,34,34,34,34,34
17,17,17,17,17,17,17,17,17,17,17
4,1,1,1,1,1,1,1,1,1,1
0,0,0,0,0,0,0,0,0,0,0
3,0,0,0,0,0,0,0,0,0,0
15,15,15,15,15,15,15,15,15,15,15
34,31,31,31,31,31,31,31,31,31,31
61,61,61,61,61,61,61,61,61,61,61
95,92,92,92,92,92,92,92,92,92,92
136,136,136,136,136,136,136,136,136,136,136
182,179,179,179,179,179,179,179,179,180,180
234,234,234,234,234,234,234,234,234,234,234
290,287,287,287,287,287,287,287,287,287,287
349,349,349,349,349,349,349,349,349,349,349
412,409,409,409,409,409,409,409,409,409,409
475,475,475,475,475,475,475,475,475,475,475
540,537,537,537,537,537,537,537,537,537,537
603,603,603,603,603,603,603,603,603,603,603
666,663,663,663,663,663,663,663,663,663,663
726,726,726,726,726,726,726,726,726,726,726
782,779,780,780,780,780,780,780,780,780,780
835,835,835,835,835,835,835,835,835,835,835
882,879,879,879,879,879,879,879,879,879,879
923,923,923,923,923,923,923,923,923,923,923
958,955,955,955,955,955,955,955,955,955,956
986,986,986,986,986,986,986,986,986,986,986
1006,1003,1003,1003,1003,1003,1003,1004,1004,1004,1004
1019,1019,1019,1019,1019,1019,1019,1019,1019,1019,1019
1023,1020,1020,1020,1020,1020,1020,1020,1020,1020,1020
1020,1020,1020,1020,1020,1020,1020,1020,1020,1020,1020
1008,1005,1005,1005,1005,1005,1005,1005,1005,1005,1005
989,989,989,989,989,989,989,989,989,989,989
962,959,959,959,959,959,959,959,959,959,959
928,928,928,928,928,928,928,928,928,928,928
888,884,884,884,884,884,884,884,884,884,884
841,841,841,841,841,841,841,841,841,841,841
789,786,786,786,786,786,786,786,786,786,786
733,733,733,733,733,733,733,733,733,733,733
674,671,671,670,670,670,670,670,670,670,670
611,611,611,611,611,611,611,611,611,611,611
548,545,545,545,545,544,544,544,544,544,544
483,483,483,483,483,483,483,483,483,483,483
420,417,416,416,416,416,416,416,416,416,416
357,357,357,357,357,357,357,357,357,357,357
297,294,294,294,294,294,294,294,294,294,294
241,241,241,241,241,241,241,241,241,241,241
188,185,185,185,185,185,185,185,185,185,185
141,141,141,141,141,141,141,141,141,141,141
100,97,97,97,97,97,97,96,96,96,96
65,65,65,65,65,65,65,65,65,65,65
37,34,34,34,34,34,34,34,34,34,34
17,17,17,17,17,17,17,17,17,17,17
4,1,1,1,1,1,1,1,1,1,1
0,0,0,0,0,0,0,0,0,0,0
3,0,0,0,0,0,0,0,0,0,0
15,15,15,15,15,15,15,15,15,15,15
34,31,31,31,31,31,31,31,31,31,31
61,61,61,61,61,61,61,61,61,61,61
95,92,92,92,92,92,92,92,92,92,92
135,135,135,135,135,135,135,135,135,135,135
182,179,179,179,179,179,179,179,179,179,179
234,234,234,234,234,234,234,234,234,234,234
290,287,287,287,287,287,287,287,287,287,287
349,349,349,349,349,349,349,349,349,349,349
411,408,409,409,409,409,409,409,409,409,409
475,475,475,475,475,475,475,475,475,475,475
539,536,537,537,537,537,537,537,537,537,537
603,603,603,603,603,603,603,603,603,603,603
666,663,663,663,663,663,663,663,663,663,663
726,726,726,726,726,726,726,726,726,726,726
782,779,779,779,779,780,780,780,780,780,780
835,835,835,835,835,835,835,835,835,835,835
882,879,879,879,879,879,879,879,879,879,879
923,923,923,923,923,923,923,923,923,923,923
958,955,955,955,955,955,955,955,955,955,955
986,986,986,986,986,986,986,986,986,986,986
1006,1003,1003,1003,1003,1003,1003,1003,1003,1003,1004
1019,1019,1019,1019,1019,1019,1019,1019,1019,1019,1019
1023,1020,1020,1020,1020,1020,1020,1020,1020,1020,1020
1020,1020,1020,1020,1020,1020,1020,1020,1020,1020,1020
1008,1005,1005,1005,1005,1005,1005,1005,1005,1005,1005
989,989,989,989,989,989,989,989,989,989,989
962,959,959,959,959,959,959,959,959,959,959
928,928,928,928,928,928,928,928,928,928,928
888,885,885,885,884,884,884,884,884,884,884
841,841,841,841,841,841,841,841,841,841,841
789,786,786,786,786,786,786,786,786,786,786
733,733,733,733,733,733,733,733,733,733,733
674,671,671,671,671,671,670,670,670,670,670
612,612,612,612,612,612,612,612,612,612,612
548,545,545,545,545,545,545,545,544,544,544
484,484,484,484,484,484,484,484,484,484,484
420,417,417,417,417,416,416,416,416,416,416
357,357,357,357,357,357,357,357,357,357,357
297,294,294,294,294,294,294,294,294,294,294
241,241,241,241,241,241,241,241,241,241,241
188,185,185,185,185,185,185,185,185,185,185
141,141,141,141,141,141,141,141,141,141,141
100,97,97,97,97,97,97,97,97,97,96
65,65,65,65,65,65,65,65,65,65,65
37,34,34,34,34,34,34,34,34,34,34
17,17,17,17,17,17,17,17,17,17,17
4,1,1,1,1,1,1,1,1,1,1
0,0,0,0,0,0,0,0,0,0,0
3,0,0,0,0,0,0,0,0,0,0
15,15,15,15,15,15,15,15,15,15,15
34,31,31,31,31,31,31,31,31,31,31
61,61,61,61,61,61,61,61,61,61,61
95,92,92,92,92,92,92,92,92,92,92
135,135,135,135,135,135,135,135,135,135,135
182,179,179,179,179,179,179,179,179,179,179
233,233,233,233,233,233,233,233,233,233,233
290,287,287,287,287,287,287,287,287,287,287
349,349,349,349,349,349,349,349,349,349,349
411,408,408,408,408,409,409,409,409,409,409
475,475,475,475,475,475,475,475,475,475,475
539,536,536,536,536,537,537,537,537,537,537
603,603,603,603,603,603,603,603,603,603,603
665,663,663,663,663,663,663,663,663,663,663
725,725,725,725,725,725,725,725,725,725,725
782,779,779,779,779,779,779,779,780,780,780
834,834,834,834,834,834,834,834,834,834,834
882,879,879,879,879,879,879,879,879,879,879
923,923,923,923,923,923,923,923,923,923,923
958,955,955,955,955,955,955,955,955,955,955
986,986,986,986,986,986,986,986,986,986,986
1006,1003,1003,1003,1003,1003,1003,1003,1003,1003,1003
1019,1019,1019,1019,1019,1019,1019,1019,1019,1019,1019
1023,1020,1020,1020,1020,1020,1020,1020,1020,1020,1020
1020,1020,1020,1020,1020,1020,1020,1020,1020,1020,1020
1009,1005,1005,1005,1005,1005,1005,1005,1005,1005,1005
989,989,989,989,989,989,989,989,989,989,989
962,959,959,959,959,959,959,959,959,959,959
928,928,928,928,928,928,928,928,928,928,928
888,885,885,885,885,885,885,884,884,884,884
841,841,841,841,841,841,841,841,841,841,841
790,787,787,786,786,786,786,786,786,786,786
734,734,734,734,734,734,734,734,734,734,734
674,671,671,671,671,671,671,671,671,670,670
612,612,612,612,612,612,612,612,612,612,612
548,545,545,545,545,545,545,545,545,545,545
484,484,484,484,484,484,484,484,484,484,484
420,417,417,417,417,417,417,417,417,416,416
358,358,358,358,358,358,358,358,358,358,358
298,295,294,294,294,294,294,294,294,294,294
241,241,241,241,241,241,241,241,241,241,241
189,186,186,185,185,185,185,185,185,185,185
141,141,141,141,141,141,141,141,141,141,141
100,97,97,97,97,97,97,97,97,97,97
65,65,65,65,65,65,65,65,65,65,65
37,34,34,34,34,34,34,34,34,34,34
17,17,17,17,17,17,17,17,17,17,17
4,1,1,1,1,1,1,1,1,1,1
0,0,0,0,0,0,0,0,0,0,0
3,0,0,0,0,0,0,0,0,0,0
14,14,14,14,14,14,14,14,14,14,14
34,31,31,31,31,31,31,31,31,31,31
61,61,61,61,61,61,61,61,61,61,61
95,92,92,92,92,92,92,92,92,92,92
135,135,135,135,135,135,135,135,135,135,135
182,179,179,179,179,179,179,179,179,179,179
233,233,233,233,233,233,233,233,233,233,233
289,286,286,287,287,287,287,287,287,287,287
349,349,349,349,349,349,349,349,349,349,349
411,408,408,408,408,408,408,408,409,409,409
475,475,475,475,475,475,475,475,475,475,475
539,536,536,536,536,536,536,536,537,537,537
603,603,603,603,603,603,603,603,603,603,603
665,662,662,662,663,663,663,663,663,663,663
725,725,725,725,725,725,725,725,725,725,725
782,779,779,779,779,779,779,779,779,779,779
834,834,834,834,834,834,834,834,834,834,834
882,879,879,879,879,879,879,879,879,879,879
923,923,923,923,923,923,923,923,923,923,923
958,955,955,955,955,955,955,955,955,955,955
986,986,986,986,986,986,986,986,986,986,986
1006,1003,1003,1003,1003,1003,1003,1003,1003,1003,1003
1019,1019,1019,1019,1019,1019,1019,1019,1019,1019,1019
1023,1020,1020,1020,1020,1020,1020,1020,1020,1020,1020
1020,1020,1020,1020,1020,1020,1020,1020,1020,1020,1020
1009,1006,1006,1006,1005,1005,1005,1005,1005,1005,1005
989,989,989,989,989,989,989,989,989,989,989
962,959,959,959,959,959,959,959,959,959,959
928,928,928,928,928,928,928,928,928,928,928
888,885,885,885,885,885,885,885,885,885,884
841,841,841,841,841,841,841,841,841,841,841
790,787,787,787,787,787,786,786,786,786,786
734,734,734,734,734,734,734,734,734,734,734
674,671,671,671,671,671,671,671,671,671,671
612,612,612,612,612,612,612,612,612,612,612
548,545,545,545,545,545,545,545,545,545,545
484,484,484,484,484,484,484,484,484,484,484
420,417,417,417,417,417,417,417,417,417,417
358,358,358,358,358,358,358,358,358,358,358
298,295,295,295,295,294,294,294,294,294,294
241,241,241,241,241,241,241,241,241,241,241
189,186,186,186,186,186,186,185,185,185,185
142,142,142,142,142,142,142,142,142,142,142
100,97,97,97,97,97,97,97,97,97,97
65,65,65,65,65,65,65,65,65,65,65
37,34,34,34,34,34,34,34,34,34,34
17,17,17,17,17,17,17,17,17,17,17
4,1,1,1,1,1,1,1,1,1,1
0,0,0,0,0,0,0,0,0,0,0
3,0,0,0,0,0,0,0,0,0,0
14,14,14,14,14,14,14,14,14,14,14
34,31,31,31,31,31,31,31,31,31,31
61,61,61,61,61,61,61,61,61,61,61
94,92,92,92,92,92,92,92,92,92,92
135,135,135,135,135,135,135,135,135,135,135
181,179,179,179,179,179,179,179,179,179,179
233,233,233,233,233,233,233,233,233,233,233
289,286,286,286,286,286,287,287,287,287,287
349,349,349,349,349,349,349,349,349,349,349
411,408,408,408,408,408,408,408,408,408,408
475,475,475,475,475,475,475,475,475,475,475
539,536,536,536,536,536,536,536,536,536,536
603,603,603,603,603,603,603,603,603,603,603
665,662,662,662,662,662,662,663,663,663,663
725,725,725,725,725,725,725,725,725,725,725
782,779,779,779,779,779,779,779,779,779,779
834,834,834,834,834,834,834,834,834,834,834
881,878,878,879,879,879,879,879,879,879,879
923,923,923,923,923,923,923,923,923,923,923
958,955,955,955,955,955,955,955,955,955,955
986,986,986,986,986,986,986,986,986,986,986
1006,1003,1003,1003,1003,1003,1003,1003,1003,1003,1003
1019,1019,1019,1019,1019,1019,1019,1019,1019,1019,1019
1023,1020,1020,1020,1020,1020,1020,1020,1020,1020,1020
1020,1020,1020,1020,1020,1020,1020,1020,1020,1020,1020
1009,1006,1006,1006,1006,1006,1006,1005,1005,1005,1005
989,989,989,989,989,989,989,989,989,989,989
962,959,959,959,959,959,959,959,959,959,959
929,929,929,929,929,929,929,929,929,929,929
888,885,885,885,885,885,885,885,885,885,885
842,842,842,842,842,842,842,842,842,842,842
790,787,787,787,787,787,787,787,787,786,786
734,734,734,734,734,734,734,734,734,734,734
674,671,671,671,671,671,671,671,671,671,671
612,612,612,612,612,612,612,612,612,612,612
549,545,545,545,545,545,545,545,545,545,545
484,484,484,484,484,484,484,484,484,484,484
420,417,417,417,417,417,417,417,417,417,417
358,358,358,358,358,358,358,358,358,358,358
298,295,295,295,295,295,295,295,294,294,294
241,241,241,241,241,241,241,241,241,241,241
189,186,186,186,186,186,186,186,186,186,185
142,142,142,142,142,142,142,142,142,142,142
100,97,97,97,97,97,97,97,97,97,97
65,65,65,65,65,65,65,65,65,65,65
37,34,34,34,34,34,34,34,34,34,34
17,17,17,17,17,17,17,17,17,17,17
4,1,1,1,1,1,1,1,1,1,1
0,0,0,0,0,0,0,0,0,0,0
3,0,0,0,0,0,0,0,0,0,0
14,14,14,14,14,14,14,14,14,14,14
34,31,31,31,31,31,31,31,31,31,31
60,60,60,60,60,60,60,60,60,60,60
94,91,91,91,92,92,92,92,92,92,92
135,135,135,135,135,135,135,135,135,135,135
181,178,178,178,179,179,179,179,179,179,179
233,233,233,233,233,233,233,233,233,233,233
289,286,286,286,286,286,286,286,286,287,287
349,349,349,349,349,349,349,349,349,349,349
411,408,408,408,408,408,408,408,408,408,408
474,474,474,474,474,474,474,474,474,474,474
539,536,536,536,536,536,536,536,536,536,536
603,603,603,603,603,603,603,603,603,603,603
665,662,662,662,662,662,662,662,662,662,663
725,725,725,725,725,725,725,725,725,725,725
782,779,779,779,779,779,779,779,779,779,779
834,834,834,834,834,834,834,834,834,834,834
881,878,878,878,878,878,879,879,879,879,879
923,923,923,923,923,923,923,923,923,923,923
958,955,955,955,955,955,955,955,955,955,955
986,986,986,986,986,986,986,986,986,986,986
1006,1003,1003,1003,1003,1003,1003,1003,1003,1003,1003
1019,1019,1019,1019,1019,1019,1019,1019,1019,1019,1019
1023,1020,1020,1020,1020,1020,1020,1020,1020,1020,1020
1020,1020,1020,1020,1020,1020,1020,1020,1020,1020,1020
1009,1006,1006,1006,1006,1006,1006,1006,1006,1006,1005
989,989,989,989,989,989,989,989,989,989,989
963,960,960,959,959,959,959,959,959,959,959
929,929,929,929,929,929,929,929,929,929,929
888,885,885,885,885,885,885,885,885,885,885
842,842,842,842,842,842,842,842,842,842,842
790,787,787,787,787,787,787,787,787,787,787
734,734,734,734,734,734,734,734,734,734,734
675,671,671,671,671,671,671,671,671,671,671
612,612,612,612,612,612,612,612,612,612,612
549,546,546,546,545,545,545,545,545,545,545
484,484,484,484,484,484,484,484,484,484,484
421,418,417,417,417,417,417,417,417,417,417
358,358,358,358,358,358,358,358,358,358,358
298,295,295,295,295,295,295,295,295,295,295
241,241,241,241,241,241,241,241,241,241,241
189,186,186,186,186,186,186,186,186,186,186
142,142,142,142,142,142,142,142,142,142,142
100,97,97,97,97,97,97,97,97,97,97
65,65,65,65,65,65,65,65,65,65,65
37,34,34,34,34,34,34,34,34,34,34
17,17,17,17,17,17,17,17,17,17,17
4,1,1,1,1,1,1,1,1,1,1
0,0,0,0,0,0,0,0,0,0,0
3,0,0,0,0,0,0,0,0,0,0
14,14,14,14,14,14,14,14,14,14,14
34,31,31,31,31,31,31,31,31,31,31
60,60,60,60,60,60,60,60,60,60,60
94,91,91,91,91,91,91,92,92,92,92
135,135,135,135,135,135,135,135,135,135,135
181,178,178,178,178,178,178,179,179,179,179
233,233,233,233,233,233,233,233,233,233,233
289,286,286,286,286,286,286,286,286,286,286
348,348,348,348,348,348,348,348,348,348,348
410,408,408,408,408,408,408,408,408,408,408
474,474,474,474,474,474,474,474,474,474,474
538,536,536,536,536,536,536,536,536,536,536
602,602,602,602,602,602,602,602,602,602,602
665,662,662,662,662,662,662,662,662,662,662
725,725,725,725,725,725,725,725,725,725,725
781,778,779,779,779,779,779,779,779,779,779
834,834,834,834,834,834,834,834,834,834,834
881,878,878,878,878,878,878,878,878,879,879
923,923,923,923,923,923,923,923,923,923,923
958,955,955,955,955,955,955,955,955,955,955
986,986,986,986,986,986,986,986,986,986,986
1006,1003,1003,1003,1003,1003,1003,1003,1003,1003,1003
1019,1019,1019,1019,1019,1019,1019,1019,1019,1019,1019
1023,1020,1020,1020,1020,1020,1020,1020,1020,1020,1020
1020,1020,1020,1020,1020,1020,1020,1020,1020,1020,1020
1009,1006,1006,1006,1006,1006,1006,1006,1006,1006,1006
989,989,989,989,989,989,989,989,989,989,989
963,960,960,960,960,960,960,959,959,959,959
929,929,929,929,929,929,929,929,929,929,929
888,885,885,885,885,885,885,885,885,885,885
842,842,842,842,842,842,842,842,842,842,842
790,787,787,787,787,787,787,787,787,787,787
734,734,734,734,734,734,734,734,734,734,734
675,672,672,672,671,671,671,671,671,671,671
613,613,613,613,613,613,613,613,613,613,613
549,546,546,546,546,546,546,545,545,545,545
485,485,485,485,485,485,485,485,485,485,485
421,418,418,418,418,417,417,417,417,417,417
358,358,358,358,358,358,358,358,358,358,358
298,295,295,295,295,295,295,295,295,295,295
242,242,242,242,242,242,242,242,242,242,242
189,186,186,186,186,186,186,186,186,186,186
142,142,142,142,142,142,142,142,142,142,142
100,97,97,97,97,97,97,97,97,97,97
65,65,65,65,65,65,65,65,65,65,65
37,34,34,34,34,34,34,34,34,34,34
17,17,17,17,17,17,17,17,17,17,17
4,1,1,1,1,1,1,1,1,1,1
0,0,0,0,0,0,0,0,0,0,0
3,0,0,0,0,0,0,0,0,0,0
14,14,14,14,14,14,14,14,14,14,14
34,31,31,31,31,31,31,31,31,31,31
60,60,60,60,60,60,60,60,60,60,60
94,91,91,91,91,91,91,91,91,91,92
135,135,135,135,135,135,135,135,135,135,135
181,178,178,178,178,178,178,178,178,178,179
233,233,233,233,233,233,233,233,233,233,233
289,286,286,286,286,286,286,286,286,286,286
348,348,348,348,348,348,348,348,348,348,348
410,407,407,407,408,408,408,408,408,408,408
474,474,474,474,474,474,474,474,474,474,474
538,535,535,535,536,536,536,536,536,536,536
602,602,602,602,602,602,602,602,602,602,602
665,662,662,662,662,662,662,662,662,662,662
725,725,725,725,725,725,725,725,725,725,725
781,778,778,778,778,779,779,779,779,779,779
834,834,834,834,834,834,834,834,834,834,834
881,878,878,878,878,878,878,878,878,878,878
923,923,923,923,923,923,923,923,923,923,923
958,955,955,955,955,955,955,955,955,955,955
986,986,986,986,986,986,986,986,986,986,986
1006,1003,1003,1003,1003,1003,1003,1003,1003,1003,1003
1019,1019,1019,1019,1019,1019,1019,1019,1019,1019,1019
1023,1020,1020,1020,1020,1020,1020,1020,1020,1020,1020
1020,1020,1020,1020,1020,1020,1020,1020,1020,1020,1020
1009,1006,1006,1006,1006,1006,1006,1006,1006,1006,1006
990,990,990,990,990,990,990,990,990,990,990
963,960,960,960,960,960,960,960,960,960,959
929,929,929,929,929,929,929,929,929,929,929
888,885,885,885,885,885,885,885,885,885,885
842,842,842,842,842,842,842,842,842,842,842
790,787,787,787,787,787,787,787,787,787,787
734,734,734,734,734,734,734,734,734,734,734
675,672,672,672,672,672,672,672,671,671,671
613,613,613,613,613,613,613,613,613,613,613
549,546,546,546,546,546,546,546,546,546,545
485,485,485,485,485,485,485,485,485,485,485
421,418,418,418,418,418,418,418,417,417,417
359,359,359,359,359,359,359,359,359,359,359
299,295,295,295,295,295,295,295,295,295,295
242,242,242,242,242,242,242,242,242,242,242
189,186,186,186,186,186,186,186,186,186,186
142,142,142,142,142,142,142,142,142,142,142
101,98,97,97,97,97,97,97,97,97,97
66,66,66,66,66,66,66,66,66,66,66
38,34,34,34,34,34,34,34,34,34,34
17,17,17,17,17,17,17,17,17,17,17
4,1,1,1,1,1,1,1,1,1,1
0,0,0,0,0,0,0,0,0,0,0
3,0,0,0,0,0,0,0,0,0,0
14,14,14,14,14,14,14,14,14,14,14
33,30,30,31,31,31,31,31,31,31,31
60,60,60,60,60,60,60,60,60,60,60
94,91,91,91,91,91,91,91,91,91,91
134,134,134,134,134,134,134,134,134,134,134
181,178,178,178,178,178,178,178,178,178,178
232,232,232,232,232,232,232,232,232,232,232
288,286,286,286,286,286,286,286,286,286,286
348,348,348,348,348,348,348,348,348,348,348
410,407,407,407,407,407,407,408,408,408,408
474,474,474,474,474,474,474,474,474,474,474
538,535,535,535,535,535,535,536,536,536,536
602,602,602,602,602,602,602,602,602,602,602
664,661,661,662,662,662,662,662,662,662,662
724,724,724,724,724,724,724,724,724,724,724
781,778,778,778,778,778,778,778,779,779,779
834,834,834,834,834,834,834,834,834,834,834
881,878,878,878,878,878,878,878,878,878,878
922,922,922,922,922,922,922,922,922,922,922
957,954,954,955,955,955,955,955,955,955,955
985,985,985,985,985,985,985,985,985,985,985
1006,1003,1003,1003,1003,1003,1003,1003,1003,1003,1003
1019,1019,1019,1019,1019,1019,1019,1019,1019,1019,1019
1023,1020,1020,1020,1020,1020,1020,1020,1020,1020,1020
1020,1020,1020,1020,1020,1020,1020,1020,1020,1020,1020
1009,1006,1006,1006,1006,1006,1006,1006,1006,1006,1006
990,990,990,990,990,990,990,990,990,990,990
963,960,960,960,960,960,960,960,960,960,960
929,929,929,929,929,929,929,929,929,929,929
889,886,886,885,885,885,885,885,885,885,885
842,842,842,842,842,842,842,842,842,842,842
791,788,788,787,787,787,787,787,787,787,787
735,735,735,735,735,735,735,735,735,735,735
675,672,672,672,672,672,672,672,672,672,672
613,613,613,613,613,613,613,613,613,613,613
549,546,546,546,546,546,546,546,546,546,546
485,485,485,485,485,485,485,485,485,485,485
421,418,418,418,418,418,418,418,418,418,418
359,359,359,359,359,359,359,359,359,359,359
299,296,296,296,295,295,295,295,295,295,295
242,242,242,242,242,242,242,242,242,242,242
190,187,186,186,186,186,186,186,186,186,186
142,142,142,142,142,142,142,142,142,142,142
101,98,98,98,98,97,97,97,97,97,97
66,66,66,66,66,66,66,66,66,66,66
38,35,35,35,34,34,34,34,34,34,34
17,17,17,17,17,17,17,17,17,17,17
4,1,1,1,1,1,1,1,1,1,1
0,0,0,0,0,0,0,0,0,0,0
3,0,0,0,0,0,0,0,0,0,0
14,14,14,14,14,14,14,14,14,14,14
33,30,30,30,30,30,31,31,31,31,31
60,60,60,60,60,60,60,60,60,60,60
94,91,91,91,91,91,91,91,91,91,91
134,134,134,134,134,134,134,134,134,134,134
181,178,178,178,178,178,178,178,178,178,178
232,232,232,232,232,232,232,232,232,232,232
288,285,285,285,286,286,286,286,286,286,286
348,348,348,348,348,348,348,348,348,348,348
410,407,407,407,407,407,407,407,407,407,408
474,474,474,474,474,474,474,474,474,474,474
538,535,535,535,535,535,535,535,535,535,536
602,602,602,602,602,602,602,602,602,602,602
664,661,661,661,661,661,662,662,662,662,662
724,724,724,724,724,724,724,724,724,724,724
781,778,778,778,778,778,778,778,778,778,778
833,833,833,833,833,833,833,833,833,833,833
881,878,878,878,878,878,878,878,878,878,878
922,922,922,922,922,922,922,922,922,922,922
957,954,954,954,954,954,955,955,955,955,955
985,985,985,985,985,985,985,985,985,985,985
1006,1003,1003,1003,1003,1003,1003,1003,1003,1003,1003
1019,1019,1019,1019,1019,1019,1019,1019,1019,1019,1019
1023,1020,1020,1020,1020,1020,1020,1020,1020,1020,1020
1020,1020,1020,1020,1020,1020,1020,1020,1020,1020,1020
1009,1006,1006,1006,1006,1006,1006,1006,1006,1006,1006
990,990,990,990,990,990,990,990,990,990,990
963,960,960,960,960,960,960,960,960,960,960
929,929,929,929,929,929,929,929,929,929,929
889,886,886,886,886,886,885,885,885,885,885
842,842,842,842,842,842,842,842,842,842,842
791,788,788,788,788,788,787,787,787,787,787
735,735,735,735,735,735,735,735,735,735,735
675,672,672,672,672,672,672,672,672,672,672
613,613,613,613,613,613,613,613,613,613,613
550,546,546,546,546,546,546,546,546,546,546
485,485,485,485,485,485,485,485,485,485,485
421,418,418,418,418,418,418,418,418,418,418
359,359,359,359,359,359,359,359,359,359,359
299,296,296,296,296,296,296,295,295,295,295
242,242,242,242,242,242,242,242,242,242,242
190,187,187,187,187,186,186,186,186,186,186
142,142,142,142,142,142,142,142,142,142,142
101,98,98,98,98,98,98,98,97,97,97
66,66,66,66,66,66,66,66,66,66,66
38,35,35,35,35,35,35,34,34,34,34
17,17,17,17,17,17,17,17,17,17,17
4,1,1,1,1,1,1,1,1,1,1
0,0,0,0,0,0,0,0,0,0,0
3,0,0,0,0,0,0,0,0,0,0
14,14,14,14,14,14,14,14,14,14,14
33,30,30,30,30,30,30,30,30,31,31
60,60,60,60,60,60,60,60,60,60,60
94,91,91,91,91,91,91,91,91,91,91
134,134,134,134,134,134,134,134,134,134,134
181,178,178,178,178,178,178,178,178,178,178
232,232,232,232,232,232,232,232,232,232,232
288,285,285,285,285,285,285,286,286,286,286
348,348,348,348,348,348,348,348,348,348,348
410,407,407,407,407,407,407,407,407,407,407
473,473,473,473,473,473,473,473,473,473,473
538,535,535,535,535,535,535,535,535,535,535
602,602,602,602,602,602,602,602,602,602,602
664,661,661,661,661,661,661,661,661,662,662
724,724,724,724,724,724,724,724,724,724,724
781,778,778,778,778,778,778,778,778,778,778
833,833,833,833,833,833,833,833,833,833,833
881,878,878,878,878,878,878,878,878,878,878
922,922,922,922,922,922,922,922,922,922,922
957,954,954,954,954,954,954,954,954,955,955
985,985,985,985,985,985,985,985,985,985,985
1006,1003,1003,1003,1003,1003,1003,1003,1003,1003,1003
1019,1019,1019,1019,1019,1019,1019,1019,1019,1019,1019
1023,1020,1020,1020,1020,1020,1020,1020,1020,1020,1020
1020,1020,1020,1020,1020,1020,1020,1020,1020,1020,1020
1009,1006,1006,1006,1006,1006,1006,1006,1006,1006,1006
990,990,990,990,990,990,990,990,990,990,990
963,960,960,960,960,960,960,960,960,960,960
929,929,929,929,929,929,929,929,929,929,929
889,886,886,886,886,886,886,886,886,885,885
843,843,843,843,843,843,843,843,843,843,843
791,788,788,788,788,788,788,788,788,787,787
735,735,735,735,735,735,735,735,735,735,735
675,672,672,672,672,672,672,672,672,672,672
613,613,613,613,613,613,613,613,613,613,613
550,547,547,547,546,546,546,546,546,546,546
485,485,485,485,485,485,485,485,485,485,485
422,418,418,418,418,418,418,418,418,418,418
359,359,359,359,359,359,359,359,359,359,359
299,296,296,296,296,296,296,296,296,296,295
242,242,242,242,242,242,242,242,242,242,242
190,187,187,187,187,187,187,187,186,186,186
142,142,142,142,142,142,142,142,142,142,142
101,98,98,98,98,98,98,98,98,98,98
66,66,66,66,66,66,66,66,66,66,66
38,35,35,35,35,35,35,35,35,35,35
17,17,17,17,17,17,17,17,17,17,17
4,1,1,1,1,1,1,1,1,1,1
0,0,0,0,0,0,0,0,0,0,0
3,0,0,0,0,0,0,0,0,0,0
14,14,14,14,14,14,14,14,14,14,14
33,30,30,30,30,30,30,30,30,30,30
60,60,60,60,60,60,60,60,60,60,60
94,91,91,91,91,91,91,91,91,91,91
134,134,134,134,134,134,134,134,134,134,134
180,177,178,178,178,178,178,178,178,178,178
232,232,232,232,232,232,232,232,232,232,232
288,285,285,285,285,285,285,285,285,285,286
347,347,347,347,347,347,347,347,347,347,347
409,407,407,407,407,407,407,407,407,407,407
473,473,473,473,473,473,473,473,473,473,473
537,535,535,535,535,535,535,535,535,535,535
601,601,601,601,601,601,601,601,601,601,601
664,661,661,661,661,661,661,661,661,661,661
724,724,724,724,724,724,724,724,724,724,724
781,778,778,778,778,778,778,778,778,778,778
833,833,833,833,833,833,833,833,833,833,833
880,877,878,878,878,878,878,878,878,878,878
922,922,922,922,922,922,922,922,922,922,922
957,954,954,954,954,954,954,954,954,954,954
985,985,985,985,985,985,985,985,985,985,985
1006,1003,1003,1003,1003,1003,1003,1003,1003,1003,1003
1019,1019,1019,1019,1019,1019,1019,1019,1019,1019,1019
1023,1020,1020,1020,1020,1020,1020,1020,1020,1020,1020
1020,1020,1020,1020,1020,1020,1020,1020,1020,1020,1020
1009,1006,1006,1006,1006,1006,1006,1006,1006,1006,1006
990,990,990,990,990,990,990,990,990,990,990
963,960,960,960,960,960,960,960,960,960,960
929,929,929,929,929,929,929,929,929,929,929
889,886,886,886,886,886,886,886,886,886,886
843,843,843,843,843,843,843,843,843,843,843
791,788,788,788,788,788,788,788,788,788,788
735,735,735,735,735,735,735,735,735,735,735
676,673,673,672,672,672,672,672,672,672,672
614,614,614,614,614,614,614,614,614,614,614
550,547,547,547,547,547,547,546,546,546,546
486,486,486,486,486,486,486,486,486,486,486
422,419,419,419,418,418,418,418,418,418,418
359,359,359,359,359,359,359,359,359,359,359
299,296,296,296,296,296,296,296,296,296,296
242,242,242,242,242,242,242,242,242,242,242
190,187,187,187,187,187,187,187,187,187,187
143,143,143,143,143,143,143,143,143,143,143
101,98,98,98,98,98,98,98,98,98,98
66,66,66,66,66,66,66,66,66,66,66
38,35,35,35,35,35,35,35,35,35,35
17,17,17,17,17,17,17,17,17,17,17
4,1,1,1,1,1,1,1,1,1,1
0,0,0,0,0,0,0,0,0,0,0
3,0,0,0,0,0,0,0,0,0,0
14,14,14,14,14,14,14,14,14,14,14
33,30,30,30,30,30,30,30,30,30,30
60,60,60,60,60,60,60,60,60,60,60
94,91,91,91,91,91,91,91,91,91,91
134,134,134,134,134,134,134,134,134,134,134
180,177,177,177,177,178,178,178,178,178,178
232,232,232,232,232,232,232,232,232,232,232
288,285,285,285,285,285,285,285,285,285,285
347,347,347,347,347,347,347,347,347,347,347
409,406,406,406,407,407,407,407,407,407,407
473,473,473,473,473,473,473,473,473,473,473
537,534,534,534,535,535,535,535,535,535,535
601,601,601,601,601,601,601,601,601,601,601
664,661,661,661,661,661,661,661,661,661,661
724,724,724,724,724,724,724,724,724,724,724
780,777,778,778,778,778,778,778,778,778,778
833,833,833,833,833,833,833,833,833,833,833
880,877,877,877,877,878,878,878,878,878,878
922,922,922,922,922,922,922,922,922,922,922
957,954,954,954,954,954,954,954,954,954,954
985,985,985,985,985,985,985,985,985,985,985
1006,1003,1003,1003,1003,1003,1003,1003,1003,1003,1003
1019,1019,1019,1019,1019,1019,1019,1019,1019,1019,1019
1023,1020,1020,1020,1020,1020,1020,1020,1020,1020,1020
1020,1020,1020,1020,1020,1020,1020,1020,1020,1020,1020
1009,1006,1006,1006,1006,1006,1006,1006,1006,1006,1006
990,990,990,990,990,990,990,990,990,990,990
963,960,960,960,960,960,960,960,960,960,960
929,929,929,929,929,929,929,929,929,929,929
889,886,886,886,886,886,886,886,886,886,886
843,843,843,843,843,843,843,843,843,843,843
791,788,788,788,788,788,788,788,788,788,788
735,735,735,735,735,735,735,735,735,735,735
676,673,673,673,673,673,672,672,672,672,672
614,614,614,614,614,614,614,614,614,614,614
550,547,547,547,547,547,547,547,547,547,546
486,486,486,486,486,486,486,486,486,486,486
422,419,419,419,419,419,419,418,418,418,418
359,359,359,359,359,359,359,359,359,359,359
299,296,296,296,296,296,296,296,296,296,296
243,243,243,243,243,243,243,243,243,243,243
190,187,187,187,187,187,187,187,187,187,187
143,143,143,143,143,143,143,143,143,143,143
101,98,98,98,98,98,98,98,98,98,98
66,66,66,66,66,66,66,66,66,66,66
38,35,35,35,35,35,35,35,35,35,35
17,17,17,17,17,17,17,17,17,17,17
4,1,1,1,1,1,1,1,1,1,1
0,0,0,0,0,0,0,0,0,0,0
3,0,0,0,0,0,0,0,0,0,0
14,14,14,14,14,14,14,14,14,14,14
33,30,30,30,30,30,30,30,30,30,30
60,60,60,60,60,60,60,60,60,60,60
93,91,91,91,91,91,91,91,91,91,91
134,134,134,134,134,134,134,134,134,134,134
180,177,177,177,177,177,177,177,178,178,178
232,232,232,232,232,232,232,232,232,232,232
288,285,285,285,285,285,285,285,285,285,285
347,347,347,347,347,347,347,347,347,347,347
409,406,406,406,406,406,406,407,407,407,407
473,473,473,473,473,473,473,473,473,473,473
537,534,534,534,534,534,534,535,535,535,535
601,601,601,601,601,601,601,601,601,601,601
663,660,661,661,661,661,661,661,661,661,661
724,724,724,724,724,724,724,724,724,724,724
780,777,777,777,777,778,778,778,778,778,778
833,833,833,833,833,833,833,833,833,833,833
880,877,877,877,877,877,877,877,878,878,878
922,922,922,922,922,922,922,922,922,922,922
957,954,954,954,954,954,954,954,954,954,954
985,985,985,985,985,985,985,985,985,985,985
1006,1003,1003,1003,1003,1003,1003,1003,1003,1003,1003
1019,1019,1019,1019,1019,1019,1019,1019,1019,1019,1019
1023,1020,1020,1020,1020,1020,1020,1020,1020,1020,1020
1020,1020,1020,1020,1020,1020,1020,1020,1020,1020,1020
1009,1006,1006,1006,1006,1006,1006,1006,1006,1006,1006
990,990,990,990,990,990,990,990,990,990,990
963,960,960,960,960,960,960,960,960,960,960
930,930,930,930,930,930,930,930,930,930,930
889,886,886,886,886,886,886,886,886,886,886
843,843,843,843,843,843,843,843,843,843,843
791,788,788,788,788,788,788,788,788,788,788
736,736,736,736,736,736,736,736,736,736,736
676,673,673,673,673,673,673,673,673,672,672
614,614,614,614,614,614,614,614,614,614,614
550,547,547,547,547,547,547,547,547,547,547
486,486,486,486,486,486,486,486,486,486,486
422,419,419,419,419,419,419,419,419,419,419
360,360,360,360,360,360,360,360,360,360,360
300,297,296,296,296,296,296,296,296,296,296
243,243,243,243,243,243,243,243,243,243,243
190,187,187,187,187,187,187,187,187,187,187
143,143,143,143,143,143,143,143,143,143,143
101,98,98,98,98,98,98,98,98,98,98
66,66,66,66,66,66,66,66,66,66,66
38,35,35,35,35,35,35,35,35,35,35
17,17,17,17,17,17,17,17,17,17,17
4,1,1,1,1,1,1,1,1,1,1
0,0,0,0,0,0,0,0,0,0,0
3,0,0,0,0,0,0,0,0,0,0
14,14,14,14,14,14,14,14,14,14,14
33,30,30,30,30,30,30,30,30,30,30
60,60,60,60,60,60,60,60,60,60,60
93,90,90,90,91,91,91,91,91,91,91
134,134,134,134,134,134,134,134,134,134,134
180,177,177,177,177,177,177,177,177,177,177
231,231,231,231,231,231,231,231,231,231,231
287,284,285,285,285,285,285,285,285,285,285
347,347,347,347,347,347,347,347,347,347,347
409,406,406,406,406,406,406,406,406,406,407
473,473,473,473,473,473,473,473,473,473,473
537,534,534,534,534,534,534,534,534,534,535
601,601,601,601,601,601,601,601,601,601,601
663,660,660,660,660,661,661,661,661,661,661
723,723,723,723,723,723,723,723,723,723,723
780,777,777,777,777,777,777,777,778,778,778
833,833,833,833,833,833,833,833,833,833,833
880,877,877,877,877,877,877,877,877,877,877
922,922,922,922,922,922,922,922,922,922,922
957,954,954,954,954,954,954,954,954,954,954
985,985,985,985,985,985,985,985,985,985,985
1006,1003,1003,1003,1003,1003,1003,1003,1003,1003,1003
1019,1019,1019,1019,1019,1019,1019,1019,1019,1019,1019
1023,1020,1020,1020,1020,1020,1020,1020,1020,1020,1020
1020,1020,1020,1020,1020,1020,1020,1020,1020,1020,1020
1009,1006,1006,1006,1006,1006,1006,1006,1006,1006,1006
990,990,990,990,990,990,990,990,990,990,990
963,960,960,960,960,960,960,960,960,960,960
930,930,930,930,930,930,930,930,930,930,930
889,886,886,886,886,886,886,886,886,886,886
843,843,843,843,843,843,843,843,843,843,843
792,789,788,788,788,788,788,788,788,788,788
736,736,736,736,736,736,736,736,736,736,736
676,673,673,673,673,673,673,673,673,673,673
614,614,614,614,614,614,614,614,614,614,614
551,547,547,547,547,547,547,547,547,547,547
486,486,486,486,486,486,486,486,486,486,486
422,419,419,419,419,419,419,419,419,419,419
360,360,360,360,360,360,360,360,360,360,360
300,297,297,297,297,296,296,296,296,296,296
243,243,243,243,243,243,243,243,243,243,243
190,187,187,187,187,187,187,187,187,187,187
143,143,143,143,143,143,143,143,143,143,143
101,98,98,98,98,98,98,98,98,98,98
66,66,66,66,66,66,66,66,66,66,66
38,35,35,35,35,35,35,35,35,35,35
17,17,17,17,17,17,17,17,17,17,17
4,1,1,1,1,1,1,1,1,1,1
0,0,0,0,0,0,0,0,0,0,0
3,0,0,0,0,0,0,0,0,0,0
14,14,14,14,14,14,14,14,14,14,14
33,30,30,30,30,30,30,30,30,30,30
60,60,60,60,60,60,60,60,60,60,60
93,90,90,90,90,90,90,91,91,91,91
134,134,134,134,134,134,134,134,134,134,134
180,177,177,177,177,177,177,177,177,177,177
231,231,231,231,231,231,231,231,231,231,231
287,284,284,284,284,285,285,285,285,285,285
347,347,347,347,347,347,347,347,347,347,347
409,406,406,406,406,406,406,406,406,406,406
472,472,472,472,472,472,472,472,472,472,472
537,534,534,534,534,534,534,534,534,534,534
601,601,601,601,601,601,601,601,601,601,601
663,660,660,660,660,660,660,660,661,661,661
723,723,723,723,723,723,723,723,723,723,723
780,777,777,777,777,777,777,777,777,777,777
832,832,832,832,832,832,832,832,832,832,832
880,877,877,877,877,877,877,877,877,877,877
922,922,922,922,922,922,922,922,922,922,922
957,954,954,954,954,954,954,954,954,954,954
985,985,985,985,985,985,985,985,985,985,985
1006,1003,1003,1003,1003,1003,1003,1003,1003,1003,1003
1019,1019,1019,1019,1019,1019,1019,1019,1019,1019,1019
1023,1020,1020,1020,1020,1020,1020,1020,1020,1020,1020
1020,1020,1020,1020,1020,1020,1020,1020,1020,1020,1020
1009,1006,1006,1006,1006,1006,1006,1006,1006,1006,1006
990,990,990,990,990,990,990,990,990,990,990
964,960,960,960,960,960,960,960,960,960,960
930,930,930,930,930,930,930,930,930,930,930
890,886,886,886,886,886,886,886,886,886,886
843,843,843,843,843,843,843,843,843,843,843
792,789,789,789,789,789,788,788,788,788,788
736,736,736,736,736,736,736,736,736,736,736
676,673,673,673,673,673,673,673,673,673,673
614,614,614,614,614,614,614,614,614,614,614
551,548,548,548,547,547,547,547,547,547,547
486,486,486,486,486,486,486,486,486,486,486
423,419,419,419,419,419,419,419,419,419,419
360,360,360,360,360,360,360,360,360,360,360
300,297,297,297,297,297,297,297,296,296,296
243,243,243,243,243,243,243,243,243,243,243
191,188,188,187,187,187,187,187,187,187,187
143,143,143,143,143,143,143,143,143,143,143
101,98,98,98,98,98,98,98,98,98,98
66,66,66,66,66,66,66,66,66,66,66
38,35,35,35,35,35,35,35,35,35,35
17,17,17,17,17,17,17,17,17,17,17
4,1,1,1,1,1,1,1,1,1,1
0,0,0,0,0,0,0,0,0,0,0
3,0,0,0,0,0,0,0,0,0,0
14,14,14,14,14,14,14,14,14,14,14
33,30,30,30,30,30,30,30,30,30,30
59,59,59,59,59,59,59,59,59,59,59
93,90,90,90,90,90,90,90,90,90,90
133,133,133,133,133,133,133,133,133,133,133
180,177,177,177,177,177,177,177,177,177,177
231,231,231,231,231,231,231,231,231,231,231
287,284,284,284,284,284,284,284,285,285,285
346,346,346,346,346,346,346,346,346,346,346
409,406,406,406,406,406,406,406,406,406,406
472,472,472,472,472,472,472,472,472,472,472
536,534,534,534,534,534,534,534,534,534,534
600,600,600,600,600,600,600,600,600,600,600
663,660,660,660,660,660,660,660,660,660,660
723,723,723,723,723,723,723,723,723,723,723
780,777,777,777,777,777,777,777,777,777,777
832,832,832,832,832,832,832,832,832,832,832
880,877,877,877,877,877,877,877,877,877,877
921,921,921,921,921,921,921,921,921,921,921
957,954,954,954,954,954,954,954,954,954,954
985,985,985,985,985,985,985,985,985,985,985
1006,1003,1003,1003,1003,1003,1003,1003,1003,1003,1003
1019,1019,1019,1019,1019,1019,1019,1019,1019,1019,1019
1023,1020,1020,1020,1020,1020,1020,1020,1020,1020,1020
1020,1020,1020,1020,1020,1020,1020,1020,1020,1020,1020
1009,1006,1006,1006,1006,1006,1006,1006,1006,1006,1006
990,990,990,990,990,990,990,990,990,990,990
964,961,961,961,960,960,960,960,960,960,960
930,930,930,930,930,930,930,930,930,930,930
890,887,887,887,886,886,886,886,886,886,886
843,843,843,843,843,843,843,843,843,843,843
792,789,789,789,789,789,789,789,789,788,788
736,736,736,736,736,736,736,736,736,736,736
677,674,673,673,673,673,673,673,673,673,673
615,615,615,615,615,615,615,615,615,615,615
551,548,548,548,548,548,548,547,547,547,547
487,487,487,487,487,487,487,487,487,487,487
423,420,420,420,419,419,419,419,419,419,419
360,360,360,360,360,360,360,360,360,360,360
300,297,297,297,297,297,297,297,297,297,297
243,243,243,243,243,243,243,243,243,243,243
191,188,188,188,188,188,187,187,187,187,187
143,143,143,143,143,143,143,143,143,143,143
102,99,99,98,98,98,98,98,98,98,98
66,66,66,66,66,66,66,66,66,66,66
38,35,35,35,35,35,35,35,35,35,35
17,17,17,17,17,17,17,17,17,17,17
5,1,1,1,1,1,1,1,1,1,1
0,0,0,0,0,0,0,0,0,0,0
3,0,0,0,0,0,0,0,0,0,0
14,14,14,14,14,14,14,14,14,14,14
33,30,30,30,30,30,30,30,30,30,30
59,59,59,59,59,59,59,59,59,59,59
93,90,90,90,90,90,90,90,90,90,90
133,133,133,133,133,133,133,133,133,133,133
180,177,177,177,177,177,177,177,177,177,177
231,231,231,231,231,231,231,231,231,231,231
287,284,284,284,284,284,284,284,284,284,284
346,346,346,346,346,346,346,346,346,346,346
408,405,405,406,406,406,406,406,406,406,406
472,472,472,472,472,472,472,472,472,472,472
536,533,533,533,534,534,534,534,534,534,534
600,600,600,600,600,600,600,600,600,600,600
663,660,660,660,660,660,660,660,660,660,660
723,723,723,723,723,723,723,723,723,723,723
780,777,777,777,777,777,777,777,777,777,777
832,832,832,832,832,832,832,832,832,832,832
880,877,877,877,877,877,877,877,877,877,877
921,921,921,921,921,921,921,921,921,921,921
957,954,954,954,954,954,954,954,954,954,954
985,985,985,985,985,985,985,985,985,985,985
1006,1003,1003,1003,1003,1003,1003,1003,1003,1003,1003
1018,1018,1018,1018,1018,1018,1018,1018,1018,1018,1018
1023,1020,1020,1020,1020,1020,1020,1020,1020,1020,1020
1020,1020,1020,1020,1020,1020,1020,1020,1020,1020,1020
1009,1006,1006,1006,1006,1006,1006,1006,1006,1006,1006
990,990,990,990,990,990,990,990,990,990,990
964,961,961,961,961,961,961,960,960,960,960
930,930,930,930,930,930,930,930,930,930,930
890,887,887,887,887,887,887,886,886,886,886
844,844,844,844,844,844,844,844,844,844,844
792,789,789,789,789,789,789,789,789,789,789
736,736,736,736,736,736,736,736,736,736,736
677,674,674,674,674,673,673,673,673,673,673
615,615,615,615,615,615,615,615,615,615,615
551,548,548,548,548,548,548,548,548,548,547
487,487,487,487,487,487,487,487,487,487,487
423,420,420,420,420,420,420,419,419,419,419
360,360,360,360,360,360,360,360,360,360,360
300,297,297,297,297,297,297,297,297,297,297
244,244,244,244,244,244,244,244,244,244,244
191,188,188,188,188,188,188,188,188,187,187
143,143,143,143,143,143,143,143,143,143,143
102,99,99,99,99,99,99,98,98,98,98
66,66,66,66,66,66,66,66,66,66,66
38,35,35,35,35,35,35,35,35,35,35
18,18,18,18,18,18,18,18,18,18,18
5,2,2,2,1,1,1,1,1,1,1
0,0,0,0,0,0,0,0,0,0,0
3,0,0,0,0,0,0,0,0,0,0
14,14,14,14,14,14,14,14,14,14,14
33,30,30,30,30,30,30,30,30,30,30
59,59,59,59,59,59,59,59,59,59,59
93,90,90,90,90,90,90,90,90,90,90
133,133,133,133,133,133,133,133,133,133,133
179,176,176,177,177,177,177,177,177,177,177
231,231,231,231,231,231,231,231,231,231,231
287,284,284,284,284,284,284,284,284,284,284
346,346,346,346,346,346,346,346,346,346,346
408,405,405,405,405,405,406,406,406,406,406
472,472,472,472,472,472,472,472,472,472,472
536,533,533,533,533,533,533,534,534,534,534
600,600,600,600,600,600,600,600,600,600,600
662,660,660,660,660,660,660,660,660,660,660
723,723,723,723,723,723,723,723,723,723,723
779,776,777,777,777,777,777,777,777,777,777
832,832,832,832,832,832,832,832,832,832,832
879,877,877,877,877,877,877,877,877,877,877
921,921,921,921,921,921,921,921,921,921,921
956,953,954,954,954,954,954,954,954,954,954
985,985,985,985,985,985,985,985,985,985,985
1005,1002,1003,1003,1003,1003,1003,1003,1003,1003,1003
1018,1018,1018,1018,1018,1018,1018,1018,1018,1018,1018
1023,1020,1020,1020,1020,1020,1020,1020,1020,1020,1020
1020,1020,1020,1020,1020,1020,1020,1020,1020,1020,1020
1009,1006,1006,1006,1006,1006,1006,1006,1006,1006,1006
990,990,990,990,990,990,990,990,990,990,990
964,961,961,961,961,961,961,961,961,961,960
930,930,930,930,930,930,930,930,930,930,930
890,887,887,887,887,887,887,887,887,887,886
844,844,844,844,844,844,844,844,844,844,844
792,789,789,789,789,789,789,789,789,789,789
736,736,736,736,736,736,736,736,736,736,736
677,674,674,674,674,674,674,674,673,673,673
615,615,615,615,615,615,615,615,615,615,615
551,548,548,548,548,548,548,548,548,548,548
487,487,487,487,487,487,487,487,487,487,487
423,420,420,420,420,420,420,420,420,420,419
361,361,361,361,361,361,361,361,361,361,361
300,297,297,297,297,297,297,297,297,297,297
244,244,244,244,244,244,244,244,244,244,244
191,188,188,188,188,188,188,188,188,188,188
144,144,144,144,144,144,144,144,144,144,144
102,99,99,99,99,99,99,99,99,99,98
67,67,67,67,67,67,67,67,67,67,67
38,35,35,35,35,35,35,35,35,35,35
18,18,18,18,18,18,18,18,18,18,18
5,2,2,2,2,2,2,1,1,1,1
0,0,0,0,0,0,0,0,0,0,0
3,0,0,0,0,0,0,0,0,0,0
14,14,14,14,14,14,14,14,14,14,14
33,30,30,30,30,30,30,30,30,30,30
59,59,59,59,59,59,59,59,59,59,59
93,90,90,90,90,90,90,90,90,90,90
133,133,133,133,133,133,133,133,133,133,133
179,176,176,176,176,176,177,177,177,177,177
231,231,231,231,231,231,231,231,231,231,231
287,284,284,284,284,284,284,284,284,284,284
346,346,346,346,346,346,346,346,346,346,346
408,405,405,405,405,405,405,405,405,406,406
472,472,472,472,472,472,472,472,472,472,472
536,533,533,533,533,533,533,533,533,533,534
600,600,600,600,600,600,600,600,600,600,600
662,659,659,659,660,660,660,660,660,660,660
722,722,722,722,722,722,722,722,722,722,722
779,776,776,776,776,777,777,777,777,777,777
832,832,832,832,832,832,832,832,832,832,832
879,876,876,876,877,877,877,877,877,877,877
921,921,921,921,921,921,921,921,921,921,921
956,953,953,953,953,954,954,954,954,954,954
985,985,985,985,985,985,985,985,985,985,985
1005,1002,1002,1002,1002,1003,1003,1003,1003,1003,1003
1018,1018,1018,1018,1018,1018,1018,1018,1018,1018,1018
1023,1020,1020,1020,1020,1020,1020,1020,1020,1020,1020
1020,1020,1020,1020,1020,1020,1020,1020,1020,1020,1020
1009,1006,1006,1006,1006,1006,1006,1006,1006,1006,1006
990,990,990,990,990,990,990,990,990,990,990
964,961,961,961,961,961,961,961,961,961,961
930,930,930,930,930,930,930,930,930,930,930
890,887,887,887,887,887,887,887,887,887,887
844,844,844,844,844,844,844,844,844,844,844
792,789,789,789,789,789,789,789,789,789,789
737,737,737,737,737,737,737,737,737,737,737
677,674,674,674,674,674,674,674,674,674,674
615,615,615,615,615,615,615,615,615,615,615
551,548,548,548,548,548,548,548,548,548,548
487,487,487,487,487,487,487,487,487,487,487
423,420,420,420,420,420,420,420,420,420,420
361,361,361,361,361,361,361,361,361,361,361
301,298,298,297,297,297,297,297,297,297,297
244,244,244,244,244,244,244,244,244,244,244
191,188,188,188,188,188,188,188,188,188,188
144,144,144,144,144,144,144,144,144,144,144
102,99,99,99,99,99,99,99,99,99,99
67,67,67,67,67,67,67,67,67,67,67
38,35,35,35,35,35,35,35,35,35,35
18,18,18,18,18,18,18,18,18,18,18
5,2,2,2,2,2,2,2,2,2,1
0,0,0,0,0,0,0,0,0,0,0
3,0,0,0,0,0,0,0,0,0,0
14,14,14,14,14,14,14,14,14,14,14
33,30,30,30,30,30,30,30,30,30,30
59,59,59,59,59,59,59,59,59,59,59
93,90,90,90,90,90,90,90,90,90,90
133,133,133,133,133,133,133,133,133,133,133
179,176,176,176,176,176,176,176,176,177,177
230,230,230,230,230,230,230,230,230,230,230
286,283,283,284,284,284,284,284,284,284,284
346,346,346,346,346,346,346,346,346,346,346
408,405,405,405,405,405,405,405,405,405,405
471,471,471,471,471,471,471,471,471,471,471
536,533,533,533,533,533,533,533,533,533,533
600,600,600,600,600,600,600,600,600,600,600
662,659,659,659,659,659,659,660,660,660,660
722,722,722,722,722,722,722,722,722,722,722
779,776,776,776,776,776,776,776,777,777,777
832,832,832,832,832,832,832,832,832,832,832
879,876,876,876,876,876,876,877,877,877,877
921,921,921,921,921,921,921,921,921,921,921
956,953,953,953,953,953,953,953,954,954,954
985,985,985,985,985,985,985,985,985,985,985
1005,1002,1002,1002,1002,1002,1002,1002,1003,1003,1003
1018,1018,1018,1018,1018,1018,1018,1018,1018,1018,1018
1023,1020,1020,1020,1020,1020,1020,1020,1020,1020,1020
1020,1020,1020,1020,1020,1020,1020,1020,1020,1020,1020
1009,1006,1006,1006,1006,1006,1006,1006,1006,1006,1006
990,990,990,990,990,990,990,990,990,990,990
964,961,961,961,961,961,961,961,961,961,961
930,930,930,930,930,930,930,930,930,930,930
890,887,887,887,887,887,887,887,887,887,887
844,844,844,844,844,844,844,844,844,844,844
793,790,789,789,789,789,789,789,789,789,789
737,737,737,737,737,737,737,737,737,737,737
677,674,674,674,674,674,674,674,674,674,674
615,615,615,615,615,615,615,615,615,615,615
552,549,549,548,548,548,548,548,548,548,548
487,487,487,487,487,487,487,487,487,487,487
423,420,420,420,420,420,420,420,420,420,420
361,361,361,361,361,361,361,361,361,361,361
301,298,298,298,298,298,297,297,297,297,297
244,244,244,244,244,244,244,244,244,244,244
191,188,188,188,188,188,188,188,188,188,188
144,144,144,144,144,144,144,144,144,144,144
102,99,99,99,99,99,99,99,99,99,99
67,67,67,67,67,67,67,67,67,67,67
38,35,35,35,35,35,35,35,35,35,35
18,18,18,18,18,18,18,18,18,18,18
5,2,2,2,2,2,2,2,2,2,2
0,0,0,0,0,0,0,0,0,0,0
3,0,0,0,0,0,0,0,0,0,0
14,14,14,14,14,14,14,14,14,14,14
33,30,30,30,30,30,30,30,30,30,30
59,59,59,59,59,59,59,59,59,59,59
93,90,90,90,90,90,90,90,90,90,90
133,133,133,133,133,133,133,133,133,133,133
179,176,176,176,176,176,176,176,176,176,176
230,230,230,230,230,230,230,230,230,230,230
286,283,283,283,283,283,284,284,284,284,284
346,346,346,346,346,346,346,346,346,346,346
408,405,405,405,405,405,405,405,405,405,405
471,471,471,471,471,471,471,471,471,471,471
536,533,533,533,533,533,533,533,533,533,533
599,599,599,599,599,599,599,599,599,599,599
662,659,659,659,659,659,659,659,659,659,660
722,722,722,722,722,722,722,722,722,722,722
779,776,776,776,776,776,776,776,776,776,776
832,832,832,832,832,832,832,832,832,832,832
879,876,876,876,876,876,876,876,876,876,877
921,921,921,921,921,921,921,921,921,921,921
956,953,953,953,953,953,953,953,953,953,953
984,984,984,984,984,984,984,984,984,984,984
1005,1002,1002,1002,1002,1002,1002,1002,1002,1002,1002
1018,1018,1018,1018,1018,1018,1018,1018,1018,1018,1018
1023,1020,1020,1020,1020,1020,1020,1020,1020,1020,1020
1020,1020,1020,1020,1020,1020,1020,1020,1020,1020,1020
1009,1006,1006,1006,1006,1006,1006,1006,1006,1006,1006
991,991,991,991,991,991,991,991,991,991,991
964,961,961,961,961,961,961,961,961,961,961
930,930,930,930,930,930,930,930,930,930,930
890,887,887,887,887,887,887,887,887,887,887
844,844,844,844,844,844,844,844,844,844,844
793,790,790,790,790,789,789,789,789,789,789
737,737,737,737,737,737,737,737,737,737,737
678,674,674,674,674,674,674,674,674,674,674
616,616,616,616,616,616,616,616,616,616,616
552,549,549,549,549,549,548,548,548,548,548
488,488,488,488,488,488,488,488,488,488,488
424,421,421,420,420,420,420,420,420,420,420
361,361,361,361,361,361,361,361,361,361,361
301,298,298,298,298,298,298,298,298,297,297
244,244,244,244,244,244,244,244,244,244,244
192,189,188,188,188,188,188,188,188,188,188
144,144,144,144,144,144,144,144,144,144,144
102,99,99,99,99,99,99,99,99,99,99
67,67,67,67,67,67,67,67,67,67,67
39,36,36,35,35,35,35,35,35,35,35
18,18,18,18,18,18,18,18,18,18,18
5,2,2,2,2,2,2,2,2,2,2
0,0,0,0,0,0,0,0,0,0,0
3,0,0,0,0,0,0,0,0,0,0
14,14,14,14,14,14,14,14,14,14,14
32,29,30,30,30,30,30,30,30,30,30
59,59,59,59,59,59,59,59,59,59,59
92,89,90,90,90,90,90,90,90,90,90
133,133,133,133,133,133,133,133,133,133,133
179,176,176,176,176,176,176,176,176,176,176
230,230,230,230,230,230,230,230,230,230,230
286,283,283,283,283,283,283,283,283,284,284
345,345,345,345,345,345,345,345,345,345,345
407,404,405,405,405,405,405,405,405,405,405
471,471,471,471,471,471,471,471,471,471,471
535,532,532,533,533,533,533,533,533,533,533
599,599,599,599,599,599,599,599,599,599,599
662,659,659,659,659,659,659,659,659,659,659
722,722,722,722,722,722,722,722,722,722,722
779,776,776,776,776,776,776,776,776,776,776
831,831,831,831,831,831,831,831,831,831,831
879,876,876,876,876,876,876,876,876,876,876
921,921,921,921,921,921,921,921,921,921,921
956,953,953,953,953,953,953,953,953,953,953
984,984,984,984,984,984,984,984,984,984,984
1005,1002,1002,1002,1002,1002,1002,1002,1002,1002,1002
1018,1018,1018,1018,1018,1018,1018,1018,1018,1018,1018
1023,1020,1020,1020,1020,1020,1020,1020,1020,1020,1020
1020,1020,1020,1020,1020,1020,1020,1020,1020,1020,1020
1009,1006,1006,1006,1006,1006,1006,1006,1006,1006,1006
991,991,991,991,991,991,991,991,991,991,991
964,961,961,961,961,961,961,961,961,961,961
931,931,931,931,931,931,931,931,931,931,931
890,887,887,887,887,887,887,887,887,887,887
844,844,844,844,844,844,844,844,844,844,844
793,790,790,790,790,790,790,790,789,789,789
737,737,737,737,737,737,737,737,737,737,737
678,675,675,675,674,674,674,674,674,674,674
616,616,616,616,616,616,616,616,616,616,616
552,549,549,549,549,549,549,549,549,548,548
488,488,488,488,488,488,488,488,488,488,488
424,421,421,421,421,421,420,420,420,420,420
361,361,361,361,361,361,361,361,361,361,361
301,298,298,298,298,298,298,298,298,298,298
244,244,244,244,244,244,244,244,244,244,244
192,189,189,189,189,188,188,188,188,188,188
144,144,144,144,144,144,144,144,144,144,144
102,99,99,99,99,99,99,99,99,99,99
67,67,67,67,67,67,67,67,67,67,67
39,36,36,36,36,36,35,35,35,35,35
18,18,18,18,18,18,18,18,18,18,18
5,2,2,2,2,2,2,2,2,2,2
0,0,0,0,0,0,0,0,0,0,0
3,0,0,0,0,0,0,0,0,0,0
14,14,14,14,14,14,14,14,14,14,14
32,29,29,29,29,30,30,30,30,30,30
59,59,59,59,59,59,59,59,59,59,59
92,89,89,89,89,90,90,90,90,90,90
132,132,132,132,132,132,132,132,132,132,132
179,176,176,176,176,176,176,176,176,176,176
230,230,230,230,230,230,230,230,230,230,230
286,283,283,283,283,283,283,283,283,283,283
345,345,345,345,345,345,345,345,345,345,345
407,404,404,404,404,405,405,405,405,405,405
471,471,471,471,471,471,471,471,471,471,471
535,532,532,532,532,532,533,533,533,533,533
599,599,599,599,599,599,599,599,599,599,599
662,659,659,659,659,659,659,659,659,659,659
722,722,722,722,722,722,722,722,722,722,722
779,776,776,776,776,776,776,776,776,776,776
831,831,831,831,831,831,831,831,831,831,831
879,876,876,876,876,876,876,876,876,876,876
921,921,921,921,921,921,921,921,921,921,921
956,953,953,953,953,953,953,953,953,953,953
984,984,984,984,984,984,984,984,984,984,984
1005,1002,1002,1002,1002,1002,1002,1002,1002,1002,1002
1018,1018,1018,1018,1018,1018,1018,1018,1018,1018,1018
1023,1020,1020,1020,1020,1020,1020,1020,1020,1020,1020
1020,1020,1020,1020,1020,1020,1020,1020,1020,1020,1020
1009,1006,1006,1006,1006,1006,1006,1006,1006,1006,1006
991,991,991,991,991,991,991,991,991,991,991
964,961,961,961,961,961,961,961,961,961,961
931,931,931,931,931,931,931,931,931,931,931
891,888,887,887,887,887,887,887,887,887,887
844,844,844,844,844,844,844,844,844,844,844
793,790,790,790,790,790,790,790,790,790,790
737,737,737,737,737,737,737,737,737,737,737
678,675,675,675,675,675,675,674,674,674,674
616,616,616,616,616,616,616,616,616,616,616
552,549,549,549,549,549,549,549,549,549,549
488,488,488,488,488,488,488,488,488,488,488
424,421,421,421,421,421,421,421,421,420,420
362,362,362,362,362,362,362,362,362,362,362
301,298,298,298,298,298,298,298,298,298,298
245,245,245,245,245,245,245,245,245,245,245
192,189,189,189,189,189,189,189,188,188,188
144,144,144,144,144,144,144,144,144,144,144
102,99,99,99,99,99,99,99,99,99,99
67,67,67,67,67,67,67,67,67,67,67
39,36,36,36,36,36,36,36,36,35,35
18,18,18,18,18,18,18,18,18,18,18
5,2,2,2,2,2,2,2,2,2,2
0,0,0,0,0,0,0,0,0,0,0
3,0,0,0,0,0,0,0,0,0,0
13,13,13,13,13,13,13,13,13,13,13
32,29,29,29,29,29,29,29,30,30,30
59,59,59,59,59,59,59,59,59,59,59
92,89,89,89,89,89,89,89,90,90,90
132,132,132,132,132,132,132,132,132,132,132
178,176,176,176,176,176,176,176,176,176,176
230,230,230,230,230,230,230,230,230,230,230
286,283,283,283,283,283,283,283,283,283,283
345,345,345,345,345,345,345,345,345,345,345
407,404,404,404,404,404,404,404,405,405,405
471,471,471,471,471,471,471,471,471,471,471
535,532,532,532,532,532,532,532,532,532,533
599,599,599,599,599,599,599,599,599,599,599
661,658,658,659,659,659,659,659,659,659,659
722,722,722,722,722,722,722,722,722,722,722
778,775,776,776,776,776,776,776,776,776,776
831,831,831,831,831,831,831,831,831,831,831
879,876,876,876,876,876,876,876,876,876,876
921,921,921,921,921,921,921,921,921,921,921
956,953,953,953,953,953,953,953,953,953,953
984,984,984,984,984,984,984,984,984,984,984
1005,1002,1002,1002,1002,1002,1002,1002,1002,1002,1002
1018,1018,1018,1018,1018,1018,1018,1018,1018,1018,1018
1023,1020,1020,1020,1020,1020,1020,1020,1020,1020,1020
1020,1020,1020,1020,1020,1020,1020,1020,1020,1020,1020
1010,1007,1006,1006,1006,1006,1006,1006,1006,1006,1006
991,991,991,991,991,991,991,991,991,991,991
964,961,961,961,961,961,961,961,961,961,961
931,931,931,931,931,931,931,931,931,931,931
891,888,888,888,888,887,887,887,887,887,887
845,845,845,845,845,845,845,845,845,845,845
793,790,790,790,790,790,790,790,790,790,790
737,737,737,737,737,737,737,737,737,737,737
678,675,675,675,675,675,675,675,675,675,674
616,616,616,616,616,616,616,616,616,616,616
552,549,549,549,549,549,549,549,549,549,549
488,488,488,488,488,488,488,488,488,488,488
424,421,421,421,421,421,421,421,421,421,421
362,362,362,362,362,362,362,362,362,362,362
302,298,298,298,298,298,298,298,298,298,298
245,245,245,245,245,245,245,245,245,245,245
192,189,189,189,189,189,189,189,189,189,189
144,144,144,144,144,144,144,144,144,144,144
103,100,99,99,99,99,99,99,99,99,99
67,67,67,67,67,67,67,67,67,67,67
39,36,36,36,36,36,36,36,36,36,36
18,18,18,18,18,18,18,18,18,18,18
5,2,2,2,2,2,2,2,2,2,2
0,0,0,0,0,0,0,0,0,0,0
2,0,0,0,0,0,0,0,0,0,0
13,13,13,13,13,13,13,13,13,13,13
32,29,29,29,29,29,29,29,29,29,29
59,59,59,59,59,59,59,59,59,59,59
92,89,89,89,89,89,89,89,89,89,89
132,132,132,132,132,132,132,132,132,132,132
178,175,175,175,176,176,176,176,176,176,176
230,230,230,230,230,230,230,230,230,230,230
285,283,283,283,283,283,283,283,283,283,283
345,345,345,345,345,345,345,345,345,345,345
407,404,404,404,404,404,404,404,404,404,404
470,470,470,470,470,470,470,470,470,470,470
535,532,532,532,532,532,532,532,532,532,532
599,599,599,599,599,599,599,599,599,599,599
661,658,658,658,658,658,659,659,659,659,659
721,721,721,721,721,721,721,721,721,721,721
778,775,775,775,775,776,776,776,776,776,776
831,831,831,831,831,831,831,831,831,831,831
879,876,876,876,876,876,876,876,876,876,876
920,920,920,920,920,920,920,920,920,920,920
956,953,953,953,953,953,953,953,953,953,953
984,984,984,984,984,984,984,984,984,984,984
1005,1002,1002,1002,1002,1002,1002,1002,1002,1002,1002
1018,1018,1018,1018,1018,1018,1018,1018,1018,1018,1018
1023,1020,1020,1020,1020,1020,1020,1020,1020,1020,1020
1021,1021,1021,1021,1021,1021,1021,1021,1021,1021,1021
1010,1007,1007,1007,1007,1006,1006,1006,1006,1006,1006
991,991,991,991,991,991,991,991,991,991,991
964,961,961,961,961,961,961,961,961,961,961
931,931,931,931,931,931,931,931,931,931,931
891,888,888,888,888,888,888,888,887,887,887
845,845,845,845,845,845,845,845,845,845,845
793,790,790,790,790,790,790,790,790,790,790
738,738,738,738,738,738,738,738,738,738,738
678,675,675,675,675,675,675,675,675,675,675
616,616,616,616,616,616,616,616,616,616,616
553,550,550,549,549,549,549,549,549,549,549
488,488,488,488,488,488,488,488,488,488,488
424,421,421,421,421,421,421,421,421,421,421
362,362,362,362,362,362,362,362,362,362,362
302,299,299,299,298,298,298,298,298,298,298
245,245,245,245,245,245,245,245,245,245,245
192,189,189,189,189,189,189,189,189,189,189
145,145,145,145,145,145,145,145,145,145,145
103,100,100,100,100,99,99,99,99,99,99
67,67,67,67,67,67,67,67,67,67,67
39,36,36,36,36,36,36,36,36,36,36
18,18,18,18,18,18,18,18,18,18,18
5,2,2,2,2,2,2,2,2,2,2
0,0,0,0,0,0,0,0,0,0,0
2,0,0,0,0,0,0,0,0,0,0
13,13,13,13,13,13,13,13,13,13,13
32,29,29,29,29,29,29,29,29,29,29
59,59,59,59,59,59,59,59,59,59,59
92,89,89,89,89,89,89,89,89,89,89
132,132,132,132,132,132,132,132,132,132,132
178,175,175,175,175,175,175,176,176,176,176
230,230,230,230,230,230,230,230,230,230,230
285,282,282,282,283,283,283,283,283,283,283
345,345,345,345,345,345,345,345,345,345,345
407,404,404,404,404,404,404,404,404,404,404
470,470,470,470,470,470,470,470,470,470,470
535,532,532,532,532,532,532,532,532,532,532
598,598,598,598,598,598,598,598,598,598,598
661,658,658,658,658,658,658,658,658,659,659
721,721,721,721,721,721,721,721,721,721,721
778,775,775,775,775,775,775,775,776,776,776
831,831,831,831,831,831,831,831,831,831,831
878,875,875,876,876,876,876,876,876,876,876
920,920,920,920,920,920,920,920,920,920,920
956,953,953,953,953,953,953,953,953,953,953
984,984,984,984,984,984,984,984,984,984,984
1005,1002,1002,1002,1002,1002,1002,1002,1002,1002,1002
1018,1018,1018,1018,1018,1018,1018,1018,1018,1018,1018
1023,1020,1020,1020,1020,1020,1020,1020,1020,1020,1020
1021,1021,1021,1021,1021,1021,1021,1021,1021,1021,1021
1010,1007,1007,1007,1007,1007,1007,1007,1007,1006,1006
991,991,991,991,991,991,991,991,991,991,991
965,961,961,961,961,961,961,961,961,961,961
931,931,931,931,931,931,931,931,931,931,931
891,888,888,888,888,888,888,888,888,888,888
845,845,845,845,845,845,845,845,845,845,845
794,791,790,790,790,790,790,790,790,790,790
738,738,738,738,738,738,738,738,738,738,738
678,675,675,675,675,675,675,675,675,675,675
616,616,616,616,616,616,616,616,616,616,616
553,550,550,550,550,550,549,549,549,549,549
489,489,489,489,489,489,489,489,489,489,489
425,422,422,421,421,421,421,421,421,421,421
362,362,362,362,362,362,362,362,362,362,362
302,299,299,299,299,299,299,298,298,298,298
245,245,245,245,245,245,245,245,245,245,245
192,189,189,189,189,189,189,189,189,189,189
145,145,145,145,145,145,145,145,145,145,145
103,100,100,100,100,100,100,100,99,99,99
67,67,67,67,67,67,67,67,67,67,67
39,36,36,36,36,36,36,36,36,36,36
18,18,18,18,18,18,18,18,18,18,18
5,2,2,2,2,2,2,2,2,2,2
0,0,0,0,0,0,0,0,0,0,0
2,0,0,0,0,0,0,0,0,0,0
13,13,13,13,13,13,13,13,13,13,13
32,29,29,29,29,29,29,29,29,29,29
58,58,58,58,58,58,58,58,58,58,58
92,89,89,89,89,89,89,89,89,89,89
132,132,132,132,132,132,132,132,132,132,132
178,175,175,175,175,175,175,175,175,175,176
229,229,229,229,229,229,229,229,229,229,229
285,282,282,282,282,282,282,283,283,283,283
344,344,344,344,344,344,344,344,344,344,344
406,403,404,404,404,404,404,404,404,404,404
470,470,470,470,470,470,470,470,470,470,470
534,531,531,532,532,532,532,532,532,532,532
598,598,598,598,598,598,598,598,598,598,598
661,658,658,658,658,658,658,658,658,658,658
721,721,721,721,721,721,721,721,721,721,721
778,775,775,775,775,775,775,775,775,775,775
831,831,831,831,831,831,831,831,831,831,831
878,875,875,875,875,875,876,876,876,876,876
920,920,920,920,920,920,920,920,920,920,920
956,953,953,953,953,953,953,953,953,953,953
984,984,984,984,984,984,984,984,984,984,984
1005,1002,1002,1002,1002,1002,1002,1002,1002,1002,1002
1018,1018,1018,1018,1018,1018,1018,1018,1018,1018,1018
1023,1020,1020,1020,1020,1020,1020,1020,1020,1020,1020
1021,1021,1021,1021,1021,1021,1021,1021,1021,1021,1021
1010,1007,1007,1007,1007,1007,1007,1007,1007,1007,1007
991,991,991,991,991,991,991,991,991,991,991
965,962,962,962,961,961,961,961,961,961,961
931,931,931,931,931,931,931,931,931,931,931
891,888,888,888,888,888,888,888,888,888,888
845,845,845,845,845,845,845,845,845,845,845
794,791,791,791,791,790,790,790,790,790,790
738,738,738,738,738,738,738,738,738,738,738
679,676,676,675,675,675,675,675,675,675,675
617,617,617,617,617,617,617,617,617,617,617
553,550,550,550,550,550,550,550,550,549,549
489,489,489,489,489,489,489,489,489,489,489
425,422,422,422,422,422,421,421,421,421,421
362,362,362,362,362,362,362,362,362,362,362
302,299,299,299,299,299,299,299,299,299,298
245,245,245,245,245,245,245,245,245,245,245
192,189,189,189,189,189,189,189,189,189,189
145,145,145,145,145,145,145,145,145,145,145
103,100,100,100,100,100,100,100,100,100,100
67,67,67,67,67,67,67,67,67,67,67
39,36,36,36,36,36,36,36,36,36,36
18,18,18,18,18,18,18,18,18,18,18
5,2,2,2,2,2,2,2,2,2,2
0,0,0,0,0,0,0,0,0,0,0
2,0,0,0,0,0,0,0,0,0,0
13,13,13,13,13,13,13,13,13,13,13
32,29,29,29,29,29,29,29,29,29,29
58,58,58,58,58,58,58,58,58,58,58
92,89,89,89,89,89,89,89,89,89,89
132,132,132,132,132,132,132,132,132,132,132
178,175,175,175,175,175,175,175,175,175,175
229,229,229,229,229,229,229,229,229,229,229
285,282,282,282,282,282,282,282,282,282,283
344,344,344,344,344,344,344,344,344,344,344
406,403,403,403,403,404,404,404,404,404,404
470,470,470,470,470,470,470,470,470,470,470
534,531,531,531,531,531,532,532,532,532,532
598,598,598,598,598,598,598,598,598,598,598
661,658,658,658,658,658,658,658,658,658,658
721,721,721,721,721,721,721,721,721,721,721
778,775,775,775,775,775,775,775,775,775,775
830,830,830,830,830,830,830,830,830,830,830
878,875,875,875,875,875,875,875,875,876,876
920,920,920,920,920,920,920,920,920,920,920
955,953,953,953,953,953,953,953,953,953,953
984,984,984,984,984,984,984,984,984,984,984
1005,1002,1002,1002,1002,1002,1002,1002,1002,1002,1002
1018,1018,1018,1018,1018,1018,1018,1018,1018,1018,1018
1023,1020,1020,1020,1020,1020,1020,1020,1020,1020,1020
1021,1021,1021,1021,1021,1021,1021,1021,1021,1021,1021
1010,1007,1007,1007,1007,1007,1007,1007,1007,1007,1007
991,991,991,991,991,991,991,991,991,991,991
965,962,962,962,962,962,962,962,961,961,961
931,931,931,931,931,931,931,931,931,931,931
891,888,888,888,888,888,888,888,888,888,888
845,845,845,845,845,845,845,845,845,845,845
794,791,791,791,791,791,791,791,790,790,790
738,738,738,738,738,738,738,738,738,738,738
679,676,676,676,676,676,675,675,675,675,675
617,617,617,617,617,617,617,617,617,617,617
553,550,550,550,550,550,550,550,550,550,550
489,489,489,489,489,489,489,489,489,489,489
425,422,422,422,422,422,422,422,422,421,421
362,362,362,362,362,362,362,362,362,362,362
302,299,299,299,299,299,299,299,299,299,299
245,245,245,245,245,245,245,245,245,245,245
193,190,190,189,189,189,189,189,189,189,189
145,145,145,145,145,145,145,145,145,145,145
103,100,100,100,100,100,100,100,100,100,100
68,68,68,68,68,68,68,68,68,68,68
39,36,36,36,36,36,36,36,36,36,36
18,18,18,18,18,18,18,18,18,18,18
5,2,2,2,2,2,2,2,2,2,2
0,0,0,0,0,0,0,0,0,0,0
2,0,0,0,0,0,0,0,0,0,0
13,13,13,13,13,13,13,13,13,13,13
32,29,29,29,29,29,29,29,29,29,29
58,58,58,58,58,58,58,58,58,58,58
92,89,89,89,89,89,89,89,89,89,89
132,132,132,132,132,132,132,132,132,132,132
178,175,175,175,175,175,175,175,175,175,175
229,229,229,229,229,229,229,229,229,229,229
285,282,282,282,282,282,282,282,282,282,282
344,344,344,344,344,344,344,344,344,344,344
406,403,403,403,403,403,403,403,404,404,404
470,470,470,470,470,470,470,470,470,470,470
534,531,531,531,531,531,531,531,531,532,532
598,598,598,598,598,598,598,598,598,598,598
660,657,658,658,658,658,658,658,658,658,658
721,721,721,721,721,721,721,721,721,721,721
778,775,775,775,775,775,775,775,775,775,775
830,830,830,830,830,830,830,830,830,830,830
878,875,875,875,875,875,875,875,875,875,875
920,920,920,920,920,920,920,920,920,920,920
955,952,952,952,953,953,953,953,953,953,953
984,984,984,984,984,984,984,984,984,984,984
1005,1002,1002,1002,1002,1002,1002,1002,1002,1002,1002
1018,1018,1018,1018,1018,1018,1018,1018,1018,1018,1018
1023,1020,1020,1020,1020,1020,1020,1020,1020,1020,1020
1021,1021,1021,1021,1021,1021,1021,1021,1021,1021,1021
1010,1007,1007,1007,1007,1007,1007,1007,1007,1007,1007
991,991,991,991,991,991,991,991,991,991,991
965,962,962,962,962,962,962,962,962,962,962
931,931,931,931,931,931,931,931,931,931,931
891,888,888,888,888,888,888,888,888,888,888
845,845,845,845,845,845,845,845,845,845,845
794,791,791,791,791,791,791,791,791,791,791
738,738,738,738,738,738,738,738,738,738,738
679,676,676,676,676,676,676,676,676,675,675
617,617,617,617,617,617,617,617,617,617,617
553,550,550,550,550,550,550,550,550,550,550
489,489,489,489,489,489,489,489,489,489,489
425,422,422,422,422,422,422,422,422,422,422
363,363,363,363,363,363,363,363,363,363,363
302,299,299,299,299,299,299,299,299,299,299
246,246,246,246,246,246,246,246,246,246,246
193,190,190,190,190,190,189,189,189,189,189
145,145,145,145,145,145,145,145,145,145,145
103,100,100,100,100,100,100,100,100,100,100
68,68,68,68,68,68,68,68,68,68,68
39,36,36,36,36,36,36,36,36,36,36
18,18,18,18,18,18,18,18,18,18,18
5,2,2,2,2,2,2,2,2,2,2
0,0,0,0,0,0,0,0,0,0,0
2,0,0,0,0,0,0,0,0,0,0
13,13,13,13,13,13,13,13,13,13,13
32,29,29,29,29,29,29,29,29,29,29
58,58,58,58,58,58,58,58,58,58,58
92,89,89,89,89,89,89,89,89,89,89
132,132,132,132,132,132,132,132,132,132,132
178,175,175,175,175,175,175,175,175,175,175
229,229,229,229,229,229,229,229,229,229,229
285,282,282,282,282,282,282,282,282,282,282
344,344,344,344,344,344,344,344,344,344,344
406,403,403,403,403,403,403,403,403,403,403
469,469,469,469,469,469,469,469,469,469,469
534,531,531,531,531,531,531,531,531,531,531
598,598,598,598,598,598,598,598,598,598,598
660,657,657,657,657,658,658,658,658,658,658
720,720,720,720,720,720,720,720,720,720,720
777,774,775,775,775,775,775,775,775,775,775
830,830,830,830,830,830,830,830,830,830,830
878,875,875,875,875,875,875,875,875,875,875
920,920,920,920,920,920,920,920,920,920,920
955,952,952,952,952,952,952,953,953,953,953
984,984,984,984,984,984,984,984,984,984,984
1005,1002,1002,1002,1002,1002,1002,1002,1002,1002,1002
1018,1018,1018,1018,1018,1018,1018,1018,1018,1018,1018
1023,1020,1020,1020,1020,1020,1020,1020,1020,1020,1020
1021,1021,1021,1021,1021,1021,1021,1021,1021,1021,1021
1010,1007,1007,1007,1007,1007,1007,1007,1007,1007,1007
991,991,991,991,991,991,991,991,991,991,991
965,962,962,962,962,962,962,962,962,962,962
932,932,932,932,932,932,932,932,932,932,932
891,888,888,888,888,888,888,888,888,888,888
845,845,845,845,845,845,845,845,845,845,845
794,791,791,791,791,791,791,791,791,791,791
739,739,739,739,739,739,739,739,739,739,739
679,676,676,676,676,676,676,676,676,676,676
617,617,617,617,617,617,617,617,617,617,617
554,551,551,550,550,550,550,550,550,550,550
489,489,489,489,489,489,489,489,489,489,489
425,422,422,422,422,422,422,422,422,422,422
363,363,363,363,363,363,363,363,363,363,363
303,300,299,299,299,299,299,299,299,299,299
246,246,246,246,246,246,246,246,246,246,246
193,190,190,190,190,190,190,190,190,189,189
145,145,145,145,145,145,145,145,145,145,145
103,100,100,100,100,100,100,100,100,100,100
68,68,68,68,68,68,68,68,68,68,68
39,36,36,36,36,36,36,36,36,36,36
18,18,18,18,18,18,18,18,18,18,18
5,2,2,2,2,2,2,2,2,2,2
0,0,0,0,0,0,0,0,0,0,0
2,0,0,0,0,0,0,0,0,0,0
13,13,13,13,13,13,13,13,13,13,13
32,29,29,29,29,29,29,29,29,29,29
58,58,58,58,58,58,58,58,58,58,58
91,88,89,89,89,89,89,89,89,89,89
131,131,131,131,131,131,131,131,131,131,131
177,174,175,175,175,175,175,175,175,175,175
229,229,229,229,229,229,229,229,229,229,229
284,281,282,282,282,282,282,282,282,282,282
344,344,344,344,344,344,344,344,344,344,344
406,403,403,403,403,403,403,403,403,403,403
469,469,469,469,469,469,469,469,469,469,469
534,531,531,531,531,531,531,531,531,531,531
597,597,597,597,597,597,597,597,597,597,597
660,657,657,657,657,657,657,657,658,658,658
720,720,720,720,720,720,720,720,720,720,720
777,774,774,774,774,775,775,775,775,775,775
830,830,830,830,830,830,830,830,830,830,830
878,875,875,875,875,875,875,875,875,875,875
920,920,920,920,920,920,920,920,920,920,920
955,952,952,952,952,952,952,952,952,952,953
984,984,984,984,984,984,984,984,984,984,984
1005,1002,1002,1002,1002,1002,1002,1002,1002,1002,1002
1018,1018,1018,1018,1018,1018,1018,1018,1018,1018,1018
1023,1020,1020,1020,1020,1020,1020,1020,1020,1020,1020
1021,1021,1021,1021,1021,1021,1021,1021,1021,1021,1021
1010,1007,1007,1007,1007,1007,1007,1007,1007,1007,1007
991,991,991,991,991,991,991,991,991,991,991
965,962,962,962,962,962,962,962,962,962,962
932,932,932,932,932,932,932,932,932,932,932
892,889,889,889,888,888,888,888,888,888,888
846,846,846,846,846,846,846,846,846,846,846
794,791,791,791,791,791,791,791,791,791,791
739,739,739,739,739,739,739,739,739,739,739
679,676,676,676,676,676,676,676,676,676,676
617,617,617,617,617,617,617,617,617,617,617
554,551,551,551,551,551,550,550,550,550,550
490,490,490,490,490,490,490,490,490,490,490
426,423,422,422,422,422,422,422,422,422,422
363,363,363,363,363,363,363,363,363,363,363
303,300,300,300,300,300,299,299,299,299,299
246,246,246,246,246,246,246,246,246,246,246
193,190,190,190,190,190,190,190,190,190,190
145,145,145,145,145,145,145,145,145,145,145
103,100,100,100,100,100,100,100,100,100,100
68,68,68,68,68,68,68,68,68,68,68
39,36,36,36,36,36,36,36,36,36,36
18,18,18,18,18,18,18,18,18,18,18
5,2,2,2,2,2,2,2,2,2,2
0,0,0,0,0,0,0,0,0,0,0
2,0,0,0,0,0,0,0,0,0,0
13,13,13,13,13,13,13,13,13,13,13
32,29,29,29,29,29,29,29,29,29,29
58,58,58,58,58,58,58,58,58,58,58
91,88,88,88,88,89,89,89,89,89,89
131,131,131,131,131,131,131,131,131,131,131
177,174,174,174,174,175,175,175,175,175,175
229,229,229,229,229,229,229,229,229,229,229
284,281,281,281,281,282,282,282,282,282,282
344,344,344,344,344,344,344,344,344,344,344
405,403,403,403,403,403,403,403,403,403,403
469,469,469,469,469,469,469,469,469,469,469
533,530,530,531,531,531,531,531,531,531,531
597,597,597,597,597,597,597,597,597,597,597
660,657,657,657,657,657,657,657,657,657,657
720,720,720,720,720,720,720,720,720,720,720
777,774,774,774,774,774,774,774,775,775,775
830,830,830,830,830,830,830,830,830,830,830
878,875,875,875,875,875,875,875,875,875,875
920,920,920,920,920,920,920,920,920,920,920
955,952,952,952,952,952,952,952,952,952,952
984,984,984,984,984,984,984,984,984,984,984
1005,1002,1002,1002,1002,1002,1002,1002,1002,1002,1002
1018,1018,1018,1018,1018,1018,1018,1018,1018,1018,1018
1023,1020,1020,1020,1020,1020,1020,1020,1020,1020,1020
1021,1021,1021,1021,1021,1021,1021,1021,1021,1021,1021
1010,1007,1007,1007,1007,1007,1007,1007,1007,1007,1007
991,991,991,991,991,991,991,991,991,991,991
965,962,962,962,962,962,962,962,962,962,962
932,932,932,932,932,932,932,932,932,932,932
892,889,889,889,889,889,889,888,888,888,888
846,846,846,846,846,846,846,846,846,846,846
795,792,791,791,791,791,791,791,791,791,791
739,739,739,739,739,739,739,739,739,739,739
680,677,676,676,676,676,676,676,676,676,676
618,618,618,618,618,618,618,618,618,618,618
554,551,551,551,551,551,551,551,551,550,550
490,490,490,490,490,490,490,490,490,490,490
426,423,423,423,423,422,422,422,422,422,422
363,363,363,363,363,363,363,363,363,363,363
303,300,300,300,300,300,300,300,300,299,299
246,246,246,246,246,246,246,246,246,246,246
193,190,190,190,190,190,190,190,190,190,190
145,145,145,145,145,145,145,145,145,145,145
104,100,100,100,100,100,100,100,100,100,100
68,68,68,68,68,68,68,68,68,68,68
39,36,36,36,36,36,36,36,36,36,36
18,18,18,18,18,18,18,18,18,18,18
5,2,2,2,2,2,2,2,2,2,2
0,0,0,0,0,0,0,0,0,0,0
2,0,0,0,0,0,0,0,0,0,0
13,13,13,13,13,13,13,13,13,13,13
32,29,29,29,29,29,29,29,29,29,29
58,58,58,58,58,58,58,58,58,58,58
91,88,88,88,88,88,88,88,89,89,89
131,131,131,131,131,131,131,131,131,131,131
177,174,174,174,174,174,174,174,175,175,175
228,228,228,228,228,228,228,228,228,228,228
284,281,281,281,281,281,281,281,282,282,282
343,343,343,343,343,343,343,343,343,343,343
405,402,402,402,403,403,403,403,403,403,403
469,469,469,469,469,469,469,469,469,469,469
533,530,530,530,530,530,531,531,531,531,531
597,597,597,597,597,597,597,597,597,597,597
660,657,657,657,657,657,657,657,657,657,657
720,720,720,720,720,720,720,720,720,720,720
777,774,774,774,774,774,774,774,774,774,774
830,830,830,830,830,830,830,830,830,830,830
877,874,875,875,875,875,875,875,875,875,875
919,919,919,919,919,919,919,919,919,919,919
955,952,952,952,952,952,952,952,952,952,952
984,984,984,984,984,984,984,984,984,984,984
1005,1002,1002,1002,1002,1002,1002,1002,1002,1002,1002
1018,1018,1018,1018,1018,1018,1018,1018,1018,1018,1018
1023,1020,1020,1020,1020,1020,1020,1020,1020,1020,1020
1021,1021,1021,1021,1021,1021,1021,1021,1021,1021,1021
1010,1007,1007,1007,1007,1007,1007,1007,1007,1007,1007
991,991,991,991,991,991,991,991,991,991,991
965,962,962,962,962,962,962,962,962,962,962
932,932,932,932,932,932,932,932,932,932,932
892,889,889,889,889,889,889,889,889,889,888
846,846,846,846,846,846,846,846,846,846,846
795,792,792,792,792,791,791,791,791,791,791
739,739,739,739,739,739,739,739,739,739,739
680,677,677,677,677,676,676,676,676,676,676
618,618,618,618,618,618,618,618,618,618,618
554,551,551,551,551,551,551,551,551,551,551
490,490,490,490,490,490,490,490,490,490,490
426,423,423,423,423,423,423,423,422,422,422
363,363,363,363,363,363,363,363,363,363,363
303,300,300,300,300,300,300,300,300,300,300
246,246,246,246,246,246,246,246,246,246,246
193,190,190,190,190,190,190,190,190,190,190
146,146,146,146,146,146,146,146,146,146,146
104,101,101,101,100,100,100,100,100,100,100
68,68,68,68,68,68,68,68,68,68,68
39,36,36,36,36,36,36,36,36,36,36
18,18,18,18,18,18,18,18,18,18,18
5,2,2,2,2,2,2,2,2,2,2
0,0,0,0,0,0,0,0,0,0,0
2,0,0,0,0,0,0,0,0,0,0
13,13,13,13,13,13,13,13,13,13,13
32,29,29,29,29,29,29,29,29,29,29
58,58,58,58,58,58,58,58,58,58,58
91,88,88,88,88,88,88,88,88,88,88
131,131,131,131,131,131,131,131,131,131,131
177,174,174,174,174,174,174,174,174,174,174
228,228,228,228,228,228,228,228,228,228,228
284,281,281,281,281,281,281,281,281,281,281
343,343,343,343,343,343,343,343,343,343,343
405,402,402,402,402,402,402,403,403,403,403
469,469,469,469,469,469,469,469,469,469,469
533,530,530,530,530,530,530,530,530,531,531
597,597,597,597,597,597,597,597,597,597,597
659,657,657,657,657,657,657,657,657,657,657
720,720,720,720,720,720,720,720,720,720,720
777,774,774,774,774,774,774,774,774,774,774
830,830,830,830,830,830,830,830,830,830,830
877,874,874,874,874,875,875,875,875,875,875
919,919,919,919,919,919,919,919,919,919,919
955,952,952,952,952,952,952,952,952,952,952
983,983,983,983,983,983,983,983,983,983,983
1005,1002,1002,1002,1002,1002,1002,1002,1002,1002,1002
1018,1018,1018,1018,1018,1018,1018,1018,1018,1018,1018
1023,1020,1020,1020,1020,1020,1020,1020,1020,1020,1020
1021,1021,1021,1021,1021,1021,1021,1021,1021,1021,1021
1010,1007,1007,1007,1007,1007,1007,1007,1007,1007,1007
991,991,991,991,991,991,991,991,991,991,991
965,962,962,962,962,962,962,962,962,962,962
932,932,932,932,932,932,932,932,932,932,932
892,889,889,889,889,889,889,889,889,889,889
846,846,846,846,846,846,846,846,846,846,846
795,792,792,792,792,792,792,792,791,791,791
739,739,739,739,739,739,739,739,739,739,739
680,677,677,677,677,677,677,677,676,676,676
618,618,618,618,618,618,618,618,618,618,618
554,551,551,551,551,551,551,551,551,551,551
490,490,490,490,490,490,490,490,490,490,490
426,423,423,423,423,423,423,423,423,423,423
364,364,364,364,364,364,364,364,364,364,364
303,300,300,300,300,300,300,300,300,300,300
246,246,246,246,246,246,246,246,246,246,246
194,190,190,190,190,190,190,190,190,190,190
146,146,146,146,146,146,146,146,146,146,146
104,101,101,101,101,101,101,100,100,100,100
68,68,68,68,68,68,68,68,68,68,68
40,37,37,36,36,36,36,36,36,36,36
18,18,18,18,18,18,18,18,18,18,18
5,2,2,2,2,2,2,2,2,2,2
0,0,0,0,0,0,0,0,0,0,0
2,0,0,0,0,0,0,0,0,0,0
13,13,13,13,13,13,13,13,13,13,13
32,29,29,29,29,29,29,29,29,29,29
58,58,58,58,58,58,58,58,58,58,58
91,88,88,88,88,88,88,88,88,88,88
131,131,131,131,131,131,131,131,131,131,131
177,174,174,174,174,174,174,174,174,174,174
228,228,228,228,228,228,228,228,228,228,228
284,281,281,281,281,281,281,281,281,281,281
343,343,343,343,343,343,343,343,343,343,343
405,402,402,402,402,402,402,402,402,402,403
468,468,468,468,468,468,468,468,468,468,468
533,530,530,530,530,530,530,530,530,530,530
597,597,597,597,597,597,597,597,597,597,597
659,656,656,656,657,657,657,657,657,657,657
720,720,720,720,720,720,720,720,720,720,720
777,774,774,774,774,774,774,774,774,774,774
829,829,829,829,829,829,829,829,829,829,829
877,874,874,874,874,874,874,874,875,875,875
919,919,919,919,919,919,919,919,919,919,919
955,952,952,952,952,952,952,952,952,952,952
983,983,983,983,983,983,983,983,983,983,983
1005,1002,1002,1002,1002,1002,1002,1002,1002,1002,1002
1018,1018,1018,1018,1018,1018,1018,1018,1018,1018,1018
1023,1020,1020,1020,1020,1020,1020,1020,1020,1020,1020
1021,1021,1021,1021,1021,1021,1021,1021,1021,1021,1021
1010,1007,1007,1007,1007,1007,1007,1007,1007,1007,1007
991,991,991,991,991,991,991,991,991,991,991
965,962,962,962,962,962,962,962,962,962,962
932,932,932,932,932,932,932,932,932,932,932
892,889,889,889,889,889,889,889,889,889,889
846,846,846,846,846,846,846,846,846,846,846
795,792,792,792,792,792,792,792,792,792,792
739,739,739,739,739,739,739,739,739,739,739
680,677,677,677,677,677,677,677,677,677,677
618,618,618,618,618,618,618,618,618,618,618
555,552,551,551,551,551,551,551,551,551,551
490,490,490,490,490,490,490,490,490,490,490
426,423,423,423,423,423,423,423,423,423,423
364,364,364,364,364,364,364,364,364,364,364
304,300,300,300,300,300,300,300,300,300,300
247,247,247,247,247,247,247,247,247,247,247
194,191,191,191,191,190,190,190,190,190,190
146,146,146,146,146,146,146,146,146,146,146
104,101,101,101,101,101,101,101,101,101,100
68,68,68,68,68,68,68,68,68,68,68
40,37,37,37,37,37,36,36,36,36,36
18,18,18,18,18,18,18,18,18,18,18
5,2,2,2,2,2,2,2,2,2,2
0,0,0,0,0,0,0,0,0,0,0
2,0,0,0,0,0,0,0,0,0,0
13,13,13,13,13,13,13,13,13,13,13
31,29,29,29,29,29,29,29,29,29,29
58,58,58,58,58,58,58,58,58,58,58
91,88,88,88,88,88,88,88,88,88,88
131,131,131,131,131,131,131,131,131,131,131
177,174,174,174,174,174,174,174,174,174,174
228,228,228,228,228,228,228,228,228,228,228
284,281,281,281,281,281,281,281,281,281,281
343,343,343,343,343,343,343,343,343,343,343
405,402,402,402,402,402,402,402,402,402,402
468,468,468,468,468,468,468,468,468,468,468
533,530,530,530,530,530,530,530,530,530,530
597,597,597,597,597,597,597,597,597,597,597
659,656,656,656,656,656,656,657,657,657,657
719,719,719,719,719,719,719,719,719,719,719
776,773,774,774,774,774,774,774,774,774,774
829,829,829,829,829,829,829,829,829,829,829
877,874,874,874,874,874,874,874,874,874,874
919,919,919,919,919,919,919,919,919,919,919
955,952,952,952,952,952,952,952,952,952,952
983,983,983,983,983,983,983,983,983,983,983
1005,1002,1002,1002,1002,1002,1002,1002,1002,1002,1002
1018,1018,1018,1018,1018,1018,1018,1018,1018,1018,1018
1023,1020,1020,1020,1020,1020,1020,1020,1020,1020,1020
1021,1021,1021,1021,1021,1021,1021,1021,1021,1021,1021
1010,1007,1007,1007,1007,1007,1007,1007,1007,1007,1007
992,992,992,992,992,992,992,992,992,992,992
965,962,962,962,962,962,962,962,962,962,962
932,932,932,932,932,932,932,932,932,932,932
892,889,889,889,889,889,889,889,889,889,889
846,846,846,846,846,846,846,846,846,846,846
795,792,792,792,792,792,792,792,792,792,792
740,740,740,740,740,740,740,740,740,740,740
680,677,677,677,677,677,677,677,677,677,677
618,618,618,618,618,618,618,618,618,618,618
555,552,552,552,552,551,551,551,551,551,551
491,491,491,491,491,491,491,491,491,491,491
427,424,423,423,423,423,423,423,423,423,423
364,364,364,364,364,364,364,364,364,364,364
304,301,301,301,300,300,300,300,300,300,300
247,247,247,247,247,247,247,247,247,247,247
194,191,191,191,191,191,191,191,190,190,190
146,146,146,146,146,146,146,146,146,146,146
104,101,101,101,101,101,101,101,101,101,101
68,68,68,68,68,68,68,68,68,68,68
40,37,37,37,37,37,37,37,37,36,36
18,18,18,18,18,18,18,18,18,18,18
5,2,2,2,2,2,2,2,2,2,2
0,0,0,0,0,0,0,0,0,0,0
2,0,0,0,0,0,0,0,0,0,0
13,13,13,13,13,13,13,13,13,13,13
31,28,28,28,29,29,29,29,29,29,29
58,58,58,58,58,58,58,58,58,58,58
91,88,88,88,88,88,88,88,88,88,88
131,131,131,131,131,131,131,131,131,131,131
177,174,174,174,174,174,174,174,174,174,174
228,228,228,228,228,228,228,228,228,228,228
283,280,280,281,281,281,281,281,281,281,281
343,343,343,343,343,343,343,343,343,343,343
404,402,402,402,402,402,402,402,402,402,402
468,468,468,468,468,468,468,468,468,468,468
532,529,529,530,530,530,530,530,530,530,530
596,596,596,596,596,596,596,596,596,596,596
659,656,656,656,656,656,656,656,656,656,657
719,719,719,719,719,719,719,719,719,719,719
776,773,773,773,773,774,774,774,774,774,774
829,829,829,829,829,829,829,829,829,829,829
877,874,874,874,874,874,874,874,874,874,874
919,919,919,919,919,919,919,919,919,919,919
955,952,952,952,952,952,952,952,952,952,952
983,983,983,983,983,983,983,983,983,983,983
1004,1001,1002,1002,1002,1002,1002,1002,1002,1002,1002
1018,1018,1018,1018,1018,1018,1018,1018,1018,1018,1018
1023,1020,1020,1020,1020,1020,1020,1020,1020,1020,1020
1021,1021,1021,1021,1021,1021,1021,1021,1021,1021,1021
1010,1007,1007,1007,1007,1007,1007,1007,1007,1007,1007
992,992,992,992,992,992,992,992,992,992,992
966,962,962,962,962,962,962,962,962,962,962
932,932,932,932,932,932,932,932,932,932,932
892,889,889,889,889,889,889,889,889,889,889
847,847,847,847,847,847,847,847,847,847,847
795,792,792,792,792,792,792,792,792,792,792
740,740,740,740,740,740,740,740,740,740,740
681,677,677,677,677,677,677,677,677,677,677
619,619,619,619,619,619,619,619,619,619,619
555,552,552,552,552,552,552,552,551,551,551
491,491,491,491,491,491,491,491,491,491,491
427,424,424,424,424,423,423,423,423,423,423
364,364,364,364,364,364,364,364,364,364,364
304,301,301,301,301,301,301,300,300,300,300
247,247,247,247,247,247,247,247,247,247,247
194,191,191,191,191,191,191,191,191,191,191
146,146,146,146,146,146,146,146,146,146,146
104,101,101,101,101,101,101,101,101,101,101
68,68,68,68,68,68,68,68,68,68,68
40,37,37,37,37,37,37,37,37,37,37
19,19,19,19,19,19,19,19,19,19,19
5,2,2,2,2,2,2,2,2,2,2
0,0,0,0,0,0,0,0,0,0,0
2,0,0,0,0,0,0,0,0,0,0
13,13,13,13,13,13,13,13,13,13,13
31,28,28,28,28,28,28,29,29,29,29
57,57,57,57,57,57,57,57,57,57,57
91,88,88,88,88,88,88,88,88,88,88
131,131,131,131,131,131,131,131,131,131,131
176,173,173,174,174,174,174,174,174,174,174
228,228,228,228,228,228,228,228,228,228,228
283,280,280,280,280,280,281,281,281,281,281
342,342,342,342,342,342,342,342,342,342,342
404,401,401,401,402,402,402,402,402,402,402
468,468,468,468,468,468,468,468,468,468,468
532,529,529,529,529,529,530,530,530,530,530
596,596,596,596,596,596,596,596,596,596,596
659,656,656,656,656,656,656,656,656,656,656
719,719,719,719,719,719,719,719,719,719,719
776,773,773,773,773,773,773,773,774,774,774
829,829,829,829,829,829,829,829,829,829,829
877,874,874,874,874,874,874,874,874,874,874
919,919,919,919,919,919,919,919,919,919,919
955,952,952,952,952,952,952,952,952,952,952
983,983,983,983,983,983,983,983,983,983,983
1004,1001,1001,1001,1001,1002,1002,1002,1002,1002,1002
1018,1018,1018,1018,1018,1018,1018,1018,1018,1018,1018
1023,1020,1020,1020,1020,1020,1020,1020,1020,1020,1020
1021,1021,1021,1021,1021,1021,1021,1021,1021,1021,1021
1010,1007,1007,1007,1007,1007,1007,1007,1007,1007,1007
992,992,992,992,992,992,992,992,992,992,992
966,963,963,963,963,962,962,962,962,962,962
932,932,932,932,932,932,932,932,932,932,932
893,890,889,889,889,889,889,889,889,889,889
847,847,847,847,847,847,847,847,847,847,847
796,792,792,792,792,792,792,792,792,792,792
740,740,740,740,740,740,740,740,740,740,740
681,678,678,678,677,677,677,677,677,677,677
619,619,619,619,619,619,619,619,619,619,619
555,552,552,552,552,552,552,552,552,552,552
491,491,491,491,491,491,491,491,491,491,491
427,424,424,424,424,424,424,424,423,423,423
364,364,364,364,364,364,364,364,364,364,364
304,301,301,301,301,301,301,301,301,301,300
247,247,247,247,247,247,247,247,247,247,247
194,191,191,191,191,191,191,191,191,191,191
146,146,146,146,146,146,146,146,146,146,146
104,101,101,101,101,101,101,101,101,101,101
69,69,69,69,69,69,69,69,69,69,69
40,37,37,37,37,37,37,37,37,37,37
19,19,19,19,19,19,19,19,19,19,19
5,2,2,2,2,2,2,2,2,2,2
0,0,0,0,0,0,0,0,0,0,0
2,0,0,0,0,0,0,0,0,0,0
13,13,13,13,13,13,13,13,13,13,13
31,28,28,28,28,28,28,28,28,28,29
57,57,57,57,57,57,57,57,57,57,57
91,88,88,88,88,88,88,88,88,88,88
130,130,130,130,130,130,130,130,130,130,130
176,173,173,173,173,173,174,174,174,174,174
227,227,227,227,227,227,227,227,227,227,227
283,280,280,280,280,280,280,280,280,281,281
342,342,342,342,342,342,342,342,342,342,342
404,401,401,401,401,401,401,402,402,402,402
468,468,468,468,468,468,468,468,468,468,468
532,529,529,529,529,529,529,529,529,530,530
596,596,596,596,596,596,596,596,596,596,596
659,656,656,656,656,656,656,656,656,656,656
719,719,719,719,719,719,719,719,719,719,719
776,773,773,773,773,773,773,773,773,773,773
829,829,829,829,829,829,829,829,829,829,829
877,874,874,874,874,874,874,874,874,874,874
919,919,919,919,919,919,919,919,919,919,919
954,951,951,952,952,952,952,952,952,952,952
983,983,983,983,983,983,983,983,983,983,983
1004,1001,1001,1001,1001,1001,1001,1001,1002,1002,1002
1018,1018,1018,1018,1018,1018,1018,1018,1018,1018,1018
1023,1020,1020,1020,1020,1020,1020,1020,1020,1020,1020
1021,1021,1021,1021,1021,1021,1021,1021,1021,1021,1021
1010,1007,1007,1007,1007,1007,1007,1007,1007,1007,1007
992,992,992,992,992,992,992,992,992,992,992
966,963,963,963,963,963,963,963,962,962,962
933,933,933,933,933,933,933,933,933,933,933
893,890,890,890,890,889,889,889,889,889,889
847,847,847,847,847,847,847,847,847,847,847
796,793,793,793,792,792,792,792,792,792,792
740,740,740,740,740,740,740,740,740,740,740
681,678,678,678,678,678,678,677,677,677,677
619,619,619,619,619,619,619,619,619,619,619
555,552,552,552,552,552,552,552,552,552,552
491,491,491,491,491,491,491,491,491,491,491
427,424,424,424,424,424,424,424,424,424,424
365,365,365,365,365,365,365,365,365,365,365
304,301,301,301,301,301,301,301,301,301,301
247,247,247,247,247,247,247,247,247,247,247
194,191,191,191,191,191,191,191,191,191,191
146,146,146,146,146,146,146,146,146,146,146
104,101,101,101,101,101,101,101,101,101,101
69,69,69,69,69,69,69,69,69,69,69
40,37,37,37,37,37,37,37,37,37,37
19,19,19,19,19,19,19,19,19,19,19
5,2,2,2,2,2,2,2,2,2,2
0,0,0,0,0,0,0,0,0,0,0
2,0,0,0,0,0,0,0,0,0,0
13,13,13,13,13,13,13,13,13,13,13
31,28,28,28,28,28,28,28,28,28,28
57,57,57,57,57,57,57,57,57,57,57
90,87,88,88,88,88,88,88,88,88,88
130,130,130,130,130,130,130,130,130,130,130
176,173,173,173,173,173,173,173,173,174,174
227,227,227,227,227,227,227,227,227,227,227
283,280,280,280,280,280,280,280,280,280,280
342,342,342,342,342,342,342,342,342,342,342
404,401,401,401,401,401,401,401,401,401,402
468,468,468,468,468,468,468,468,468,468,468
532,529,529,529,529,529,529,529,529,529,529
596,596,596,596,596,596,596,596,596,596,596
658,655,655,656,656,656,656,656,656,656,656
719,719,719,719,719,719,719,719,719,719,719
776,773,773,773,773,773,773,773,773,773,773
829,829,829,829,829,829,829,829,829,829,829
876,874,874,874,874,874,874,874,874,874,874
919,919,919,919,919,919,919,919,919,919,919
954,951,951,951,951,951,952,952,952,952,952
983,983,983,983,983,983,983,983,983,983,983
1004,1001,1001,1001,1001,1001,1001,1001,1001,1001,1001
1018,1018,1018,1018,1018,1018,1018,1018,1018,1018,1018
1023,1020,1020,1020,1020,1020,1020,1020,1020,1020,1020
1021,1021,1021,1021,1021,1021,1021,1021,1021,1021,1021
1010,1007,1007,1007,1007,1007,1007,1007,1007,1007,1007
992,992,992,992,992,992,992,992,992,992,992
966,963,963,963,963,963,963,963,963,963,963
933,933,933,933,933,933,933,933,933,933,933
893,890,890,890,890,890,890,890,889,889,889
847,847,847,847,847,847,847,847,847,847,847
796,793,793,793,793,793,793,792,792,792,792
740,740,740,740,740,740,740,740,740,740,740
681,678,678,678,678,678,678,678,678,678,677
619,619,619,619,619,619,619,619,619,619,619
556,553,552,552,552,552,552,552,552,552,552
491,491,491,491,491,491,491,491,491,491,491
427,424,424,424,424,424,424,424,424,424,424
365,365,365,365,365,365,365,365,365,365,365
304,301,301,301,301,301,301,301,301,301,301
247,247,247,247,247,247,247,247,247,247,247
194,191,191,191,191,191,191,191,191,191,191
147,147,147,147,147,147,147,147,147,147,147
104,101,101,101,101,101,101,101,101,101,101
69,69,69,69,69,69,69,69,69,69,69
40,37,37,37,37,37,37,37,37,37,37
19,19,19,19,19,19,19,19,19,19,19
5,2,2,2,2,2,2,2,2,2,2
0,0,0,0,0,0,0,0,0,0,0
2,0,0,0,0,0,0,0,0,0,0
13,13,13,13,13,13,13,13,13,13,13
31,28,28,28,28,28,28,28,28,28,28
57,57,57,57,57,57,57,57,57,57,57
90,87,87,87,87,87,88,88,88,88,88
130,130,130,130,130,130,130,130,130,130,130
176,173,173,173,173,173,173,173,173,173,173
227,227,227,227,227,227,227,227,227,227,227
283,280,280,280,280,280,280,280,280,280,280
342,342,342,342,342,342,342,342,342,342,342
404,401,401,401,401,401,401,401,401,401,401
467,467,467,467,467,467,467,467,467,467,467
532,529,529,529,529,529,529,529,529,529,529
596,596,596,596,596,596,596,596,596,596,596
658,655,655,655,655,655,656,656,656,656,656
718,718,718,718,718,718,718,718,718,718,718
776,773,773,773,773,773,773,773,773,773,773
828,828,828,828,828,828,828,828,828,828,828
876,873,873,873,874,874,874,874,874,874,874
918,918,918,918,918,918,918,918,918,918,918
954,951,951,951,951,951,951,951,951,952,952
983,983,983,983,983,983,983,983,983,983,983
1004,1001,1001,1001,1001,1001,1001,1001,1001,1001,1001
1018,1018,1018,1018,1018,1018,1018,1018,1018,1018,1018
1023,1020,1020,1020,1020,1020,1020,1020,1020,1020,1020
1021,1021,1021,1021,1021,1021,1021,1021,1021,1021,1021
1010,1007,1007,1007,1007,1007,1007,1007,1007,1007,1007
992,992,992,992,992,992,992,992,992,992,992
966,963,963,963,963,963,963,963,963,963,963
933,933,933,933,933,933,933,933,933,933,933
893,890,890,890,890,890,890,890,890,890,890
847,847,847,847,847,847,847,847,847,847,847
796,793,793,793,793,793,793,793,793,793,792
740,740,740,740,740,740,740,740,740,740,740
681,678,678,678,678,678,678,678,678,678,678
619,619,619,619,619,619,619,619,619,619,619
556,553,553,553,553,552,552,552,552,552,552
492,492,492,492,492,492,492,492,492,492,492
428,424,424,424,424,424,424,424,424,424,424
365,365,365,365,365,365,365,365,365,365,365
305,302,301,301,301,301,301,301,301,301,301
248,248,248,248,248,248,248,248,248,248,248
195,192,192,191,191,191,191,191,191,191,191
147,147,147,147,147,147,147,147,147,147,147
105,102,101,101,101,101,101,101,101,101,101
69,69,69,69,69,69,69,69,69,69,69
40,37,37,37,37,37,37,37,37,37,37
19,19,19,19,19,19,19,19,19,19,19
5,2,2,2,2,2,2,2,2,2,2
0,0,0,0,0,0,0,0,0,0,0
2,0,0,0,0,0,0,0,0,0,0
13,13,13,13,13,13,13,13,13,13,13
31,28,28,28,28,28,28,28,28,28,28
57,57,57,57,57,57,57,57,57,57,57
90,87,87,87,87,87,87,87,87,88,88
130,130,130,130,130,130,130,130,130,130,130
176,173,173,173,173,173,173,173,173,173,173
227,227,227,227,227,227,227,227,227,227,227
282,280,280,280,280,280,280,280,280,280,280
342,342,342,342,342,342,342,342,342,342,342
404,401,401,401,401,401,401,401,401,401,401
467,467,467,467,467,467,467,467,467,467,467
531,528,529,529,529,529,529,529,529,529,529
595,595,595,595,595,595,595,595,595,595,595
658,655,655,655,655,655,655,655,655,656,656
718,718,718,718,718,718,718,718,718,718,718
775,772,772,773,773,773,773,773,773,773,773
828,828,828,828,828,828,828,828,828,828,828
876,873,873,873,873,873,873,874,874,874,874
918,918,918,918,918,918,918,918,918,918,918
954,951,951,951,951,951,951,951,951,951,951
983,983,983,983,983,983,983,983,983,983,983
1004,1001,1001,1001,1001,1001,1001,1001,1001,1001,1001
1018,1018,1018,1018,1018,1018,1018,1018,1018,1018,1018
1023,1020,1020,1020,1020,1020,1020,1020,1020,1020,1020
1021,1021,1021,1021,1021,1021,1021,1021,1021,1021,1021
1010,1007,1007,1007,1007,1007,1007,1007,1007,1007,1007
992,992,992,992,992,992,992,992,992,992,992
966,963,963,963,963,963,963,963,963,963,963
933,933,933,933,933,933,933,933,933,933,933
893,890,890,890,890,890,890,890,890,890,890
847,847,847,847,847,847,847,847,847,847,847
796,793,793,793,793,793,793,793,793,793,793
741,741,741,741,741,741,741,741,741,741,741
681,678,678,678,678,678,678,678,678,678,678
620,620,620,620,620,620,620,620,620,620,620
556,553,553,553,553,553,553,553,552,552,552
492,492,492,492,492,492,492,492,492,492,492
428,425,425,425,424,424,424,424,424,424,424
365,365,365,365,365,365,365,365,365,365,365
305,302,302,302,302,301,301,301,301,301,301
248,248,248,248,248,248,248,248,248,248,248
195,192,192,192,192,192,191,191,191,191,191
147,147,147,147,147,147,147,147,147,147,147
105,102,102,102,102,101,101,101,101,101,101
69,69,69,69,69,69,69,69,69,69,69
40,37,37,37,37,37,37,37,37,37,37
19,19,19,19,19,19,19,19,19,19,19
5,2,2,2,2,2,2,2,2,2,2
0,0,0,0,0,0,0,0,0,0,0
2,0,0,0,0,0,0,0,0,0,0
13,13,13,13,13,13,13,13,13,13,13
31,28,28,28,28,28,28,28,28,28,28
57,57,57,57,57,57,57,57,57,57,57
90,87,87,87,87,87,87,87,87,87,87
130,130,130,130,130,130,130,130,130,130,130
176,173,173,173,173,173,173,173,173,173,173
227,227,227,227,227,227,227,227,227,227,227
282,279,279,279,280,280,280,280,280,280,280
341,341,341,341,341,341,341,341,341,341,341
403,400,400,401,401,401,401,401,401,401,401
467,467,467,467,467,467,467,467,467,467,467
531,528,528,528,528,529,529,529,529,529,529
595,595,595,595,595,595,595,595,595,595,595
658,655,655,655,655,655,655,655,655,655,655
718,718,718,718,718,718,718,718,718,718,718
775,772,772,772,772,772,773,773,773,773,773
828,828,828,828,828,828,828,828,828,828,828
876,873,873,873,873,873,873,873,873,873,874
918,918,918,918,918,918,918,918,918,918,918
954,951,951,951,951,951,951,951,951,951,951
983,983,983,983,983,983,983,983,983,983,983
1004,1001,1001,1001,1001,1001,1001,1001,1001,1001,1001
1018,1018,1018,1018,1018,1018,1018,1018,1018,1018,1018
1023,1020,1020,1020,1020,1020,1020,1020,1020,1020,1020
1021,1021,1021,1021,1021,1021,1021,1021,1021,1021,1021
1010,1007,1007,1007,1007,1007,1007,1007,1007,1007,1007
992,992,992,992,992,992,992,992,992,992,992
966,963,963,963,963,963,963,963,963,963,963
933,933,933,933,933,933,933,933,933,933,933
893,890,890,890,890,890,890,890,890,890,890
847,847,847,847,847,847,847,847,847,847,847
796,793,793,793,793,793,793,793,793,793,793
741,741,741,741,741,741,741,741,741,741,741
682,679,678,678,678,678,678,678,678,678,678
620,620,620,620,620,620,620,620,620,620,620
556,553,553,553,553,553,553,553,553,553,553
492,492,492,492,492,492,492,492,492,492,492
428,425,425,425,425,425,425,424,424,424,424
365,365,365,365,365,365,365,365,365,365,365
305,302,302,302,302,302,302,302,301,301,301
248,248,248,248,248,248,248,248,248,248,248
195,192,192,192,192,192,192,192,192,191,191
147,147,147,147,147,147,147,147,147,147,147
105,102,102,102,102,102,102,102,102,101,101
69,69,69,69,69,69,69,69,69,69,69
40,37,37,37,37,37,37,37,37,37,37
19,19,19,19,19,19,19,19,19,19,19
5,2,2,2,2,2,2,2,2,2,2
0,0,0,0,0,0,0,0,0,0,0
2,0,0,0,0,0,0,0,0,0,0
13,13,13,13,13,13,13,13,13,13,13
31,28,28,28,28,28,28,28,28,28,28
57,57,57,57,57,57,57,57,57,57,57
90,87,87,87,87,87,87,87,87,87,87
130,130,130,130,130,130,130,130,130,130,130
175,173,173,173,173,173,173,173,173,173,173
227,227,227,227,227,227,227,227,227,227,227
282,279,279,279,279,279,279,280,280,280,280
341,341,341,341,341,341,341,341,341,341,341
403,400,400,400,400,400,401,401,401,401,401
467,467,467,467,467,467,467,467,467,467,467
531,528,528,528,528,528,528,528,529,529,529
595,595,595,595,595,595,595,595,595,595,595
658,655,655,655,655,655,655,655,655,655,655
718,718,718,718,718,718,718,718,718,718,718
775,772,772,772,772,772,772,772,772,773,773
828,828,828,828,828,828,828,828,828,828,828
876,873,873,873,873,873,873,873,873,873,873
918,918,918,918,918,918,918,918,918,918,918
954,951,951,951,951,951,951,951,951,951,951
983,983,983,983,983,983,983,983,983,983,983
1004,1001,1001,1001,1001,1001,1001,1001,1001,1001,1001
1018,1018,1018,1018,1018,1018,1018,1018,1018,1018,1018
1023,1020,1020,1020,1020,1020,1020,1020,1020,1020,1020
1021,1021,1021,1021,1021,1021,1021,1021,1021,1021,1021
1010,1007,1007,1007,1007,1007,1007,1007,1007,1007,1007
992,992,992,992,992,992,992,992,992,992,992
966,963,963,963,963,963,963,963,963,963,963
933,933,933,933,933,933,933,933,933,933,933
893,890,890,890,890,890,890,890,890,890,890
848,848,848,848,848,848,848,848,848,848,848
797,793,793,793,793,793,793,793,793,793,793
741,741,741,741,741,741,741,741,741,741,741
682,679,679,679,679,678,678,678,678,678,678
620,620,620,620,620,620,620,620,620,620,620
556,553,553,553,553,553,553,553,553,553,553
492,492,492,492,492,492,492,492,492,492,492
428,425,425,425,425,425,425,425,425,425,424
365,365,365,365,365,365,365,365,365,365,365
305,302,302,302,302,302,302,302,302,302,302
248,248,248,248,248,248,248,248,248,248,248
195,192,192,192,192,192,192,192,192,192,192
147,147,147,147,147,147,147,147,147,147,147
105,102,102,102,102,102,102,102,102,102,102
69,69,69,69,69,69,69,69,69,69,69
40,37,37,37,37,37,37,37,37,37,37
19,19,19,19,19,19,19,19,19,19,19
5,2,2,2,2,2,2,2,2,2,2
0,0,0,0,0,0,0,0,0,0,0
2,0,0,0,0,0,0,0,0,0,0
13,13,13,13,13,13,13,13,13,13,13
31,28,28,28,28,28,28,28,28,28,28
57,57,57,57,57,57,57,57,57,57,57
90,87,87,87,87,87,87,87,87,87,87
130,130,130,130,130,130,130,130,130,130,130
175,172,172,172,173,173,173,173,173,173,173
226,226,226,226,226,226,226,226,226,226,226
282,279,279,279,279,279,279,279,279,279,280
341,341,341,341,341,341,341,341,341,341,341
403,400,400,400,400,400,400,400,400,401,401
467,467,467,467,467,467,467,467,467,467,467
531,528,528,528,528,528,528,528,528,528,528
595,595,595,595,595,595,595,595,595,595,595
657,654,655,655,655,655,655,655,655,655,655
718,718,718,718,718,718,718,718,718,718,718
775,772,772,772,772,772,772,772,772,772,772
828,828,828,828,828,828,828,828,828,828,828
876,873,873,873,873,873,873,873,873,873,873
918,918,918,918,918,918,918,918,918,918,918
954,951,951,951,951,951,951,951,951,951,951
983,983,983,983,983,983,983,983,983,983,983
1004,1001,1001,1001,1001,1001,1001,1001,1001,1001,1001
1018,1018,1018,1018,1018,1018,1018,1018,1018,1018,1018
1023,1020,1020,1020,1020,1020,1020,1020,1020,1020,1020
1021,1021,1021,1021,1021,1021,1021,1021,1021,1021,1021
1010,1007,1007,1007,1007,1007,1007,1007,1007,1007,1007
992,992,992,992,992,992,992,992,992,992,992
966,963,963,963,963,963,963,963,963,963,963
933,933,933,933,933,933,933,933,933,933,933
893,890,890,890,890,890,890,890,890,890,890
848,848,848,848,848,848,848,848,848,848,848
797,794,794,794,793,793,793,793,793,793,793
741,741,741,741,741,741,741,741,741,741,741
682,679,679,679,679,679,679,679,678,678,678
620,620,620,620,620,620,620,620,620,620,620
557,554,553,553,553,553,553,553,553,553,553
492,492,492,492,492,492,492,492,492,492,492
428,425,425,425,425,425,425,425,425,425,425
366,366,366,366,366,366,366,366,366,366,366
305,302,302,302,302,302,302,302,302,302,302
248,248,248,248,248,248,248,248,248,248,248
195,192,192,192,192,192,192,192,192,192,192
147,147,147,147,147,147,147,147,147,147,147
105,102,102,102,102,102,102,102,102,102,102
69,69,69,69,69,69,69,69,69,69,69
40,37,37,37,37,37,37,37,37,37,37
19,19,19,19,19,19,19,19,19,19,19
5,2,2,2,2,2,2,2,2,2,2
0,0,0,0,0,0,0,0,0,0,0
2,0,0,0,0,0,0,0,0,0,0
13,13,13,13,13,13,13,13,13,13,13
31,28,28,28,28,28,28,28,28,28,28
57,57,57,57,57,57,57,57,57,57,57
90,87,87,87,87,87,87,87,87,87,87
129,129,129,129,129,129,129,129,129,129,129
175,172,172,172,172,172,172,173,173,173,173
226,226,226,226,226,226,226,226,226,226,226
282,279,279,279,279,279,279,279,279,279,279
341,341,341,341,341,341,341,341,341,341,341
403,400,400,400,400,400,400,400,400,400,400
466,466,466,466,466,466,466,466,466,466,466
531,528,528,528,528,528,528,528,528,528,528
595,595,595,595,595,595,595,595,595,595,595
657,654,654,654,654,655,655,655,655,655,655
718,718,718,718,718,718,718,718,718,718,718
775,772,772,772,772,772,772,772,772,772,772
828,828,828,828,828,828,828,828,828,828,828
876,873,873,873,873,873,873,873,873,873,873
918,918,918,918,918,918,918,918,918,918,918
954,951,951,951,951,951,951,951,951,951,951
983,983,983,983,983,983,983,983,983,983,983
1004,1001,1001,1001,1001,1001,1001,1001,1001,1001,1001
1018,1018,1018,1018,1018,1018,1018,1018,1018,1018,1018
1023,1020,1020,1020,1020,1020,1020,1020,1020,1020,1020
1021,1021,1021,1021,1021,1021,1021,1021,1021,1021,1021
1011,1007,1007,1007,1007,1007,1007,1007,1007,1007,1007
992,992,992,992,992,992,992,992,992,992,992
966,963,963,963,963,963,963,963,963,963,963
933,933,933,933,933,933,933,933,933,933,933
894,891,891,890,890,890,890,890,890,890,890
848,848,848,848,848,848,848,848,848,848,848
797,794,794,794,794,794,794,793,793,793,793
741,741,741,741,741,741,741,741,741,741,741
682,679,679,679,679,679,679,679,679,679,679
620,620,620,620,620,620,620,620,620,620,620
557,554,554,554,554,553,553,553,553,553,553
492,492,492,492,492,492,492,492,492,492,492
429,425,425,425,425,425,425,425,425,425,425
366,366,366,366,366,366,366,366,366,366,366
305,302,302,302,302,302,302,302,302,302,302
248,248,248,248,248,248,248,248,248,248,248
195,192,192,192,192,192,192,192,192,192,192
147,147,147,147,147,147,147,147,147,147,147
105,102,102,102,102,102,102,102,102,102,102
69,69,69,69,69,69,69,69,69,69,69
40,37,37,37,37,37,37,37,37,37,37
19,19,19,19,19,19,19,19,19,19,19
5,2,2,2,2,2,2,2,2,2,2
0,0,0,0,0,0,0,0,0,0,0
2,0,0,0,0,0,0,0,0,0,0
12,12,12,12,12,12,12,12,12,12,12
31,28,28,28,28,28,28,28,28,28,28
57,57,57,57,57,57,57,57,57,57,57
90,87,87,87,87,87,87,87,87,87,87
129,129,129,129,129,129,129,129,129,129,129
175,172,172,172,172,172,172,172,172,172,173
226,226,226,226,226,226,226,226,226,226,226
282,279,279,279,279,279,279,279,279,279,279
341,341,341,341,341,341,341,341,341,341,341
403,400,400,400,400,400,400,400,400,400,400
466,466,466,466,466,466,466,466,466,466,466
530,527,528,528,528,528,528,528,528,528,528
594,594,594,594,594,594,594,594,594,594,594
657,654,654,654,654,654,654,654,655,655,655
717,717,717,717,717,717,717,717,717,717,717
775,772,772,772,772,772,772,772,772,772,772
828,828,828,828,828,828,828,828,828,828,828
876,873,873,873,873,873,873,873,873,873,873
918,918,918,918,918,918,918,918,918,918,918
954,951,951,951,951,951,951,951,951,951,951
982,982,982,982,982,982,982,982,982,982,982
1004,1001,1001,1001,1001,1001,1001,1001,1001,1001,1001
1018,1018,1018,1018,1018,1018,1018,1018,1018,1018,1018
1023,1020,1020,1020,1020,1020,1020,1020,1020,1020,1020
1021,1021,1021,1021,1021,1021,1021,1021,1021,1021,1021
1011,1008,1008,1008,1007,1007,1007,1007,1007,1007,1007
992,992,992,992,992,992,992,992,992,992,992
966,963,963,963,963,963,963,963,963,963,963
933,933,933,933,933,933,933,933,933,933,933
894,891,891,891,891,891,890,890,890,890,890
848,848,848,848,848,848,848,848,848,848,848
797,794,794,794,794,794,794,794,794,794,793
741,741,741,741,741,741,741,741,741,741,741
682,679,679,679,679,679,679,679,679,679,679
621,621,621,621,621,621,621,621,621,621,621
557,554,554,554,554,554,554,554,553,553,553
493,493,493,493,493,493,493,493,493,493,493
429,426,426,426,425,425,425,425,425,425,425
366,366,366,366,366,366,366,366,366,366,366
306,303,303,302,302,302,302,302,302,302,302
249,249,249,249,249,249,249,249,249,249,249
196,193,192,192,192,192,192,192,192,192,192
148,148,148,148,148,148,148,148,148,148,148
105,102,102,102,102,102,102,102,102,102,102
69,69,69,69,69,69,69,69,69,69,69
41,38,37,37,37,37,37,37,37,37,37
19,19,19,19,19,19,19,19,19,19,19
5,2,2,2,2,2,2,2,2,2,2
0,0,0,0,0,0,0,0,0,0,0
2,0,0,0,0,0,0,0,0,0,0
12,12,12,12,12,12,12,12,12,12,12
31,28,28,28,28,28,28,28,28,28,28
57,57,57,57,57,57,57,57,57,57,57
90,87,87,87,87,87,87,87,87,87,87
129,129,129,129,129,129,129,129,129,129,129
175,172,172,172,172,172,172,172,172,172,172
226,226,226,226,226,226,226,226,226,226,226
281,278,279,279,279,279,279,279,279,279,279
341,341,341,341,341,341,341,341,341,341,341
402,399,400,400,400,400,400,400,400,400,400
466,466,466,466,466,466,466,466,466,466,466
530,527,527,527,527,528,528,528,528,528,528
594,594,594,594,594,594,594,594,594,594,594
657,654,654,654,654,654,654,654,654,654,654
717,717,717,717,717,717,717,717,717,717,717
774,771,771,772,772,772,772,772,772,772,772
827,827,827,827,827,827,827,827,827,827,827
875,872,872,873,873,873,873,873,873,873,873
918,918,918,918,918,918,918,918,918,918,918
954,951,951,951,951,951,951,951,951,951,951
982,982,982,982,982,982,982,982,982,982,982
1004,1001,1001,1001,1001,1001,1001,1001,1001,1001,1001
1018,1018,1018,1018,1018,1018,1018,1018,1018,1018,1018
1023,1020,1020,1020,1020,1020,1020,1020,1020,1020,1020
1021,1021,1021,1021,1021,1021,1021,1021,1021,1021,1021
1011,1008,1008,1008,1008,1008,1008,1008,1007,1007,1007
992,992,992,992,992,992,992,992,992,992,992
967,963,963,963,963,963,963,963,963,963,963
934,934,934,934,934,934,934,934,934,934,934
894,891,891,891,891,891,891,891,891,890,890
848,848,848,848,848,848,848,848,848,848,848
797,794,794,794,794,794,794,794,794,794,794
742,742,742,742,742,742,742,742,742,742,742
683,679,679,679,679,679,679,679,679,679,679
621,621,621,621,621,621,621,621,621,621,621
557,554,554,554,554,554,554,554,554,554,554
493,493,493,493,493,493,493,493,493,493,493
429,426,426,426,426,426,426,425,425,425,425
366,366,366,366,366,366,366,366,366,366,366
306,303,303,303,303,303,302,302,302,302,302
249,249,249,249,249,249,249,249,249,249,249
196,193,193,193,193,192,192,192,192,192,192
148,148,148,148,148,148,148,148,148,148,148
105,102,102,102,102,102,102,102,102,102,102
70,70,70,70,70,70,70,70,70,70,70
41,38,38,38,38,37,37,37,37,37,37
19,19,19,19,19,19,19,19,19,19,19
5,2,2,2,2,2,2,2,2,2,2
0,0,0,0,0,0,0,0,0,0,0
2,0,0,0,0,0,0,0,0,0,0
12,12,12,12,12,12,12,12,12,12,12
31,28,28,28,28,28,28,28,28,28,28
56,56,56,56,56,56,56,56,56,56,56
89,86,86,87,87,87,87,87,87,87,87
129,129,129,129,129,129,129,129,129,129,129
175,172,172,172,172,172,172,172,172,172,172
226,226,226,226,226,226,226,226,226,226,226
281,278,278,278,278,279,279,279,279,279,279
340,340,340,340,340,340,340,340,340,340,340
402,399,399,399,399,400,400,400,400,400,400
466,466,466,466,466,466,466,466,466,466,466
530,527,527,527,527,527,527,527,528,528,528
594,594,594,594,594,594,594,594,594,594,594
657,654,654,654,654,654,654,654,654,654,654
717,717,717,717,717,717,717,717,717,717,717
774,771,771,771,771,771,772,772,772,772,772
827,827,827,827,827,827,827,827,827,827,827
875,872,872,872,872,872,873,873,873,873,873
918,918,918,918,918,918,918,918,918,918,918
953,950,950,951,951,951,951,951,951,951,951
982,982,982,982,982,982,982,982,982,982,982
1004,1001,1001,1001,1001,1001,1001,1001,1001,1001,1001
1018,1018,1018,1018,1018,1018,1018,1018,1018,1018,1018
1023,1020,1020,1020,1020,1020,1020,1020,1020,1020,1020
1021,1021,1021,1021,1021,1021,1021,1021,1021,1021,1021
1011,1008,1008,1008,1008,1008,1008,1008,1008,1008,1008
992,992,992,992,992,992,992,992,992,992,992
967,964,964,964,963,963,963,963,963,963,963
934,934,934,934,934,934,934,934,934,934,934
894,891,891,891,891,891,891,891,891,891,891
848,848,848,848,848,848,848,848,848,848,848
797,794,794,794,794,794,794,794,794,794,794
742,742,742,742,742,742,742,742,742,742,742
683,680,680,680,679,679,679,679,679,679,679
621,621,621,621,621,621,621,621,621,621,621
557,554,554,554,554,554,554,554,554,554,554
493,493,493,493,493,493,493,493,493,493,493
429,426,426,426,426,426,426,426,426,426,425
366,366,366,366,366,366,366,366,366,366,366
306,303,303,303,303,303,303,303,303,302,302
249,249,249,249,249,249,249,249,249,249,249
196,193,193,193,193,193,193,193,192,192,192
148,148,148,148,148,148,148,148,148,148,148
106,102,102,102,102,102,102,102,102,102,102
70,70,70,70,70,70,70,70,70,70,70
41,38,38,38,38,38,38,38,37,37,37
19,19,19,19,19,19,19,19,19,19,19
5,2,2,2,2,2,2,2,2,2,2
0,0,0,0,0,0,0,0,0,0,0
2,0,0,0,0,0,0,0,0,0,0
12,12,12,12,12,12,12,12,12,12,12
31,28,28,28,28,28,28,28,28,28,28
56,56,56,56,56,56,56,56,56,56,56
89,86,86,86,86,86,87,87,87,87,87
129,129,129,129,129,129,129,129,129,129,129
175,172,172,172,172,172,172,172,172,172,172
226,226,226,226,226,226,226,226,226,226,226
281,278,278,278,278,278,278,278,279,279,279
340,340,340,340,340,340,340,340,340,340,340
402,399,399,399,399,399,399,399,400,400,400
466,466,466,466,466,466,466,466,466,466,466
530,527,527,527,527,527,527,527,527,527,527
594,594,594,594,594,594,594,594,594,594,594
656,654,654,654,654,654,654,654,654,654,654
717,717,717,717,717,717,717,717,717,717,717
774,771,771,771,771,771,771,771,771,772,772
827,827,827,827,827,827,827,827,827,827,827
875,872,872,872,872,872,872,872,872,873,873
917,917,917,917,917,917,917,917,917,917,917
953,950,950,950,950,950,951,951,951,951,951
982,982,982,982,982,982,982,982,982,982,982
1004,1001,1001,1001,1001,1001,1001,1001,1001,1001,1001
1018,1018,1018,1018,1018,1018,1018,1018,1018,1018,1018
1023,1020,1020,1020,1020,1020,1020,1020,1020,1020,1020
1021,1021,1021,1021,1021,1021,1021,1021,1021,1021,1021
1011,1008,1008,1008,1008,1008,1008,1008,1008,1008,1008
992,992,992,992,992,992,992,992,992,992,992
967,964,964,964,964,964,964,963,963,963,963
934,934,934,934,934,934,934,934,934,934,934
894,891,891,891,891,891,891,891,891,891,891
848,848,848,848,848,848,848,848,848,848,848
797,794,794,794,794,794,794,794,794,794,794
742,742,742,742,742,742,742,742,742,742,742
683,680,680,680,680,680,680,679,679,679,679
621,621,621,621,621,621,621,621,621,621,621
558,554,554,554,554,554,554,554,554,554,554
493,493,493,493,493,493,493,493,493,493,493
429,426,426,426,426,426,426,426,426,426,426
367,367,367,367,367,367,367,367,367,367,367
306,303,303,303,303,303,303,303,303,303,303
249,249,249,249,249,249,249,249,249,249,249
196,193,193,193,193,193,193,193,193,193,193
148,148,148,148,148,148,148,148,148,148,148
106,103,103,103,102,102,102,102,102,102,102
70,70,70,70,70,70,70,70,70,70,70
41,38,38,38,38,38,38,38,38,38,38
19,19,19,19,19,19,19,19,19,19,19
5,2,2,2,2,2,2,2,2,2,2
0,0,0,0,0,0,0,0,0,0,0
2,0,0,0,0,0,0,0,0,0,0
12,12,12,12,12,12,12,12,12,12,12
30,28,28,28,28,28,28,28,28,28,28
56,56,56,56,56,56,56,56,56,56,56
89,86,86,86,86,86,86,86,86,87,87
129,129,129,129,129,129,129,129,129,129,129
174,172,172,172,172,172,172,172,172,172,172
225,225,225,225,225,225,225,225,225,225,225
281,278,278,278,278,278,278,278,278,278,278
340,340,340,340,340,340,340,340,340,340,340
402,399,399,399,399,399,399,399,399,399,399
465,465,465,465,465,465,465,465,465,465,465
530,527,527,527,527,527,527,527,527,527,527
594,594,594,594,594,594,594,594,594,594,594
656,653,653,653,654,654,654,654,654,654,654
717,717,717,717,717,717,717,717,717,717,717
774,771,771,771,771,771,771,771,771,771,771
827,827,827,827,827,827,827,827,827,827,827
875,872,872,872,872,872,872,872,872,872,872
917,917,917,917,917,917,917,917,917,917,917
953,950,950,950,950,950,950,950,950,951,951
982,982,982,982,982,982,982,982,982,982,982
1004,1001,1001,1001,1001,1001,1001,1001,1001,1001,1001
1018,1018,1018,1018,1018,1018,1018,1018,1018,1018,1018
1023,1020,1020,1020,1020,1020,1020,1020,1020,1020,1020
1021,1021,1021,1021,1021,1021,1021,1021,1021,1021,1021
1011,1008,1008,1008,1008,1008,1008,1008,1008,1008,1008
993,993,993,993,993,993,993,993,993,993,993
967,964,964,964,964,964,964,964,964,964,963
934,934,934,934,934,934,934,934,934,934,934
894,891,891,891,891,891,891,891,891,891,891
849,849,849,849,849,849,849,849,849,849,849
798,795,795,795,794,794,794,794,794,794,794
742,742,742,742,742,742,742,742,742,742,742
683,680,680,680,680,680,680,680,680,680,679
621,621,621,621,621,621,621,621,621,621,621
558,555,555,555,554,554,554,554,554,554,554
493,493,493,493,493,493,493,493,493,493,493
429,426,426,426,426,426,426,426,426,426,426
367,367,367,367,367,367,367,367,367,367,367
306,303,303,303,303,303,303,303,303,303,303
249,249,249,249,249,249,249,249,249,249,249
196,193,193,193,193,193,193,193,193,193,193
148,148,148,148,148,148,148,148,148,148,148
106,103,103,103,103,103,103,102,102,102,102
70,70,70,70,70,70,70,70,70,70,70
41,38,38,38,38,38,38,38,38,38,38
19,19,19,19,19,19,19,19,19,19,19
6,2,2,2,2,2,2,2,2,2,2
0,0,0,0,0,0,0,0,0,0,0
2,0,0,0,0,0,0,0,0,0,0
12,12,12,12,12,12,12,12,12,12,12
30,27,27,27,27,28,28,28,28,28,28
56,56,56,56,56,56,56,56,56,56,56
89,86,86,86,86,86,86,86,86,86,86
129,129,129,129,129,129,129,129,129,129,129
174,171,171,171,172,172,172,172,172,172,172
225,225,225,225,225,225,225,225,225,225,225
281,278,278,278,278,278,278,278,278,278,278
340,340,340,340,340,340,340,340,340,340,340
402,399,399,399,399,399,399,399,399,399,399
465,465,465,465,465,465,465,465,465,465,465
529,526,527,527,527,527,527,527,527,527,527
593,593,593,593,593,593,593,593,593,593,593
656,653,653,653,653,653,653,654,654,654,654
717,717,717,717,717,717,717,717,717,717,717
774,771,771,771,771,771,771,771,771,771,771
827,827,827,827,827,827,827,827,827,827,827
875,872,872,872,872,872,872,872,872,872,872
917,917,917,917,917,917,917,917,917,917,917
953,950,950,950,950,950,950,950,950,950,950
982,982,982,982,982,982,982,982,982,982,982
1004,1001,1001,1001,1001,1001,1001,1001,1001,1001,1001
1017,1017,1017,1017,1017,1017,1017,1017,1017,1017,1017
1023,1020,1020,1020,1020,1020,1020,1020,1020,1020,1020
1021,1021,1021,1021,1021,1021,1021,1021,1021,1021,1021
1011,1008,1008,1008,1008,1008,1008,1008,1008,1008,1008
993,993,993,993,993,993,993,993,993,993,993
967,964,964,964,964,964,964,964,964,964,964
934,934,934,934,934,934,934,934,934,934,934
894,891,891,891,891,891,891,891,891,891,891
849,849,849,849,849,849,849,849,849,849,849
798,795,795,795,795,795,795,794,794,794,794
742,742,742,742,742,742,742,742,742,742,742
683,680,680,680,680,680,680,680,680,680,680
621,621,621,621,621,621,621,621,621,621,621
558,555,555,555,555,555,555,554,554,554,554
494,494,494,494,494,494,494,494,494,494,494
430,427,427,426,426,426,426,426,426,426,426
367,367,367,367,367,367,367,367,367,367,367
307,304,303,303,303,303,303,303,303,303,303
249,249,249,249,249,249,249,249,249,249,249
196,193,193,193,193,193,193,193,193,193,193
148,148,148,148,148,148,148,148,148,148,148
106,103,103,103,103,103,103,103,103,103,102
70,70,70,70,70,70,70,70,70,70,70
41,38,38,38,38,38,38,38,38,38,38
19,19,19,19,19,19,19,19,19,19,19
6,3,3,3,3,2,2,2,2,2,2
0,0,0,0,0,0,0,0,0,0,0
2,0,0,0,0,0,0,0,0,0,0
12,12,12,12,12,12,12,12,12,12,12
30,27,27,27,27,27,27,27,28,28,28
56,56,56,56,56,56,56,56,56,56,56
89,86,86,86,86,86,86,86,86,86,86
129,129,129,129,129,129,129,129,129,129,129
174,171,171,171,171,171,171,172,172,172,172
225,225,225,225,225,225,225,225,225,225,225
281,278,278,278,278,278,278,278,278,278,278
340,340,340,340,340,340,340,340,340,340,340
401,398,399,399,399,399,399,399,399,399,399
465,465,465,465,465,465,465,465,465,465,465
529,526,526,526,526,527,527,527,527,527,527
593,593,593,593,593,593,593,593,593,593,593
656,653,653,653,653,653,653,653,653,653,654
716,716,716,716,716,716,716,716,716,716,716
774,771,771,771,771,771,771,771,771,771,771
827,827,827,827,827,827,827,827,827,827,827
875,872,872,872,872,872,872,872,872,872,872
917,917,917,917,917,917,917,917,917,917,917
953,950,950,950,950,950,950,950,950,950,950
982,982,982,982,982,982,982,982,982,982,982
1004,1001,1001,1001,1001,1001,1001,1001,1001,1001,1001
1017,1017,1017,1017,1017,1017,1017,1017,1017,1017,1017
1023,1020,1020,1020,1020,1020,1020,1020,1020,1020,1020
1021,1021,1021,1021,1021,1021,1021,1021,1021,1021,1021
1011,1008,1008,1008,1008,1008,1008,1008,1008,1008,1008
993,993,993,993,993,993,993,993,993,993,993
967,964,964,964,964,964,964,964,964,964,964
934,934,934,934,934,934,934,934,934,934,934
895,891,891,891,891,891,891,891,891,891,891
849,849,849,849,849,849,849,849,849,849,849
798,795,795,795,795,795,795,795,795,795,794
743,743,743,743,743,743,743,743,743,743,743
683,680,680,680,680,680,680,680,680,680,680
622,622,622,622,622,622,622,622,622,622,622
558,555,555,555,555,555,555,555,555,555,554
494,494,494,494,494,494,494,494,494,494,494
430,427,427,427,427,427,426,426,426,426,426
367,367,367,367,367,367,367,367,367,367,367
307,304,304,304,304,303,303,303,303,303,303
250,250,250,250,250,250,250,250,250,250,250
196,193,193,193,193,193,193,193,193,193,193
148,148,148,148,148,148,148,148,148,148,148
106,103,103,103,103,103,103,103,103,103,103
70,70,70,70,70,70,70,70,70,70,70
41,38,38,38,38,38,38,38,38,38,38
19,19,19,19,19,19,19,19,19,19,19
6,3,3,3,3,3,3,3,2,2,2
0,0,0,0,0,0,0,0,0,0,0
2,0,0,0,0,0,0,0,0,0,0
12,12,12,12,12,12,12,12,12,12,12
30,27,27,27,27,27,27,27,27,27,27
56,56,56,56,56,56,56,56,56,56,56
89,86,86,86,86,86,86,86,86,86,86
128,128,128,128,128,128,128,128,128,128,128
174,171,171,171,171,171,171,171,171,171,172
225,225,225,225,225,225,225,225,225,225,225
280,277,277,278,278,278,278,278,278,278,278
339,339,339,339,339,339,339,339,339,339,339
401,398,398,398,398,399,399,399,399,399,399
465,465,465,465,465,465,465,465,465,465,465
529,526,526,526,526,526,526,526,527,527,527
593,593,593,593,593,593,593,593,593,593,593
656,653,653,653,653,653,653,653,653,653,653
716,716,716,716,716,716,716,716,716,716,716
773,770,770,771,771,771,771,771,771,771,771
826,826,826,826,826,826,826,826,826,826,826
875,872,872,872,872,872,872,872,872,872,872
917,917,917,917,917,917,917,917,917,917,917
953,950,950,950,950,950,950,950,950,950,950
982,982,982,982,982,982,982,982,982,982,982
1004,1001,1001,1001,1001,1001,1001,1001,1001,1001,1001
1017,1017,1017,1017,1017,1017,1017,1017,1017,1017,1017
1023,1020,1020,1020,1020,1020,1020,1020,1020,1020,1020
1021,1021,1021,1021,1021,1021,1021,1021,1021,1021,1021
1011,1008,1008,1008,1008,1008,1008,1008,1008,1008,1008
993,993,993,993,993,993,993,993,993,993,993
967,964,964,964,964,964,964,964,964,964,964
934,934,934,934,934,934,934,934,934,934,934
895,892,892,892,891,891,891,891,891,891,891
849,849,849,849,849,849,849,849,849,849,849
798,795,795,795,795,795,795,795,795,795,795
743,743,743,743,743,743,743,743,743,743,743
684,681,681,680,680,680,680,680,680,680,680
622,622,622,622,622,622,622,622,622,622,622
558,555,555,555,555,555,555,555,555,555,555
494,494,494,494,494,494,494,494,494,494,494
430,427,427,427,427,427,427,427,427,426,426
367,367,367,367,367,367,367,367,367,367,367
307,304,304,304,304,304,304,304,303,303,303
250,250,250,250,250,250,250,250,250,250,250
197,194,194,193,193,193,193,193,193,193,193
149,149,149,149,149,149,149,149,149,149,149
106,103,103,103,103,103,103,103,103,103,103
70,70,70,70,70,70,70,70,70,70,70
41,38,38,38,38,38,38,38,38,38,38
19,19,19,19,19,19,19,19,19,19,19
6,3,3,3,3,3,3,3,3,3,3
0,0,0,0,0,0,0,0,0,0,0
2,0,0,0,0,0,0,0,0,0,0
12,12,12,12,12,12,12,12,12,12,12
30,27,27,27,27,27,27,27,27,27,27
56,56,56,56,56,56,56,56,56,56,56
89,86,86,86,86,86,86,86,86,86,86
128,128,128,128,128,128,128,128,128,128,128
174,171,171,171,171,171,171,171,171,171,171
225,225,225,225,225,225,225,225,225,225,225
280,277,277,277,277,277,278,278,278,278,278
339,339,339,339,339,339,339,339,339,339,339
401,398,398,398,398,398,398,398,399,399,399
465,465,465,465,465,465,465,465,465,465,465
529,526,526,526,526,526,526,526,526,526,526
593,593,593,593,593,593,593,593,593,593,593
656,653,653,653,653,653,653,653,653,653,653
716,716,716,716,716,716,716,716,716,716,716
773,770,770,770,770,770,771,771,771,771,771
826,826,826,826,826,826,826,826,826,826,826
874,871,872,872,872,872,872,872,872,872,872
917,917,917,917,917,917,917,917,917,917,917
953,950,950,950,950,950,950,950,950,950,950
982,982,982,982,982,982,982,982,982,982,982
1004,1001,1001,1001,1001,1001,1001,1001,1001,1001,1001
1017,1017,1017,1017,1017,1017,1017,1017,1017,1017,1017
1023,1020,1020,1020,1020,1020,1020,1020,1020,1020,1020
1021,1021,1021,1021,1021,1021,1021,1021,1021,1021,1021
1011,1008,1008,1008,1008,1008,1008,1008,1008,1008,1008
993,993,993,993,993,993,993,993,993,993,993
967,964,964,964,964,964,964,964,964,964,964
934,934,934,934,934,934,934,934,934,934,934
895,892,892,892,892,892,892,891,891,891,891
849,849,849,849,849,849,849,849,849,849,849
798,795,795,795,795,795,795,795,795,795,795
743,743,743,743,743,743,743,743,743,743,743
684,681,681,681,681,681,680,680,680,680,680
622,622,622,622,622,622,622,622,622,622,622
559,555,555,555,555,555,555,555,555,555,555
494,494,494,494,494,494,494,494,494,494,494
430,427,427,427,427,427,427,427,427,427,427
368,368,368,368,368,368,368,368,368,368,368
307,304,304,304,304,304,304,304,304,304,304
250,250,250,250,250,250,250,250,250,250,250
197,194,194,194,194,194,193,193,193,193,193
149,149,149,149,149,149,149,149,149,149,149
106,103,103,103,103,103,103,103,103,103,103
70,70,70,70,70,70,70,70,70,70,70
41,38,38,38,38,38,38,38,38,38,38
20,20,20,20,20,20,20,20,20,20,20
6,3,3,3,3,3,3,3,3,3,3
0,0,0,0,0,0,0,0,0,0,0
2,0,0,0,0,0,0,0,0,0,0
12,12,12,12,12,12,12,12,12,12,12
30,27,27,27,27,27,27,27,27,27,27
56,56,56,56,56,56,56,56,56,56,56
89,86,86,86,86,86,86,86,86,86,86
128,128,128,128,128,128,128,128,128,128,128
174,171,171,171,171,171,171,171,171,171,171
225,225,225,225,225,225,225,225,225,225,225
280,277,277,277,277,277,277,277,277,278,278
339,339,339,339,339,339,339,339,339,339,339
401,398,398,398,398,398,398,398,398,398,398
464,464,464,464,464,464,464,464,464,464,464
529,526,526,526,526,526,526,526,526,526,526
593,593,593,593,593,593,593,593,593,593,593
655,652,652,653,653,653,653,653,653,653,653
716,716,716,716,716,716,716,716,716,716,716
773,770,770,770,770,770,770,770,770,771,771
826,826,826,826,826,826,826,826,826,826,826
874,871,871,871,871,871,872,872,872,872,872
917,917,917,917,917,917,917,917,917,917,917
953,950,950,950,950,950,950,950,950,950,950
982,982,982,982,982,982,982,982,982,982,982
1003,1000,1000,1001,1001,1001,1001,1001,1001,1001,1001
1017,1017,1017,1017,1017,1017,1017,1017,1017,1017,1017
1023,1020,1020,1020,1020,1020,1020,1020,1020,1020,1020
1021,1021,1021,1021,1021,1021,1021,1021,1021,1021,1021
1011,1008,1008,1008,1008,1008,1008,1008,1008,1008,1008
993,993,993,993,993,993,993,993,993,993,993
967,964,964,964,964,964,964,964,964,964,964
934,934,934,934,934,934,934,934,934,934,934
895,892,892,892,892,892,892,892,892,892,891
849,849,849,849,849,849,849,849,849,849,849
798,795,795,795,795,795,795,795,795,795,795
743,743,743,743,743,743,743,743,743,743,743
684,681,681,681,681,681,681,681,681,680,680
622,622,622,622,622,622,622,622,622,622,622
559,556,556,556,555,555,555,555,555,555,555
494,494,494,494,494,494,494,494,494,494,494
430,427,427,427,427,427,427,427,427,427,427
368,368,368,368,368,368,368,368,368,368,368
307,304,304,304,304,304,304,304,304,304,304
250,250,250,250,250,250,250,250,250,250,250
197,194,194,194,194,194,194,194,194,193,193
149,149,149,149,149,149,149,149,149,149,149
106,103,103,103,103,103,103,103,103,103,103
70,70,70,70,70,70,70,70,70,70,70
41,38,38,38,38,38,38,38,38,38,38
20,20,20,20,20,20,20,20,20,20,20
6,3,3,3,3,3,3,3,3,3,3
0,0,0,0,0,0,0,0,0,0,0
2,0,0,0,0,0,0,0,0,0,0
12,12,12,12,12,12,12,12,12,12,12
30,27,27,27,27,27,27,27,27,27,27
56,56,56,56,56,56,56,56,56,56,56
89,86,86,86,86,86,86,86,86,86,86
128,128,128,128,128,128,128,128,128,128,128
174,171,171,171,171,171,171,171,171,171,171
224,224,224,224,224,224,224,224,224,224,224
280,277,277,277,277,277,277,277,277,277,277
339,339,339,339,339,339,339,339,339,339,339
401,398,398,398,398,398,398,398,398,398,398
464,464,464,464,464,464,464,464,464,464,464
528,526,526,526,526,526,526,526,526,526,526
592,592,592,592,592,592,592,592,592,592,592
655,652,652,652,652,652,653,653,653,653,653
716,716,716,716,716,716,716,716,716,716,716
773,770,770,770,770,770,770,770,770,770,770
826,826,826,826,826,826,826,826,826,826,826
874,871,871,871,871,871,871,871,871,872,872
917,917,917,917,917,917,917,917,917,917,917
953,950,950,950,950,950,950,950,950,950,950
982,982,982,982,982,982,982,982,982,982,982
1003,1000,1000,1000,1000,1000,1001,1001,1001,1001,1001
1017,1017,1017,1017,1017,1017,1017,1017,1017,1017,1017
1023,1020,1020,1020,1020,1020,1020,1020,1020,1020,1020
1021,1021,1021,1021,1021,1021,1021,1021,1021,1021,1021
1011,1008,1008,1008,1008,1008,1008,1008,1008,1008,1008
993,993,993,993,993,993,993,993,993,993,993
967,964,964,964,964,964,964,964,964,964,964
935,935,935,935,935,935,935,935,935,935,935
895,892,892,892,892,892,892,892,892,892,892
849,849,849,849,849,849,849,849,849,849,849
799,796,796,795,795,795,795,795,795,795,795
743,743,743,743,743,743,743,743,743,743,743
684,681,681,681,681,681,681,681,681,681,681
622,622,622,622,622,622,622,622,622,622,622
559,556,556,556,556,556,556,555,555,555,555
495,495,495,495,495,495,495,495,495,495,495
431,428,428,427,427,427,427,427,427,427,427
368,368,368,368,368,368,368,368,368,368,368
307,304,304,304,304,304,304,304,304,304,304
250,250,250,250,250,250,250,250,250,250,250
197,194,194,194,194,194,194,194,194,194,194
149,149,149,149,149,149,149,149,149,149,149
106,103,103,103,103,103,103,103,103,103,103
70,70,70,70,70,70,70,70,70,70,70
41,38,38,38,38,38,38,38,38,38,38
20,20,20,20,20,20,20,20,20,20,20
6,3,3,3,3,3,3,3,3,3,3
0,0,0,0,0,0,0,0,0,0,0
2,0,0,0,0,0,0,0,0,0,0
12,12,12,12,12,12,12,12,12,12,12
30,27,27,27,27,27,27,27,27,27,27
56,56,56,56,56,56,56,56,56,56,56
88,85,86,86,86,86,86,86,86,86,86
128,128,128,128,128,128,128,128,128,128,128
173,170,171,171,171,171,171,171,171,171,171
224,224,224,224,224,224,224,224,224,224,224
280,277,277,277,277,277,277,277,277,277,277
339,339,339,339,339,339,339,339,339,339,339
400,398,398,398,398,398,398,398,398,398,398
464,464,464,464,464,464,464,464,464,464,464
528,525,525,525,526,526,526,526,526,526,526
592,592,592,592,592,592,592,592,592,592,592
655,652,652,652,652,652,652,652,652,653,653
715,715,715,715,715,715,715,715,715,715,715
773,770,770,770,770,770,770,770,770,770,770
826,826,826,826,826,826,826,826,826,826,826
874,871,871,871,871,871,871,871,871,871,871
916,916,916,916,916,916,916,916,916,916,916
953,950,950,950,950,950,950,950,950,950,950
982,982,982,982,982,982,982,982,982,982,982
1003,1000,1000,1000,1000,1000,1000,1000,1000,1001,1001
1017,1017,1017,1017,1017,1017,1017,1017,1017,1017,1017
1023,1020,1020,1020,1020,1020,1020,1020,1020,1020,1020
1021,1021,1021,1021,1021,1021,1021,1021,1021,1021,1021
1011,1008,1008,1008,1008,1008,1008,1008,1008,1008,1008
993,993,993,993,993,993,993,993,993,993,993
967,964,964,964,964,964,964,964,964,964,964
935,935,935,935,935,935,935,935,935,935,935
895,892,892,892,892,892,892,892,892,892,892
850,850,850,850,850,850,850,850,850,850,850
799,796,796,796,796,796,795,795,795,795,795
743,743,743,743,743,743,743,743,743,743,743
684,681,681,681,681,681,681,681,681,681,681
623,623,623,623,623,623,623,623,623,623,623
559,556,556,556,556,556,556,556,556,556,555
495,495,495,495,495,495,495,495,495,495,495
431,428,428,428,428,428,427,427,427,427,427
368,368,368,368,368,368,368,368,368,368,368
308,305,305,304,304,304,304,304,304,304,304
250,250,250,250,250,250,250,250,250,250,250
197,194,194,194,194,194,194,194,194,194,194
149,149,149,149,149,149,149,149,149,149,149
107,104,104,103,103,103,103,103,103,103,103
71,71,71,71,71,71,71,71,71,71,71
41,38,38,38,38,38,38,38,38,38,38
20,20,20,20,20,20,20,20,20,20,20
6,3,3,3,3,3,3,3,3,3,3
0,0,0,0,0,0,0,0,0,0,0
2,0,0,0,0,0,0,0,0,0,0
12,12,12,12,12,12,12,12,12,12,12
30,27,27,27,27,27,27,27,27,27,27
56,56,56,56,56,56,56,56,56,56,56
88,85,85,85,85,85,86,86,86,86,86
128,128,128,128,128,128,128,128,128,128,128
173,170,170,170,170,171,171,171,171,171,171
224,224,224,224,224,224,224,224,224,224,224
279,277,277,277,277,277,277,277,277,277,277
339,339,339,339,339,339,339,339,339,339,339
400,397,397,397,398,398,398,398,398,398,398
464,464,464,464,464,464,464,464,464,464,464
528,525,525,525,525,525,525,526,526,526,526
592,592,592,592,592,592,592,592,592,592,592
655,652,652,652,652,652,652,652,652,652,652
715,715,715,715,715,715,715,715,715,715,715
773,770,770,770,770,770,770,770,770,770,770
826,826,826,826,826,826,826,826,826,826,826
874,871,871,871,871,871,871,871,871,871,871
916,916,916,916,916,916,916,916,916,916,916
952,949,949,950,950,950,950,950,950,950,950
982,982,982,982,982,982,982,982,982,982,982
1003,1000,1000,1000,1000,1000,1000,1000,1000,1000,1000
1017,1017,1017,1017,1017,1017,1017,1017,1017,1017,1017
1023,1020,1020,1020,1020,1020,1020,1020,1020,1020,1020
1021,1021,1021,1021,1021,1021,1021,1021,1021,1021,1021
1011,1008,1008,1008,1008,1008,1008,1008,1008,1008,1008
993,993,993,993,993,993,993,993,993,993,993
968,964,964,964,964,964,964,964,964,964,964
935,935,935,935,935,935,935,935,935,935,935
895,892,892,892,892,892,892,892,892,892,892
850,850,850,850,850,850,850,850,850,850,850
799,796,796,796,796,796,796,796,796,795,795
744,744,744,744,744,744,744,744,744,744,744
685,682,681,681,681,681,681,681,681,681,681
623,623,623,623,623,623,623,623,623,623,623
559,556,556,556,556,556,556,556,556,556,556
495,495,495,495,495,495,495,495,495,495,495
431,428,428,428,428,428,428,428,428,427,427
368,368,368,368,368,368,368,368,368,368,368
308,305,305,305,305,305,304,304,304,304,304
251,251,251,251,251,251,251,251,251,251,251
197,194,194,194,194,194,194,194,194,194,194
149,149,149,149,149,149,149,149,149,149,149
107,104,104,104,104,104,103,103,103,103,103
71,71,71,71,71,71,71,71,71,71,71
41,38,38,38,38,38,38,38,38,38,38
20,20,20,20,20,20,20,20,20,20,20
6,3,3,3,3,3,3,3,3,3,3
0,0,0,0,0,0,0,0,0,0,0
2,0,0,0,0,0,0,0,0,0,0
12,12,12,12,12,12,12,12,12,12,12
30,27,27,27,27,27,27,27,27,27,27
55,55,55,55,55,55,55,55,55,55,55
88,85,85,85,85,85,85,85,85,86,86
128,128,128,128,128,128,128,128,128,128,128
173,170,170,170,170,170,170,170,171,171,171
224,224,224,224,224,224,224,224,224,224,224
279,276,276,276,277,277,277,277,277,277,277
338,338,338,338,338,338,338,338,338,338,338
400,397,397,397,397,397,397,398,398,398,398
464,464,464,464,464,464,464,464,464,464,464
528,525,525,525,525,525,525,525,525,525,526
592,592,592,592,592,592,592,592,592,592,592
655,652,652,652,652,652,652,652,652,652,652
715,715,715,715,715,715,715,715,715,715,715
772,769,769,770,770,770,770,770,770,770,770
826,826,826,826,826,826,826,826,826,826,826
874,871,871,871,871,871,871,871,871,871,871
916,916,916,916,916,916,916,916,916,916,916
952,949,949,949,949,949,950,950,950,950,950
981,981,981,981,981,981,981,981,981,981,981
1003,1000,1000,1000,1000,1000,1000,1000,1000,1000,1000
1017,1017,1017,1017,1017,1017,1017,1017,1017,1017,1017
1023,1020,1020,1020,1020,1020,1020,1020,1020,1020,1020
1021,1021,1021,1021,1021,1021,1021,1021,1021,1021,1021
1011,1008,1008,1008,1008,1008,1008,1008,1008,1008,1008
993,993,993,993,993,993,993,993,993,993,993
968,965,965,965,964,964,964,964,964,964,964
935,935,935,935,935,935,935,935,935,935,935
895,892,892,892,892,892,892,892,892,892,892
850,850,850,850,850,850,850,850,850,850,850
799,796,796,796,796,796,796,796,796,796,796
744,744,744,744,744,744,744,744,744,744,744
685,682,682,682,682,681,681,681,681,681,681
623,623,623,623,623,623,623,623,623,623,623
560,556,556,556,556,556,556,556,556,556,556
495,495,495,495,495,495,495,495,495,495,495
431,428,428,428,428,428,428,428,428,428,428
368,368,368,368,368,368,368,368,368,368,368
308,305,305,305,305,305,305,305,305,304,304
251,251,251,251,251,251,251,251,251,251,251
198,195,194,194,194,194,194,194,194,194,194
149,149,149,149,149,149,149,149,149,149,149
107,104,104,104,104,104,104,104,104,103,103
71,71,71,71,71,71,71,71,71,71,71
42,39,39,38,38,38,38,38,38,38,38
20,20,20,20,20,20,20,20,20,20,20
6,3,3,3,3,3,3,3,3,3,3
0,0,0,0,0,0,0,0,0,0,0
2,0,0,0,0,0,0,0,0,0,0
12,12,12,12,12,12,12,12,12,12,12
30,27,27,27,27,27,27,27,27,27,27
55,55,55,55,55,55,55,55,55,55,55
88,85,85,85,85,85,85,85,85,85,85
128,128,128,128,128,128,128,128,128,128,128
173,170,170,170,170,170,170,170,170,170,170
224,224,224,224,224,224,224,224,224,224,224
279,276,276,276,276,276,276,277,277,277,277
338,338,338,338,338,338,338,338,338,338,338
400,397,397,397,397,397,397,397,397,397,398
463,463,463,463,463,463,463,463,463,463,463
528,525,525,525,525,525,525,525,525,525,525
592,592,592,592,592,592,592,592,592,592,592
654,651,652,652,652,652,652,652,652,652,652
715,715,715,715,715,715,715,715,715,715,715
772,769,769,769,769,769,770,770,770,770,770
825,825,825,825,825,825,825,825,825,825,825
874,871,871,871,871,871,871,871,871,871,871
916,916,916,916,916,916,916,916,916,916,916
952,949,949,949,949,949,949,949,949,950,950
981,981,981,981,981,981,981,981,981,981,981
1003,1000,1000,1000,1000,1000,1000,1000,1000,1000,1000
1017,1017,1017,1017,1017,1017,1017,1017,1017,1017,1017
1023,1020,1020,1020,1020,1020,1020,1020,1020,1020,1020
1021,1021,1021,1021,1021,1021,1021,1021,1021,1021,1021
1011,1008,1008,1008,1008,1008,1008,1008,1008,1008,1008
993,993,993,993,993,993,993,993,993,993,993
968,965,965,965,965,965,965,964,964,964,964
935,935,935,935,935,935,935,935,935,935,935
896,893,892,892,892,892,892,892,892,892,892
850,850,850,850,850,850,850,850,850,850,850
799,796,796,796,796,796,796,796,796,796,796
744,744,744,744,744,744,744,744,744,744,744
685,682,682,682,682,682,682,682,681,681,681
623,623,623,623,623,623,623,623,623,623,623
560,557,557,557,556,556,556,556,556,556,556
495,495,495,495,495,495,495,495,495,495,495
431,428,428,428,428,428,428,428,428,428,428
369,369,369,369,369,369,369,369,369,369,369
308,305,305,305,305,305,305,305,305,305,305
251,251,251,251,251,251,251,251,251,251,251
198,195,195,195,195,194,194,194,194,194,194
149,149,149,149,149,149,149,149,149,149,149
107,104,104,104,104,104,104,104,104,104,104
71,71,71,71,71,71,71,71,71,71,71
42,39,39,39,39,39,38,38,38,38,38
20,20,20,20,20,20,20,20,20,20,20
6,3,3,3,3,3,3,3,3,3,3
0,0,0,0,0,0,0,0,0,0,0
2,0,0,0,0,0,0,0,0,0,0
12,12,12,12,12,12,12,12,12,12,12
30,27,27,27,27,27,27,27,27,27,27
55,55,55,55,55,55,55,55,55,55,55
88,85,85,85,85,85,85,85,85,85,85
127,127,127,127,127,127,127,127,127,127,127
173,170,170,170,170,170,170,170,170,170,170
224,224,224,224,224,224,224,224,224,224,224
279,276,276,276,276,276,276,276,276,276,277
338,338,338,338,338,338,338,338,338,338,338
400,397,397,397,397,397,397,397,397,397,397
463,463,463,463,463,463,463,463,463,463,463
527,525,525,525,525,525,525,525,525,525,525
591,591,591,591,591,591,591,591,591,591,591
654,651,651,651,651,652,652,652,652,652,652
715,715,715,715,715,715,715,715,715,715,715
772,769,769,769,769,769,769,769,769,770,770
825,825,825,825,825,825,825,825,825,825,825
873,870,871,871,871,871,871,871,871,871,871
916,916,916,916,916,916,916,916,916,916,916
952,949,949,949,949,949,949,949,949,949,949
981,981,981,981,981,981,981,981,981,981,981
1003,1000,1000,1000,1000,1000,1000,1000,1000,1000,1000
1017,1017,1017,1017,1017,1017,1017,1017,1017,1017,1017
1023,1020,1020,1020,1020,1020,1020,1020,1020,1020,1020
1021,1021,1021,1021,1021,1021,1021,1021,1021,1021,1021
1011,1008,1008,1008,1008,1008,1008,1008,1008,1008,1008
993,993,993,993,993,993,993,993,993,993,993
968,965,965,965,965,965,965,965,965,965,964
935,935,935,935,935,935,935,935,935,935,935
896,893,893,893,893,892,892,892,892,892,892
850,850,850,850,850,850,850,850,850,850,850
799,796,796,796,796,796,796,796,796,796,796
744,744,744,744,744,744,744,744,744,744,744
685,682,682,682,682,682,682,682,682,682,682
623,623,623,623,623,623,623,623,623,623,623
560,557,557,557,557,557,557,556,556,556,556
496,496,496,496,496,496,496,496,496,496,496
432,429,428,428,428,428,428,428,428,428,428
369,369,369,369,369,369,369,369,369,369,369
308,305,305,305,305,305,305,305,305,305,305
251,251,251,251,251,251,251,251,251,251,251
198,195,195,195,195,195,195,195,194,194,194
150,150,150,150,150,150,150,150,150,150,150
107,104,104,104,104,104,104,104,104,104,104
71,71,71,71,71,71,71,71,71,71,71
42,39,39,39,39,39,39,39,39,38,38
20,20,20,20,20,20,20,20,20,20,20
6,3,3,3,3,3,3,3,3,3,3
0,0,0,0,0,0,0,0,0,0,0
2,0,0,0,0,0,0,0,0,0,0
12,12,12,12,12,12,12,12,12,12,12
30,27,27,27,27,27,27,27,27,27,27
55,55,55,55,55,55,55,55,55,55,55
88,85,85,85,85,85,85,85,85,85,85
127,127,127,127,127,127,127,127,127,127,127
173,170,170,170,170,170,170,170,170,170,170
223,223,223,223,223,223,223,223,223,223,223
279,276,276,276,276,276,276,276,276,276,276
338,338,338,338,338,338,338,338,338,338,338
400,397,397,397,397,397,397,397,397,397,397
463,463,463,463,463,463,463,463,463,463,463
527,524,524,524,525,525,525,525,525,525,525
591,591,591,591,591,591,591,591,591,591,591
654,651,651,651,651,651,651,651,652,652,652
715,715,715,715,715,715,715,715,715,715,715
772,769,769,769,769,769,769,769,769,769,769
825,825,825,825,825,825,825,825,825,825,825
873,870,870,870,870,871,871,871,871,871,871
916,916,916,916,916,916,916,916,916,916,916
952,949,949,949,949,949,949,949,949,949,949
981,981,981,981,981,981,981,981,981,981,981
1003,1000,1000,1000,1000,1000,1000,1000,1000,1000,1000
1017,1017,1017,1017,1017,1017,1017,1017,1017,1017,1017
1023,1020,1020,1020,1020,1020,1020,1020,1020,1020,1020
1021,1021,1021,1021,1021,1021,1021,1021,1021,1021,1021
1011,1008,1008,1008,1008,1008,1008,1008,1008,1008,1008
993,993,993,993,993,993,993,993,993,993,993
968,965,965,965,965,965,965,965,965,965,965
935,935,935,935,935,935,935,935,935,935,935
896,893,893,893,893,893,893,893,892,892,892
850,850,850,850,850,850,850,850,850,850,850
800,797,797,796,796,796,796,796,796,796,796
744,744,744,744,744,744,744,744,744,744,744
685,682,682,682,682,682,682,682,682,682,682
624,624,624,624,624,624,624,624,624,624,624
560,557,557,557,557,557,557,557,557,557,556
496,496,496,496,496,496,496,496,496,496,496
432,429,429,429,429,428,428,428,428,428,428
369,369,369,369,369,369,369,369,369,369,369
309,305,305,305,305,305,305,305,305,305,305
251,251,251,251,251,251,251,251,251,251,251
198,195,195,195,195,195,195,195,195,195,195
150,150,150,150,150,150,150,150,150,150,150
107,104,104,104,104,104,104,104,104,104,104
71,71,71,71,71,71,71,71,71,71,71
42,39,39,39,39,39,39,39,39,39,39
20,20,20,20,20,20,20,20,20,20,20
6,3,3,3,3,3,3,3,3,3,3
0,0,0,0,0,0,0,0,0,0,0
2,0,0,0,0,0,0,0,0,0,0
12,12,12,12,12,12,12,12,12,12,12
30,27,27,27,27,27,27,27,27,27,27
55,55,55,55,55,55,55,55,55,55,55
88,85,85,85,85,85,85,85,85,85,85
127,127,127,127,127,127,127,127,127,127,127
173,170,170,170,170,170,170,170,170,170,170
223,223,223,223,223,223,223,223,223,223,223
279,276,276,276,276,276,276,276,276,276,276
338,338,338,338,338,338,338,338,338,338,338
399,396,396,397,397,397,397,397,397,397,397
463,463,463,463,463,463,463,463,463,463,463
527,524,524,524,524,524,524,525,525,525,525
591,591,591,591,591,591,591,591,591,591,591
654,651,651,651,651,651,651,651,651,651,651
714,714,714,714,714,714,714,714,714,714,714
772,769,769,769,769,769,769,769,769,769,769
825,825,825,825,825,825,825,825,825,825,825
873,870,870,870,870,870,870,870,871,871,871
916,916,916,916,916,916,916,916,916,916,916
952,949,949,949,949,949,949,949,949,949,949
981,981,981,981,981,981,981,981,981,981,981
1003,1000,1000,1000,1000,1000,1000,1000,1000,1000,1000
1017,1017,1017,1017,1017,1017,1017,1017,1017,1017,1017
1023,1020,1020,1020,1020,1020,1020,1020,1020,1020,1020
1021,1021,1021,1021,1021,1021,1021,1021,1021,1021,1021
1011,1008,1008,1008,1008,1008,1008,1008,1008,1008,1008
993,993,993,993,993,993,993,993,993,993,993
968,965,965,965,965,965,965,965,965,965,965
935,935,935,935,935,935,935,935,935,935,935
896,893,893,893,893,893,893,893,893,893,893
851,851,851,851,851,851,851,851,851,851,851
800,797,797,797,797,797,796,796,796,796,796
744,744,744,744,744,744,744,744,744,744,744
685,682,682,682,682,682,682,682,682,682,682
624,624,624,624,624,624,624,624,624,624,624
560,557,557,557,557,557,557,557,557,557,557
496,496,496,496,496,496,496,496,496,496,496
432,429,429,429,429,429,429,429,429,428,428
369,369,369,369,369,369,369,369,369,369,369
309,306,306,306,305,305,305,305,305,305,305
251,251,251,251,251,251,251,251,251,251,251
198,195,195,195,195,195,195,195,195,195,195
150,150,150,150,150,150,150,150,150,150,150
107,104,104,104,104,104,104,104,104,104,104
71,71,71,71,71,71,71,71,71,71,71
42,39,39,39,39,39,39,39,39,39,39
20,20,20,20,20,20,20,20,20,20,20
6,3,3,3,3,3,3,3,3,3,3
0,0,0,0,0,0,0,0,0,0,0
2,0,0,0,0,0,0,0,0,0,0
12,12,12,12,12,12,12,12,12,12,12
30,27,27,27,27,27,27,27,27,27,27
55,55,55,55,55,55,55,55,55,55,55
88,85,85,85,85,85,85,85,85,85,85
127,127,127,127,127,127,127,127,127,127,127
172,169,169,170,170,170,170,170,170,170,170
223,223,223,223,223,223,223,223,223,223,223
278,275,276,276,276,276,276,276,276,276,276
337,337,337,337,337,337,337,337,337,337,337
399,396,396,396,396,396,397,397,397,397,397
463,463,463,463,463,463,463,463,463,463,463
527,524,524,524,524,524,524,524,524,524,525
591,591,591,591,591,591,591,591,591,591,591
654,651,651,651,651,651,651,651,651,651,651
714,714,714,714,714,714,714,714,714,714,714
772,769,769,769,769,769,769,769,769,769,769
825,825,825,825,825,825,825,825,825,825,825
873,870,870,870,870,870,870,870,870,870,870
916,916,916,916,916,916,916,916,916,916,916
952,949,949,949,949,949,949,949,949,949,949
981,981,981,981,981,981,981,981,981,981,981
1003,1000,1000,1000,1000,1000,1000,1000,1000,1000,1000
1017,1017,1017,1017,1017,1017,1017,1017,1017,1017,1017
1023,1020,1020,1020,1020,1020,1020,1020,1020,1020,1020
1021,1021,1021,1021,1021,1021,1021,1021,1021,1021,1021
1011,1008,1008,1008,1008,1008,1008,1008,1008,1008,1008
993,993,993,993,993,993,993,993,993,993,993
968,965,965,965,965,965,965,965,965,965,965
935,935,935,935,935,935,935,935,935,935,935
896,893,893,893,893,893,893,893,893,893,893
851,851,851,851,851,851,851,851,851,851,851
800,797,797,797,797,797,797,797,797,796,796
745,745,745,745,745,745,745,745,745,745,745
686,683,683,682,682,682,682,682,682,682,682
624,624,624,624,624,624,624,624,624,624,624
560,557,557,557,557,557,557,557,557,557,557
496,496,496,496,496,496,496,496,496,496,496
432,429,429,429,429,429,429,429,429,429,429
369,369,369,369,369,369,369,369,369,369,369
309,306,306,306,306,306,306,305,305,305,305
252,252,252,252,252,252,252,252,252,252,252
198,195,195,195,195,195,195,195,195,195,195
150,150,150,150,150,150,150,150,150,150,150
107,104,104,104,104,104,104,104,104,104,104
71,71,71,71,71,71,71,71,71,71,71
42,39,39,39,39,39,39,39,39,39,39
20,20,20,20,20,20,20,20,20,20,20
6,3,3,3,3,3,3,3,3,3,3
0,0,0,0,0,0,0,0,0,0,0
2,0,0,0,0,0,0,0,0,0,0
12,12,12,12,12,12,12,12,12,12,12
29,26,27,27,27,27,27,27,27,27,27
55,55,55,55,55,55,55,55,55,55,55
88,85,85,85,85,85,85,85,85,85,85
127,127,127,127,127,127,127,127,127,127,127
172,169,169,169,169,169,170,170,170,170,170
223,223,223,223,223,223,223,223,223,223,223
278,275,275,275,275,276,276,276,276,276,276
337,337,337,337,337,337,337,337,337,337,337
399,396,396,396,396,396,396,396,396,397,397
462,462,462,462,462,462,462,462,462,462,462
527,524,524,524,524,524,524,524,524,524,524
591,591,591,591,591,591,591,591,591,591,591
653,651,651,651,651,651,651,651,651,651,651
714,714,714,714,714,714,714,714,714,714,714
771,768,768,769,769,769,769,769,769,769,769
825,825,825,825,825,825,825,825,825,825,825
873,870,870,870,870,870,870,870,870,870,870
915,915,915,915,915,915,915,915,915,915,915
952,949,949,949,949,949,949,949,949,949,949
981,981,981,981,981,981,981,981,981,981,981
1003,1000,1000,1000,1000,1000,1000,1000,1000,1000,1000
1017,1017,1017,1017,1017,1017,1017,1017,1017,1017,1017
1023,1020,1020,1020,1020,1020,1020,1020,1020,1020,1020
1021,1021,1021,1021,1021,1021,1021,1021,1021,1021,1021
1011,1008,1008,1008,1008,1008,1008,1008,1008,1008,1008
994,994,994,994,994,994,994,994,994,994,994
968,965,965,965,965,965,965,965,965,965,965
936,936,936,936,936,936,936,936,936,936,936
896,893,893,893,893,893,893,893,893,893,893
851,851,851,851,851,851,851,851,851,851,851
800,797,797,797,797,797,797,797,797,797,797
745,745,745,745,745,745,745,745,745,745,745
686,683,683,683,683,683,683,682,682,682,682
624,624,624,624,624,624,624,624,624,624,624
561,558,558,557,557,557,557,557,557,557,557
496,496,496,496,496,496,496,496,496,496,496
432,429,429,429,429,429,429,429,429,429,429
370,370,370,370,370,370,370,370,370,370,370
309,306,306,306,306,306,306,306,306,306,305
252,252,252,252,252,252,252,252,252,252,252
198,195,195,195,195,195,195,195,195,195,195
150,150,150,150,150,150,150,150,150,150,150
108,105,104,104,104,104,104,104,104,104,104
71,71,71,71,71,71,71,71,71,71,71
42,39,39,39,39,39,39,39,39,39,39
20,20,20,20,20,20,20,20,20,20,20
6,3,3,3,3,3,3,3,3,3,3
0,0,0,0,0,0,0,0,0,0,0
2,0,0,0,0,0,0,0,0,0,0
12,12,12,12,12,12,12,12,12,12,12
29,26,26,26,26,27,27,27,27,27,27
55,55,55,55,55,55,55,55,55,55,55
87,84,85,85,85,85,85,85,85,85,85
127,127,127,127,127,127,127,127,127,127,127
172,169,169,169,169,169,169,169,169,170,170
223,223,223,223,223,223,223,223,223,223,223
278,275,275,275,275,275,275,275,276,276,276
337,337,337,337,337,337,337,337,337,337,337
399,396,396,396,396,396,396,396,396,396,396
462,462,462,462,462,462,462,462,462,462,462
526,524,524,524,524,524,524,524,524,524,524
591,591,591,591,591,591,591,591,591,591,591
653,650,650,650,651,651,651,651,651,651,651
714,714,714,714,714,714,714,714,714,714,714
771,768,768,768,768,768,769,769,769,769,769
824,824,824,824,824,824,824,824,824,824,824
873,870,870,870,870,870,870,870,870,870,870
915,915,915,915,915,915,915,915,915,915,915
952,949,949,949,949,949,949,949,949,949,949
981,981,981,981,981,981,981,981,981,981,981
1003,1000,1000,1000,1000,1000,1000,1000,1000,1000,1000
1017,1017,1017,1017,1017,1017,1017,1017,1017,1017,1017
1023,1020,1020,1020,1020,1020,1020,1020,1020,1020,1020
1021,1021,1021,1021,1021,1021,1021,1021,1021,1021,1021
1011,1008,1008,1008,1008,1008,1008,1008,1008,1008,1008
994,994,994,994,994,994,994,994,994,994,994
968,965,965,965,965,965,965,965,965,965,965
936,936,936,936,936,936,936,936,936,936,936
896,893,893,893,893,893,893,893,893,893,893
851,851,851,851,851,851,851,851,851,851,851
800,797,797,797,797,797,797,797,797,797,797
745,745,745,745,745,745,745,745,745,745,745
686,683,683,683,683,683,683,683,683,683,682
624,624,624,624,624,624,624,624,624,624,624
561,558,558,558,558,558,557,557,557,557,557
497,497,497,497,497,497,497,497,497,497,497
433,430,429,429,429,429,429,429,429,429,429
370,370,370,370,370,370,370,370,370,370,370
309,306,306,306,306,306,306,306,306,306,306
252,252,252,252,252,252,252,252,252,252,252
199,196,196,196,195,195,195,195,195,195,195
150,150,150,150,150,150,150,150,150,150,150
108,105,105,105,105,104,104,104,104,104,104
71,71,71,71,71,71,71,71,71,71,71
42,39,39,39,39,39,39,39,39,39,39
20,20,20,20,20,20,20,20,20,20,20
6,3,3,3,3,3,3,3,3,3,3
0,0,0,0,0,0,0,0,0,0,0
2,0,0,0,0,0,0,0,0,0,0
12,12,12,12,12,12,12,12,12,12,12
29,26,26,26,26,26,26,26,27,27,27
55,55,55,55,55,55,55,55,55,55,55
87,84,84,84,84,85,85,85,85,85,85
127,127,127,127,127,127,127,127,127,127,127
172,169,169,169,169,169,169,169,169,169,169
223,223,223,223,223,223,223,223,223,223,223
278,275,275,275,275,275,275,275,275,275,275
337,337,337,337,337,337,337,337,337,337,337
399,396,396,396,396,396,396,396,396,396,396
462,462,462,462,462,462,462,462,462,462,462
526,523,523,523,524,524,524,524,524,524,524
590,590,590,590,590,590,590,590,590,590,590
653,650,650,650,650,650,650,651,651,651,651
714,714,714,714,714,714,714,714,714,714,714
771,768,768,768,768,768,768,768,768,768,769
824,824,824,824,824,824,824,824,824,824,824
873,870,870,870,870,870,870,870,870,870,870
915,915,915,915,915,915,915,915,915,915,915
952,949,949,949,949,949,949,949,949,949,949
981,981,981,981,981,981,981,981,981,981,981
1003,1000,1000,1000,1000,1000,1000,1000,1000,1000,1000
1017,1017,1017,1017,1017,1017,1017,1017,1017,1017,1017
1023,1020,1020,1020,1020,1020,1020,1020,1020,1020,1020
1021,1021,1021,1021,1021,1021,1021,1021,1021,1021,1021
1011,1008,1008,1008,1008,1008,1008,1008,1008,1008,1008
994,994,994,994,994,994,994,994,994,994,994
968,965,965,965,965,965,965,965,965,965,965
936,936,936,936,936,936,936,936,936,936,936
896,893,893,893,893,893,893,893,893,893,893
851,851,851,851,851,851,851,851,851,851,851
800,797,797,797,797,797,797,797,797,797,797
745,745,745,745,745,745,745,745,745,745,745
686,683,683,683,683,683,683,683,683,683,683
625,625,625,625,625,625,625,625,625,625,625
561,558,558,558,558,558,558,558,558,557,557
497,497,497,497,497,497,497,497,497,497,497
433,430,430,430,430,429,429,429,429,429,429
370,370,370,370,370,370,370,370,370,370,370
309,306,306,306,306,306,306,306,306,306,306
252,252,252,252,252,252,252,252,252,252,252
199,196,196,196,196,196,196,195,195,195,195
150,150,150,150,150,150,150,150,150,150,150
108,105,105,105,105,105,105,105,104,104,104
72,72,72,72,72,72,72,72,72,72,72
42,39,39,39,39,39,39,39,39,39,39
20,20,20,20,20,20,20,20,20,20,20
6,3,3,3,3,3,3,3,3,3,3
0,0,0,0,0,0,0,0,0,0,0
2,0,0,0,0,0,0,0,0,0,0
12,12,12,12,12,12,12,12,12,12,12
29,26,26,26,26,26,26,26,26,26,26
55,55,55,55,55,55,55,55,55,55,55
87,84,84,84,84,84,84,84,85,85,85
126,126,126,126,126,126,126,126,126,126,126
172,169,169,169,169,169,169,169,169,169,169
222,222,222,222,222,222,222,222,222,222,222
278,275,275,275,275,275,275,275,275,275,275
337,337,337,337,337,337,337,337,337,337,337
398,395,395,396,396,396,396,396,396,396,396
462,462,462,462,462,462,462,462,462,462,462
526,523,523,523,523,523,523,524,524,524,524
590,590,590,590,590,590,590,590,590,590,590
653,650,650,650,650,650,650,650,650,650,651
713,713,713,713,713,713,713,713,713,713,713
771,768,768,768,768,768,768,768,768,768,768
824,824,824,824,824,824,824,824,824,824,824
872,870,870,870,870,870,870,870,870,870,870
915,915,915,915,915,915,915,915,915,915,915
951,948,948,949,949,949,949,949,949,949,949
981,981,981,981,981,981,981,981,981,981,981
1003,1000,1000,1000,1000,1000,1000,1000,1000,1000,1000
1017,1017,1017,1017,1017,1017,1017,1017,1017,1017,1017
1023,1020,1020,1020,1020,1020,1020,1020,1020,1020,1020
1021,1021,1021,1021,1021,1021,1021,1021,1021,1021,1021
1012,1008,1008,1008,1008,1008,1008,1008,1008,1008,1008
994,994,994,994,994,994,994,994,994,994,994
968,965,965,965,965,965,965,965,965,965,965
936,936,936,936,936,936,936,936,936,936,936
897,894,894,893,893,893,893,893,893,893,893
851,851,851,851,851,851,851,851,851,851,851
801,798,797,797,797,797,797,797,797,797,797
745,745,745,745,745,745,745,745,745,745,745
686,683,683,683,683,683,683,683,683,683,683
625,625,625,625,625,625,625,625,625,625,625
561,558,558,558,558,558,558,558,558,558,558
497,497,497,497,497,497,497,497,497,497,497
433,430,430,430,430,430,430,430,429,429,429
370,370,370,370,370,370,370,370,370,370,370
310,307,307,306,306,306,306,306,306,306,306
252,252,252,252,252,252,252,252,252,252,252
199,196,196,196,196,196,196,196,196,196,195
151,151,151,151,151,151,151,151,151,151,151
108,105,105,105,105,105,105,105,105,105,105
72,72,72,72,72,72,72,72,72,72,72
42,39,39,39,39,39,39,39,39,39,39
20,20,20,20,20,20,20,20,20,20,20
6,3,3,3,3,3,3,3,3,3,3
0,0,0,0,0,0,0,0,0,0,0
2,0,0,0,0,0,0,0,0,0,0
11,11,11,11,11,11,11,11,11,11,11
29,26,26,26,26,26,26,26,26,26,26
55,55,55,55,55,55,55,55,55,55,55
87,84,84,84,84,84,84,84,84,84,84
126,126,126,126,126,126,126,126,126,126,126
172,169,169,169,169,169,169,169,169,169,169
222,222,222,222,222,222,222,222,222,222,222
278,275,275,275,275,275,275,275,275,275,275
336,336,336,336,336,336,336,336,336,336,336
398,395,395,395,395,395,396,396,396,396,396
462,462,462,462,462,462,462,462,462,462,462
526,523,523,523,523,523,523,523,523,523,524
590,590,590,590,590,590,590,590,590,590,590
653,650,650,650,650,650,650,650,650,650,650
713,713,713,713,713,713,713,713,713,713,713
771,768,768,768,768,768,768,768,768,768,768
824,824,824,824,824,824,824,824,824,824,824
872,869,869,869,870,870,870,870,870,870,870
915,915,915,915,915,915,915,915,915,915,915
951,948,948,948,948,948,949,949,949,949,949
981,981,981,981,981,981,981,981,981,981,981
1003,1000,1000,1000,1000,1000,1000,1000,1000,1000,1000
1017,1017,1017,1017,1017,1017,1017,1017,1017,1017,1017
1023,1020,1020,1020,1020,1020,1020,1020,1020,1020,1020
1021,1021,1021,1021,1021,1021,1021,1021,1021,1021,1021
1012,1009,1009,1009,1008,1008,1008,1008,1008,1008,1008
994,994,994,994,994,994,994,994,994,994,994
968,965,965,965,965,965,965,965,965,965,965
936,936,936,936,936,936,936,936,936,936,936
897,894,894,894,894,894,893,893,893,893,893
851,851,851,851,851,851,851,851,851,851,851
801,798,798,798,798,797,797,797,797,797,797
746,746,746,746,746,746,746,746,746,746,746
687,684,683,683,683,683,683,683,683,683,683
625,625,625,625,625,625,625,625,625,625,625
561,558,558,558,558,558,558,558,558,558,558
497,497,497,497,497,497,497,497,497,497,497
433,430,430,430,430,430,430,430,430,430,430
370,370,370,370,370,370,370,370,370,370,370
310,307,307,307,307,307,306,306,306,306,306
252,252,252,252,252,252,252,252,252,252,252
199,196,196,196,196,196,196,196,196,196,196
151,151,151,151,151,151,151,151,151,151,151
108,105,105,105,105,105,105,105,105,105,105
72,72,72,72,72,72,72,72,72,72,72
42,39,39,39,39,39,39,39,39,39,39
20,20,20,20,20,20,20,20,20,20,20
6,3,3,3,3,3,3,3,3,3,3
0,0,0,0,0,0,0,0,0,0,0
2,0,0,0,0,0,0,0,0,0,0
11,11,11,11,11,11,11,11,11,11,11
29,26,26,26,26,26,26,26,26,26,26
54,54,54,54,54,54,54,54,54,54,54
87,84,84,84,84,84,84,84,84,84,84
126,126,126,126,126,126,126,126,126,126,126
172,169,169,169,169,169,169,169,169,169,169
222,222,222,222,222,222,222,222,222,222,222
277,274,275,275,275,275,275,275,275,275,275
336,336,336,336,336,336,336,336,336,336,336
398,395,395,395,395,395,395,395,395,396,396
461,461,461,461,461,461,461,461,461,461,461
526,523,523,523,523,523,523,523,523,523,523
590,590,590,590,590,590,590,590,590,590,590
653,650,650,650,650,650,650,650,650,650,650
713,713,713,713,713,713,713,713,713,713,713
770,768,768,768,768,768,768,768,768,768,768
824,824,824,824,824,824,824,824,824,824,824
872,869,869,869,869,869,869,870,870,870,870
915,915,915,915,915,915,915,915,915,915,915
951,948,948,948,948,948,948,948,948,949,949
981,981,981,981,981,981,981,981,981,981,981
1003,1000,1000,1000,1000,1000,1000,1000,1000,1000,1000
1017,1017,1017,1017,1017,1017,1017,1017,1017,1017,1017
1023,1020,1020,1020,1020,1020,1020,1020,1020,1020,1020
1021,1021,1021,1021,1021,1021,1021,1021,1021,1021,1021
1012,1009,1009,1009,1009,1009,1009,1008,1008,1008,1008
994,994,994,994,994,994,994,994,994,994,994
969,966,966,965,965,965,965,965,965,965,965
936,936,936,936,936,936,936,936,936,936,936
897,894,894,894,894,894,894,894,894,893,893
852,852,852,852,852,852,852,852,852,852,852
801,798,798,798,798,798,798,798,797,797,797
746,746,746,746,746,746,746,746,746,746,746
687,684,684,684,684,683,683,683,683,683,683
625,625,625,625,625,625,625,625,625,625,625
562,559,559,558,558,558,558,558,558,558,558
497,497,497,497,497,497,497,497,497,497,497
433,430,430,430,430,430,430,430,430,430,430
371,371,371,371,371,371,371,371,371,371,371
310,307,307,307,307,307,307,307,307,306,306
253,253,253,253,253,253,253,253,253,253,253
199,196,196,196,196,196,196,196,196,196,196
151,151,151,151,151,151,151,151,151,151,151
108,105,105,105,105,105,105,105,105,105,105
72,72,72,72,72,72,72,72,72,72,72
42,39,39,39,39,39,39,39,39,39,39
20,20,20,20,20,20,20,20,20,20,20
6,3,3,3,3,3,3,3,3,3,3
0,0,0,0,0,0,0,0,0,0,0
2,0,0,0,0,0,0,0,0,0,0
11,11,11,11,11,11,11,11,11,11,11
29,26,26,26,26,26,26,26,26,26,26
54,54,54,54,54,54,54,54,54,54,54
87,84,84,84,84,84,84,84,84,84,84
126,126,126,126,126,126,126,126,126,126,126
171,168,168,169,169,169,169,169,169,169,169
222,222,222,222,222,222,222,222,222,222,222
277,274,274,274,274,275,275,275,275,275,275
336,336,336,336,336,336,336,336,336,336,336
398,395,395,395,395,395,395,395,395,395,395
461,461,461,461,461,461,461,461,461,461,461
526,523,523,523,523,523,523,523,523,523,523
590,590,590,590,590,590,590,590,590,590,590
652,649,649,650,650,650,650,650,650,650,650
713,713,713,713,713,713,713,713,713,713,713
770,767,767,767,768,768,768,768,768,768,768
824,824,824,824,824,824,824,824,824,824,824
872,869,869,869,869,869,869,869,869,869,870
915,915,915,915,915,915,915,915,915,915,915
951,948,948,948,948,948,948,948,948,948,948
981,981,981,981,981,981,981,981,981,981,981
1003,1000,1000,1000,1000,1000,1000,1000,1000,1000,1000
1017,1017,1017,1017,1017,1017,1017,1017,1017,1017,1017
1023,1020,1020,1020,1020,1020,1020,1020,1020,1020,1020
1021,1021,1021,1021,1021,1021,1021,1021,1021,1021,1021
1012,1009,1009,1009,1009,1009,1009,1009,1009,1009,1008
994,994,994,994,994,994,994,994,994,994,994
969,966,966,966,966,966,965,965,965,965,965
936,936,936,936,936,936,936,936,936,936,936
897,894,894,894,894,894,894,894,894,894,894
852,852,852,852,852,852,852,852,852,852,852
801,798,798,798,798,798,798,798,798,798,798
746,746,746,746,746,746,746,746,746,746,746
687,684,684,684,684,684,684,684,683,683,683
625,625,625,625,625,625,625,625,625,625,625
562,559,559,559,559,559,558,558,558,558,558
498,498,498,498,498,498,498,498,498,498,498
434,430,430,430,430,430,430,430,430,430,430
371,371,371,371,371,371,371,371,371,371,371
310,307,307,307,307,307,307,307,307,307,307
253,253,253,253,253,253,253,253,253,253,253
199,196,196,196,196,196,196,196,196,196,196
151,151,151,151,151,151,151,151,151,151,151
108,105,105,105,105,105,105,105,105,105,105
72,72,72,72,72,72,72,72,72,72,72
42,39,39,39,39,39,39,39,39,39,39
20,20,20,20,20,20,20,20,20,20,20
6,3,3,3,3,3,3,3,3,3,3
0,0,0,0,0,0,0,0,0,0,0
2,0,0,0,0,0,0,0,0,0,0
11,11,11,11,11,11,11,11,11,11,11
29,26,26,26,26,26,26,26,26,26,26
54,54,54,54,54,54,54,54,54,54,54
87,84,84,84,84,84,84,84,84,84,84
126,126,126,126,126,126,126,126,126,126,126
171,168,168,168,168,168,169,169,169,169,169
222,222,222,222,222,222,222,222,222,222,222
277,274,274,274,274,274,274,274,275,275,275
336,336,336,336,336,336,336,336,336,336,336
398,395,395,395,395,395,395,395,395,395,395
461,461,461,461,461,461,461,461,461,461,461
525,522,522,522,523,523,523,523,523,523,523
589,589,589,589,589,589,589,589,589,589,589
652,649,649,649,649,649,650,650,650,650,650
713,713,713,713,713,713,713,713,713,713,713
770,767,767,767,767,767,767,768,768,768,768
823,823,823,823,823,823,823,823,823,823,823
872,869,869,869,869,869,869,869,869,869,869
915,915,915,915,915,915,915,915,915,915,915
951,948,948,948,948,948,948,948,948,948,948
980,980,980,980,980,980,980,980,980,980,980
1003,1000,1000,1000,1000,1000,1000,1000,1000,1000,1000
1017,1017,1017,1017,1017,1017,1017,1017,1017,1017,1017
1023,1020,1020,1020,1020,1020,1020,1020,1020,1020,1020
1021,1021,1021,1021,1021,1021,1021,1021,1021,1021,1021
1012,1009,1009,1009,1009,1009,1009,1009,1009,1009,1009
994,994,994,994,994,994,994,994,994,994,994
969,966,966,966,966,966,966,966,966,965,965
936,936,936,936,936,936,936,936,936,936,936
897,894,894,894,894,894,894,894,894,894,894
852,852,852,852,852,852,852,852,852,852,852
801,798,798,798,798,798,798,798,798,798,798
746,746,746,746,746,746,746,746,746,746,746
687,684,684,684,684,684,684,684,684,684,684
625,625,625,625,625,625,625,625,625,625,625
562,559,559,559,559,559,559,559,559,558,558
498,498,498,498,498,498,498,498,498,498,498
434,431,431,431,431,430,430,430,430,430,430
371,371,371,371,371,371,371,371,371,371,371
310,307,307,307,307,307,307,307,307,307,307
253,253,253,253,253,253,253,253,253,253,253
200,197,196,196,196,196,196,196,196,196,196
151,151,151,151,151,151,151,151,151,151,151
108,105,105,105,105,105,105,105,105,105,105
72,72,72,72,72,72,72,72,72,72,72
43,40,40,39,39,39,39,39,39,39,39
21,21,21,21,21,21,21,21,21,21,21
6,3,3,3,3,3,3,3,3,3,3
0,0,0,0,0,0,0,0,0,0,0
2,0,0,0,0,0,0,0,0,0,0
11,11,11,11,11,11,11,11,11,11,11
29,26,26,26,26,26,26,26,26,26,26
54,54,54,54,54,54,54,54,54,54,54
87,84,84,84,84,84,84,84,84,84,84
126,126,126,126,126,126,126,126,126,126,126
171,168,168,168,168,168,168,168,168,169,169
222,222,222,222,222,222,222,222,222,222,222
277,274,274,274,274,274,274,274,274,274,274
336,336,336,336,336,336,336,336,336,336,336
397,394,395,395,395,395,395,395,395,395,395
461,461,461,461,461,461,461,461,461,461,461
525,522,522,522,522,522,522,523,523,523,523
589,589,589,589,589,589,589,589,589,589,589
652,649,649,649,649,649,649,649,649,650,650
713,713,713,713,713,713,713,713,713,713,713
770,767,767,767,767,767,767,767,767,767,768
823,823,823,823,823,823,823,823,823,823,823
872,869,869,869,869,869,869,869,869,869,869
915,915,915,915,915,915,915,915,915,915,915
951,948,948,948,948,948,948,948,948,948,948
980,980,980,980,980,980,980,980,980,980,980
1002,999,999,1000,1000,1000,1000,1000,1000,1000,1000
1017,1017,1017,1017,1017,1017,1017,1017,1017,1017,1017
1023,1020,1020,1020,1020,1020,1020,1020,1020,1020,1020
1021,1021,1021,1021,1021,1021,1021,1021,1021,1021,1021
1012,1009,1009,1009,1009,1009,1009,1009,1009,1009,1009
994,994,994,994,994,994,994,994,994,994,994
969,966,966,966,966,966,966,966,966,966,966
936,936,936,936,936,936,936,936,936,936,936
897,894,894,894,894,894,894,894,894,894,894
852,852,852,852,852,852,852,852,852,852,852
801,798,798,798,798,798,798,798,798,798,798
746,746,746,746,746,746,746,746,746,746,746
687,684,684,684,684,684,684,684,684,684,684
626,626,626,626,626,626,626,626,626,626,626
562,559,559,559,559,559,559,559,559,559,559
498,498,498,498,498,498,498,498,498,498,498
434,431,431,431,431,431,431,431,430,430,430
371,371,371,371,371,371,371,371,371,371,371
311,307,307,307,307,307,307,307,307,307,307
253,253,253,253,253,253,253,253,253,253,253
200,197,197,197,197,196,196,196,196,196,196
151,151,151,151,151,151,151,151,151,151,151
109,105,105,105,105,105,105,105,105,105,105
72,72,72,72,72,72,72,72,72,72,72
43,40,40,40,40,40,39,39,39,39,39
21,21,21,21,21,21,21,21,21,21,21
6,3,3,3,3,3,3,3,3,3,3
0,0,0,0,0,0,0,0,0,0,0
2,0,0,0,0,0,0,0,0,0,0
11,11,11,11,11,11,11,11,11,11,11
29,26,26,26,26,26,26,26,26,26,26
54,54,54,54,54,54,54,54,54,54,54
87,84,84,84,84,84,84,84,84,84,84
126,126,126,126,126,126,126,126,126,126,126
171,168,168,168,168,168,168,168,168,168,168
222,222,222,222,222,222,222,222,222,222,222
277,274,274,274,274,274,274,274,274,274,274
336,336,336,336,336,336,336,336,336,336,336
397,394,394,394,394,395,395,395,395,395,395
461,461,461,461,461,461,461,461,461,461,461
525,522,522,522,522,522,522,522,522,522,523
589,589,589,589,589,589,589,589,589,589,589
652,649,649,649,649,649,649,649,649,649,649
712,712,712,712,712,712,712,712,712,712,712
770,767,767,767,767,767,767,767,767,767,767
823,823,823,823,823,823,823,823,823,823,823
872,869,869,869,869,869,869,869,869,869,869
914,914,914,914,914,914,914,914,914,914,914
951,948,948,948,948,948,948,948,948,948,948
980,980,980,980,980,980,980,980,980,980,980
1002,999,999,999,999,999,1000,1000,1000,1000,1000
1017,1017,1017,1017,1017,1017,1017,1017,1017,1017,1017
1023,1020,1020,1020,1020,1020,1020,1020,1020,1020,1020
1021,1021,1021,1021,1021,1021,1021,1021,1021,1021,1021
1012,1009,1009,1009,1009,1009,1009,1009,1009,1009,1009
994,994,994,994,994,994,994,994,994,994,994
969,966,966,966,966,966,966,966,966,966,966
936,936,936,936,936,936,936,936,936,936,936
897,894,894,894,894,894,894,894,894,894,894
852,852,852,852,852,852,852,852,852,852,852
802,799,798,798,798,798,798,798,798,798,798
746,746,746,746,746,746,746,746,746,746,746
688,684,684,684,684,684,684,684,684,684,684
626,626,626,626,626,626,626,626,626,626,626
562,559,559,559,559,559,559,559,559,559,559
498,498,498,498,498,498,498,498,498,498,498
434,431,431,431,431,431,431,431,431,431,431
371,371,371,371,371,371,371,371,371,371,371
311,308,308,308,307,307,307,307,307,307,307
253,253,253,253,253,253,253,253,253,253,253
200,197,197,197,197,197,197,197,196,196,196
151,151,151,151,151,151,151,151,151,151,151
109,106,106,106,106,105,105,105,105,105,105
72,72,72,72,72,72,72,72,72,72,72
43,40,40,40,40,40,40,40,40,39,39
21,21,21,21,21,21,21,21,21,21,21
6,3,3,3,3,3,3,3,3,3,3
0,0,0,0,0,0,0,0,0,0,0
2,0,0,0,0,0,0,0,0,0,0
11,11,11,11,11,11,11,11,11,11,11
29,26,26,26,26,26,26,26,26,26,26
54,54,54,54,54,54,54,54,54,54,54
86,83,84,84,84,84,84,84,84,84,84
126,126,126,126,126,126,126,126,126,126,126
171,168,168,168,168,168,168,168,168,168,168
221,221,221,221,221,221,221,221,221,221,221
277,274,274,274,274,274,274,274,274,274,274
335,335,335,335,335,335,335,335,335,335,335
397,394,394,394,394,394,394,394,395,395,395
460,460,460,460,460,460,460,460,460,460,460
525,522,522,522,522,522,522,522,522,522,522
589,589,589,589,589,589,589,589,589,589,589
652,649,649,649,649,649,649,649,649,649,649
712,712,712,712,712,712,712,712,712,712,712
770,767,767,767,767,767,767,767,767,767,767
823,823,823,823,823,823,823,823,823,823,823
871,869,869,869,869,869,869,869,869,869,869
914,914,914,914,914,914,914,914,914,914,914
951,948,948,948,948,948,948,948,948,948,948
980,980,980,980,980,980,980,980,980,980,980
1002,999,999,999,999,999,999,999,999,1000,1000
1017,1017,1017,1017,1017,1017,1017,1017,1017,1017,1017
1023,1020,1020,1020,1020,1020,1020,1020,1020,1020,1020
1021,1021,1021,1021,1021,1021,1021,1021,1021,1021,1021
1012,1009,1009,1009,1009,1009,1009,1009,1009,1009,1009
994,994,994,994,994,994,994,994,994,994,994
969,966,966,966,966,966,966,966,966,966,966
937,937,937,937,937,937,937,937,937,937,937
897,894,894,894,894,894,894,894,894,894,894
852,852,852,852,852,852,852,852,852,852,852
802,799,799,799,799,798,798,798,798,798,798
747,747,747,747,747,747,747,747,747,747,747
688,685,685,685,684,684,684,684,684,684,684
626,626,626,626,626,626,626,626,626,626,626
563,560,560,559,559,559,559,559,559,559,559
498,498,498,498,498,498,498,498,498,498,498
434,431,431,431,431,431,431,431,431,431,431
372,372,372,372,372,372,372,372,372,372,372
311,308,308,308,308,308,308,307,307,307,307
253,253,253,253,253,253,253,253,253,253,253
200,197,197,197,197,197,197,197,197,197,197
152,152,152,152,152,152,152,152,152,152,152
109,106,106,106,106,106,106,106,105,105,105
72,72,72,72,72,72,72,72,72,72,72
43,40,40,40,40,40,40,40,40,40,40
21,21,21,21,21,21,21,21,21,21,21
6,3,3,3,3,3,3,3,3,3,3
0,0,0,0,0,0,0,0,0,0,0
1,0,0,0,0,0,0,0,0,0,0
11,11,11,11,11,11,11,11,11,11,11
29,26,26,26,26,26,26,26,26,26,26
54,54,54,54,54,54,54,54,54,54,54
86,83,83,83,83,84,84,84,84,84,84
125,125,125,125,125,125,125,125,125,125,125
171,168,168,168,168,168,168,168,168,168,168
221,221,221,221,221,221,221,221,221,221,221
276,273,273,274,274,274,274,274,274,274,274
335,335,335,335,335,335,335,335,335,335,335
397,394,394,394,394,394,394,394,394,394,394
460,460,460,460,460,460,460,460,460,460,460
525,522,522,522,522,522,522,522,522,522,522
589,589,589,589,589,589,589,589,589,589,589
651,648,649,649,649,649,649,649,649,649,649
712,712,712,712,712,712,712,712,712,712,712
769,767,767,767,767,767,767,767,767,767,767
823,823,823,823,823,823,823,823,823,823,823
871,868,868,868,869,869,869,869,869,869,869
914,914,914,914,914,914,914,914,914,914,914
951,948,948,948,948,948,948,948,948,948,948
980,980,980,980,980,980,980,980,980,980,980
1002,999,999,999,999,999,999,999,999,999,999
1017,1017,1017,1017,1017,1017,1017,1017,1017,1017,1017
1023,1020,1020,1020,1020,1020,1020,1020,1020,1020,1020
1022,1022,1022,1022,1022,1022,1022,1022,1022,1022,1022
1012,1009,1009,1009,1009,1009,1009,1009,1009,1009,1009
994,994,994,994,994,994,994,994,994,994,994
969,966,966,966,966,966,966,966,966,966,966
937,937,937,937,937,937,937,937,937,937,937
898,895,895,894,894,894,894,894,894,894,894
852,852,852,852,852,852,852,852,852,852,852
802,799,799,799,799,799,799,799,798,798,798
747,747,747,747,747,747,747,747,747,747,747
688,685,685,685,685,685,685,684,684,684,684
626,626,626,626,626,626,626,626,626,626,626
563,560,560,560,560,560,559,559,559,559,559
499,499,499,499,499,499,499,499,499,499,499
435,431,431,431,431,431,431,431,431,431,431
372,372,372,372,372,372,372,372,372,372,372
311,308,308,308,308,308,308,308,308,308,307
254,254,254,254,254,254,254,254,254,254,254
200,197,197,197,197,197,197,197,197,197,197
152,152,152,152,152,152,152,152,152,152,152
109,106,106,106,106,106,106,106,106,106,106
72,72,72,72,72,72,72,72,72,72,72
43,40,40,40,40,40,40,40,40,40,40
21,21,21,21,21,21,21,21,21,21,21
6,3,3,3,3,3,3,3,3,3,3
0,0,0,0,0,0,0,0,0,0,0
1,0,0,0,0,0,0,0,0,0,0
11,11,11,11,11,11,11,11,11,11,11
29,26,26,26,26,26,26,26,26,26,26
54,54,54,54,54,54,54,54,54,54,54
86,83,83,83,83,83,83,83,84,84,84
125,125,125,125,125,125,125,125,125,125,125
170,168,168,168,168,168,168,168,168,168,168
221,221,221,221,221,221,221,221,221,221,221
276,273,273,273,273,273,274,274,274,274,274
335,335,335,335,335,335,335,335,335,335,335
397,394,394,394,394,394,394,394,394,394,394
460,460,460,460,460,460,460,460,460,460,460
524,521,521,522,522,522,522,522,522,522,522
588,588,588,588,588,588,588,588,588,588,588
651,648,648,648,648,649,649,649,649,649,649
712,712,712,712,712,712,712,712,712,712,712
769,766,766,766,767,767,767,767,767,767,767
823,823,823,823,823,823,823,823,823,823,823
871,868,868,868,868,868,868,869,869,869,869
914,914,914,914,914,914,914,914,914,914,914
951,948,948,948,948,948,948,948,948,948,948
980,980,980,980,980,980,980,980,980,980,980
1002,999,999,999,999,999,999,999,999,999,999
1017,1017,1017,1017,1017,1017,1017,1017,1017,1017,1017
1023,1020,1020,1020,1020,1020,1020,1020,1020,1020,1020
1022,1022,1022,1022,1022,1022,1022,1022,1022,1022,1022
1012,1009,1009,1009,1009,1009,1009,1009,1009,1009,1009
994,994,994,994,994,994,994,994,994,994,994
969,966,966,966,966,966,966,966,966,966,966
937,937,937,937,937,937,937,937,937,937,937
898,895,895,895,895,895,894,894,894,894,894
853,853,853,853,853,853,853,853,853,853,853
802,799,799,799,799,799,799,799,799,799,799
747,747,747,747,747,747,747,747,747,747,747
688,685,685,685,685,685,685,685,685,685,684
626,626,626,626,626,626,626,626,626,626,626
563,560,560,560,560,560,560,560,560,559,559
499,499,499,499,499,499,499,499,499,499,499
435,432,432,432,431,431,431,431,431,431,431
372,372,372,372,372,372,372,372,372,372,372
311,308,308,308,308,308,308,308,308,308,308
254,254,254,254,254,254,254,254,254,254,254
200,197,197,197,197,197,197,197,197,197,197
152,152,152,152,152,152,152,152,152,152,152
109,106,106,106,106,106,106,106,106,106,106
73,73,73,73,73,73,73,73,73,73,73
43,40,40,40,40,40,40,40,40,40,40
21,21,21,21,21,21,21,21,21,21,21
6,3,3,3,3,3,3,3,3,3,3
0,0,0,0,0,0,0,0,0,0,0
1,0,0,0,0,0,0,0,0,0,0
11,11,11,11,11,11,11,11,11,11,11
29,26,26,26,26,26,26,26,26,26,26
54,54,54,54,54,54,54,54,54,54,54
86,83,83,83,83,83,83,83,83,83,83
125,125,125,125,125,125,125,125,125,125,125
170,167,167,167,168,168,168,168,168,168,168
221,221,221,221,221,221,221,221,221,221,221
276,273,273,273,273,273,273,273,273,274,274
335,335,335,335,335,335,335,335,335,335,335
396,394,394,394,394,394,394,394,394,394,394
460,460,460,460,460,460,460,460,460,460,460
524,521,521,521,521,521,522,522,522,522,522
588,588,588,588,588,588,588,588,588,588,588
651,648,648,648,648,648,648,648,649,649,649
712,712,712,712,712,712,712,712,712,712,712
769,766,766,766,766,766,766,767,767,767,767
823,823,823,823,823,823,823,823,823,823,823
871,868,868,868,868,868,868,868,868,868,869
914,914,914,914,914,914,914,914,914,914,914
950,947,947,948,948,948,948,948,948,948,948
980,980,980,980,980,980,980,980,980,980,980
1002,999,999,999,999,999,999,999,999,999,999
1017,1017,1017,1017,1017,1017,1017,1017,1017,1017,1017
1023,1020,1020,1020,1020,1020,1020,1020,1020,1020,1020
1022,1022,1022,1022,1022,1022,1022,1022,1022,1022,1022
1012,1009,1009,1009,1009,1009,1009,1009,1009,1009,1009
994,994,994,994,994,994,994,994,994,994,994
969,966,966,966,966,966,966,966,966,966,966
937,937,937,937,937,937,937,937,937,937,937
898,895,895,895,895,895,895,895,895,894,894
853,853,853,853,853,853,853,853,853,853,853
802,799,799,799,799,799,799,799,799,799,799
747,747,747,747,747,747,747,747,747,747,747
688,685,685,685,685,685,685,685,685,685,685
627,627,627,627,627,627,627,627,627,627,627
563,560,560,560,560,560,560,560,560,560,560
499,499,499,499,499,499,499,499,499,499,499
435,432,432,432,432,432,432,431,431,431,431
372,372,372,372,372,372,372,372,372,372,372
311,308,308,308,308,308,308,308,308,308,308
254,254,254,254,254,254,254,254,254,254,254
201,197,197,197,197,197,197,197,197,197,197
152,152,152,152,152,152,152,152,152,152,152
109,106,106,106,106,106,106,106,106,106,106
73,73,73,73,73,73,73,73,73,73,73
43,40,40,40,40,40,40,40,40,40,40
21,21,21,21,21,21,21,21,21,21,21
6,3,3,3,3,3,3,3,3,3,3
0,0,0,0,0,0,0,0,0,0,0
1,0,0,0,0,0,0,0,0,0,0
11,11,11,11,11,11,11,11,11,11,11
29,26,26,26,26,26,26,26,26,26,26
54,54,54,54,54,54,54,54,54,54,54
86,83,83,83,83,83,83,83,83,83,83
125,125,125,125,125,125,125,125,125,125,125
170,167,167,167,167,167,167,168,168,168,168
221,221,221,221,221,221,221,221,221,221,221
276,273,273,273,273,273,273,273,273,273,273
335,335,335,335,335,335,335,335,335,335,335
396,393,393,393,394,394,394,394,394,394,394
460,460,460,460,460,460,460,460,460,460,460
524,521,521,521,521,521,521,521,521,522,522
588,588,588,588,588,588,588,588,588,588,588
651,648,648,648,648,648,648,648,648,648,648
711,711,711,711,711,711,711,711,711,711,711
769,766,766,766,766,766,766,766,766,766,767
822,822,822,822,822,822,822,822,822,822,822
871,868,868,868,868,868,868,868,868,868,868
914,914,914,914,914,914,914,914,914,914,914
950,947,947,947,947,947,948,948,948,948,948
980,980,980,980,980,980,980,980,980,980,980
1002,999,999,999,999,999,999,999,999,999,999
1017,1017,1017,1017,1017,1017,1017,1017,1017,1017,1017
1023,1020,1020,1020,1020,1020,1020,1020,1020,1020,1020
1022,1022,1022,1022,1022,1022,1022,1022,1022,1022,1022
1012,1009,1009,1009,1009,1009,1009,1009,1009,1009,1009
994,994,994,994,994,994,994,994,994,994,994
969,966,966,966,966,966,966,966,966,966,966
937,937,937,937,937,937,937,937,937,937,937
898,895,895,895,895,895,895,895,895,895,895
853,853,853,853,853,853,853,853,853,853,853
802,799,799,799,799,799,799,799,799,799,799
747,747,747,747,747,747,747,747,747,747,747
688,685,685,685,685,685,685,685,685,685,685
627,627,627,627,627,627,627,627,627,627,627
563,560,560,560,560,560,560,560,560,560,560
499,499,499,499,499,499,499,499,499,499,499
435,432,432,432,432,432,432,432,432,432,431
372,372,372,372,372,372,372,372,372,372,372
312,309,308,308,308,308,308,308,308,308,308
254,254,254,254,254,254,254,254,254,254,254
201,198,198,198,197,197,197,197,197,197,197
152,152,152,152,152,152,152,152,152,152,152
109,106,106,106,106,106,106,106,106,106,106
73,73,73,73,73,73,73,73,73,73,73
43,40,40,40,40,40,40,40,40,40,40
21,21,21,21,21,21,21,21,21,21,21
6,3,3,3,3,3,3,3,3,3,3
0,0,0,0,0,0,0,0,0,0,0
1,0,0,0,0,0,0,0,0,0,0
11,11,11,11,11,11,11,11,11,11,11
28,26,26,26,26,26,26,26,26,26,26
54,54,54,54,54,54,54,54,54,54,54
86,83,83,83,83,83,83,83,83,83,83
125,125,125,125,125,125,125,125,125,125,125
170,167,167,167,167,167,167,167,167,167,168
221,221,221,221,221,221,221,221,221,221,221
276,273,273,273,273,273,273,273,273,273,273
334,334,334,334,334,334,334,334,334,334,334
396,393,393,393,393,393,393,394,394,394,394
459,459,459,459,459,459,459,459,459,459,459
524,521,521,521,521,521,521,521,521,521,521
588,588,588,588,588,588,588,588,588,588,588
651,648,648,648,648,648,648,648,648,648,648
711,711,711,711,711,711,711,711,711,711,711
769,766,766,766,766,766,766,766,766,766,766
822,822,822,822,822,822,822,822,822,822,822
871,868,868,868,868,868,868,868,868,868,868
914,914,914,914,914,914,914,914,914,914,914
950,947,947,947,947,947,947,947,947,948,948
980,980,980,980,980,980,980,980,980,980,980
1002,999,999,999,999,999,999,999,999,999,999
1017,1017,1017,1017,1017,1017,1017,1017,1017,1017,1017
1023,1020,1020,1020,1020,1020,1020,1020,1020,1020,1020
1022,1022,1022,1022,1022,1022,1022,1022,1022,1022,1022
1012,1009,1009,1009,1009,1009,1009,1009,1009,1009,1009
995,995,995,995,995,995,995,995,995,995,995
969,966,966,966,966,966,966,966,966,966,966
937,937,937,937,937,937,937,937,937,937,937
898,895,895,895,895,895,895,895,895,895,895
853,853,853,853,853,853,853,853,853,853,853
803,799,799,799,799,799,799,799,799,799,799
747,747,747,747,747,747,747,747,747,747,747
689,686,686,685,685,685,685,685,685,685,685
627,627,627,627,627,627,627,627,627,627,627
564,561,560,560,560,560,560,560,560,560,560
499,499,499,499,499,499,499,499,499,499,499
435,432,432,432,432,432,432,432,432,432,432
372,372,372,372,372,372,372,372,372,372,372
312,309,309,309,309,309,308,308,308,308,308
254,254,254,254,254,254,254,254,254,254,254
201,198,198,198,198,198,198,197,197,197,197
152,152,152,152,152,152,152,152,152,152,152
109,106,106,106,106,106,106,106,106,106,106
73,73,73,73,73,73,73,73,73,73,73
43,40,40,40,40,40,40,40,40,40,40
21,21,21,21,21,21,21,21,21,21,21
6,3,3,3,3,3,3,3,3,3,3
0,0,0,0,0,0,0,0,0,0,0
1,0,0,0,0,0,0,0,0,0,0
11,11,11,11,11,11,11,11,11,11,11
28,25,25,25,26,26,26,26,26,26,26
53,53,53,53,53,53,53,53,53,53,53
86,83,83,83,83,83,83,83,83,83,83
125,125,125,125,125,125,125,125,125,125,125
170,167,167,167,167,167,167,167,167,167,167
220,220,220,220,220,220,220,220,220,220,220
275,273,273,273,273,273,273,273,273,273,273
334,334,334,334,334,334,334,334,334,334,334
396,393,393,393,393,393,393,393,393,393,394
459,459,459,459,459,459,459,459,459,459,459
524,521,521,521,521,521,521,521,521,521,521
588,588,588,588,588,588,588,588,588,588,588
650,648,648,648,648,648,648,648,648,648,648
711,711,711,711,711,711,711,711,711,711,711
769,766,766,766,766,766,766,766,766,766,766
822,822,822,822,822,822,822,822,822,822,822
871,868,868,868,868,868,868,868,868,868,868
914,914,914,914,914,914,914,914,914,914,914
950,947,947,947,947,947,947,947,947,947,947
980,980,980,980,980,980,980,980,980,980,980
1002,999,999,999,999,999,999,999,999,999,999
1017,1017,1017,1017,1017,1017,1017,1017,1017,1017,1017
1023,1020,1020,1020,1020,1020,1020,1020,1020,1020,1020
1022,1022,1022,1022,1022,1022,1022,1022,1022,1022,1022
1012,1009,1009,1009,1009,1009,1009,1009,1009,1009,1009
995,995,995,995,995,995,995,995,995,995,995
970,967,966,966,966,966,966,966,966,966,966
937,937,937,937,937,937,937,937,937,937,937
898,895,895,895,895,895,895,895,895,895,895
853,853,853,853,853,853,853,853,853,853,853
803,800,800,800,799,799,799,799,799,799,799
748,748,748,748,748,748,748,748,748,748,748
689,686,686,686,686,686,685,685,685,685,685
627,627,627,627,627,627,627,627,627,627,627
564,561,561,561,561,560,560,560,560,560,560
500,500,500,500,500,500,500,500,500,500,500
436,432,432,432,432,432,432,432,432,432,432
373,373,373,373,373,373,373,373,373,373,373
312,309,309,309,309,309,309,309,309,308,308
254,254,254,254,254,254,254,254,254,254,254
201,198,198,198,198,198,198,198,198,198,197
152,152,152,152,152,152,152,152,152,152,152
110,106,106,106,106,106,106,106,106,106,106
73,73,73,73,73,73,73,73,73,73,73
43,40,40,40,40,40,40,40,40,40,40
21,21,21,21,21,21,21,21,21,21,21
6,3,3,3,3,3,3,3,3,3,3
0,0,0,0,0,0,0,0,0,0,0
1,0,0,0,0,0,0,0,0,0,0
11,11,11,11,11,11,11,11,11,11,11
28,25,25,25,25,25,25,26,26,26,26
53,53,53,53,53,53,53,53,53,53,53
86,83,83,83,83,83,83,83,83,83,83
125,125,125,125,125,125,125,125,125,125,125
170,167,167,167,167,167,167,167,167,167,167
220,220,220,220,220,220,220,220,220,220,220
275,272,272,272,273,273,273,273,273,273,273
334,334,334,334,334,334,334,334,334,334,334
396,393,393,393,393,393,393,393,393,393,393
459,459,459,459,459,459,459,459,459,459,459
523,520,520,521,521,521,521,521,521,521,521
587,587,587,587,587,587,587,587,587,587,587
650,647,647,647,648,648,648,648,648,648,648
711,711,711,711,711,711,711,711,711,711,711
768,766,766,766,766,766,766,766,766,766,766
822,822,822,822,822,822,822,822,822,822,822
871,868,868,868,868,868,868,868,868,868,868
913,913,913,913,913,913,913,913,913,913,913
950,947,947,947,947,947,947,947,947,947,947
980,980,980,980,980,980,980,980,980,980,980
1002,999,999,999,999,999,999,999,999,999,999
1017,1017,1017,1017,1017,1017,1017,1017,1017,1017,1017
1023,1020,1020,1020,1020,1020,1020,1020,1020,1020,1020
1022,1022,1022,1022,1022,1022,1022,1022,1022,1022,1022
1012,1009,1009,1009,1009,1009,1009,1009,1009,1009,1009
995,995,995,995,995,995,995,995,995,995,995
970,967,967,967,967,966,966,966,966,966,966
937,937,937,937,937,937,937,937,937,937,937
898,895,895,895,895,895,895,895,895,895,895
853,853,853,853,853,853,853,853,853,853,853
803,800,800,800,800,800,800,799,799,799,799
748,748,748,748,748,748,748,748,748,748,748
689,686,686,686,686,686,686,686,686,685,685
627,627,627,627,627,627,627,627,627,627,627
564,561,561,561,561,561,561,561,560,560,560
500,500,500,500,500,500,500,500,500,500,500
436,433,433,433,432,432,432,432,432,432,432
373,373,373,373,373,373,373,373,373,373,373
312,309,309,309,309,309,309,309,309,309,309
255,255,255,255,255,255,255,255,255,255,255
201,198,198,198,198,198,198,198,198,198,198
153,153,153,153,153,153,153,153,153,153,153
110,107,107,107,106,106,106,106,106,106,106
73,73,73,73,73,73,73,73,73,73,73
43,40,40,40,40,40,40,40,40,40,40
21,21,21,21,21,21,21,21,21,21,21
7,3,3,3,3,3,3,3,3,3,3
0,0,0,0,0,0,0,0,0,0,0
1,0,0,0,0,0,0,0,0,0,0
11,11,11,11,11,11,11,11,11,11,11
28,25,25,25,25,25,25,25,25,25,26
53,53,53,53,53,53,53,53,53,53,53
86,83,83,83,83,83,83,83,83,83,83
125,125,125,125,125,125,125,125,125,125,125
170,167,167,167,167,167,167,167,167,167,167
220,220,220,220,220,220,220,220,220,220,220
275,272,272,272,272,272,272,273,273,273,273
334,334,334,334,334,334,334,334,334,334,334
395,393,393,393,393,393,393,393,393,393,393
459,459,459,459,459,459,459,459,459,459,459
523,520,520,520,520,520,521,521,521,521,521
587,587,587,587,587,587,587,587,587,587,587
650,647,647,647,647,647,647,648,648,648,648
711,711,711,711,711,711,711,711,711,711,711
768,765,765,765,766,766,766,766,766,766,766
822,822,822,822,822,822,822,822,822,822,822
870,867,867,868,868,868,868,868,868,868,868
913,913,913,913,913,913,913,913,913,913,913
950,947,947,947,947,947,947,947,947,947,947
980,980,980,980,980,980,980,980,980,980,980
1002,999,999,999,999,999,999,999,999,999,999
1016,1016,1016,1016,1016,1016,1016,1016,1016,1016,1016
1023,1020,1020,1020,1020,1020,1020,1020,1020,1020,1020
1022,1022,1022,1022,1022,1022,1022,1022,1022,1022,1022
1012,1009,1009,1009,1009,1009,1009,1009,1009,1009,1009
995,995,995,995,995,995,995,995,995,995,995
970,967,967,967,967,967,967,967,966,966,966
937,937,937,937,937,937,937,937,937,937,937
899,895,895,895,895,895,895,895,895,895,895
853,853,853,853,853,853,853,853,853,853,853
803,800,800,800,800,800,800,800,800,800,799
748,748,748,748,748,748,748,748,748,748,748
689,686,686,686,686,686,686,686,686,686,686
628,628,628,628,628,628,628,628,628,628,628
564,561,561,561,561,561,561,561,561,561,561
500,500,500,500,500,500,500,500,500,500,500
436,433,433,433,433,433,433,432,432,432,432
373,373,373,373,373,373,373,373,373,373,373
312,309,309,309,309,309,309,309,309,309,309
255,255,255,255,255,255,255,255,255,255,255
201,198,198,198,198,198,198,198,198,198,198
153,153,153,153,153,153,153,153,153,153,153
110,107,107,107,107,107,107,106,106,106,106
73,73,73,73,73,73,73,73,73,73,73
43,40,40,40,40,40,40,40,40,40,40
21,21,21,21,21,21,21,21,21,21,21
7,4,4,4,3,3,3,3,3,3,3
0,0,0,0,0,0,0,0,0,0,0
1,0,0,0,0,0,0,0,0,0,0
11,11,11,11,11,11,11,11,11,11,11
28,25,25,25,25,25,25,25,25,25,25
53,53,53,53,53,53,53,53,53,53,53
85,83,83,83,83,83,83,83,83,83,83
124,124,124,124,124,124,124,124,124,124,124
169,167,167,167,167,167,167,167,167,167,167
220,220,220,220,220,220,220,220,220,220,220
275,272,272,272,272,272,272,272,272,272,273
334,334,334,334,334,334,334,334,334,334,334
395,392,392,392,393,393,393,393,393,393,393
459,459,459,459,459,459,459,459,459,459,459
523,520,520,520,520,520,520,520,520,521,521
587,587,587,587,587,587,587,587,587,587,587
650,647,647,647,647,647,647,647,647,647,647
711,711,711,711,711,711,711,711,711,711,711
768,765,765,765,765,765,765,766,766,766,766
822,822,822,822,822,822,822,822,822,822,822
870,867,867,867,867,867,868,868,868,868,868
913,913,913,913,913,913,913,913,913,913,913
950,947,947,947,947,947,947,947,947,947,947
980,980,980,980,980,980,980,980,980,980,980
1002,999,999,999,999,999,999,999,999,999,999
1016,1016,1016,1016,1016,1016,1016,1016,1016,1016,1016
1023,1020,1020,1020,1020,1020,1020,1020,1020,1020,1020
1022,1022,1022,1022,1022,1022,1022,1022,1022,1022,1022
1012,1009,1009,1009,1009,1009,1009,1009,1009,1009,1009
995,995,995,995,995,995,995,995,995,995,995
970,967,967,967,967,967,967,967,967,967,967
938,938,938,938,938,938,938,938,938,938,938
899,896,896,896,895,895,895,895,895,895,895
854,854,854,854,854,854,854,854,854,854,854
803,800,800,800,800,800,800,800,800,800,800
748,748,748,748,748,748,748,748,748,748,748
689,686,686,686,686,686,686,686,686,686,686
628,628,628,628,628,628,628,628,628,628,628
564,561,561,561,561,561,561,561,561,561,561
500,500,500,500,500,500,500,500,500,500,500
436,433,433,433,433,433,433,433,433,433,432
373,373,373,373,373,373,373,373,373,373,373
313,309,309,309,309,309,309,309,309,309,309
255,255,255,255,255,255,255,255,255,255,255
201,198,198,198,198,198,198,198,198,198,198
153,153,153,153,153,153,153,153,153,153,153
110,107,107,107,107,107,107,107,107,107,106
73,73,73,73,73,73,73,73,73,73,73
44,40,40,40,40,40,40,40,40,40,40
21,21,21,21,21,21,21,21,21,21,21
7,4,4,4,4,4,4,3,3,3,3
0,0,0,0,0,0,0,0,0,0,0
1,0,0,0,0,0,0,0,0,0,0
11,11,11,11,11,11,11,11,11,11,11
28,25,25,25,25,25,25,25,25,25,25
53,53,53,53,53,53,53,53,53,53,53
85,82,82,82,82,83,83,83,83,83,83
124,124,124,124,124,124,124,124,124,124,124
169,166,166,166,167,167,167,167,167,167,167
220,220,220,220,220,220,220,220,220,220,220
275,272,272,272,272,272,272,272,272,272,272
334,334,334,334,334,334,334,334,334,334,334
395,392,392,392,392,392,392,393,393,393,393
459,459,459,459,459,459,459,459,459,459,459
523,520,520,520,520,520,520,520,520,520,520
587,587,587,587,587,587,587,587,587,587,587
650,647,647,647,647,647,647,647,647,647,647
710,710,710,710,710,710,710,710,710,710,710
768,765,765,765,765,765,765,765,765,765,766
821,821,821,821,821,821,821,821,821,821,821
870,867,867,867,867,867,867,867,867,868,868
913,913,913,913,913,913,913,913,913,913,913
950,947,947,947,947,947,947,947,947,947,947
979,979,979,979,979,979,979,979,979,979,979
1002,999,999,999,999,999,999,999,999,999,999
1016,1016,1016,1016,1016,1016,1016,1016,1016,1016,1016
1023,1020,1020,1020,1020,1020,1020,1020,1020,1020,1020
1022,1022,1022,1022,1022,1022,1022,1022,1022,1022,1022
1012,1009,1009,1009,1009,1009,1009,1009,1009,1009,1009
995,995,995,995,995,995,995,995,995,995,995
970,967,967,967,967,967,967,967,967,967,967
938,938,938,938,938,938,938,938,938,938,938
899,896,896,896,896,896,896,895,895,895,895
854,854,854,854,854,854,854,854,854,854,854
803,800,800,800,800,800,800,800,800,800,800
748,748,748,748,748,748,748,748,748,748,748
690,686,686,686,686,686,686,686,686,686,686
628,628,628,628,628,628,628,628,628,628,628
565,562,561,561,561,561,561,561,561,561,561
500,500,500,500,500,500,500,500,500,500,500
436,433,433,433,433,433,433,433,433,433,433
373,373,373,373,373,373,373,373,373,373,373
313,310,310,310,309,309,309,309,309,309,309
255,255,255,255,255,255,255,255,255,255,255
202,199,199,198,198,198,198,198,198,198,198
153,153,153,153,153,153,153,153,153,153,153
110,107,107,107,107,107,107,107,107,107,107
73,73,73,73,73,73,73,73,73,73,73
44,41,41,41,40,40,40,40,40,40,40
21,21,21,21,21,21,21,21,21,21,21
7,4,4,4,4,4,4,4,4,4,3
0,0,0,0,0,0,0,0,0,0,0
1,0,0,0,0,0,0,0,0,0,0
11,11,11,11,11,11,11,11,11,11,11
28,25,25,25,25,25,25,25,25,25,25
53,53,53,53,53,53,53,53,53,53,53
85,82,82,82,82,82,82,82,83,83,83
124,124,124,124,124,124,124,124,124,124,124
169,166,166,166,166,166,166,167,167,167,167
220,220,220,220,220,220,220,220,220,220,220
275,272,272,272,272,272,272,272,272,272,272
333,333,333,333,333,333,333,333,333,333,333
395,392,392,392,392,392,392,392,392,392,393
458,458,458,458,458,458,458,458,458,458,458
523,520,520,520,520,520,520,520,520,520,520
587,587,587,587,587,587,587,587,587,587,587
650,647,647,647,647,647,647,647,647,647,647
710,710,710,710,710,710,710,710,710,710,710
768,765,765,765,765,765,765,765,765,765,765
821,821,821,821,821,821,821,821,821,821,821
870,867,867,867,867,867,867,867,867,867,867
913,913,913,913,913,913,913,913,913,913,913
950,947,947,947,947,947,947,947,947,947,947
979,979,979,979,979,979,979,979,979,979,979
1002,999,999,999,999,999,999,999,999,999,999
1016,1016,1016,1016,1016,1016,1016,1016,1016,1016,1016
1023,1020,1020,1020,1020,1020,1020,1020,1020,1020,1020
1022,1022,1022,1022,1022,1022,1022,1022,1022,1022,1022
1012,1009,1009,1009,1009,1009,1009,1009,1009,1009,1009
995,995,995,995,995,995,995,995,995,995,995
970,967,967,967,967,967,967,967,967,967,967
938,938,938,938,938,938,938,938,938,938,938
899,896,896,896,896,896,896,896,896,896,895
854,854,854,854,854,854,854,854,854,854,854
803,800,800,800,800,800,800,800,800,800,800
748,748,748,748,748,748,748,748,748,748,748
690,687,687,687,686,686,686,686,686,686,686
628,628,628,628,628,628,628,628,628,628,628
565,562,562,562,562,561,561,561,561,561,561
501,501,501,501,501,501,501,501,501,501,501
436,433,433,433,433,433,433,433,433,433,433
374,374,374,374,374,374,374,374,374,374,374
313,310,310,310,310,310,310,309,309,309,309
255,255,255,255,255,255,255,255,255,255,255
202,199,199,199,199,199,198,198,198,198,198
153,153,153,153,153,153,153,153,153,153,153
110,107,107,107,107,107,107,107,107,107,107
73,73,73,73,73,73,73,73,73,73,73
44,41,41,41,41,41,41,40,40,40,40
21,21,21,21,21,21,21,21,21,21,21
7,4,4,4,4,4,4,4,4,4,4
0,0,0,0,0,0,0,0,0,0,0
1,0,0,0,0,0,0,0,0,0,0
11,11,11,11,11,11,11,11,11,11,11
28,25,25,25,25,25,25,25,25,25,25
53,53,53,53,53,53,53,53,53,53,53
85,82,82,82,82,82,82,82,82,82,82
124,124,124,124,124,124,124,124,124,124,124
169,166,166,166,166,166,166,166,166,166,167
219,219,219,219,219,219,219,219,219,219,219
274,271,272,272,272,272,272,272,272,272,272
333,333,333,333,333,333,333,333,333,333,333
395,392,392,392,392,392,392,392,392,392,392
458,458,458,458,458,458,458,458,458,458,458
522,519,519,520,520,520,520,520,520,520,520
586,586,586,586,586,586,586,586,586,586,586
649,646,646,646,647,647,647,647,647,647,647
710,710,710,710,710,710,710,710,710,710,710
768,765,765,765,765,765,765,765,765,765,765
821,821,821,821,821,821,821,821,821,821,821
870,867,867,867,867,867,867,867,867,867,867
913,913,913,913,913,913,913,913,913,913,913
950,947,947,947,947,947,947,947,947,947,947
979,979,979,979,979,979,979,979,979,979,979
1002,999,999,999,999,999,999,999,999,999,999
1016,1016,1016,1016,1016,1016,1016,1016,1016,1016,1016
1023,1020,1020,1020,1020,1020,1020,1020,1020,1020,1020
1022,1022,1022,1022,1022,1022,1022,1022,1022,1022,1022
1012,1009,1009,1009,1009,1009,1009,1009,1009,1009,1009
995,995,995,995,995,995,995,995,995,995,995
970,967,967,967,967,967,967,967,967,967,967
938,938,938,938,938,938,938,938,938,938,938
899,896,896,896,896,896,896,896,896,896,896
854,854,854,854,854,854,854,854,854,854,854
804,801,801,800,800,800,800,800,800,800,800
749,749,749,749,749,749,749,749,749,749,749
690,687,687,687,687,687,687,686,686,686,686
628,628,628,628,628,628,628,628,628,628,628
565,562,562,562,562,562,562,562,561,561,561
501,501,501,501,501,501,501,501,501,501,501
437,434,434,433,433,433,433,433,433,433,433
374,374,374,374,374,374,374,374,374,374,374
313,310,310,310,310,310,310,310,310,310,309
255,255,255,255,255,255,255,255,255,255,255
202,199,199,199,199,199,199,199,199,198,198
153,153,153,153,153,153,153,153,153,153,153
110,107,107,107,107,107,107,107,107,107,107
74,74,74,74,74,74,74,74,74,74,74
44,41,41,41,41,41,41,41,41,41,41
21,21,21,21,21,21,21,21,21,21,21
7,4,4,4,4,4,4,4,4,4,4
0,0,0,0,0,0,0,0,0,0,0
1,0,0,0,0,0,0,0,0,0,0
11,11,11,11,11,11,11,11,11,11,11
28,25,25,25,25,25,25,25,25,25,25
53,53,53,53,53,53,53,53,53,53,53
85,82,82,82,82,82,82,82,82,82,82
124,124,124,124,124,124,124,124,124,124,124
169,166,166,166,166,166,166,166,166,166,166
219,219,219,219,219,219,219,219,219,219,219
274,271,271,271,271,272,272,272,272,272,272
333,333,333,333,333,333,333,333,333,333,333
395,392,392,392,392,392,392,392,392,392,392
458,458,458,458,458,458,458,458,458,458,458
522,519,519,519,519,519,520,520,520,520,520
586,586,586,586,586,586,586,586,586,586,586
649,646,646,646,646,646,646,647,647,647,647
710,710,710,710,710,710,710,710,710,710,710
767,764,765,765,765,765,765,765,765,765,765
821,821,821,821,821,821,821,821,821,821,821
870,867,867,867,867,867,867,867,867,867,867
913,913,913,913,913,913,913,913,913,913,913
949,946,946,947,947,947,947,947,947,947,947
979,979,979,979,979,979,979,979,979,979,979
1002,999,999,999,999,999,999,999,999,999,999
1016,1016,1016,1016,1016,1016,1016,1016,1016,1016,1016
1023,1020,1020,1020,1020,1020,1020,1020,1020,1020,1020
1022,1022,1022,1022,1022,1022,1022,1022,1022,1022,1022
1012,1009,1009,1009,1009,1009,1009,1009,1009,1009,1009
995,995,995,995,995,995,995,995,995,995,995
970,967,967,967,967,967,967,967,967,967,967
938,938,938,938,938,938,938,938,938,938,938
899,896,896,896,896,896,896,896,896,896,896
854,854,854,854,854,854,854,854,854,854,854
804,801,801,801,801,801,801,800,800,800,800
749,749,749,749,749,749,749,749,749,749,749
690,687,687,687,687,687,687,687,687,687,687
629,629,629,629,629,629,629,629,629,629,629
565,562,562,562,562,562,562,562,562,562,562
501,501,501,501,501,501,501,501,501,501,501
437,434,434,434,434,434,433,433,433,433,433
374,374,374,374,374,374,374,374,374,374,374
313,310,310,310,310,310,310,310,310,310,310
256,256,256,256,256,256,256,256,256,256,256
202,199,199,199,199,199,199,199,199,199,199
153,153,153,153,153,153,153,153,153,153,153
110,107,107,107,107,107,107,107,107,107,107
74,74,74,74,74,74,74,74,74,74,74
44,41,41,41,41,41,41,41,41,41,41
21,21,21,21,21,21,21,21,21,21,21
7,4,4,4,4,4,4,4,4,4,4
0,0,0,0,0,0,0,0,0,0,0
1,0,0,0,0,0,0,0,0,0,0
11,11,11,11,11,11,11,11,11,11,11
28,25,25,25,25,25,25,25,25,25,25
53,53,53,53,53,53,53,53,53,53,53
85,82,82,82,82,82,82,82,82,82,82
124,124,124,124,124,124,124,124,124,124,124
169,166,166,166,166,166,166,166,166,166,166
219,219,219,219,219,219,219,219,219,219,219
274,271,271,271,271,271,271,271,272,272,272
333,333,333,333,333,333,333,333,333,333,333
394,391,391,392,392,392,392,392,392,392,392
458,458,458,458,458,458,458,458,458,458,458
522,519,519,519,519,519,519,519,519,520,520
586,586,586,586,586,586,586,586,586,586,586
649,646,646,646,646,646,646,646,646,646,647
710,710,710,710,710,710,710,710,710,710,710
767,764,764,764,764,765,765,765,765,765,765
821,821,821,821,821,821,821,821,821,821,821
870,867,867,867,867,867,867,867,867,867,867
913,913,913,913,913,913,913,913,913,913,913
949,946,946,946,946,946,946,947,947,947,947
979,979,979,979,979,979,979,979,979,979,979
1002,999,999,999,999,999,999,999,999,999,999
1016,1016,1016,1016,1016,1016,1016,1016,1016,1016,1016
1023,1020,1020,1020,1020,1020,1020,1020,1020,1020,1020
1022,1022,1022,1022,1022,1022,1022,1022,1022,1022,1022
1012,1009,1009,1009,1009,1009,1009,1009,1009,1009,1009
995,995,995,995,995,995,995,995,995,995,995
970,967,967,967,967,967,967,967,967,967,967
938,938,938,938,938,938,938,938,938,938,938
899,896,896,896,896,896,896,896,896,896,896
854,854,854,854,854,854,854,854,854,854,854
804,801,801,801,801,801,801,801,801,801,800
749,749,749,749,749,749,749,749,749,749,749
690,687,687,687,687,687,687,687,687,687,687
629,629,629,629,629,629,629,629,629,629,629
565,562,562,562,562,562,562,562,562,562,562
501,501,501,501,501,501,501,501,501,501,501
437,434,434,434,434,434,434,434,434,433,433
374,374,374,374,374,374,374,374,374,374,374
313,310,310,310,310,310,310,310,310,310,310
256,256,256,256,256,256,256,256,256,256,256
202,199,199,199,199,199,199,199,199,199,199
154,154,154,154,154,154,154,154,154,154,154
110,107,107,107,107,107,107,107,107,107,107
74,74,74,74,74,74,74,74,74,74,74
44,41,41,41,41,41,41,41,41,41,41
21,21,21,21,21,21,21,21,21,21,21
7,4,4,4,4,4,4,4,4,4,4
0,0,0,0,0,0,0,0,0,0,0
1,0,0,0,0,0,0,0,0,0,0
11,11,11,11,11,11,11,11,11,11,11
28,25,25,25,25,25,25,25,25,25,25
53,53,53,53,53,53,53,53,53,53,53
85,82,82,82,82,82,82,82,82,82,82
124,124,124,124,124,124,124,124,124,124,124
169,166,166,166,166,166,166,166,166,166,166
219,219,219,219,219,219,219,219,219,219,219
274,271,271,271,271,271,271,271,271,271,271
333,333,333,333,333,333,333,333,333,333,333
394,391,391,391,391,391,392,392,392,392,392
458,458,458,458,458,458,458,458,458,458,458
522,519,519,519,519,519,519,519,519,519,519
586,586,586,586,586,586,586,586,586,586,586
649,646,646,646,646,646,646,646,646,646,646
709,709,709,709,709,709,709,709,709,709,709
767,764,764,764,764,764,764,764,765,765,765
821,821,821,821,821,821,821,821,821,821,821
869,866,866,867,867,867,867,867,867,867,867
912,912,912,912,912,912,912,912,912,912,912
949,946,946,946,946,946,946,946,946,946,947
979,979,979,979,979,979,979,979,979,979,979
1002,999,999,999,999,999,999,999,999,999,999
1016,1016,1016,1016,1016,1016,1016,1016,1016,1016,1016
1023,1020,1020,1020,1020,1020,1020,1020,1020,1020,1020
1022,1022,1022,1022,1022,1022,1022,1022,1022,1022,1022
1012,1009,1009,1009,1009,1009,1009,1009,1009,1009,1009
995,995,995,995,995,995,995,995,995,995,995
970,967,967,967,967,967,967,967,967,967,967
938,938,938,938,938,938,938,938,938,938,938
899,896,896,896,896,896,896,896,896,896,896
854,854,854,854,854,854,854,854,854,854,854
804,801,801,801,801,801,801,801,801,801,801
749,749,749,749,749,749,749,749,749,749,749
690,687,687,687,687,687,687,687,687,687,687
629,629,629,629,629,629,629,629,629,629,629
566,562,562,562,562,562,562,562,562,562,562
501,501,501,501,501,501,501,501,501,501,501
437,434,434,434,434,434,434,434,434,434,434
374,374,374,374,374,374,374,374,374,374,374
314,311,310,310,310,310,310,310,310,310,310
256,256,256,256,256,256,256,256,256,256,256
202,199,199,199,199,199,199,199,199,199,199
154,154,154,154,154,154,154,154,154,154,154
111,108,108,107,107,107,107,107,107,107,107
74,74,74,74,74,74,74,74,74,74,74
44,41,41,41,41,41,41,41,41,41,41
22,22,22,22,22,22,22,22,22,22,22
7,4,4,4,4,4,4,4,4,4,4
0,0,0,0,0,0,0,0,0,0,0
1,0,0,0,0,0,0,0,0,0,0
11,11,11,11,11,11,11,11,11,11,11
28,25,25,25,25,25,25,25,25,25,25
53,53,53,53,53,53,53,53,53,53,53
85,82,82,82,82,82,82,82,82,82,82
124,124,124,124,124,124,124,124,124,124,124
168,165,166,166,166,166,166,166,166,166,166
219,219,219,219,219,219,219,219,219,219,219
274,271,271,271,271,271,271,271,271,271,271
332,332,332,332,332,332,332,332,332,332,332
394,391,391,391,391,391,391,391,391,392,392
457,457,457,457,457,457,457,457,457,457,457
522,519,519,519,519,519,519,519,519,519,519
586,586,586,586,586,586,586,586,586,586,586
649,646,646,646,646,646,646,646,646,646,646
709,709,709,709,709,709,709,709,709,709,709
767,764,764,764,764,764,764,764,764,764,764
821,821,821,821,821,821,821,821,821,821,821
869,866,866,866,866,866,867,867,867,867,867
912,912,912,912,912,912,912,912,912,912,912
949,946,946,946,946,946,946,946,946,946,946
979,979,979,979,979,979,979,979,979,979,979
1001,998,998,999,999,999,999,999,999,999,999
1016,1016,1016,1016,1016,1016,1016,1016,1016,1016,1016
1023,1020,1020,1020,1020,1020,1020,1020,1020,1020,1020
1022,1022,1022,1022,1022,1022,1022,1022,1022,1022,1022
1012,1009,1009,1009,1009,1009,1009,1009,1009,1009,1009
995,995,995,995,995,995,995,995,995,995,995
970,967,967,967,967,967,967,967,967,967,967
938,938,938,938,938,938,938,938,938,938,938
900,897,896,896,896,896,896,896,896,896,896
855,855,855,855,855,855,855,855,855,855,855
804,801,801,801,801,801,801,801,801,801,801
749,749,749,749,749,749,749,749,749,749,749
691,688,688,687,687,687,687,687,687,687,687
629,629,629,629,629,629,629,629,629,629,629
566,563,563,563,562,562,562,562,562,562,562
502,502,502,502,502,502,502,502,502,502,502
437,434,434,434,434,434,434,434,434,434,434
375,375,375,375,375,375,375,375,375,375,375
314,311,311,311,311,310,310,310,310,310,310
256,256,256,256,256,256,256,256,256,256,256
203,200,199,199,199,199,199,199,199,199,199
154,154,154,154,154,154,154,154,154,154,154
111,108,108,108,108,108,107,107,107,107,107
74,74,74,74,74,74,74,74,74,74,74
44,41,41,41,41,41,41,41,41,41,41
22,22,22,22,22,22,22,22,22,22,22
7,4,4,4,4,4,4,4,4,4,4
0,0,0,0,0,0,0,0,0,0,0
1,0,0,0,0,0,0,0,0,0,0
11,11,11,11,11,11,11,11,11,11,11
28,25,25,25,25,25,25,25,25,25,25
53,53,53,53,53,53,53,53,53,53,53
85,82,82,82,82,82,82,82,82,82,82
123,123,123,123,123,123,123,123,123,123,123
168,165,165,165,165,166,166,166,166,166,166
219,219,219,219,219,219,219,219,219,219,219
274,271,271,271,271,271,271,271,271,271,271
332,332,332,332,332,332,332,332,332,332,332
394,391,391,391,391,391,391,391,391,391,391
457,457,457,457,457,457,457,457,457,457,457
521,518,519,519,519,519,519,519,519,519,519
585,585,585,585,585,585,585,585,585,585,585
648,645,645,646,646,646,646,646,646,646,646
709,709,709,709,709,709,709,709,709,709,709
767,764,764,764,764,764,764,764,764,764,764
820,820,820,820,820,820,820,820,820,820,820
869,866,866,866,866,866,866,866,866,867,867
912,912,912,912,912,912,912,912,912,912,912
949,946,946,946,946,946,946,946,946,946,946
979,979,979,979,979,979,979,979,979,979,979
1001,998,998,998,998,998,999,999,999,999,999
1016,1016,1016,1016,1016,1016,1016,1016,1016,1016,1016
1023,1020,1020,1020,1020,1020,1020,1020,1020,1020,1020
1022,1022,1022,1022,1022,1022,1022,1022,1022,1022,1022
1012,1009,1009,1009,1009,1009,1009,1009,1009,1009,1009
995,995,995,995,995,995,995,995,995,995,995
971,967,967,967,967,967,967,967,967,967,967
938,938,938,938,938,938,938,938,938,938,938
900,897,897,897,897,896,896,896,896,896,896
855,855,855,855,855,855,855,855,855,855,855
804,801,801,801,801,801,801,801,801,801,801
750,750,750,750,750,750,750,750,750,750,750
691,688,688,688,688,688,687,687,687,687,687
629,629,629,629,629,629,629,629,629,629,629
566,563,563,563,563,563,563,563,562,562,562
502,502,502,502,502,502,502,502,502,502,502
438,435,435,434,434,434,434,434,434,434,434
375,375,375,375,375,375,375,375,375,375,375
314,311,311,311,311,311,311,311,310,310,310
256,256,256,256,256,256,256,256,256,256,256
203,200,200,200,200,199,199,199,199,199,199
154,154,154,154,154,154,154,154,154,154,154
111,108,108,108,108,108,108,108,108,107,107
74,74,74,74,74,74,74,74,74,74,74
44,41,41,41,41,41,41,41,41,41,41
22,22,22,22,22,22,22,22,22,22,22
7,4,4,4,4,4,4,4,4,4,4
0,0,0,0,0,0,0,0,0,0,0
1,0,0,0,0,0,0,0,0,0,0
10,10,10,10,10,10,10,10,10,10,10
28,25,25,25,25,25,25,25,25,25,25
52,52,52,52,52,52,52,52,52,52,52
84,82,82,82,82,82,82,82,82,82,82
123,123,123,123,123,123,123,123,123,123,123
168,165,165,165,165,165,165,165,166,166,166
218,218,218,218,218,218,218,218,218,218,218
273,270,270,271,271,271,271,271,271,271,271
332,332,332,332,332,332,332,332,332,332,332
394,391,391,391,391,391,391,391,391,391,391
457,457,457,457,457,457,457,457,457,457,457
521,518,518,518,518,519,519,519,519,519,519
585,585,585,585,585,585,585,585,585,585,585
648,645,645,645,645,645,646,646,646,646,646
709,709,709,709,709,709,709,709,709,709,709
767,764,764,764,764,764,764,764,764,764,764
820,820,820,820,820,820,820,820,820,820,820
869,866,866,866,866,866,866,866,866,866,866
912,912,912,912,912,912,912,912,912,912,912
949,946,946,946,946,946,946,946,946,946,946
979,979,979,979,979,979,979,979,979,979,979
1001,998,998,998,998,998,998,998,998,999,999
1016,1016,1016,1016,1016,1016,1016,1016,1016,1016,1016
1023,1020,1020,1020,1020,1020,1020,1020,1020,1020,1020
1022,1022,1022,1022,1022,1022,1022,1022,1022,1022,1022
1013,1010,1010,1009,1009,1009,1009,1009,1009,1009,1009
995,995,995,995,995,995,995,995,995,995,995
971,968,968,968,967,967,967,967,967,967,967
939,939,939,939,939,939,939,939,939,939,939
900,897,897,897,897,897,897,897,896,896,896
855,855,855,855,855,855,855,855,855,855,855
805,802,802,801,801,801,801,801,801,801,801
750,750,750,750,750,750,750,750,750,750,750
691,688,688,688,688,688,688,688,688,687,687
630,630,630,630,630,630,630,630,630,630,630
566,563,563,563,563,563,563,563,563,563,563
502,502,502,502,502,502,502,502,502,502,502
438,435,435,435,435,435,434,434,434,434,434
375,375,375,375,375,375,375,375,375,375,375
314,311,311,311,311,311,311,311,311,311,311
256,256,256,256,256,256,256,256,256,256,256
203,200,200,200,200,200,200,200,199,199,199
154,154,154,154,154,154,154,154,154,154,154
111,108,108,108,108,108,108,108,108,108,108
74,74,74,74,74,74,74,74,74,74,74
44,41,41,41,41,41,41,41,41,41,41
22,22,22,22,22,22,22,22,22,22,22
7,4,4,4,4,4,4,4,4,4,4
0,0,0,0,0,0,0,0,0,0,0
1,0,0,0,0,0,0,0,0,0,0
10,10,10,10,10,10,10,10,10,10,10
28,25,25,25,25,25,25,25,25,25,25
52,52,52,52,52,52,52,52,52,52,52
84,81,81,81,82,82,82,82,82,82,82
123,123,123,123,123,123,123,123,123,123,123
168,165,165,165,165,165,165,165,165,165,165
218,218,218,218,218,218,218,218,218,218,218
273,270,270,270,270,270,271,271,271,271,271
332,332,332,332,332,332,332,332,332,332,332
393,390,391,391,391,391,391,391,391,391,391
457,457,457,457,457,457,457,457,457,457,457
521,518,518,518,518,518,518,518,519,519,519
585,585,585,585,585,585,585,585,585,585,585
648,645,645,645,645,645,645,645,645,646,646
709,709,709,709,709,709,709,709,709,709,709
766,763,764,764,764,764,764,764,764,764,764
820,820,820,820,820,820,820,820,820,820,820
869,866,866,866,866,866,866,866,866,866,866
912,912,912,912,912,912,912,912,912,912,912
949,946,946,946,946,946,946,946,946,946,946
979,979,979,979,979,979,979,979,979,979,979
1001,998,998,998,998,998,998,998,998,998,998
1016,1016,1016,1016,1016,1016,1016,1016,1016,1016,1016
1023,1020,1020,1020,1020,1020,1020,1020,1020,1020,1020
1022,1022,1022,1022,1022,1022,1022,1022,1022,1022,1022
1013,1010,1010,1010,1010,1010,1009,1009,1009,1009,1009
995,995,995,995,995,995,995,995,995,995,995
971,968,968,968,968,968,968,967,967,967,967
939,939,939,939,939,939,939,939,939,939,939
900,897,897,897,897,897,897,897,897,897,897
855,855,855,855,855,855,855,855,855,855,855
805,802,802,802,802,802,801,801,801,801,801
750,750,750,750,750,750,750,750,750,750,750
691,688,688,688,688,688,688,688,688,688,688
630,630,630,630,630,630,630,630,630,630,630
566,563,563,563,563,563,563,563,563,563,563
502,502,502,502,502,502,502,502,502,502,502
438,435,435,435,435,435,435,435,435,434,434
375,375,375,375,375,375,375,375,375,375,375
314,311,311,311,311,311,311,311,311,311,311
257,257,257,257,257,257,257,257,257,257,257
203,200,200,200,200,200,200,200,200,200,200
154,154,154,154,154,154,154,154,154,154,154
111,108,108,108,108,108,108,108,108,108,108
74,74,74,74,74,74,74,74,74,74,74
44,41,41,41,41,41,41,41,41,41,41
22,22,22,22,22,22,22,22,22,22,22
7,4,4,4,4,4,4,4,4,4,4
0,0,0,0,0,0,0,0,0,0,0
1,0,0,0,0,0,0,0,0,0,0
10,10,10,10,10,10,10,10,10,10,10
28,25,25,25,25,25,25,25,25,25,25
52,52,52,52,52,52,52,52,52,52,52
84,81,81,81,81,81,81,82,82,82,82
123,123,123,123,123,123,123,123,123,123,123
168,165,165,165,165,165,165,165,165,165,165
218,218,218,218,218,218,218,218,218,218,218
273,270,270,270,270,270,270,270,270,271,271
332,332,332,332,332,332,332,332,332,332,332
393,390,390,390,390,391,391,391,391,391,391
457,457,457,457,457,457,457,457,457,457,457
521,518,518,518,518,518,518,518,518,518,518
585,585,585,585,585,585,585,585,585,585,585
648,645,645,645,645,645,645,645,645,645,645
709,709,709,709,709,709,709,709,709,709,709
766,763,763,763,763,764,764,764,764,764,764
820,820,820,820,820,820,820,820,820,820,820
869,866,866,866,866,866,866,866,866,866,866
912,912,912,912,912,912,912,912,912,912,912
949,946,946,946,946,946,946,946,946,946,946
979,979,979,979,979,979,979,979,979,979,979
1001,998,998,998,998,998,998,998,998,998,998
1016,1016,1016,1016,1016,1016,1016,1016,1016,1016,1016
1023,1020,1020,1020,1020,1020,1020,1020,1020,1020,1020
1022,1022,1022,1022,1022,1022,1022,1022,1022,1022,1022
1013,1010,1010,1010,1010,1010,1010,1010,1010,1009,1009
996,996,996,996,996,996,996,996,996,996,996
971,968,968,968,968,968,968,968,968,968,967
939,939,939,939,939,939,939,939,939,939,939
900,897,897,897,897,897,897,897,897,897,897
855,855,855,855,855,855,855,855,855,855,855
805,802,802,802,802,802,802,802,802,801,801
750,750,750,750,750,750,750,750,750,750,750
691,688,688,688,688,688,688,688,688,688,688
630,630,630,630,630,630,630,630,630,630,630
567,563,563,563,563,563,563,563,563,563,563
502,502,502,502,502,502,502,502,502,502,502
438,435,435,435,435,435,435,435,435,435,435
375,375,375,375,375,375,375,375,375,375,375
315,311,311,311,311,311,311,311,311,311,311
257,257,257,257,257,257,257,257,257,257,257
203,200,200,200,200,200,200,200,200,200,200
154,154,154,154,154,154,154,154,154,154,154
111,108,108,108,108,108,108,108,108,108,108
74,74,74,74,74,74,74,74,74,74,74
44,41,41,41,41,41,41,41,41,41,41
22,22,22,22,22,22,22,22,22,22,22
7,4,4,4,4,4,4,4,4,4,4
0,0,0,0,0,0,0,0,0,0,0
1,0,0,0,0,0,0,0,0,0,0
10,10,10,10,10,10,10,10,10,10,10
27,24,25,25,25,25,25,25,25,25,25
52,52,52,52,52,52,52,52,52,52,52
84,81,81,81,81,81,81,81,81,81,82
123,123,123,123,123,123,123,123,123,123,123
168,165,165,165,165,165,165,165,165,165,165
218,218,218,218,218,218,218,218,218,218,218
273,270,270,270,270,270,270,270,270,270,270
332,332,332,332,332,332,332,332,332,332,332
393,390,390,390,390,390,390,390,391,391,391
456,456,456,456,456,456,456,456,456,456,456
521,518,518,518,518,518,518,518,518,518,518
585,585,585,585,585,585,585,585,585,585,585
648,645,645,645,645,645,645,645,645,645,645
708,708,708,708,708,708,708,708,708,708,708
766,763,763,763,763,763,763,763,764,764,764
820,820,820,820,820,820,820,820,820,820,820
869,866,866,866,866,866,866,866,866,866,866
912,912,912,912,912,912,912,912,912,912,912
949,946,946,946,946,946,946,946,946,946,946
979,979,979,979,979,979,979,979,979,979,979
1001,998,998,998,998,998,998,998,998,998,998
1016,1016,1016,1016,1016,1016,1016,1016,1016,1016,1016
1023,1020,1020,1020,1020,1020,1020,1020,1020,1020,1020
1022,1022,1022,1022,1022,1022,1022,1022,1022,1022,1022
1013,1010,1010,1010,1010,1010,1010,1010,1010,1010,1010
996,996,996,996,996,996,996,996,996,996,996
971,968,968,968,968,968,968,968,968,968,968
939,939,939,939,939,939,939,939,939,939,939
900,897,897,897,897,897,897,897,897,897,897
855,855,855,855,855,855,855,855,855,855,855
805,802,802,802,802,802,802,802,802,802,802
750,750,750,750,750,750,750,750,750,750,750
692,689,688,688,688,688,688,688,688,688,688
630,630,630,630,630,630,630,630,630,630,630
567,564,564,564,563,563,563,563,563,563,563
503,503,503,503,503,503,503,503,503,503,503
438,435,435,435,435,435,435,435,435,435,435
375,375,375,375,375,375,375,375,375,375,375
315,312,312,312,311,311,311,311,311,311,311
257,257,257,257,257,257,257,257,257,257,257
203,200,200,200,200,200,200,200,200,200,200
155,155,155,155,155,155,155,155,155,155,155
111,108,108,108,108,108,108,108,108,108,108
74,74,74,74,74,74,74,74,74,74,74
44,41,41,41,41,41,41,41,41,41,41
22,22,22,22,22,22,22,22,22,22,22
7,4,4,4,4,4,4,4,4,4,4
0,0,0,0,0,0,0,0,0,0,0
1,0,0,0,0,0,0,0,0,0,0
10,10,10,10,10,10,10,10,10,10,10
27,24,24,24,24,24,25,25,25,25,25
52,52,52,52,52,52,52,52,52,52,52
84,81,81,81,81,81,81,81,81,81,81
123,123,123,123,123,123,123,123,123,123,123
168,165,165,165,165,165,165,165,165,165,165
218,218,218,218,218,218,218,218,218,218,218
273,270,270,270,270,270,270,270,270,270,270
331,331,331,331,331,331,331,331,331,331,331
393,390,390,390,390,390,390,390,390,390,390
456,456,456,456,456,456,456,456,456,456,456
520,517,518,518,518,518,518,518,518,518,518
584,584,584,584,584,584,584,584,584,584,584
647,644,645,645,645,645,645,645,645,645,645
708,708,708,708,708,708,708,708,708,708,708
766,763,763,763,763,763,763,763,763,763,763
820,820,820,820,820,820,820,820,820,820,820
868,865,865,866,866,866,866,866,866,866,866
912,912,912,912,912,912,912,912,912,912,912
948,946,946,946,946,946,946,946,946,946,946
978,978,978,978,978,978,978,978,978,978,978
1001,998,998,998,998,998,998,998,998,998,998
1016,1016,1016,1016,1016,1016,1016,1016,1016,1016,1016
1023,1020,1020,1020,1020,1020,1020,1020,1020,1020,1020
1022,1022,1022,1022,1022,1022,1022,1022,1022,1022,1022
1013,1010,1010,1010,1010,1010,1010,1010,1010,1010,1010
996,996,996,996,996,996,996,996,996,996,996
971,968,968,968,968,968,968,968,968,968,968
939,939,939,939,939,939,939,939,939,939,939
900,897,897,897,897,897,897,897,897,897,897
856,856,856,856,856,856,856,856,856,856,856
805,802,802,802,802,802,802,802,802,802,802
750,750,750,750,750,750,750,750,750,750,750
692,689,689,689,689,688,688,688,688,688,688
630,630,630,630,630,630,630,630,630,630,630
567,564,564,564,564,564,564,563,563,563,563
503,503,503,503,503,503,503,503,503,503,503
439,436,435,435,435,435,435,435,435,435,435
376,376,376,376,376,376,376,376,376,376,376
315,312,312,312,312,312,312,311,311,311,311
257,257,257,257,257,257,257,257,257,257,257
203,200,200,200,200,200,200,200,200,200,200
155,155,155,155,155,155,155,155,155,155,155
111,108,108,108,108,108,108,108,108,108,108
75,75,75,75,75,75,75,75,75,75,75
45,42,42,41,41,41,41,41,41,41,41
22,22,22,22,22,22,22,22,22,22,22
7,4,4,4,4,4,4,4,4,4,4
0,0,0,0,0,0,0,0,0,0,0
1,0,0,0,0,0,0,0,0,0,0
10,10,10,10,10,10,10,10,10,10,10
27,24,24,24,24,24,24,24,24,25,25
52,52,52,52,52,52,52,52,52,52,52
84,81,81,81,81,81,81,81,81,81,81
123,123,123,123,123,123,123,123,123,123,123
167,164,165,165,165,165,165,165,165,165,165
218,218,218,218,218,218,218,218,218,218,218
273,270,270,270,270,270,270,270,270,270,270
331,331,331,331,331,331,331,331,331,331,331
393,390,390,390,390,390,390,390,390,390,390
456,456,456,456,456,456,456,456,456,456,456
520,517,517,517,517,518,518,518,518,518,518
584,584,584,584,584,584,584,584,584,584,584
647,644,644,644,644,645,645,645,645,645,645
708,708,708,708,708,708,708,708,708,708,708
766,763,763,763,763,763,763,763,763,763,763
819,819,819,819,819,819,819,819,819,819,819
868,865,865,865,865,865,866,866,866,866,866
911,911,911,911,911,911,911,911,911,911,911
948,945,945,945,946,946,946,946,946,946,946
978,978,978,978,978,978,978,978,978,978,978
1001,998,998,998,998,998,998,998,998,998,998
1016,1016,1016,1016,1016,1016,1016,1016,1016,1016,1016
1023,1020,1020,1020,1020,1020,1020,1020,1020,1020,1020
1022,1022,1022,1022,1022,1022,1022,1022,1022,1022,1022
1013,1010,1010,1010,1010,1010,1010,1010,1010,1010,1010
996,996,996,996,996,996,996,996,996,996,996
971,968,968,968,968,968,968,968,968,968,968
939,939,939,939,939,939,939,939,939,939,939
900,897,897,897,897,897,897,897,897,897,897
856,856,856,856,856,856,856,856,856,856,856
805,802,802,802,802,802,802,802,802,802,802
751,751,751,751,751,751,751,751,751,751,751
692,689,689,689,689,689,689,689,688,688,688
630,630,630,630,630,630,630,630,630,630,630
567,564,564,564,564,564,564,564,564,564,563
503,503,503,503,503,503,503,503,503,503,503
439,436,436,436,436,435,435,435,435,435,435
376,376,376,376,376,376,376,376,376,376,376
315,312,312,312,312,312,312,312,312,312,311
257,257,257,257,257,257,257,257,257,257,257
204,201,201,200,200,200,200,200,200,200,200
155,155,155,155,155,155,155,155,155,155,155
112,109,109,108,108,108,108,108,108,108,108
75,75,75,75,75,75,75,75,75,75,75
45,42,42,42,42,42,41,41,41,41,41
22,22,22,22,22,22,22,22,22,22,22
7,4,4,4,4,4,4,4,4,4,4
0,0,0,0,0,0,0,0,0,0,0
1,0,0,0,0,0,0,0,0,0,0
10,10,10,10,10,10,10,10,10,10,10
27,24,24,24,24,24,24,24,24,24,24
52,52,52,52,52,52,52,52,52,52,52
84,81,81,81,81,81,81,81,81,81,81
122,122,122,122,122,122,122,122,122,122,122
167,164,164,164,164,165,165,165,165,165,165
217,217,217,217,217,217,217,217,217,217,217
272,269,269,270,270,270,270,270,270,270,270
331,331,331,331,331,331,331,331,331,331,331
392,389,390,390,390,390,390,390,390,390,390
456,456,456,456,456,456,456,456,456,456,456
520,517,517,517,517,517,517,517,518,518,518
584,584,584,584,584,584,584,584,584,584,584
647,644,644,644,644,644,644,644,645,645,645
708,708,708,708,708,708,708,708,708,708,708
766,763,763,763,763,763,763,763,763,763,763
819,819,819,819,819,819,819,819,819,819,819
868,865,865,865,865,865,865,865,865,866,866
911,911,911,911,911,911,911,911,911,911,911
948,945,945,945,945,945,945,946,946,946,946
978,978,978,978,978,978,978,978,978,978,978
1001,998,998,998,998,998,998,998,998,998,998
1016,1016,1016,1016,1016,1016,1016,1016,1016,1016,1016
1023,1020,1020,1020,1020,1020,1020,1020,1020,1020,1020
1022,1022,1022,1022,1022,1022,1022,1022,1022,1022,1022
1013,1010,1010,1010,1010,1010,1010,1010,1010,1010,1010
996,996,996,996,996,996,996,996,996,996,996
971,968,968,968,968,968,968,968,968,968,968
939,939,939,939,939,939,939,939,939,939,939
901,898,897,897,897,897,897,897,897,897,897
856,856,856,856,856,856,856,856,856,856,856
806,803,802,802,802,802,802,802,802,802,802
751,751,751,751,751,751,751,751,751,751,751
692,689,689,689,689,689,689,689,689,689,689
631,631,631,631,631,631,631,631,631,631,631
567,564,564,564,564,564,564,564,564,564,564
503,503,503,503,503,503,503,503,503,503,503
439,436,436,436,436,436,436,436,435,435,435
376,376,376,376,376,376,376,376,376,376,376
315,312,312,312,312,312,312,312,312,312,312
258,258,258,258,258,258,258,258,258,258,258
204,201,201,201,201,201,201,200,200,200,200
155,155,155,155,155,155,155,155,155,155,155
112,109,109,109,109,109,108,108,108,108,108
75,75,75,75,75,75,75,75,75,75,75
45,42,42,42,42,42,42,42,42,41,41
22,22,22,22,22,22,22,22,22,22,22
7,4,4,4,4,4,4,4,4,4,4
0,0,0,0,0,0,0,0,0,0,0
1,0,0,0,0,0,0,0,0,0,0
10,10,10,10,10,10,10,10,10,10,10
27,24,24,24,24,24,24,24,24,24,24
52,52,52,52,52,52,52,52,52,52,52
84,81,81,81,81,81,81,81,81,81,81
122,122,122,122,122,122,122,122,122,122,122
167,164,164,164,164,164,164,164,165,165,165
217,217,217,217,217,217,217,217,217,217,217
272,269,269,269,269,269,270,270,270,270,270
331,331,331,331,331,331,331,331,331,331,331
392,389,389,389,389,390,390,390,390,390,390
456,456,456,456,456,456,456,456,456,456,456
520,517,517,517,517,517,517,517,517,517,517
584,584,584,584,584,584,584,584,584,584,584
647,644,644,644,644,644,644,644,644,644,644
708,708,708,708,708,708,708,708,708,708,708
765,762,763,763,763,763,763,763,763,763,763
819,819,819,819,819,819,819,819,819,819,819
868,865,865,865,865,865,865,865,865,865,865
911,911,911,911,911,911,911,911,911,911,911
948,945,945,945,945,945,945,945,945,945,946
978,978,978,978,978,978,978,978,978,978,978
1001,998,998,998,998,998,998,998,998,998,998
1016,1016,1016,1016,1016,1016,1016,1016,1016,1016,1016
1023,1020,1020,1020,1020,1020,1020,1020,1020,1020,1020
1022,1022,1022,1022,1022,1022,1022,1022,1022,1022,1022
1013,1010,1010,1010,1010,1010,1010,1010,1010,1010,1010
996,996,996,996,996,996,996,996,996,996,996
971,968,968,968,968,968,968,968,968,968,968
939,939,939,939,939,939,939,939,939,939,939
901,898,898,898,898,897,897,897,897,897,897
856,856,856,856,856,856,856,856,856,856,856
806,803,803,803,803,802,802,802,802,802,802
751,751,751,751,751,751,751,751,751,751,751
692,689,689,689,689,689,689,689,689,689,689
631,631,631,631,631,631,631,631,631,631,631
568,564,564,564,564,564,564,564,564,564,564
503,503,503,503,503,503,503,503,503,503,503
439,436,436,436,436,436,436,436,436,436,436
376,376,376,376,376,376,376,376,376,376,376
315,312,312,312,312,312,312,312,312,312,312
258,258,258,258,258,258,258,258,258,258,258
204,201,201,201,201,201,201,201,201,201,200
155,155,155,155,155,155,155,155,155,155,155
112,109,109,109,109,109,109,109,109,108,108
75,75,75,75,75,75,75,75,75,75,75
45,42,42,42,42,42,42,42,42,42,42
22,22,22,22,22,22,22,22,22,22,22
7,4,4,4,4,4,4,4,4,4,4
0,0,0,0,0,0,0,0,0,0,0
1,0,0,0,0,0,0,0,0,0,0
10,10,10,10,10,10,10,10,10,10,10
27,24,24,24,24,24,24,24,24,24,24
52,52,52,52,52,52,52,52,52,52,52
84,81,81,81,81,81,81,81,81,81,81
122,122,122,122,122,122,122,122,122,122,122
167,164,164,164,164,164,164,164,164,164,164
217,217,217,217,217,217,217,217,217,217,217
272,269,269,269,269,269,269,269,269,270,270
331,331,331,331,331,331,331,331,331,331,331
392,389,389,389,389,389,389,389,390,390,390
455,455,455,455,455,455,455,455,455,455,455
520,517,517,517,517,517,517,517,517,517,517
584,584,584,584,584,584,584,584,584,584,584
647,644,644,644,644,644,644,644,644,644,644
707,707,707,707,707,707,707,707,707,707,707
765,762,762,762,762,763,763,763,763,763,763
819,819,819,819,819,819,819,819,819,819,819
868,865,865,865,865,865,865,865,865,865,865
911,911,911,911,911,911,911,911,911,911,911
948,945,945,945,945,945,945,945,945,945,945
978,978,978,978,978,978,978,978,978,978,978
1001,998,998,998,998,998,998,998,998,998,998
1016,1016,1016,1016,1016,1016,1016,1016,1016,1016,1016
1023,1020,1020,1020,1020,1020,1020,1020,1020,1020,1020
1022,1022,1022,1022,1022,1022,1022,1022,1022,1022,1022
1013,1010,1010,1010,1010,1010,1010,1010,1010,1010,1010
996,996,996,996,996,996,996,996,996,996,996
971,968,968,968,968,968,968,968,968,968,968
939,939,939,939,939,939,939,939,939,939,939
901,898,898,898,898,898,898,898,897,897,897
856,856,856,856,856,856,856,856,856,856,856
806,803,803,803,803,803,803,803,802,802,802
751,751,751,751,751,751,751,751,751,751,751
692,689,689,689,689,689,689,689,689,689,689
631,631,631,631,631,631,631,631,631,631,631
568,565,565,565,564,564,564,564,564,564,564
503,503,503,503,503,503,503,503,503,503,503
439,436,436,436,436,436,436,436,436,436,436
376,376,376,376,376,376,376,376,376,376,376
316,313,312,312,312,312,312,312,312,312,312
258,258,258,258,258,258,258,258,258,258,258
204,201,201,201,201,201,201,201,201,201,201
155,155,155,155,155,155,155,155,155,155,155
112,109,109,109,109,109,109,109,109,109,109
75,75,75,75,75,75,75,75,75,75,75
45,42,42,42,42,42,42,42,42,42,42
22,22,22,22,22,22,22,22,22,22,22
7,4,4,4,4,4,4,4,4,4,4
0,0,0,0,0,0,0,0,0,0,0
1,0,0,0,0,0,0,0,0,0,0
10,10,10,10,10,10,10,10,10,10,10
27,24,24,24,24,24,24,24,24,24,24
52,52,52,52,52,52,52,52,52,52,52
84,81,81,81,81,81,81,81,81,81,81
122,122,122,122,122,122,122,122,122,122,122
167,164,164,164,164,164,164,164,164,164,164
217,217,217,217,217,217,217,217,217,217,217
272,269,269,269,269,269,269,269,269,269,269
330,330,330,330,330,330,330,330,330,330,330
392,389,389,389,389,389,389,389,389,389,389
455,455,455,455,455,455,455,455,455,455,455
519,516,517,517,517,517,517,517,517,517,517
584,584,584,584,584,584,584,584,584,584,584
646,644,644,644,644,644,644,644,644,644,644
707,707,707,707,707,707,707,707,707,707,707
765,762,762,762,762,762,762,762,762,763,763
819,819,819,819,819,819,819,819,819,819,819
868,865,865,865,865,865,865,865,865,865,865
911,911,911,911,911,911,911,911,911,911,911
948,945,945,945,945,945,945,945,945,945,945
978,978,978,978,978,978,978,978,978,978,978
1001,998,998,998,998,998,998,998,998,998,998
1016,1016,1016,1016,1016,1016,1016,1016,1016,1016,1016
1023,1020,1020,1020,1020,1020,1020,1020,1020,1020,1020
1022,1022,1022,1022,1022,1022,1022,1022,1022,1022,1022
1013,1010,1010,1010,1010,1010,1010,1010,1010,1010,1010
996,996,996,996,996,996,996,996,996,996,996
971,968,968,968,968,968,968,968,968,968,968
940,940,940,940,940,940,940,940,940,940,940
901,898,898,898,898,898,898,898,898,898,898
856,856,856,856,856,856,856,856,856,856,856
806,803,803,803,803,803,803,803,803,803,803
751,751,751,751,751,751,751,751,751,751,751
693,690,690,689,689,689,689,689,689,689,689
631,631,631,631,631,631,631,631,631,631,631
568,565,565,565,565,565,565,564,564,564,564
504,504,504,504,504,504,504,504,504,504,504
440,437,436,436,436,436,436,436,436,436,436
377,377,377,377,377,377,377,377,377,377,377
316,313,313,313,313,312,312,312,312,312,312
258,258,258,258,258,258,258,258,258,258,258
204,201,201,201,201,201,201,201,201,201,201
155,155,155,155,155,155,155,155,155,155,155
112,109,109,109,109,109,109,109,109,109,109
75,75,75,75,75,75,75,75,75,75,75
45,42,42,42,42,42,42,42,42,42,42
22,22,22,22,22,22,22,22,22,22,22
7,4,4,4,4,4,4,4,4,4,4
0,0,0,0,0,0,0,0,0,0,0
1,0,0,0,0,0,0,0,0,0,0
10,10,10,10,10,10,10,10,10,10,10
27,24,24,24,24,24,24,24,24,24,24
52,52,52,52,52,52,52,52,52,52,52
83,80,80,81,81,81,81,81,81,81,81
122,122,122,122,122,122,122,122,122,122,122
167,164,164,164,164,164,164,164,164,164,164
217,217,217,217,217,217,217,217,217,217,217
272,269,269,269,269,269,269,269,269,269,269
330,330,330,330,330,330,330,330,330,330,330
392,389,389,389,389,389,389,389,389,389,389
455,455,455,455,455,455,455,455,455,455,455
519,516,516,516,516,517,517,517,517,517,517
583,583,583,583,583,583,583,583,583,583,583
646,643,643,643,644,644,644,644,644,644,644
707,707,707,707,707,707,707,707,707,707,707
765,762,762,762,762,762,762,762,762,762,762
819,819,819,819,819,819,819,819,819,819,819
868,865,865,865,865,865,865,865,865,865,865
911,911,911,911,911,911,911,911,911,911,911
948,945,945,945,945,945,945,945,945,945,945
978,978,978,978,978,978,978,978,978,978,978
1001,998,998,998,998,998,998,998,998,998,998
1016,1016,1016,1016,1016,1016,1016,1016,1016,1016,1016
1023,1020,1020,1020,1020,1020,1020,1020,1020,1020,1020
1022,1022,1022,1022,1022,1022,1022,1022,1022,1022,1022
1013,1010,1010,1010,1010,1010,1010,1010,1010,1010,1010
996,996,996,996,996,996,996,996,996,996,996
971,968,968,968,968,968,968,968,968,968,968
940,940,940,940,940,940,940,940,940,940,940
901,898,898,898,898,898,898,898,898,898,898
856,856,856,856,856,856,856,856,856,856,856
806,803,803,803,803,803,803,803,803,803,803
751,751,751,751,751,751,751,751,751,751,751
693,690,690,690,690,690,690,689,689,689,689
631,631,631,631,631,631,631,631,631,631,631
568,565,565,565,565,565,565,565,565,565,564
504,504,504,504,504,504,504,504,504,504,504
440,437,437,437,437,436,436,436,436,436,436
377,377,377,377,377,377,377,377,377,377,377
316,313,313,313,313,313,313,313,312,312,312
258,258,258,258,258,258,258,258,258,258,258
204,201,201,201,201,201,201,201,201,201,201
156,156,156,156,156,156,156,156,156,156,156
112,109,109,109,109,109,109,109,109,109,109
75,75,75,75,75,75,75,75,75,75,75
45,42,42,42,42,42,42,42,42,42,42
22,22,22,22,22,22,22,22,22,22,22
7,4,4,4,4,4,4,4,4,4,4
0,0,0,0,0,0,0,0,0,0,0
1,0,0,0,0,0,0,0,0,0,0
10,10,10,10,10,10,10,10,10,10,10
27,24,24,24,24,24,24,24,24,24,24
51,51,51,51,51,51,51,51,51,51,51
83,80,80,80,80,80,81,81,81,81,81
122,122,122,122,122,122,122,122,122,122,122
167,164,164,164,164,164,164,164,164,164,164
217,217,217,217,217,217,217,217,217,217,217
271,269,269,269,269,269,269,269,269,269,269
330,330,330,330,330,330,330,330,330,330,330
391,389,389,389,389,389,389,389,389,389,389
455,455,455,455,455,455,455,455,455,455,455
519,516,516,516,516,516,516,516,517,517,517
583,583,583,583,583,583,583,583,583,583,583
646,643,643,643,643,643,643,644,644,644,644
707,707,707,707,707,707,707,707,707,707,707
765,762,762,762,762,762,762,762,762,762,762
818,818,818,818,818,818,818,818,818,818,818
867,864,865,865,865,865,865,865,865,865,865
911,911,911,911,911,911,911,911,911,911,911
948,945,945,945,945,945,945,945,945,945,945
978,978,978,978,978,978,978,978,978,978,978
1001,998,998,998,998,998,998,998,998,998,998
1016,1016,1016,1016,1016,1016,1016,1016,1016,1016,1016
1023,1020,1020,1020,1020,1020,1020,1020,1020,1020,1020
1022,1022,1022,1022,1022,1022,1022,1022,1022,1022,1022
1013,1010,1010,1010,1010,1010,1010,1010,1010,1010,1010
996,996,996,996,996,996,996,996,996,996,996
972,969,968,968,968,968,968,968,968,968,968
940,940,940,940,940,940,940,940,940,940,940
901,898,898,898,898,898,898,898,898,898,898
857,857,857,857,857,857,857,857,857,857,857
806,803,803,803,803,803,803,803,803,803,803
752,752,752,752,752,752,752,752,752,752,752
693,690,690,690,690,690,690,690,690,690,689
632,632,632,632,632,632,632,632,632,632,632
568,565,565,565,565,565,565,565,565,565,565
504,504,504,504,504,504,504,504,504,504,504
440,437,437,437,437,437,437,437,436,436,436
377,377,377,377,377,377,377,377,377,377,377
316,313,313,313,313,313,313,313,313,313,313
258,258,258,258,258,258,258,258,258,258,258
205,202,201,201,201,201,201,201,201,201,201
156,156,156,156,156,156,156,156,156,156,156
112,109,109,109,109,109,109,109,109,109,109
75,75,75,75,75,75,75,75,75,75,75
45,42,42,42,42,42,42,42,42,42,42
22,22,22,22,22,22,22,22,22,22,22
7,4,4,4,4,4,4,4,4,4,4
0,0,0,0,0,0,0,0,0,0,0
1,0,0,0,0,0,0,0,0,0,0
10,10,10,10,10,10,10,10,10,10,10
27,24,24,24,24,24,24,24,24,24,24
51,51,51,51,51,51,51,51,51,51,51
83,80,80,80,80,80,80,80,80,81,81
122,122,122,122,122,122,122,122,122,122,122
166,163,164,164,164,164,164,164,164,164,164
217,217,217,217,217,217,217,217,217,217,217
271,268,268,268,269,269,269,269,269,269,269
330,330,330,330,330,330,330,330,330,330,330
391,388,388,388,389,389,389,389,389,389,389
455,455,455,455,455,455,455,455,455,455,455
519,516,516,516,516,516,516,516,516,516,516
583,583,583,583,583,583,583,583,583,583,583
646,643,643,643,643,643,643,643,643,643,644
707,707,707,707,707,707,707,707,707,707,707
765,762,762,762,762,762,762,762,762,762,762
818,818,818,818,818,818,818,818,818,818,818
867,864,864,864,864,865,865,865,865,865,865
911,911,911,911,911,911,911,911,911,911,911
948,945,945,945,945,945,945,945,945,945,945
978,978,978,978,978,978,978,978,978,978,978
1001,998,998,998,998,998,998,998,998,998,998
1016,1016,1016,1016,1016,1016,1016,1016,1016,1016,1016
1023,1020,1020,1020,1020,1020,1020,1020,1020,1020,1020
1022,1022,1022,1022,1022,1022,1022,1022,1022,1022,1022
1013,1010,1010,1010,1010,1010,1010,1010,1010,1010,1010
996,996,996,996,996,996,996,996,996,996,996
972,969,969,969,969,968,968,968,968,968,968
940,940,940,940,940,940,940,940,940,940,940
901,898,898,898,898,898,898,898,898,898,898
857,857,857,857,857,857,857,857,857,857,857
807,803,803,803,803,803,803,803,803,803,803
752,752,752,752,752,752,752,752,752,752,752
693,690,690,690,690,690,690,690,690,690,690
632,632,632,632,632,632,632,632,632,632,632
568,565,565,565,565,565,565,565,565,565,565
504,504,504,504,504,504,504,504,504,504,504
440,437,437,437,437,437,437,437,437,437,437
377,377,377,377,377,377,377,377,377,377,377
316,313,313,313,313,313,313,313,313,313,313
259,259,259,259,259,259,259,259,259,259,259
205,202,202,202,202,201,201,201,201,201,201
156,156,156,156,156,156,156,156,156,156,156
112,109,109,109,109,109,109,109,109,109,109
75,75,75,75,75,75,75,75,75,75,75
45,42,42,42,42,42,42,42,42,42,42
22,22,22,22,22,22,22,22,22,22,22
7,4,4,4,4,4,4,4,4,4,4
0,0,0,0,0,0,0,0,0,0,0
1,0,0,0,0,0,0,0,0,0,0
10,10,10,10,10,10,10,10,10,10,10
27,24,24,24,24,24,24,24,24,24,24
51,51,51,51,51,51,51,51,51,51,51
83,80,80,80,80,80,80,80,80,80,80
122,122,122,122,122,122,122,122,122,122,122
166,163,163,163,163,163,164,164,164,164,164
216,216,216,216,216,216,216,216,216,216,216
271,268,268,268,268,268,268,269,269,269,269
330,330,330,330,330,330,330,330,330,330,330
391,388,388,388,388,388,388,389,389,389,389
454,454,454,454,454,454,454,454,454,454,454
519,516,516,516,516,516,516,516,516,516,516
583,583,583,583,583,583,583,583,583,583,583
646,643,643,643,643,643,643,643,643,643,643
707,707,707,707,707,707,707,707,707,707,707
764,761,761,762,762,762,762,762,762,762,762
818,818,818,818,818,818,818,818,818,818,818
867,864,864,864,864,864,864,864,865,865,865
910,910,910,910,910,910,910,910,910,910,910
948,945,945,945,945,945,945,945,945,945,945
978,978,978,978,978,978,978,978,978,978,978
1001,998,998,998,998,998,998,998,998,998,998
1016,1016,1016,1016,1016,1016,1016,1016,1016,1016,1016
1023,1020,1020,1020,1020,1020,1020,1020,1020,1020,1020
1022,1022,1022,1022,1022,1022,1022,1022,1022,1022,1022
1013,1010,1010,1010,1010,1010,1010,1010,1010,1010,1010
996,996,996,996,996,996,996,996,996,996,996
972,969,969,969,969,969,969,969,968,968,968
940,940,940,940,940,940,940,940,940,940,940
901,898,898,898,898,898,898,898,898,898,898
857,857,857,857,857,857,857,857,857,857,857
807,804,804,804,804,803,803,803,803,803,803
752,752,752,752,752,752,752,752,752,752,752
693,690,690,690,690,690,690,690,690,690,690
632,632,632,632,632,632,632,632,632,632,632
569,566,566,565,565,565,565,565,565,565,565
504,504,504,504,504,504,504,504,504,504,504
440,437,437,437,437,437,437,437,437,437,437
377,377,377,377,377,377,377,377,377,377,377
317,313,313,313,313,313,313,313,313,313,313
259,259,259,259,259,259,259,259,259,259,259
205,202,202,202,202,202,202,202,201,201,201
156,156,156,156,156,156,156,156,156,156,156
113,110,109,109,109,109,109,109,109,109,109
75,75,75,75,75,75,75,75,75,75,75
45,42,42,42,42,42,42,42,42,42,42
22,22,22,22,22,22,22,22,22,22,22
7,4,4,4,4,4,4,4,4,4,4
0,0,0,0,0,0,0,0,0,0,0
1,0,0,0,0,0,0,0,0,0,0
10,10,10,10,10,10,10,10,10,10,10
27,24,24,24,24,24,24,24,24,24,24
51,51,51,51,51,51,51,51,51,51,51
83,80,80,80,80,80,80,80,80,80,80
121,121,121,121,121,121,121,121,121,121,121
166,163,163,163,163,163,163,163,163,164,164
216,216,216,216,216,216,216,216,216,216,216
271,268,268,268,268,268,268,268,268,268,269
329,329,329,329,329,329,329,329,329,329,329
391,388,388,388,388,388,388,388,388,388,389
454,454,454,454,454,454,454,454,454,454,454
518,515,516,516,516,516,516,516,516,516,516
583,583,583,583,583,583,583,583,583,583,583
646,643,643,643,643,643,643,643,643,643,643
706,706,706,706,706,706,706,706,706,706,706
764,761,761,761,761,761,762,762,762,762,762
818,818,818,818,818,818,818,818,818,818,818
867,864,864,864,864,864,864,864,864,864,864
910,910,910,910,910,910,910,910,910,910,910
947,944,945,945,945,945,945,945,945,945,945
978,978,978,978,978,978,978,978,978,978,978
1001,998,998,998,998,998,998,998,998,998,998
1016,1016,1016,1016,1016,1016,1016,1016,1016,1016,1016
1023,1020,1020,1020,1020,1020,1020,1020,1020,1020,1020
1022,1022,1022,1022,1022,1022,1022,1022,1022,1022,1022
1013,1010,1010,1010,1010,1010,1010,1010,1010,1010,1010
996,996,996,996,996,996,996,996,996,996,996
972,969,969,969,969,969,969,969,969,969,969
940,940,940,940,940,940,940,940,940,940,940
902,899,899,898,898,898,898,898,898,898,898
857,857,857,857,857,857,857,857,857,857,857
807,804,804,804,804,804,804,804,803,803,803
752,752,752,752,752,752,752,752,752,752,752
694,691,690,690,690,690,690,690,690,690,690
632,632,632,632,632,632,632,632,632,632,632
569,566,566,566,566,566,565,565,565,565,565
505,505,505,505,505,505,505,505,505,505,505
441,437,437,437,437,437,437,437,437,437,437
378,378,378,378,378,378,378,378,378,378,378
317,314,314,314,313,313,313,313,313,313,313
259,259,259,259,259,259,259,259,259,259,259
205,202,202,202,202,202,202,202,202,202,202
156,156,156,156,156,156,156,156,156,156,156
113,110,110,110,110,109,109,109,109,109,109
76,76,76,76,76,76,76,76,76,76,76
45,42,42,42,42,42,42,42,42,42,42
23,23,23,23,23,23,23,23,23,23,23
7,4,4,4,4,4,4,4,4,4,4
0,0,0,0,0,0,0,0,0,0,0
1,0,0,0,0,0,0,0,0,0,0
10,10,10,10,10,10,10,10,10,10,10
27,24,24,24,24,24,24,24,24,24,24
51,51,51,51,51,51,51,51,51,51,51
83,80,80,80,80,80,80,80,80,80,80
121,121,121,121,121,121,121,121,121,121,121
166,163,163,163,163,163,163,163,163,163,163
216,216,216,216,216,216,216,216,216,216,216
271,268,268,268,268,268,268,268,268,268,268
329,329,329,329,329,329,329,329,329,329,329
391,388,388,388,388,388,388,388,388,388,388
454,454,454,454,454,454,454,454,454,454,454
518,515,515,515,515,516,516,516,516,516,516
582,582,582,582,582,582,582,582,582,582,582
645,642,642,643,643,643,643,643,643,643,643
706,706,706,706,706,706,706,706,706,706,706
764,761,761,761,761,761,761,761,761,762,762
818,818,818,818,818,818,818,818,818,818,818
867,864,864,864,864,864,864,864,864,864,864
910,910,910,910,910,910,910,910,910,910,910
947,944,944,944,944,945,945,945,945,945,945
978,978,978,978,978,978,978,978,978,978,978
1000,997,998,998,998,998,998,998,998,998,998
1016,1016,1016,1016,1016,1016,1016,1016,1016,1016,1016
1023,1020,1020,1020,1020,1020,1020,1020,1020,1020,1020
1022,1022,1022,1022,1022,1022,1022,1022,1022,1022,1022
1013,1010,1010,1010,1010,1010,1010,1010,1010,1010,1010
996,996,996,996,996,996,996,996,996,996,996
972,969,969,969,969,969,969,969,969,969,969
940,940,940,940,940,940,940,940,940,940,940
902,899,899,899,899,899,898,898,898,898,898
857,857,857,857,857,857,857,857,857,857,857
807,804,804,804,804,804,804,804,804,804,804
752,752,752,752,752,752,752,752,752,752,752
694,691,691,691,691,690,690,690,690,690,690
632,632,632,632,632,632,632,632,632,632,632
569,566,566,566,566,566,566,566,566,565,565
505,505,505,505,505,505,505,505,505,505,505
441,438,438,438,437,437,437,437,437,437,437
378,378,378,378,378,378,378,378,378,378,378
317,314,314,314,314,314,314,313,313,313,313
259,259,259,259,259,259,259,259,259,259,259
205,202,202,202,202,202,202,202,202,202,202
156,156,156,156,156,156,156,156,156,156,156
113,110,110,110,110,110,110,110,109,109,109
76,76,76,76,76,76,76,76,76,76,76
45,42,42,42,42,42,42,42,42,42,42
23,23,23,23,23,23,23,23,23,23,23
7,4,4,4,4,4,4,4,4,4,4
0,0,0,0,0,0,0,0,0,0,0
1,0,0,0,0,0,0,0,0,0,0
10,10,10,10,10,10,10,10,10,10,10
27,24,24,24,24,24,24,24,24,24,24
51,51,51,51,51,51,51,51,51,51,51
83,80,80,80,80,80,80,80,80,80,80
121,121,121,121,121,121,121,121,121,121,121
166,163,163,163,163,163,163,163,163,163,163
216,216,216,216,216,216,216,216,216,216,216
271,268,268,268,268,268,268,268,268,268,268
329,329,329,329,329,329,329,329,329,329,329
391,388,388,388,388,388,388,388,388,388,388
454,454,454,454,454,454,454,454,454,454,454
518,515,515,515,515,515,515,515,516,516,516
582,582,582,582,582,582,582,582,582,582,582
645,642,642,642,642,642,643,643,643,643,643
706,706,706,706,706,706,706,706,706,706,706
764,761,761,761,761,761,761,761,761,761,761
818,818,818,818,818,818,818,818,818,818,818
867,864,864,864,864,864,864,864,864,864,864
910,910,910,910,910,910,910,910,910,910,910
947,944,944,944,944,944,944,944,945,945,945
978,978,978,978,978,978,978,978,978,978,978
1000,997,997,997,997,998,998,998,998,998,998
1016,1016,1016,1016,1016,1016,1016,1016,1016,1016,1016
1023,1020,1020,1020,1020,1020,1020,1020,1020,1020,1020
1022,1022,1022,1022,1022,1022,1022,1022,1022,1022,1022
1013,1010,1010,1010,1010,1010,1010,1010,1010,1010,1010
996,996,996,996,996,996,996,996,996,996,996
972,969,969,969,969,969,969,969,969,969,969
940,940,940,940,940,940,940,940,940,940,940
902,899,899,899,899,899,899,899,899,898,898
857,857,857,857,857,857,857,857,857,857,857
807,804,804,804,804,804,804,804,804,804,804
752,752,752,752,752,752,752,752,752,752,752
694,691,691,691,691,691,691,691,690,690,690
633,633,633,633,633,633,633,633,633,633,633
569,566,566,566,566,566,566,566,566,566,566
505,505,505,505,505,505,505,505,505,505,505
441,438,438,438,438,438,438,437,437,437,437
378,378,378,378,378,378,378,378,378,378,378
317,314,314,314,314,314,314,314,314,314,313
259,259,259,259,259,259,259,259,259,259,259
205,202,202,202,202,202,202,202,202,202,202
156,156,156,156,156,156,156,156,156,156,156
113,110,110,110,110,110,110,110,110,110,110
76,76,76,76,76,76,76,76,76,76,76
46,43,42,42,42,42,42,42,42,42,42
23,23,23,23,23,23,23,23,23,23,23
7,4,4,4,4,4,4,4,4,4,4
0,0,0,0,0,0,0,0,0,0,0
1,0,0,0,0,0,0,0,0,0,0
10,10,10,10,10,10,10,10,10,10,10
27,24,24,24,24,24,24,24,24,24,24
51,51,51,51,51,51,51,51,51,51,51
83,80,80,80,80,80,80,80,80,80,80
121,121,121,121,121,121,121,121,121,121,121
166,163,163,163,163,163,163,163,163,163,163
216,216,216,216,216,216,216,216,216,216,216
270,267,268,268,268,268,268,268,268,268,268
329,329,329,329,329,329,329,329,329,329,329
390,387,387,388,388,388,388,388,388,388,388
454,454,454,454,454,454,454,454,454,454,454
518,515,515,515,515,515,515,515,515,515,515
582,582,582,582,582,582,582,582,582,582,582
645,642,642,642,642,642,642,642,642,643,643
706,706,706,706,706,706,706,706,706,706,706
764,761,761,761,761,761,761,761,761,761,761
818,818,818,818,818,818,818,818,818,818,818
867,864,864,864,864,864,864,864,864,864,864
910,910,910,910,910,910,910,910,910,910,910
947,944,944,944,944,944,944,944,944,944,944
977,977,977,977,977,977,977,977,977,977,977
1000,997,997,997,997,997,997,997,998,998,998
1016,1016,1016,1016,1016,1016,1016,1016,1016,1016,1016
1023,1020,1020,1020,1020,1020,1020,1020,1020,1020,1020
1022,1022,1022,1022,1022,1022,1022,1022,1022,1022,1022
1013,1010,1010,1010,1010,1010,1010,1010,1010,1010,1010
996,996,996,996,996,996,996,996,996,996,996
972,969,969,969,969,969,969,969,969,969,969
940,940,940,940,940,940,940,940,940,940,940
902,899,899,899,899,899,899,899,899,899,899
857,857,857,857,857,857,857,857,857,857,857
807,804,804,804,804,804,804,804,804,804,804
753,753,753,753,753,753,753,753,753,753,753
694,691,691,691,691,691,691,691,691,691,691
633,633,633,633,633,633,633,633,633,633,633
569,566,566,566,566,566,566,566,566,566,566
505,505,505,505,505,505,505,505,505,505,505
441,438,438,438,438,438,438,438,438,438,438
378,378,378,378,378,378,378,378,378,378,378
317,314,314,314,314,314,314,314,314,314,314
259,259,259,259,259,259,259,259,259,259,259
206,202,202,202,202,202,202,202,202,202,202
157,157,157,157,157,157,157,157,157,157,157
113,110,110,110,110,110,110,110,110,110,110
76,76,76,76,76,76,76,76,76,76,76
46,43,43,43,43,42,42,42,42,42,42
23,23,23,23,23,23,23,23,23,23,23
7,4,4,4,4,4,4,4,4,4,4
0,0,0,0,0,0,0,0,0,0,0
1,0,0,0,0,0,0,0,0,0,0
10,10,10,10,10,10,10,10,10,10,10
27,24,24,24,24,24,24,24,24,24,24
51,51,51,51,51,51,51,51,51,51,51
83,80,80,80,80,80,80,80,80,80,80
121,121,121,121,121,121,121,121,121,121,121
166,163,163,163,163,163,163,163,163,163,163
216,216,216,216,216,216,216,216,216,216,216
270,267,267,267,267,268,268,268,268,268,268
329,329,329,329,329,329,329,329,329,329,329
390,387,387,387,387,387,388,388,388,388,388
453,453,453,453,453,453,453,453,453,453,453
518,515,515,515,515,515,515,515,515,515,515
582,582,582,582,582,582,582,582,582,582,582
645,642,642,642,642,642,642,642,642,642,642
706,706,706,706,706,706,706,706,706,706,706
764,761,761,761,761,761,761,761,761,761,761
817,817,817,817,817,817,817,817,817,817,817
866,863,864,864,864,864,864,864,864,864,864
910,910,910,910,910,910,910,910,910,910,910
947,944,944,944,944,944,944,944,944,944,944
977,977,977,977,977,977,977,977,977,977,977
1000,997,997,997,997,997,997,997,997,997,997
1016,1016,1016,1016,1016,1016,1016,1016,1016,1016,1016
1023,1020,1020,1020,1020,1020,1020,1020,1020,1020,1020
1022,1022,1022,1022,1022,1022,1022,1022,1022,1022,1022
1013,1010,1010,1010,1010,1010,1010,1010,1010,1010,1010
997,997,997,997,997,997,997,997,997,997,997
972,969,969,969,969,969,969,969,969,969,969
941,941,941,941,941,941,941,941,941,941,941
902,899,899,899,899,899,899,899,899,899,899
858,858,858,858,858,858,858,858,858,858,858
808,804,804,804,804,804,804,804,804,804,804
753,753,753,753,753,753,753,753,753,753,753
694,691,691,691,691,691,691,691,691,691,691
633,633,633,633,633,633,633,633,633,633,633
570,567,567,566,566,566,566,566,566,566,566
505,505,505,505,505,505,505,505,505,505,505
441,438,438,438,438,438,438,438,438,438,438
378,378,378,378,378,378,378,378,378,378,378
317,314,314,314,314,314,314,314,314,314,314
260,260,260,260,260,260,260,260,260,260,260
206,203,203,203,202,202,202,202,202,202,202
157,157,157,157,157,157,157,157,157,157,157
113,110,110,110,110,110,110,110,110,110,110
76,76,76,76,76,76,76,76,76,76,76
46,43,43,43,43,43,43,43,42,42,42
23,23,23,23,23,23,23,23,23,23,23
7,4,4,4,4,4,4,4,4,4,4
0,0,0,0,0,0,0,0,0,0,0
1,0,0,0,0,0,0,0,0,0,0
10,10,10,10,10,10,10,10,10,10,10
26,23,23,24,24,24,24,24,24,24,24
51,51,51,51,51,51,51,51,51,51,51
82,79,80,80,80,80,80,80,80,80,80
121,121,121,121,121,121,121,121,121,121,121
165,162,162,163,163,163,163,163,163,163,163
215,215,215,215,215,215,215,215,215,215,215
270,267,267,267,267,267,267,267,268,268,268
329,329,329,329,329,329,329,329,329,329,329
390,387,387,387,387,387,387,387,387,388,388
453,453,453,453,453,453,453,453,453,453,453
517,515,515,515,515,515,515,515,515,515,515
582,582,582,582,582,582,582,582,582,582,582
645,642,642,642,642,642,642,642,642,642,642
705,705,705,705,705,705,705,705,705,705,705
763,760,760,761,761,761,761,761,761,761,761
817,817,817,817,817,817,817,817,817,817,817
866,863,863,863,863,864,864,864,864,864,864
910,910,910,910,910,910,910,910,910,910,910
947,944,944,944,944,944,944,944,944,944,944
977,977,977,977,977,977,977,977,977,977,977
1000,997,997,997,997,997,997,997,997,997,997
1016,1016,1016,1016,1016,1016,1016,1016,1016,1016,1016
1023,1020,1020,1020,1020,1020,1020,1020,1020,1020,1020
1022,1022,1022,1022,1022,1022,1022,1022,1022,1022,1022
1013,1010,1010,1010,1010,1010,1010,1010,1010,1010,1010
997,997,997,997,997,997,997,997,997,997,997
972,969,969,969,969,969,969,969,969,969,969
941,941,941,941,941,941,941,941,941,941,941
902,899,899,899,899,899,899,899,899,899,899
858,858,858,858,858,858,858,858,858,858,858
808,805,805,805,804,804,804,804,804,804,804
753,753,753,753,753,753,753,753,753,753,753
695,691,691,691,691,691,691,691,691,691,691
633,633,633,633,633,633,633,633,633,633,633
570,567,567,567,567,567,566,566,566,566,566
506,506,506,506,506,506,506,506,506,506,506
442,438,438,438,438,438,438,438,438,438,438
379,379,379,379,379,379,379,379,379,379,379
318,315,314,314,314,314,314,314,314,314,314
260,260,260,260,260,260,260,260,260,260,260
206,203,203,203,203,203,203,202,202,202,202
157,157,157,157,157,157,157,157,157,157,157
113,110,110,110,110,110,110,110,110,110,110
76,76,76,76,76,76,76,76,76,76,76
46,43,43,43,43,43,43,43,43,43,43
23,23,23,23,23,23,23,23,23,23,23
8,5,4,4,4,4,4,4,4,4,4
0,0,0,0,0,0,0,0,0,0,0
1,0,0,0,0,0,0,0,0,0,0
10,10,10,10,10,10,10,10,10,10,10
26,23,23,23,23,23,24,24,24,24,24
51,51,51,51,51,51,51,51,51,51,51
82,79,79,79,79,80,80,80,80,80,80
121,121,121,121,121,121,121,121,121,121,121
165,162,162,162,162,162,163,163,163,163,163
215,215,215,215,215,215,215,215,215,215,215
270,267,267,267,267,267,267,267,267,267,267
328,328,328,328,328,328,328,328,328,328,328
390,387,387,387,387,387,387,387,387,387,387
453,453,453,453,453,453,453,453,453,453,453
517,514,514,514,515,515,515,515,515,515,515
581,581,581,581,581,581,581,581,581,581,581
644,641,642,642,642,642,642,642,642,642,642
705,705,705,705,705,705,705,705,705,705,705
763,760,760,760,760,760,761,761,761,761,761
817,817,817,817,817,817,817,817,817,817,817
866,863,863,863,863,863,863,863,864,864,864
910,910,910,910,910,910,910,910,910,910,910
947,944,944,944,944,944,944,944,944,944,944
977,977,977,977,977,977,977,977,977,977,977
1000,997,997,997,997,997,997,997,997,997,997
1015,1015,1015,1015,1015,1015,1015,1015,1015,1015,1015
1023,1020,1020,1020,1020,1020,1020,1020,1020,1020,1020
1022,1022,1022,1022,1022,1022,1022,1022,1022,1022,1022
1013,1010,1010,1010,1010,1010,1010,1010,1010,1010,1010
997,997,997,997,997,997,997,997,997,997,997
972,969,969,969,969,969,969,969,969,969,969
941,941,941,941,941,941,941,941,941,941,941
902,899,899,899,899,899,899,899,899,899,899
858,858,858,858,858,858,858,858,858,858,858
808,805,805,805,805,805,805,804,804,804,804
753,753,753,753,753,753,753,753,753,753,753
695,692,692,692,691,691,691,691,691,691,691
633,633,633,633,633,633,633,633,633,633,633
570,567,567,567,567,567,567,567,567,566,566
506,506,506,506,506,506,506,506,506,506,506
442,439,439,439,438,438,438,438,438,438,438
379,379,379,379,379,379,379,379,379,379,379
318,315,315,315,315,314,314,314,314,314,314
260,260,260,260,260,260,260,260,260,260,260
206,203,203,203,203,203,203,203,203,203,202
157,157,157,157,157,157,157,157,157,157,157
113,110,110,110,110,110,110,110,110,110,110
76,76,76,76,76,76,76,76,76,76,76
46,43,43,43,43,43,43,43,43,43,43
23,23,23,23,23,23,23,23,23,23,23
8,5,5,5,5,4,4,4,4,4,4
0,0,0,0,0,0,0,0,0,0,0
1,0,0,0,0,0,0,0,0,0,0
10,10,10,10,10,10,10,10,10,10,10
26,23,23,23,23,23,23,23,23,24,24
51,51,51,51,51,51,51,51,51,51,51
82,79,79,79,79,79,79,79,80,80,80
121,121,121,121,121,121,121,121,121,121,121
165,162,162,162,162,162,162,162,162,163,163
215,215,215,215,215,215,215,215,215,215,215
270,267,267,267,267,267,267,267,267,267,267
328,328,328,328,328,328,328,328,328,328,328
390,387,387,387,387,387,387,387,387,387,387
453,453,453,453,453,453,453,453,453,453,453
517,514,514,514,514,514,514,515,515,515,515
581,581,581,581,581,581,581,581,581,581,581
644,641,641,641,641,642,642,642,642,642,642
705,705,705,705,705,705,705,705,705,705,705
763,760,760,760,760,760,760,760,760,761,761
817,817,817,817,817,817,817,817,817,817,817
866,863,863,863,863,863,863,863,863,863,863
910,910,910,910,910,910,910,910,910,910,910
947,944,944,944,944,944,944,944,944,944,944
977,977,977,977,977,977,977,977,977,977,977
1000,997,997,997,997,997,997,997,997,997,997
1015,1015,1015,1015,1015,1015,1015,1015,1015,1015,1015
1023,1020,1020,1020,1020,1020,1020,1020,1020,1020,1020
1022,1022,1022,1022,1022,1022,1022,1022,1022,1022,1022
1013,1010,1010,1010,1010,1010,1010,1010,1010,1010,1010
997,997,997,997,997,997,997,997,997,997,997
972,969,969,969,969,969,969,969,969,969,969
941,941,941,941,941,941,941,941,941,941,941
902,899,899,899,899,899,899,899,899,899,899
858,858,858,858,858,858,858,858,858,858,858
808,805,805,805,805,805,805,805,805,805,804
753,753,753,753,753,753,753,753,753,753,753
695,692,692,692,692,692,692,691,691,691,691
634,634,634,634,634,634,634,634,634,634,634
570,567,567,567,567,567,567,567,567,567,567
506,506,506,506,506,506,506,506,506,506,506
442,439,439,439,439,439,439,438,438,438,438
379,379,379,379,379,379,379,379,379,379,379
318,315,315,315,315,315,315,315,314,314,314
260,260,260,260,260,260,260,260,260,260,260
206,203,203,203,203,203,203,203,203,203,203
157,157,157,157,157,157,157,157,157,157,157
114,111,110,110,110,110,110,110,110,110,110
76,76,76,76,76,76,76,76,76,76,76
46,43,43,43,43,43,43,43,43,43,43
23,23,23,23,23,23,23,23,23,23,23
8,5,5,5,5,5,5,5,4,4,4
0,0,0,0,0,0,0,0,0,0,0
1,0,0,0,0,0,0,0,0,0,0
10,10,10,10,10,10,10,10,10,10,10
26,23,23,23,23,23,23,23,23,23,23
51,51,51,51,51,51,51,51,51,51,51
82,79,79,79,79,79,79,79,79,79,79
120,120,120,120,120,120,120,120,120,120,120
165,162,162,162,162,162,162,162,162,162,162
215,215,215,215,215,215,215,215,215,215,215
270,267,267,267,267,267,267,267,267,267,267
328,328,328,328,328,328,328,328,328,328,328
389,386,387,387,387,387,387,387,387,387,387
453,453,453,453,453,453,453,453,453,453,453
517,514,514,514,514,514,514,514,514,514,515
581,581,581,581,581,581,581,581,581,581,581
644,641,641,641,641,641,641,641,642,642,642
705,705,705,705,705,705,705,705,705,705,705
763,760,760,760,760,760,760,760,760,760,760
817,817,817,817,817,817,817,817,817,817,817
866,863,863,863,863,863,863,863,863,863,863
909,909,909,909,909,909,909,909,909,909,909
947,944,944,944,944,944,944,944,944,944,944
977,977,977,977,977,977,977,977,977,977,977
1000,997,997,997,997,997,997,997,997,997,997
1015,1015,1015,1015,1015,1015,1015,1015,1015,1015,1015
1023,1020,1020,1020,1020,1020,1020,1020,1020,1020,1020
1022,1022,1022,1022,1022,1022,1022,1022,1022,1022,1022
1013,1010,1010,1010,1010,1010,1010,1010,1010,1010,1010
997,997,997,997,997,997,997,997,997,997,997
972,969,969,969,969,969,969,969,969,969,969
941,941,941,941,941,941,941,941,941,941,941
903,900,900,899,899,899,899,899,899,899,899
858,858,858,858,858,858,858,858,858,858,858
808,805,805,805,805,805,805,805,805,805,805
754,754,754,754,754,754,754,754,754,754,754
695,692,692,692,692,692,692,692,692,692,691
634,634,634,634,634,634,634,634,634,634,634
570,567,567,567,567,567,567,567,567,567,567
506,506,506,506,506,506,506,506,506,506,506
442,439,439,439,439,439,439,439,439,439,438
379,379,379,379,379,379,379,379,379,379,379
318,315,315,315,315,315,315,315,315,315,315
260,260,260,260,260,260,260,260,260,260,260
206,203,203,203,203,203,203,203,203,203,203
157,157,157,157,157,157,157,157,157,157,157
114,111,111,111,111,110,110,110,110,110,110
76,76,76,76,76,76,76,76,76,76,76
46,43,43,43,43,43,43,43,43,43,43
23,23,23,23,23,23,23,23,23,23,23
8,5,5,5,5,5,5,5,5,5,5
0,0,0,0,0,0,0,0,0,0,0
1,0,0,0,0,0,0,0,0,0,0
10,10,10,10,10,10,10,10,10,10,10
26,23,23,23,23,23,23,23,23,23,23
50,50,50,50,50,50,50,50,50,50,50
82,79,79,79,79,79,79,79,79,79,79
120,120,120,120,120,120,120,120,120,120,120
165,162,162,162,162,162,162,162,162,162,162
215,215,215,215,215,215,215,215,215,215,215
269,266,267,267,267,267,267,267,267,267,267
328,328,328,328,328,328,328,328,328,328,328
389,386,386,386,386,387,387,387,387,387,387
452,452,452,452,452,452,452,452,452,452,452
517,514,514,514,514,514,514,514,514,514,514
581,581,581,581,581,581,581,581,581,581,581
644,641,641,641,641,641,641,641,641,641,641
705,705,705,705,705,705,705,705,705,705,705
763,760,760,760,760,760,760,760,760,760,760
817,817,817,817,817,817,817,817,817,817,817
866,863,863,863,863,863,863,863,863,863,863
909,909,909,909,909,909,909,909,909,909,909
947,944,944,944,944,944,944,944,944,944,944
977,977,977,977,977,977,977,977,977,977,977
1000,997,997,997,997,997,997,997,997,997,997
1015,1015,1015,1015,1015,1015,1015,1015,1015,1015,1015
1023,1020,1020,1020,1020,1020,1020,1020,1020,1020,1020
1022,1022,1022,1022,1022,1022,1022,1022,1022,1022,1022
1013,1010,1010,1010,1010,1010,1010,1010,1010,1010,1010
997,997,997,997,997,997,997,997,997,997,997
973,970,970,969,969,969,969,969,969,969,969
941,941,941,941,941,941,941,941,941,941,941
903,900,900,900,900,900,899,899,899,899,899
858,858,858,858,858,858,858,858,858,858,858
808,805,805,805,805,805,805,805,805,805,805
754,754,754,754,754,754,754,754,754,754,754
695,692,692,692,692,692,692,692,692,692,692
634,634,634,634,634,634,634,634,634,634,634
571,568,568,567,567,567,567,567,567,567,567
506,506,506,506,506,506,506,506,506,506,506
442,439,439,439,439,439,439,439,439,439,439
379,379,379,379,379,379,379,379,379,379,379
318,315,315,315,315,315,315,315,315,315,315
260,260,260,260,260,260,260,260,260,260,260
206,203,203,203,203,203,203,203,203,203,203
157,157,157,157,157,157,157,157,157,157,157
114,111,111,111,111,111,111,111,110,110,110
77,77,77,77,77,77,77,77,77,77,77
46,43,43,43,43,43,43,43,43,43,43
23,23,23,23,23,23,23,23,23,23,23
8,5,5,5,5,5,5,5,5,5,5
0,0,0,0,0,0,0,0,0,0,0
1,0,0,0,0,0,0,0,0,0,0
10,10,10,10,10,10,10,10,10,10,10
26,23,23,23,23,23,23,23,23,23,23
50,50,50,50,50,50,50,50,50,50,50
82,79,79,79,79,79,79,79,79,79,79
120,120,120,120,120,120,120,120,120,120,120
165,162,162,162,162,162,162,162,162,162,162
215,215,215,215,215,215,215,215,215,215,215
269,266,266,266,266,267,267,267,267,267,267
328,328,328,328,328,328,328,328,328,328,328
389,386,386,386,386,386,386,386,386,387,387
452,452,452,452,452,452,452,452,452,452,452
516,514,514,514,514,514,514,514,514,514,514
581,581,581,581,581,581,581,581,581,581,581
644,641,641,641,641,641,641,641,641,641,641
705,705,705,705,705,705,705,705,705,705,705
762,760,760,760,760,760,760,760,760,760,760
816,816,816,816,816,816,816,816,816,816,816
866,863,863,863,863,863,863,863,863,863,863
909,909,909,909,909,909,909,909,909,909,909
946,943,943,944,944,944,944,944,944,944,944
977,977,977,977,977,977,977,977,977,977,977
1000,997,997,997,997,997,997,997,997,997,997
1015,1015,1015,1015,1015,1015,1015,1015,1015,1015,1015
1023,1020,1020,1020,1020,1020,1020,1020,1020,1020,1020
1022,1022,1022,1022,1022,1022,1022,1022,1022,1022,1022
1013,1010,1010,1010,1010,1010,1010,1010,1010,1010,1010
997,997,997,997,997,997,997,997,997,997,997
973,970,970,970,970,970,969,969,969,969,969
941,941,941,941,941,941,941,941,941,941,941
903,900,900,900,900,900,900,900,900,899,899
858,858,858,858,858,858,858,858,858,858,858
808,805,805,805,805,805,805,805,805,805,805
754,754,754,754,754,754,754,754,754,754,754
695,692,692,692,692,692,692,692,692,692,692
634,634,634,634,634,634,634,634,634,634,634
571,568,568,568,568,568,567,567,567,567,567
507,507,507,507,507,507,507,507,507,507,507
443,439,439,439,439,439,439,439,439,439,439
379,379,379,379,379,379,379,379,379,379,379
319,315,315,315,315,315,315,315,315,315,315
261,261,261,261,261,261,261,261,261,261,261
207,204,204,203,203,203,203,203,203,203,203
157,157,157,157,157,157,157,157,157,157,157
114,111,111,111,111,111,111,111,111,111,111
77,77,77,77,77,77,77,77,77,77,77
46,43,43,43,43,43,43,43,43,43,43
23,23,23,23,23,23,23,23,23,23,23
8,5,5,5,5,5,5,5,5,5,5
0,0,0,0,0,0,0,0,0,0,0
1,0,0,0,0,0,0,0,0,0,0
9,9,9,9,9,9,9,9,9,9,9
26,23,23,23,23,23,23,23,23,23,23
50,50,50,50,50,50,50,50,50,50,50
82,79,79,79,79,79,79,79,79,79,79
120,120,120,120,120,120,120,120,120,120,120
165,162,162,162,162,162,162,162,162,162,162
214,214,214,214,214,214,214,214,214,214,214
269,266,266,266,266,266,266,266,267,267,267
327,327,327,327,327,327,327,327,327,327,327
389,386,386,386,386,386,386,386,386,386,386
452,452,452,452,452,452,452,452,452,452,452
516,513,513,513,514,514,514,514,514,514,514
580,580,580,580,580,580,580,580,580,580,580
643,641,641,641,641,641,641,641,641,641,641
704,704,704,704,704,704,704,704,704,704,704
762,759,759,759,760,760,760,760,760,760,760
816,816,816,816,816,816,816,816,816,816,816
865,862,863,863,863,863,863,863,863,863,863
909,909,909,909,909,909,909,909,909,909,909
946,943,943,943,943,943,944,944,944,944,944
977,977,977,977,977,977,977,977,977,977,977
1000,997,997,997,997,997,997,997,997,997,997
1015,1015,1015,1015,1015,1015,1015,1015,1015,1015,1015
1023,1020,1020,1020,1020,1020,1020,1020,1020,1020,1020
1022,1022,1022,1022,1022,1022,1022,1022,1022,1022,1022
1014,1011,1010,1010,1010,1010,1010,1010,1010,1010,1010
997,997,997,997,997,997,997,997,997,997,997
973,970,970,970,970,970,970,970,970,969,969
941,941,941,941,941,941,941,941,941,941,941
903,900,900,900,900,900,900,900,900,900,900
859,859,859,859,859,859,859,859,859,859,859
809,806,806,805,805,805,805,805,805,805,805
754,754,754,754,754,754,754,754,754,754,754
696,693,692,692,692,692,692,692,692,692,692
634,634,634,634,634,634,634,634,634,634,634
571,568,568,568,568,568,568,568,568,567,567
507,507,507,507,507,507,507,507,507,507,507
443,440,440,440,439,439,439,439,439,439,439
380,380,380,380,380,380,380,380,380,380,380
319,316,316,316,315,315,315,315,315,315,315
261,261,261,261,261,261,261,261,261,261,261
207,204,204,204,204,204,203,203,203,203,203
158,158,158,158,158,158,158,158,158,158,158
114,111,111,111,111,111,111,111,111,111,111
77,77,77,77,77,77,77,77,77,77,77
46,43,43,43,43,43,43,43,43,43,43
23,23,23,23,23,23,23,23,23,23,23
8,5,5,5,5,5,5,5,5,5,5
0,0,0,0,0,0,0,0,0,0,0
1,0,0,0,0,0,0,0,0,0,0
9,9,9,9,9,9,9,9,9,9,9
26,23,23,23,23,23,23,23,23,23,23
50,50,50,50,50,50,50,50,50,50,50
82,79,79,79,79,79,79,79,79,79,79
120,120,120,120,120,120,120,120,120,120,120
164,161,161,162,162,162,162,162,162,162,162
214,214,214,214,214,214,214,214,214,214,214
269,266,266,266,266,266,266,266,266,266,266
327,327,327,327,327,327,327,327,327,327,327
389,386,386,386,386,386,386,386,386,386,386
452,452,452,452,452,452,452,452,452,452,452
516,513,513,513,513,513,513,514,514,514,514
580,580,580,580,580,580,580,580,580,580,580
643,640,640,640,641,641,641,641,641,641,641
704,704,704,704,704,704,704,704,704,704,704
762,759,759,759,759,759,759,760,760,760,760
816,816,816,816,816,816,816,816,816,816,816
865,862,862,862,862,863,863,863,863,863,863
909,909,909,909,909,909,909,909,909,909,909
946,943,943,943,943,943,943,943,943,944,944
977,977,977,977,977,977,977,977,977,977,977
1000,997,997,997,997,997,997,997,997,997,997
1015,1015,1015,1015,1015,1015,1015,1015,1015,1015,1015
1023,1020,1020,1020,1020,1020,1020,1020,1020,1020,1020
1022,1022,1022,1022,1022,1022,1022,1022,1022,1022,1022
1014,1011,1011,1011,1011,1011,1010,1010,1010,1010,1010
997,997,997,997,997,997,997,997,997,997,997
973,970,970,970,970,970,970,970,970,970,970
941,941,941,941,941,941,941,941,941,941,941
903,900,900,900,900,900,900,900,900,900,900
859,859,859,859,859,859,859,859,859,859,859
809,806,806,806,806,806,805,805,805,805,805
754,754,754,754,754,754,754,754,754,754,754
696,693,693,693,693,692,692,692,692,692,692
634,634,634,634,634,634,634,634,634,634,634
571,568,568,568,568,568,568,568,568,568,568
507,507,507,507,507,507,507,507,507,507,507
443,440,440,440,440,440,440,439,439,439,439
380,380,380,380,380,380,380,380,380,380,380
319,316,316,316,316,316,316,315,315,315,315
261,261,261,261,261,261,261,261,261,261,261
207,204,204,204,204,204,204,204,204,203,203
158,158,158,158,158,158,158,158,158,158,158
114,111,111,111,111,111,111,111,111,111,111
77,77,77,77,77,77,77,77,77,77,77
46,43,43,43,43,43,43,43,43,43,43
23,23,23,23,23,23,23,23,23,23,23
8,5,5,5,5,5,5,5,5,5,5
0,0,0,0,0,0,0,0,0,0,0
1,0,0,0,0,0,0,0,0,0,0
9,9,9,9,9,9,9,9,9,9,9
26,23,23,23,23,23,23,23,23,23,23
50,50,50,50,50,50,50,50,50,50,50
82,79,79,79,79,79,79,79,79,79,79
120,120,120,120,120,120,120,120,120,120,120
164,161,161,161,161,161,162,162,162,162,162
214,214,214,214,214,214,214,214,214,214,214
269,266,266,266,266,266,266,266,266,266,266
327,327,327,327,327,327,327,327,327,327,327
388,385,386,386,386,386,386,386,386,386,386
452,452,452,452,452,452,452,452,452,452,452
516,513,513,513,513,513,513,513,513,513,514
580,580,580,580,580,580,580,580,580,580,580
643,640,640,640,640,640,640,640,641,641,641
704,704,704,704,704,704,704,704,704,704,704
762,759,759,759,759,759,759,759,759,759,760
816,816,816,816,816,816,816,816,816,816,816
865,862,862,862,862,862,862,862,863,863,863
909,909,909,909,909,909,909,909,909,909,909
946,943,943,943,943,943,943,943,943,943,943
977,977,977,977,977,977,977,977,977,977,977
1000,997,997,997,997,997,997,997,997,997,997
1015,1015,1015,1015,1015,1015,1015,1015,1015,1015,1015
1023,1020,1020,1020,1020,1020,1020,1020,1020,1020,1020
1022,1022,1022,1022,1022,1022,1022,1022,1022,1022,1022
1014,1011,1011,1011,1011,1011,1011,1011,1011,1010,1010
997,997,997,997,997,997,997,997,997,997,997
973,970,970,970,970,970,970,970,970,970,970
941,941,941,941,941,941,941,941,941,941,941
903,900,900,900,900,900,900,900,900,900,900
859,859,859,859,859,859,859,859,859,859,859
809,806,806,806,806,806,806,806,806,805,805
754,754,754,754,754,754,754,754,754,754,754
696,693,693,693,693,693,693,693,692,692,692
635,635,635,635,635,635,635,635,635,635,635
571,568,568,568,568,568,568,568,568,568,568
507,507,507,507,507,507,507,507,507,507,507
443,440,440,440,440,440,440,440,440,440,439
380,380,380,380,380,380,380,380,380,380,380
319,316,316,316,316,316,316,316,316,316,315
261,261,261,261,261,261,261,261,261,261,261
207,204,204,204,204,204,204,204,204,204,204
158,158,158,158,158,158,158,158,158,158,158
114,111,111,111,111,111,111,111,111,111,111
77,77,77,77,77,77,77,77,77,77,77
46,43,43,43,43,43,43,43,43,43,43
23,23,23,23,23,23,23,23,23,23,23
8,5,5,5,5,5,5,5,5,5,5
0,0,0,0,0,0,0,0,0,0,0
1,0,0,0,0,0,0,0,0,0,0
9,9,9,9,9,9,9,9,9,9,9
26,23,23,23,23,23,23,23,23,23,23
50,50,50,50,50,50,50,50,50,50,50
81,79,79,79,79,79,79,79,79,79,79
120,120,120,120,120,120,120,120,120,120,120
164,161,161,161,161,161,161,161,161,162,162
214,214,214,214,214,214,214,214,214,214,214
269,266,266,266,266,266,266,266,266,266,266
327,327,327,327,327,327,327,327,327,327,327
388,385,385,385,385,386,386,386,386,386,386
451,451,451,451,451,451,451,451,451,451,451
516,513,513,513,513,513,513,513,513,513,513
580,580,580,580,580,580,580,580,580,580,580
643,640,640,640,640,640,640,640,640,640,640
704,704,704,704,704,704,704,704,704,704,704
762,759,759,759,759,759,759,759,759,759,759
816,816,816,816,816,816,816,816,816,816,816
865,862,862,862,862,862,862,862,862,862,862
909,909,909,909,909,909,909,909,909,909,909
946,943,943,943,943,943,943,943,943,943,943
977,977,977,977,977,977,977,977,977,977,977
1000,997,997,997,997,997,997,997,997,997,997
1015,1015,1015,1015,1015,1015,1015,1015,1015,1015,1015
1023,1020,1020,1020,1020,1020,1020,1020,1020,1020,1020
1022,1022,1022,1022,1022,1022,1022,1022,1022,1022,1022
1014,1011,1011,1011,1011,1011,1011,1011,1011,1011,1011
997,997,997,997,997,997,997,997,997,997,997
973,970,970,970,970,970,970,970,970,970,970
942,942,942,942,942,942,942,942,942,942,942
903,900,900,900,900,900,900,900,900,900,900
859,859,859,859,859,859,859,859,859,859,859
809,806,806,806,806,806,806,806,806,806,806
755,755,755,755,755,755,755,755,755,755,755
696,693,693,693,693,693,693,693,693,693,693
635,635,635,635,635,635,635,635,635,635,635
572,569,568,568,568,568,568,568,568,568,568
507,507,507,507,507,507,507,507,507,507,507
443,440,440,440,440,440,440,440,440,440,440
380,380,380,380,380,380,380,380,380,380,380
319,316,316,316,316,316,316,316,316,316,316
261,261,261,261,261,261,261,261,261,261,261
207,204,204,204,204,204,204,204,204,204,204
158,158,158,158,158,158,158,158,158,158,158
114,111,111,111,111,111,111,111,111,111,111
77,77,77,77,77,77,77,77,77,77,77
47,43,43,43,43,43,43,43,43,43,43
23,23,23,23,23,23,23,23,23,23,23
8,5,5,5,5,5,5,5,5,5,5
0,0,0,0,0,0,0,0,0,0,0
1,0,0,0,0,0,0,0,0,0,0
9,9,9,9,9,9,9,9,9,9,9
26,23,23,23,23,23,23,23,23,23,23
50,50,50,50,50,50,50,50,50,50,50
81,78,78,78,79,79,79,79,79,79,79
120,120,120,120,120,120,120,120,120,120,120
164,161,161,161,161,161,161,161,161,161,161
214,214,214,214,214,214,214,214,214,214,214
268,265,265,266,266,266,266,266,266,266,266
327,327,327,327,327,327,327,327,327,327,327
388,385,385,385,385,385,385,385,386,386,386
451,451,451,451,451,451,451,451,451,451,451
515,513,513,513,513,513,513,513,513,513,513
580,580,580,580,580,580,580,580,580,580,580
643,640,640,640,640,640,640,640,640,640,640
704,704,704,704,704,704,704,704,704,704,704
762,759,759,759,759,759,759,759,759,759,759
816,816,816,816,816,816,816,816,816,816,816
865,862,862,862,862,862,862,862,862,862,862
909,909,909,909,909,909,909,909,909,909,909
946,943,943,943,943,943,943,943,943,943,943
976,976,976,976,976,976,976,976,976,976,976
1000,997,997,997,997,997,997,997,997,997,997
1015,1015,1015,1015,1015,1015,1015,1015,1015,1015,1015
1023,1020,1020,1020,1020,1020,1020,1020,1020,1020,1020
1022,1022,1022,1022,1022,1022,1022,1022,1022,1022,1022
1014,1011,1011,1011,1011,1011,1011,1011,1011,1011,1011
997,997,997,997,997,997,997,997,997,997,997
973,970,970,970,970,970,970,970,970,970,970
942,942,942,942,942,942,942,942,942,942,942
903,900,900,900,900,900,900,900,900,900,900
859,859,859,859,859,859,859,859,859,859,859
809,806,806,806,806,806,806,806,806,806,806
755,755,755,755,755,755,755,755,755,755,755
696,693,693,693,693,693,693,693,693,693,693
635,635,635,635,635,635,635,635,635,635,635
572,569,569,569,569,568,568,568,568,568,568
508,508,508,508,508,508,508,508,508,508,508
443,440,440,440,440,440,440,440,440,440,440
380,380,380,380,380,380,380,380,380,380,380
319,316,316,316,316,316,316,316,316,316,316
261,261,261,261,261,261,261,261,261,261,261
207,204,204,204,204,204,204,204,204,204,204
158,158,158,158,158,158,158,158,158,158,158
115,112,111,111,111,111,111,111,111,111,111
77,77,77,77,77,77,77,77,77,77,77
47,44,44,44,43,43,43,43,43,43,43
23,23,23,23,23,23,23,23,23,23,23
8,5,5,5,5,5,5,5,5,5,5
0,0,0,0,0,0,0,0,0,0,0
1,0,0,0,0,0,0,0,0,0,0
9,9,9,9,9,9,9,9,9,9,9
26,23,23,23,23,23,23,23,23,23,23
50,50,50,50,50,50,50,50,50,50,50
81,78,78,78,78,78,78,79,79,79,79
119,119,119,119,119,119,119,119,119,119,119
164,161,161,161,161,161,161,161,161,161,161
214,214,214,214,214,214,214,214,214,214,214
268,265,265,265,265,265,266,266,266,266,266
327,327,327,327,327,327,327,327,327,327,327
388,385,385,385,385,385,385,385,385,385,385
451,451,451,451,451,451,451,451,451,451,451
515,512,512,512,513,513,513,513,513,513,513
579,579,579,579,579,579,579,579,579,579,579
642,640,640,640,640,640,640,640,640,640,640
703,703,703,703,703,703,703,703,703,703,703
761,759,759,759,759,759,759,759,759,759,759
815,815,815,815,815,815,815,815,815,815,815
865,862,862,862,862,862,862,862,862,862,862
908,908,908,908,908,908,908,908,908,908,908
946,943,943,943,943,943,943,943,943,943,943
976,976,976,976,976,976,976,976,976,976,976
1000,997,997,997,997,997,997,997,997,997,997
1015,1015,1015,1015,1015,1015,1015,1015,1015,1015,1015
1023,1020,1020,1020,1020,1020,1020,1020,1020,1020,1020
1022,1022,1022,1022,1022,1022,1022,1022,1022,1022,1022
1014,1011,1011,1011,1011,1011,1011,1011,1011,1011,1011
997,997,997,997,997,997,997,997,997,997,997
973,970,970,970,970,970,970,970,970,970,970
942,942,942,942,942,942,942,942,942,942,942
904,901,901,900,900,900,900,900,900,900,900
859,859,859,859,859,859,859,859,859,859,859
809,806,806,806,806,806,806,806,806,806,806
755,755,755,755,755,755,755,755,755,755,755
697,693,693,693,693,693,693,693,693,693,693
635,635,635,635,635,635,635,635,635,635,635
572,569,569,569,569,569,569,569,568,568,568
508,508,508,508,508,508,508,508,508,508,508
444,441,441,440,440,440,440,440,440,440,440
381,381,381,381,381,381,381,381,381,381,381
320,317,316,316,316,316,316,316,316,316,316
262,262,262,262,262,262,262,262,262,262,262
208,205,204,204,204,204,204,204,204,204,204
158,158,158,158,158,158,158,158,158,158,158
115,112,112,112,112,111,111,111,111,111,111
77,77,77,77,77,77,77,77,77,77,77
47,44,44,44,44,44,44,43,43,43,43
23,23,23,23,23,23,23,23,23,23,23
8,5,5,5,5,5,5,5,5,5,5
0,0,0,0,0,0,0,0,0,0,0
1,0,0,0,0,0,0,0,0,0,0
9,9,9,9,9,9,9,9,9,9,9
26,23,23,23,23,23,23,23,23,23,23
50,50,50,50,50,50,50,50,50,50,50
81,78,78,78,78,78,78,78,78,78,79
119,119,119,119,119,119,119,119,119,119,119
164,161,161,161,161,161,161,161,161,161,161
213,213,213,213,213,213,213,213,213,213,213
268,265,265,265,265,265,265,265,265,266,266
326,326,326,326,326,326,326,326,326,326,326
388,385,385,385,385,385,385,385,385,385,385
451,451,451,451,451,451,451,451,451,451,451
515,512,512,512,512,512,512,513,513,513,513
579,579,579,579,579,579,579,579,579,579,579
642,639,639,639,640,640,640,640,640,640,640
703,703,703,703,703,703,703,703,703,703,703
761,758,758,758,759,759,759,759,759,759,759
815,815,815,815,815,815,815,815,815,815,815
865,862,862,862,862,862,862,862,862,862,862
908,908,908,908,908,908,908,908,908,908,908
946,943,943,943,943,943,943,943,943,943,943
976,976,976,976,976,976,976,976,976,976,976
1000,997,997,997,997,997,997,997,997,997,997
1015,1015,1015,1015,1015,1015,1015,1015,1015,1015,1015
1023,1020,1020,1020,1020,1020,1020,1020,1020,1020,1020
1022,1022,1022,1022,1022,1022,1022,1022,1022,1022,1022
1014,1011,1011,1011,1011,1011,1011,1011,1011,1011,1011
997,997,997,997,997,997,997,997,997,997,997
973,970,970,970,970,970,970,970,970,970,970
942,942,942,942,942,942,942,942,942,942,942
904,901,901,901,901,901,900,900,900,900,900
859,859,859,859,859,859,859,859,859,859,859
810,807,806,806,806,806,806,806,806,806,806
755,755,755,755,755,755,755,755,755,755,755
697,694,694,694,693,693,693,693,693,693,693
635,635,635,635,635,635,635,635,635,635,635
572,569,569,569,569,569,569,569,569,569,569
508,508,508,508,508,508,508,508,508,508,508
444,441,441,441,441,441,440,440,440,440,440
381,381,381,381,381,381,381,381,381,381,381
320,317,317,317,317,316,316,316,316,316,316
262,262,262,262,262,262,262,262,262,262,262
208,205,205,205,205,204,204,204,204,204,204
158,158,158,158,158,158,158,158,158,158,158
115,112,112,112,112,112,112,112,111,111,111
77,77,77,77,77,77,77,77,77,77,77
47,44,44,44,44,44,44,44,44,44,43
24,24,24,24,24,24,24,24,24,24,24
8,5,5,5,5,5,5,5,5,5,5
0,0,0,0,0,0,0,0,0,0,0
1,0,0,0,0,0,0,0,0,0,0
9,9,9,9,9,9,9,9,9,9,9
26,23,23,23,23,23,23,23,23,23,23
50,50,50,50,50,50,50,50,50,50,50
81,78,78,78,78,78,78,78,78,78,78
119,119,119,119,119,119,119,119,119,119,119
164,161,161,161,161,161,161,161,161,161,161
213,213,213,213,213,213,213,213,213,213,213
268,265,265,265,265,265,265,265,265,265,265
326,326,326,326,326,326,326,326,326,326,326
387,385,385,385,385,385,385,385,385,385,385
451,451,451,451,451,451,451,451,451,451,451
515,512,512,512,512,512,512,512,512,512,513
579,579,579,579,579,579,579,579,579,579,579
642,639,639,639,639,639,639,640,640,640,640
703,703,703,703,703,703,703,703,703,703,703
761,758,758,758,758,758,758,759,759,759,759
815,815,815,815,815,815,815,815,815,815,815
864,861,862,862,862,862,862,862,862,862,862
908,908,908,908,908,908,908,908,908,908,908
946,943,943,943,943,943,943,943,943,943,943
976,976,976,976,976,976,976,976,976,976,976
999,996,997,997,997,997,997,997,997,997,997
1015,1015,1015,1015,1015,1015,1015,1015,1015,1015,1015
1023,1020,1020,1020,1020,1020,1020,1020,1020,1020,1020
1022,1022,1022,1022,1022,1022,1022,1022,1022,1022,1022
1014,1011,1011,1011,1011,1011,1011,1011,1011,1011,1011
997,997,997,997,997,997,997,997,997,997,997
973,970,970,970,970,970,970,970,970,970,970
942,942,942,942,942,942,942,942,942,942,942
904,901,901,901,901,901,901,901,901,900,900
860,860,860,860,860,860,860,860,860,860,860
810,807,807,807,807,806,806,806,806,806,806
755,755,755,755,755,755,755,755,755,755,755
697,694,694,694,694,694,694,693,693,693,693
636,636,636,636,636,636,636,636,636,636,636
572,569,569,569,569,569,569,569,569,569,569
508,508,508,508,508,508,508,508,508,508,508
444,441,441,441,441,441,441,441,441,440,440
381,381,381,381,381,381,381,381,381,381,381
320,317,317,317,317,317,317,317,316,316,316
262,262,262,262,262,262,262,262,262,262,262
208,205,205,205,205,205,205,205,204,204,204
159,159,159,159,159,159,159,159,159,159,159
115,112,112,112,112,112,112,112,112,112,112
77,77,77,77,77,77,77,77,77,77,77
47,44,44,44,44,44,44,44,44,44,44
24,24,24,24,24,24,24,24,24,24,24
8,5,5,5,5,5,5,5,5,5,5
0,0,0,0,0,0,0,0,0,0,0
1,0,0,0,0,0,0,0,0,0,0
9,9,9,9,9,9,9,9,9,9,9
26,23,23,23,23,23,23,23,23,23,23
50,50,50,50,50,50,50,50,50,50,50
81,78,78,78,78,78,78,78,78,78,78
119,119,119,119,119,119,119,119,119,119,119
163,160,160,161,161,161,161,161,161,161,161
213,213,213,213,213,213,213,213,213,213,213
268,265,265,265,265,265,265,265,265,265,265
326,326,326,326,326,326,326,326,326,326,326
387,384,384,384,385,385,385,385,385,385,385
451,451,451,451,451,451,451,451,451,451,451
515,512,512,512,512,512,512,512,512,512,512
579,579,579,579,579,579,579,579,579,579,579
642,639,639,639,639,639,639,639,639,639,640
703,703,703,703,703,703,703,703,703,703,703
761,758,758,758,758,758,758,758,758,758,759
815,815,815,815,815,815,815,815,815,815,815
864,861,861,861,861,862,862,862,862,862,862
908,908,908,908,908,908,908,908,908,908,908
945,943,943,943,943,943,943,943,943,943,943
976,976,976,976,976,976,976,976,976,976,976
999,996,996,996,996,997,997,997,997,997,997
1015,1015,1015,1015,1015,1015,1015,1015,1015,1015,1015
1023,1020,1020,1020,1020,1020,1020,1020,1020,1020,1020
1022,1022,1022,1022,1022,1022,1022,1022,1022,1022,1022
1014,1011,1011,1011,1011,1011,1011,1011,1011,1011,1011
997,997,997,997,997,997,997,997,997,997,997
973,970,970,970,970,970,970,970,970,970,970
942,942,942,942,942,942,942,942,942,942,942
904,901,901,901,901,901,901,901,901,901,901
860,860,860,860,860,860,860,860,860,860,860
810,807,807,807,807,807,807,807,806,806,806
755,755,755,755,755,755,755,755,755,755,755
697,694,694,694,694,694,694,694,694,694,693
636,636,636,636,636,636,636,636,636,636,636
573,570,569,569,569,569,569,569,569,569,569
508,508,508,508,508,508,508,508,508,508,508
444,441,441,441,441,441,441,441,441,441,441
381,381,381,381,381,381,381,381,381,381,381
320,317,317,317,317,317,317,317,317,317,317
262,262,262,262,262,262,262,262,262,262,262
208,205,205,205,205,205,205,205,205,205,205
159,159,159,159,159,159,159,159,159,159,159
115,112,112,112,112,112,112,112,112,112,112
78,78,78,78,78,78,78,78,78,78,78
47,44,44,44,44,44,44,44,44,44,44
24,24,24,24,24,24,24,24,24,24,24
8,5,5,5,5,5,5,5,5,5,5
0,0,0,0,0,0,0,0,0,0,0
1,0,0,0,0,0,0,0,0,0,0
9,9,9,9,9,9,9,9,9,9,9
26,23,23,23,23,23,23,23,23,23,23
50,50,50,50,50,50,50,50,50,50,50
81,78,78,78,78,78,78,78,78,78,78
119,119,119,119,119,119,119,119,119,119,119
163,160,160,160,160,160,161,161,161,161,161
213,213,213,213,213,213,213,213,213,213,213
267,265,265,265,265,265,265,265,265,265,265
326,326,326,326,326,326,326,326,326,326,326
387,384,384,384,384,384,384,385,385,385,385
450,450,450,450,450,450,450,450,450,450,450
515,512,512,512,512,512,512,512,512,512,512
579,579,579,579,579,579,579,579,579,579,579
642,639,639,639,639,639,639,639,639,639,639
703,703,703,703,703,703,703,703,703,703,703
761,758,758,758,758,758,758,758,758,758,758
815,815,815,815,815,815,815,815,815,815,815
864,861,861,861,861,861,861,861,862,862,862
908,908,908,908,908,908,908,908,908,908,908
945,942,942,942,943,943,943,943,943,943,943
976,976,976,976,976,976,976,976,976,976,976
999,996,996,996,996,996,996,996,997,997,997
1015,1015,1015,1015,1015,1015,1015,1015,1015,1015,1015
1023,1020,1020,1020,1020,1020,1020,1020,1020,1020,1020
1022,1022,1022,1022,1022,1022,1022,1022,1022,1022,1022
1014,1011,1011,1011,1011,1011,1011,1011,1011,1011,1011
998,998,998,998,998,998,998,998,998,998,998
974,970,970,970,970,970,970,970,970,970,970
942,942,942,942,942,942,942,942,942,942,942
904,901,901,901,901,901,901,901,901,901,901
860,860,860,860,860,860,860,860,860,860,860
810,807,807,807,807,807,807,807,807,807,807
756,756,756,756,756,756,756,756,756,756,756
697,694,694,694,694,694,694,694,694,694,694
636,636,636,636,636,636,636,636,636,636,636
573,570,570,570,570,569,569,569,569,569,569
509,509,509,509,509,509,509,509,509,509,509
444,441,441,441,441,441,441,441,441,441,441
381,381,381,381,381,381,381,381,381,381,381
320,317,317,317,317,317,317,317,317,317,317
262,262,262,262,262,262,262,262,262,262,262
208,205,205,205,205,205,205,205,205,205,205
159,159,159,159,159,159,159,159,159,159,159
115,112,112,112,112,112,112,112,112,112,112
78,78,78,78,78,78,78,78,78,78,78
47,44,44,44,44,44,44,44,44,44,44
24,24,24,24,24,24,24,24,24,24,24
8,5,5,5,5,5,5,5,5,5,5
0,0,0,0,0,0,0,0,0,0,0
1,0,0,0,0,0,0,0,0,0,0
9,9,9,9,9,9,9,9,9,9,9
25,22,22,23,23,23,23,23,23,23,23
49,49,49,49,49,49,49,49,49,49,49
81,78,78,78,78,78,78,78,78,78,78
119,119,119,119,119,119,119,119,119,119,119
163,160,160,160,160,160,160,160,160,161,161
213,213,213,213,213,213,213,213,213,213,213
267,264,264,264,265,265,265,265,265,265,265
326,326,326,326,326,326,326,326,326,326,326
387,384,384,384,384,384,384,384,384,384,385
450,450,450,450,450,450,450,450,450,450,450
514,511,511,512,512,512,512,512,512,512,512
578,578,578,578,578,578,578,578,578,578,578
642,639,639,639,639,639,639,639,639,639,639
703,703,703,703,703,703,703,703,703,703,703
761,758,758,758,758,758,758,758,758,758,758
815,815,815,815,815,815,815,815,815,815,815
864,861,861,861,861,861,861,861,861,861,861
908,908,908,908,908,908,908,908,908,908,908
945,942,942,942,942,942,942,943,943,943,943
976,976,976,976,976,976,976,976,976,976,976
999,996,996,996,996,996,996,996,996,996,996
1015,1015,1015,1015,1015,1015,1015,1015,1015,1015,1015
1023,1020,1020,1020,1020,1020,1020,1020,1020,1020,1020
1022,1022,1022,1022,1022,1022,1022,1022,1022,1022,1022
1014,1011,1011,1011,1011,1011,1011,1011,1011,1011,1011
998,998,998,998,998,998,998,998,998,998,998
974,971,971,971,970,970,970,970,970,970,970
942,942,942,942,942,942,942,942,942,942,942
904,901,901,901,901,901,901,901,901,901,901
860,860,860,860,860,860,860,860,860,860,860
810,807,807,807,807,807,807,807,807,807,807
756,756,756,756,756,756,756,756,756,756,756
697,694,694,694,694,694,694,694,694,694,694
636,636,636,636,636,636,636,636,636,636,636
573,570,570,570,570,570,570,570,569,569,569
509,509,509,509,509,509,509,509,509,509,509
445,442,442,441,441,441,441,441,441,441,441
382,382,382,382,382,382,382,382,382,382,382
321,317,317,317,317,317,317,317,317,317,317
262,262,262,262,262,262,262,262,262,262,262
208,205,205,205,205,205,205,205,205,205,205
159,159,159,159,159,159,159,159,159,159,159
115,112,112,112,112,112,112,112,112,112,112
78,78,78,78,78,78,78,78,78,78,78
47,44,44,44,44,44,44,44,44,44,44
24,24,24,24,24,24,24,24,24,24,24
8,5,5,5,5,5,5,5,5,5,5
0,0,0,0,0,0,0,0,0,0,0
1,0,0,0,0,0,0,0,0,0,0
9,9,9,9,9,9,9,9,9,9,9
25,22,22,22,22,22,23,23,23,23,23
49,49,49,49,49,49,49,49,49,49,49
81,78,78,78,78,78,78,78,78,78,78
119,119,119,119,119,119,119,119,119,119,119
163,160,160,160,160,160,160,160,160,160,160
213,213,213,213,213,213,213,213,213,213,213
267,264,264,264,264,264,264,265,265,265,265
325,325,325,325,325,325,325,325,325,325,325
387,384,384,384,384,384,384,384,384,384,384
450,450,450,450,450,450,450,450,450,450,450
514,511,511,511,511,511,512,512,512,512,512
578,578,578,578,578,578,578,578,578,578,578
641,638,638,639,639,639,639,639,639,639,639
702,702,702,702,702,702,702,702,702,702,702
760,757,758,758,758,758,758,758,758,758,758
815,815,815,815,815,815,815,815,815,815,815
864,861,861,861,861,861,861,861,861,861,861
908,908,908,908,908,908,908,908,908,908,908
945,942,942,942,942,942,942,942,942,942,943
976,976,976,976,976,976,976,976,976,976,976
999,996,996,996,996,996,996,996,996,996,996
1015,1015,1015,1015,1015,1015,1015,1015,1015,1015,1015
1023,1020,1020,1020,1020,1020,1020,1020,1020,1020,1020
1022,1022,1022,1022,1022,1022,1022,1022,1022,1022,1022
1014,1011,1011,1011,1011,1011,1011,1011,1011,1011,1011
998,998,998,998,998,998,998,998,998,998,998
974,971,971,971,971,971,971,970,970,970,970
942,942,942,942,942,942,942,942,942,942,942
904,901,901,901,901,901,901,901,901,901,901
860,860,860,860,860,860,860,860,860,860,860
810,807,807,807,807,807,807,807,807,807,807
756,756,756,756,756,756,756,756,756,756,756
698,695,695,694,694,694,694,694,694,694,694
636,636,636,636,636,636,636,636,636,636,636
573,570,570,570,570,570,570,570,570,570,570
509,509,509,509,509,509,509,509,509,509,509
445,442,442,442,442,442,441,441,441,441,441
382,382,382,382,382,382,382,382,382,382,382
321,318,318,318,317,317,317,317,317,317,317
263,263,263,263,263,263,263,263,263,263,263
209,205,205,205,205,205,205,205,205,205,205
159,159,159,159,159,159,159,159,159,159,159
115,112,112,112,112,112,112,112,112,112,112
78,78,78,78,78,78,78,78,78,78,78
47,44,44,44,44,44,44,44,44,44,44
24,24,24,24,24,24,24,24,24,24,24
8,5,5,5,5,5,5,5,5,5,5
0,0,0,0,0,0,0,0,0,0,0
1,0,0,0,0,0,0,0,0,0,0
9,9,9,9,9,9,9,9,9,9,9
25,22,22,22,22,22,22,22,22,23,23
49,49,49,49,49,49,49,49,49,49,49
81,78,78,78,78,78,78,78,78,78,78
119,119,119,119,119,119,119,119,119,119,119
163,160,160,160,160,160,160,160,160,160,160
213,213,213,213,213,213,213,213,213,213,213
267,264,264,264,264,264,264,264,264,264,265
325,325,325,325,325,325,325,325,325,325,325
387,384,384,384,384,384,384,384,384,384,384
450,450,450,450,450,450,450,450,450,450,450
514,511,511,511,511,511,511,511,511,511,512
578,578,578,578,578,578,578,578,578,578,578
641,638,638,638,638,638,639,639,639,639,639
702,702,702,702,702,702,702,702,702,702,702
760,757,757,757,757,758,758,758,758,758,758
814,814,814,814,814,814,814,814,814,814,814
864,861,861,861,861,861,861,861,861,861,861
908,908,908,908,908,908,908,908,908,908,908
945,942,942,942,942,942,942,942,942,942,942
976,976,976,976,976,976,976,976,976,976,976
999,996,996,996,996,996,996,996,996,996,996
1015,1015,1015,1015,1015,1015,1015,1015,1015,1015,1015
1023,1020,1020,1020,1020,1020,1020,1020,1020,1020,1020
1022,1022,1022,1022,1022,1022,1022,1022,1022,1022,1022
1014,1011,1011,1011,1011,1011,1011,1011,1011,1011,1011
998,998,998,998,998,998,998,998,998,998,998
974,971,971,971,971,971,971,971,971,971,970
943,943,943,943,943,943,943,943,943,943,943
905,901,901,901,901,901,901,901,901,901,901
860,860,860,860,860,860,860,860,860,860,860
811,807,807,807,807,807,807,807,807,807,807
756,756,756,756,756,756,756,756,756,756,756
698,695,695,695,695,695,694,694,694,694,694
637,637,637,637,637,637,637,637,637,637,637
573,570,570,570,570,570,570,570,570,570,570
509,509,509,509,509,509,509,509,509,509,509
445,442,442,442,442,442,442,442,442,441,441
382,382,382,382,382,382,382,382,382,382,382
321,318,318,318,318,318,318,317,317,317,317
263,263,263,263,263,263,263,263,263,263,263
209,206,206,206,205,205,205,205,205,205,205
159,159,159,159,159,159,159,159,159,159,159
116,112,112,112,112,112,112,112,112,112,112
78,78,78,78,78,78,78,78,78,78,78
47,44,44,44,44,44,44,44,44,44,44
24,24,24,24,24,24,24,24,24,24,24
8,5,5,5,5,5,5,5,5,5,5
0,0,0,0,0,0,0,0,0,0,0
1,0,0,0,0,0,0,0,0,0,0
9,9,9,9,9,9,9,9,9,9,9
25,22,22,22,22,22,22,22,22,22,22
49,49,49,49,49,49,49,49,49,49,49
80,77,77,78,78,78,78,78,78,78,78
118,118,118,118,118,118,118,118,118,118,118
163,160,160,160,160,160,160,160,160,160,160
212,212,212,212,212,212,212,212,212,212,212
267,264,264,264,264,264,264,264,264,264,264
325,325,325,325,325,325,325,325,325,325,325
386,383,383,384,384,384,384,384,384,384,384
450,450,450,450,450,450,450,450,450,450,450
514,511,511,511,511,511,511,511,511,511,511
578,578,578,578,578,578,578,578,578,578,578
641,638,638,638,638,638,638,638,638,639,639
702,702,702,702,702,702,702,702,702,702,702
760,757,757,757,757,757,757,757,758,758,758
814,814,814,814,814,814,814,814,814,814,814
864,861,861,861,861,861,861,861,861,861,861
907,907,907,907,907,907,907,907,907,907,907
945,942,942,942,942,942,942,942,942,942,942
976,976,976,976,976,976,976,976,976,976,976
999,996,996,996,996,996,996,996,996,996,996
1015,1015,1015,1015,1015,1015,1015,1015,1015,1015,1015
1023,1020,1020,1020,1020,1020,1020,1020,1020,1020,1020
1022,1022,1022,1022,1022,1022,1022,1022,1022,1022,1022
1014,1011,1011,1011,1011,1011,1011,1011,1011,1011,1011
998,998,998,998,998,998,998,998,998,998,998
974,971,971,971,971,971,971,971,971,971,971
943,943,943,943,943,943,943,943,943,943,943
905,902,902,902,901,901,901,901,901,901,901
860,860,860,860,860,860,860,860,860,860,860
811,808,808,808,807,807,807,807,807,807,807
756,756,756,756,756,756,756,756,756,756,756
698,695,695,695,695,695,695,695,695,694,694
637,637,637,637,637,637,637,637,637,637,637
574,570,570,570,570,570,570,570,570,570,570
509,509,509,509,509,509,509,509,509,509,509
445,442,442,442,442,442,442,442,442,442,442
382,382,382,382,382,382,382,382,382,382,382
321,318,318,318,318,318,318,318,318,318,317
263,263,263,263,263,263,263,263,263,263,263
209,206,206,206,206,206,206,205,205,205,205
159,159,159,159,159,159,159,159,159,159,159
116,113,113,113,113,112,112,112,112,112,112
78,78,78,78,78,78,78,78,78,78,78
47,44,44,44,44,44,44,44,44,44,44
24,24,24,24,24,24,24,24,24,24,24
8,5,5,5,5,5,5,5,5,5,5
0,0,0,0,0,0,0,0,0,0,0
1,0,0,0,0,0,0,0,0,0,0
9,9,9,9,9,9,9,9,9,9,9
25,22,22,22,22,22,22,22,22,22,22
49,49,49,49,49,49,49,49,49,49,49
80,77,77,77,77,77,78,78,78,78,78
118,118,118,118,118,118,118,118,118,118,118
163,160,160,160,160,160,160,160,160,160,160
212,212,212,212,212,212,212,212,212,212,212
267,264,264,264,264,264,264,264,264,264,264
325,325,325,325,325,325,325,325,325,325,325
386,383,383,383,383,383,384,384,384,384,384
449,449,449,449,449,449,449,449,449,449,449
514,511,511,511,511,511,511,511,511,511,511
578,578,578,578,578,578,578,578,578,578,578
641,638,638,638,638,638,638,638,638,638,638
702,702,702,702,702,702,702,702,702,702,702
760,757,757,757,757,757,757,757,757,757,757
814,814,814,814,814,814,814,814,814,814,814
863,860,861,861,861,861,861,861,861,861,861
907,907,907,907,907,907,907,907,907,907,907
945,942,942,942,942,942,942,942,942,942,942
976,976,976,976,976,976,976,976,976,976,976
999,996,996,996,996,996,996,996,996,996,996
1015,1015,1015,1015,1015,1015,1015,1015,1015,1015,1015
1023,1020,1020,1020,1020,1020,1020,1020,1020,1020,1020
1022,1022,1022,1022,1022,1022,1022,1022,1022,1022,1022
1014,1011,1011,1011,1011,1011,1011,1011,1011,1011,1011
998,998,998,998,998,998,998,998,998,998,998
974,971,971,971,971,971,971,971,971,971,971
943,943,943,943,943,943,943,943,943,943,943
905,902,902,902,902,902,902,901,901,901,901
861,861,861,861,861,861,861,861,861,861,861
811,808,808,808,808,808,808,808,807,807,807
756,756,756,756,756,756,756,756,756,756,756
698,695,695,695,695,695,695,695,695,695,695
637,637,637,637,637,637,637,637,637,637,637
574,571,571,571,570,570,570,570,570,570,570
510,510,510,510,510,510,510,510,510,510,510
445,442,442,442,442,442,442,442,442,442,442
382,382,382,382,382,382,382,382,382,382,382
321,318,318,318,318,318,318,318,318,318,318
263,263,263,263,263,263,263,263,263,263,263
209,206,206,206,206,206,206,206,206,206,205
160,160,160,160,160,160,160,160,160,160,160
116,113,113,113,113,113,113,113,112,112,112
78,78,78,78,78,78,78,78,78,78,78
47,44,44,44,44,44,44,44,44,44,44
24,24,24,24,24,24,24,24,24,24,24
8,5,5,5,5,5,5,5,5,5,5
0,0,0,0,0,0,0,0,0,0,0
1,0,0,0,0,0,0,0,0,0,0
9,9,9,9,9,9,9,9,9,9,9
25,22,22,22,22,22,22,22,22,22,22
49,49,49,49,49,49,49,49,49,49,49
80,77,77,77,77,77,77,77,77,78,78
118,118,118,118,118,118,118,118,118,118,118
162,159,159,160,160,160,160,160,160,160,160
212,212,212,212,212,212,212,212,212,212,212
266,264,264,264,264,264,264,264,264,264,264
325,325,325,325,325,325,325,325,325,325,325
386,383,383,383,383,383,383,383,383,384,384
449,449,449,449,449,449,449,449,449,449,449
513,510,510,511,511,511,511,511,511,511,511
577,577,577,577,577,577,577,577,577,577,577
641,638,638,638,638,638,638,638,638,638,638
702,702,702,702,702,702,702,702,702,702,702
760,757,757,757,757,757,757,757,757,757,757
814,814,814,814,814,814,814,814,814,814,814
863,860,860,860,860,861,861,861,861,861,861
907,907,907,907,907,907,907,907,907,907,907
945,942,942,942,942,942,942,942,942,942,942
976,976,976,976,976,976,976,976,976,976,976
999,996,996,996,996,996,996,996,996,996,996
1015,1015,1015,1015,1015,1015,1015,1015,1015,1015,1015
1023,1020,1020,1020,1020,1020,1020,1020,1020,1020,1020
1022,1022,1022,1022,1022,1022,1022,1022,1022,1022,1022
1014,1011,1011,1011,1011,1011,1011,1011,1011,1011,1011
998,998,998,998,998,998,998,998,998,998,998
974,971,971,971,971,971,971,971,971,971,971
943,943,943,943,943,943,943,943,943,943,943
905,902,902,902,902,902,902,902,902,902,901
861,861,861,861,861,861,861,861,861,861,861
811,808,808,808,808,808,808,808,808,808,808
757,757,757,757,757,757,757,757,757,757,757
698,695,695,695,695,695,695,695,695,695,695
637,637,637,637,637,637,637,637,637,637,637
574,571,571,571,571,571,571,571,570,570,570
510,510,510,510,510,510,510,510,510,510,510
446,443,442,442,442,442,442,442,442,442,442
383,383,383,383,383,383,383,383,383,383,383
321,318,318,318,318,318,318,318,318,318,318
263,263,263,263,263,263,263,263,263,263,263
209,206,206,206,206,206,206,206,206,206,206
160,160,160,160,160,160,160,160,160,160,160
116,113,113,113,113,113,113,113,113,113,113
78,78,78,78,78,78,78,78,78,78,78
48,44,44,44,44,44,44,44,44,44,44
24,24,24,24,24,24,24,24,24,24,24
8,5,5,5,5,5,5,5,5,5,5
0,0,0,0,0,0,0,0,0,0,0
1,0,0,0,0,0,0,0,0,0,0
9,9,9,9,9,9,9,9,9,9,9
25,22,22,22,22,22,22,22,22,22,22
49,49,49,49,49,49,49,49,49,49,49
80,77,77,77,77,77,77,77,77,77,77
118,118,118,118,118,118,118,118,118,118,118
162,159,159,159,159,159,160,160,160,160,160
212,212,212,212,212,212,212,212,212,212,212
266,263,263,263,264,264,264,264,264,264,264
325,325,325,325,325,325,325,325,325,325,325
386,383,383,383,383,383,383,383,383,383,383
449,449,449,449,449,449,449,449,449,449,449
513,510,510,510,510,510,511,511,511,511,511
577,577,577,577,577,577,577,577,577,577,577
640,637,638,638,638,638,638,638,638,638,638
701,701,701,701,701,701,701,701,701,701,701
760,757,757,757,757,757,757,757,757,757,757
814,814,814,814,814,814,814,814,814,814,814
863,860,860,860,860,860,860,860,861,861,861
907,907,907,907,907,907,907,907,907,907,907
945,942,942,942,942,942,942,942,942,942,942
975,975,975,975,975,975,975,975,975,975,975
999,996,996,996,996,996,996,996,996,996,996
1015,1015,1015,1015,1015,1015,1015,1015,1015,1015,1015
1023,1020,1020,1020,1020,1020,1020,1020,1020,1020,1020
1022,1022,1022,1022,1022,1022,1022,1022,1022,1022,1022
1014,1011,1011,1011,1011,1011,1011,1011,1011,1011,1011
998,998,998,998,998,998,998,998,998,998,998
974,971,971,971,971,971,971,971,971,971,971
943,943,943,943,943,943,943,943,943,943,943
905,902,902,902,902,902,902,902,902,902,902
861,861,861,861,861,861,861,861,861,861,861
811,808,808,808,808,808,808,808,808,808,808
757,757,757,757,757,757,757,757,757,757,757
699,695,695,695,695,695,695,695,695,695,695
637,637,637,637,637,637,637,637,637,637,637
574,571,571,571,571,571,571,571,571,571,571
510,510,510,510,510,510,510,510,510,510,510
446,443,443,443,443,442,442,442,442,442,442
383,383,383,383,383,383,383,383,383,383,383
322,319,318,318,318,318,318,318,318,318,318
264,264,264,264,264,264,264,264,264,264,264
209,206,206,206,206,206,206,206,206,206,206
160,160,160,160,160,160,160,160,160,160,160
116,113,113,113,113,113,113,113,113,113,113
78,78,78,78,78,78,78,78,78,78,78
48,45,45,45,44,44,44,44,44,44,44
24,24,24,24,24,24,24,24,24,24,24
8,5,5,5,5,5,5,5,5,5,5
0,0,0,0,0,0,0,0,0,0,0
1,0,0,0,0,0,0,0,0,0,0
9,9,9,9,9,9,9,9,9,9,9
25,22,22,22,22,22,22,22,22,22,22
49,49,49,49,49,49,49,49,49,49,49
80,77,77,77,77,77,77,77,77,77,77
118,118,118,118,118,118,118,118,118,118,118
162,159,159,159,159,159,159,159,159,160,160
212,212,212,212,212,212,212,212,212,212,212
266,263,263,263,263,263,263,264,264,264,264
324,324,324,324,324,324,324,324,324,324,324
386,383,383,383,383,383,383,383,383,383,383
449,449,449,449,449,449,449,449,449,449,449
513,510,510,510,510,510,510,510,510,511,511
577,577,577,577,577,577,577,577,577,577,577
640,637,637,637,637,638,638,638,638,638,638
701,701,701,701,701,701,701,701,701,701,701
759,756,757,757,757,757,757,757,757,757,757
814,814,814,814,814,814,814,814,814,814,814
863,860,860,860,860,860,860,860,860,860,860
907,907,907,907,907,907,907,907,907,907,907
945,942,942,942,942,942,942,942,942,942,942
975,975,975,975,975,975,975,975,975,975,975
999,996,996,996,996,996,996,996,996,996,996
1015,1015,1015,1015,1015,1015,1015,1015,1015,1015,1015
1023,1020,1020,1020,1020,1020,1020,1020,1020,1020,1020
1022,1022,1022,1022,1022,1022,1022,1022,1022,1022,1022
1014,1011,1011,1011,1011,1011,1011,1011,1011,1011,1011
998,998,998,998,998,998,998,998,998,998,998
974,971,971,971,971,971,971,971,971,971,971
943,943,943,943,943,943,943,943,943,943,943
905,902,902,902,902,902,902,902,902,902,902
861,861,861,861,861,861,861,861,861,861,861
811,808,808,808,808,808,808,808,808,808,808
757,757,757,757,757,757,757,757,757,757,757
699,696,696,696,695,695,695,695,695,695,695
638,638,638,638,638,638,638,638,638,638,638
574,571,571,571,571,571,571,571,571,571,571
510,510,510,510,510,510,510,510,510,510,510
446,443,443,443,443,443,443,443,442,442,442
383,383,383,383,383,383,383,383,383,383,383
322,319,319,319,319,318,318,318,318,318,318
264,264,264,264,264,264,264,264,264,264,264
209,206,206,206,206,206,206,206,206,206,206
160,160,160,160,160,160,160,160,160,160,160
116,113,113,113,113,113,113,113,113,113,113
79,79,79,79,79,79,79,79,79,79,79
48,45,45,45,45,45,45,44,44,44,44
24,24,24,24,24,24,24,24,24,24,24
8,5,5,5,5,5,5,5,5,5,5
0,0,0,0,0,0,0,0,0,0,0
1,0,0,0,0,0,0,0,0,0,0
9,9,9,9,9,9,9,9,9,9,9
25,22,22,22,22,22,22,22,22,22,22
49,49,49,49,49,49,49,49,49,49,49
80,77,77,77,77,77,77,77,77,77,77
118,118,118,118,118,118,118,118,118,118,118
162,159,159,159,159,159,159,159,159,159,159
212,212,212,212,212,212,212,212,212,212,212
266,263,263,263,263,263,263,263,263,263,264
324,324,324,324,324,324,324,324,324,324,324
385,382,383,383,383,383,383,383,383,383,383
449,449,449,449,449,449,449,449,449,449,449
513,510,510,510,510,510,510,510,510,510,510
577,577,577,577,577,577,577,577,577,577,577
640,637,637,637,637,637,637,637,638,638,638
701,701,701,701,701,701,701,701,701,701,701
759,756,756,756,756,757,757,757,757,757,757
813,813,813,813,813,813,813,813,813,813,813
863,860,860,860,860,860,860,860,860,860,860
907,907,907,907,907,907,907,907,907,907,907
944,941,942,942,942,942,942,942,942,942,942
975,975,975,975,975,975,975,975,975,975,975
999,996,996,996,996,996,996,996,996,996,996
1015,1015,1015,1015,1015,1015,1015,1015,1015,1015,1015
1023,1020,1020,1020,1020,1020,1020,1020,1020,1020,1020
1022,1022,1022,1022,1022,1022,1022,1022,1022,1022,1022
1014,1011,1011,1011,1011,1011,1011,1011,1011,1011,1011
998,998,998,998,998,998,998,998,998,998,998
974,971,971,971,971,971,971,971,971,971,971
943,943,943,943,943,943,943,943,943,943,943
905,902,902,902,902,902,902,902,902,902,902
861,861,861,861,861,861,861,861,861,861,861
812,808,808,808,808,808,808,808,808,808,808
757,757,757,757,757,757,757,757,757,757,757
699,696,696,696,696,696,696,695,695,695,695
638,638,638,638,638,638,638,638,638,638,638
575,571,571,571,571,571,571,571,571,571,571
510,510,510,510,510,510,510,510,510,510,510
446,443,443,443,443,443,443,443,443,443,443
383,383,383,383,383,383,383,383,383,383,383
322,319,319,319,319,319,319,319,318,318,318
264,264,264,264,264,264,264,264,264,264,264
210,207,207,206,206,206,206,206,206,206,206
160,160,160,160,160,160,160,160,160,160,160
116,113,113,113,113,113,113,113,113,113,113
79,79,79,79,79,79,79,79,79,79,79
48,45,45,45,45,45,45,45,45,45,44
24,24,24,24,24,24,24,24,24,24,24
8,5,5,5,5,5,5,5,5,5,5
0,0,0,0,0,0,0,0,0,0,0
1,0,0,0,0,0,0,0,0,0,0
9,9,9,9,9,9,9,9,9,9,9
25,22,22,22,22,22,22,22,22,22,22
49,49,49,49,49,49,49,49,49,49,49
80,77,77,77,77,77,77,77,77,77,77
118,118,118,118,118,118,118,118,118,118,118
162,159,159,159,159,159,159,159,159,159,159
211,211,211,211,211,211,211,211,211,211,211
266,263,263,263,263,263,263,263,263,263,263
324,324,324,324,324,324,324,324,324,324,324
385,382,382,382,382,383,383,383,383,383,383
448,448,448,448,448,448,448,448,448,448,448
513,510,510,510,510,510,510,510,510,510,510
577,577,577,577,577,577,577,577,577,577,577
640,637,637,637,637,637,637,637,637,637,637
701,701,701,701,701,701,701,701,701,701,701
759,756,756,756,756,756,756,756,757,757,757
813,813,813,813,813,813,813,813,813,813,813
863,860,860,860,860,860,860,860,860,860,860
907,907,907,907,907,907,907,907,907,907,907
944,941,941,941,941,942,942,942,942,942,942
975,975,975,975,975,975,975,975,975,975,975
999,996,996,996,996,996,996,996,996,996,996
1015,1015,1015,1015,1015,1015,1015,1015,1015,1015,1015
1023,1020,1020,1020,1020,1020,1020,1020,1020,1020,1020
1022,1022,1022,1022,1022,1022,1022,1022,1022,1022,1022
1014,1011,1011,1011,1011,1011,1011,1011,1011,1011,1011
998,998,998,998,998,998,998,998,998,998,998
974,971,971,971,971,971,971,971,971,971,971
943,943,943,943,943,943,943,943,943,943,943
905,902,902,902,902,902,902,902,902,902,902
861,861,861,861,861,861,861,861,861,861,861
812,809,809,809,808,808,808,808,808,808,808
757,757,757,757,757,757,757,757,757,757,757
699,696,696,696,696,696,696,696,696,696,695
638,638,638,638,638,638,638,638,638,638,638
575,572,572,572,571,571,571,571,571,571,571
511,511,511,511,511,511,511,511,511,511,511
446,443,443,443,443,443,443,443,443,443,443
383,383,383,383,383,383,383,383,383,383,383
322,319,319,319,319,319,319,319,319,319,319
264,264,264,264,264,264,264,264,264,264,264
210,207,207,207,207,207,206,206,206,206,206
160,160,160,160,160,160,160,160,160,160,160
116,113,113,113,113,113,113,113,113,113,113
79,79,79,79,79,79,79,79,79,79,79
48,45,45,45,45,45,45,45,45,45,45
24,24,24,24,24,24,24,24,24,24,24
8,5,5,5,5,5,5,5,5,5,5
0,0,0,0,0,0,0,0,0,0,0
1,0,0,0,0,0,0,0,0,0,0
9,9,9,9,9,9,9,9,9,9,9
25,22,22,22,22,22,22,22,22,22,22
49,49,49,49,49,49,49,49,49,49,49
80,77,77,77,77,77,77,77,77,77,77
118,118,118,118,118,118,118,118,118,118,118
162,159,159,159,159,159,159,159,159,159,159
211,211,211,211,211,211,211,211,211,211,211
266,263,263,263,263,263,263,263,263,263,263
324,324,324,324,324,324,324,324,324,324,324
385,382,382,382,382,382,382,382,382,383,383
448,448,448,448,448,448,448,448,448,448,448
512,509,509,510,510,510,510,510,510,510,510
577,577,577,577,577,577,577,577,577,577,577
640,637,637,637,637,637,637,637,637,637,637
701,701,701,701,701,701,701,701,701,701,701
759,756,756,756,756,756,756,756,756,756,756
813,813,813,813,813,813,813,813,813,813,813
863,860,860,860,860,860,860,860,860,860,860
907,907,907,907,907,907,907,907,907,907,907
944,941,941,941,941,941,941,941,942,942,942
975,975,975,975,975,975,975,975,975,975,975
999,996,996,996,996,996,996,996,996,996,996
1015,1015,1015,1015,1015,1015,1015,1015,1015,1015,1015
1023,1020,1020,1020,1020,1020,1020,1020,1020,1020,1020
1022,1022,1022,1022,1022,1022,1022,1022,1022,1022,1022
1014,1011,1011,1011,1011,1011,1011,1011,1011,1011,1011
998,998,998,998,998,998,998,998,998,998,998
974,971,971,971,971,971,971,971,971,971,971
943,943,943,943,943,943,943,943,943,943,943
906,902,902,902,902,902,902,902,902,902,902
861,861,861,861,861,861,861,861,861,861,861
812,809,809,809,809,809,809,808,808,808,808
757,757,757,757,757,757,757,757,757,757,757
699,696,696,696,696,696,696,696,696,696,696
638,638,638,638,638,638,638,638,638,638,638
575,572,572,572,572,572,572,571,571,571,571
511,511,511,511,511,511,511,511,511,511,511
447,444,443,443,443,443,443,443,443,443,443
383,383,383,383,383,383,383,383,383,383,383
322,319,319,319,319,319,319,319,319,319,319
264,264,264,264,264,264,264,264,264,264,264
210,207,207,207,207,207,207,207,207,206,206
160,160,160,160,160,160,160,160,160,160,160
117,113,113,113,113,113,113,113,113,113,113
79,79,79,79,79,79,79,79,79,79,79
48,45,45,45,45,45,45,45,45,45,45
24,24,24,24,24,24,24,24,24,24,24
8,5,5,5,5,5,5,5,5,5,5
0,0,0,0,0,0,0,0,0,0,0
1,0,0,0,0,0,0,0,0,0,0
9,9,9,9,9,9,9,9,9,9,9
25,22,22,22,22,22,22,22,22,22,22
49,49,49,49,49,49,49,49,49,49,49
80,77,77,77,77,77,77,77,77,77,77
117,117,117,117,117,117,117,117,117,117,117
162,159,159,159,159,159,159,159,159,159,159
211,211,211,211,211,211,211,211,211,211,211
265,262,263,263,263,263,263,263,263,263,263
324,324,324,324,324,324,324,324,324,324,324
385,382,382,382,382,382,382,382,382,382,382
448,448,448,448,448,448,448,448,448,448,448
512,509,509,509,509,509,510,510,510,510,510
576,576,576,576,576,576,576,576,576,576,576
639,637,637,637,637,637,637,637,637,637,637
701,701,701,701,701,701,701,701,701,701,701
759,756,756,756,756,756,756,756,756,756,756
813,813,813,813,813,813,813,813,813,813,813
862,859,860,860,860,860,860,860,860,860,860
906,906,906,906,906,906,906,906,906,906,906
944,941,941,941,941,941,941,941,941,941,941
975,975,975,975,975,975,975,975,975,975,975
999,996,996,996,996,996,996,996,996,996,996
1015,1015,1015,1015,1015,1015,1015,1015,1015,1015,1015
1023,1020,1020,1020,1020,1020,1020,1020,1020,1020,1020
1022,1022,1022,1022,1022,1022,1022,1022,1022,1022,1022
1014,1011,1011,1011,1011,1011,1011,1011,1011,1011,1011
998,998,998,998,998,998,998,998,998,998,998
975,971,971,971,971,971,971,971,971,971,971
943,943,943,943,943,943,943,943,943,943,943
906,903,903,903,902,902,902,902,902,902,902
862,862,862,862,862,862,862,862,862,862,862
812,809,809,809,809,809,809,809,809,809,808
758,758,758,758,758,758,758,758,758,758,758
699,696,696,696,696,696,696,696,696,696,696
638,638,638,638,638,638,638,638,638,638,638
575,572,572,572,572,572,572,572,572,572,571
511,511,511,511,511,511,511,511,511,511,511
447,444,444,444,444,443,443,443,443,443,443
384,384,384,384,384,384,384,384,384,384,384
323,319,319,319,319,319,319,319,319,319,319
264,264,264,264,264,264,264,264,264,264,264
210,207,207,207,207,207,207,207,207,207,207
161,161,161,161,161,161,161,161,161,161,161
117,114,114,114,113,113,113,113,113,113,113
79,79,79,79,79,79,79,79,79,79,79
48,45,45,45,45,45,45,45,45,45,45
24,24,24,24,24,24,24,24,24,24,24
8,5,5,5,5,5,5,5,5,5,5
0,0,0,0,0,0,0,0,0,0,0
1,0,0,0,0,0,0,0,0,0,0
9,9,9,9,9,9,9,9,9,9,9
25,22,22,22,22,22,22,22,22,22,22
48,48,48,48,48,48,48,48,48,48,48
79,76,77,77,77,77,77,77,77,77,77
117,117,117,117,117,117,117,117,117,117,117
161,158,158,159,159,159,159,159,159,159,159
211,211,211,211,211,211,211,211,211,211,211
265,262,262,262,262,263,263,263,263,263,263
323,323,323,323,323,323,323,323,323,323,323
385,382,382,382,382,382,382,382,382,382,382
448,448,448,448,448,448,448,448,448,448,448
512,509,509,509,509,509,509,509,509,510,510
576,576,576,576,576,576,576,576,576,576,576
639,636,636,636,637,637,637,637,637,637,637
700,700,700,700,700,700,700,700,700,700,700
759,756,756,756,756,756,756,756,756,756,756
813,813,813,813,813,813,813,813,813,813,813
862,859,859,859,859,860,860,860,860,860,860
906,906,906,906,906,906,906,906,906,906,906
944,941,941,941,941,941,941,941,941,941,941
975,975,975,975,975,975,975,975,975,975,975
999,996,996,996,996,996,996,996,996,996,996
1015,1015,1015,1015,1015,1015,1015,1015,1015,1015,1015
1023,1020,1020,1020,1020,1020,1020,1020,1020,1020,1020
1022,1022,1022,1022,1022,1022,1022,1022,1022,1022,1022
1014,1011,1011,1011,1011,1011,1011,1011,1011,1011,1011
998,998,998,998,998,998,998,998,998,998,998
975,972,972,972,971,971,971,971,971,971,971
944,944,944,944,944,944,944,944,944,944,944
906,903,903,903,903,903,903,902,902,902,902
862,862,862,862,862,862,862,862,862,862,862
812,809,809,809,809,809,809,809,809,809,809
758,758,758,758,758,758,758,758,758,758,758
700,697,697,696,696,696,696,696,696,696,696
638,638,638,638,638,638,638,638,638,638,638
575,572,572,572,572,572,572,572,572,572,572
511,511,511,511,511,511,511,511,511,511,511
447,444,444,444,444,444,444,444,443,443,443
384,384,384,384,384,384,384,384,384,384,384
323,320,320,320,319,319,319,319,319,319,319
265,265,265,265,265,265,265,265,265,265,265
210,207,207,207,207,207,207,207,207,207,207
161,161,161,161,161,161,161,161,161,161,161
117,114,114,114,114,114,114,114,113,113,113
79,79,79,79,79,79,79,79,79,79,79
48,45,45,45,45,45,45,45,45,45,45
24,24,24,24,24,24,24,24,24,24,24
9,5,5,5,5,5,5,5,5,5,5
0,0,0,0,0,0,0,0,0,0,0
1,0,0,0,0,0,0,0,0,0,0
9,9,9,9,9,9,9,9,9,9,9
25,22,22,22,22,22,22,22,22,22,22
48,48,48,48,48,48,48,48,48,48,48
79,76,76,76,76,77,77,77,77,77,77
117,117,117,117,117,117,117,117,117,117,117
161,158,158,158,158,158,158,159,159,159,159
211,211,211,211,211,211,211,211,211,211,211
265,262,262,262,262,262,262,262,263,263,263
323,323,323,323,323,323,323,323,323,323,323
384,381,382,382,382,382,382,382,382,382,382
448,448,448,448,448,448,448,448,448,448,448
512,509,509,509,509,509,509,509,509,509,509
576,576,576,576,576,576,576,576,576,576,576
639,636,636,636,636,636,636,637,637,637,637
700,700,700,700,700,700,700,700,700,700,700
758,755,755,756,756,756,756,756,756,756,756
813,813,813,813,813,813,813,813,813,813,813
862,859,859,859,859,859,859,859,860,860,860
906,906,906,906,906,906,906,906,906,906,906
944,941,941,941,941,941,941,941,941,941,941
975,975,975,975,975,975,975,975,975,975,975
999,996,996,996,996,996,996,996,996,996,996
1014,1014,1014,1014,1014,1014,1014,1014,1014,1014,1014
1023,1020,1020,1020,1020,1020,1020,1020,1020,1020,1020
1022,1022,1022,1022,1022,1022,1022,1022,1022,1022,1022
1014,1011,1011,1011,1011,1011,1011,1011,1011,1011,1011
998,998,998,998,998,998,998,998,998,998,998
975,972,972,972,972,972,972,971,971,971,971
944,944,944,944,944,944,944,944,944,944,944
906,903,903,903,903,903,903,903,903,903,902
862,862,862,862,862,862,862,862,862,862,862
812,809,809,809,809,809,809,809,809,809,809
758,758,758,758,758,758,758,758,758,758,758
700,697,697,697,697,697,696,696,696,696,696
639,639,639,639,639,639,639,639,639,639,639
576,572,572,572,572,572,572,572,572,572,572
511,511,511,511,511,511,511,511,511,511,511
447,444,444,444,444,444,444,444,444,444,444
384,384,384,384,384,384,384,384,384,384,384
323,320,320,320,320,320,320,319,319,319,319
265,265,265,265,265,265,265,265,265,265,265
210,207,207,207,207,207,207,207,207,207,207
161,161,161,161,161,161,161,161,161,161,161
117,114,114,114,114,114,114,114,114,114,114
79,79,79,79,79,79,79,79,79,79,79
48,45,45,45,45,45,45,45,45,45,45
25,25,25,25,25,25,25,25,25,25,25
9,6,6,6,5,5,5,5,5,5,5
1,1,1,1,1,1,1,1,1,1,1
1,0,0,0,0,0,0,0,0,0,0
9,9,9,9,9,9,9,9,9,9,9
25,22,22,22,22,22,22,22,22,22,22
48,48,48,48,48,48,48,48,48,48,48
79,76,76,76,76,76,76,76,77,77,77
117,117,117,117,117,117,117,117,117,117,117
161,158,158,158,158,158,158,158,158,158,159
211,211,211,211,211,211,211,211,211,211,211
265,262,262,262,262,262,262,262,262,262,262
323,323,323,323,323,323,323,323,323,323,323
384,381,381,381,381,382,382,382,382,382,382
447,447,447,447,447,447,447,447,447,447,447
512,509,509,509,509,509,509,509,509,509,509
576,576,576,576,576,576,576,576,576,576,576
639,636,636,636,636,636,636,636,636,636,637
700,700,700,700,700,700,700,700,700,700,700
758,755,755,755,755,755,756,756,756,756,756
812,812,812,812,812,812,812,812,812,812,812
862,859,859,859,859,859,859,859,859,859,859
906,906,906,906,906,906,906,906,906,906,906
944,941,941,941,941,941,941,941,941,941,941
975,975,975,975,975,975,975,975,975,975,975
998,995,995,996,996,996,996,996,996,996,996
1014,1014,1014,1014,1014,1014,1014,1014,1014,1014,1014
1022,1019,1019,1020,1020,1020,1020,1020,1020,1020,1020
1022,1022,1022,1022,1022,1022,1022,1022,1022,1022,1022
1014,1011,1011,1011,1011,1011,1011,1011,1011,1011,1011
998,998,998,998,998,998,998,998,998,998,998
975,972,972,972,972,972,972,972,972,972,971
