ideal,0.1%,0.2%,0.3%,0.4%,0.5%,0.6%,0.7%,0.8%,0.9%,1%
998,998,998,998,998,998,998,998,998,998,998
211,211,210,209,209,208,207,206,205,205,204
210,210,210,210,210,210,210,210,210,210,210
998,1000,1000,1000,1001,1001,1001,1001,1002,1002,1002
512,512,512,512,512,512,512,512,512,512,512
24,26,26,26,27,27,27,28,28,28,29
812,812,812,812,812,812,812,812,812,812,812
813,813,812,811,811,810,809,808,808,807,806
25,25,25,25,25,25,25,25,25,25,25
511,513,514,515,516,517,518,519,520,521,522
999,999,999,999,999,999,999,999,999,999,999
211,211,211,210,209,208,207,207,206,205,204
210,210,210,210,210,210,210,210,210,210,210
998,999,1000,1000,1000,1001,1001,1001,1002,1002,1002
512,512,512,512,512,512,512,512,512,512,512
24,26,26,26,26,27,27,27,28,28,28
812,812,812,812,812,812,812,812,812,812,812
813,814,813,812,811,810,810,809,808,807,806
25,25,25,25,25,25,25,25,25,25,25
510,512,513,514,515,516,517,518,519,520,521
999,999,999,999,999,999,999,999,999,999,999
212,212,211,210,209,209,208,207,206,206,205
209,209,209,209,209,209,209,209,209,209,209
998,999,1000,1000,1000,1000,1001,1001,1001,1002,1002
513,513,513,513,513,513,513,513,513,513,513
24,25,26,26,26,27,27,27,28,28,28
811,811,811,811,811,811,811,811,811,811,811
814,814,813,812,812,811,810,809,809,808,807
25,25,25,25,25,25,25,25,25,25,25
510,512,513,514,515,516,517,517,518,519,520
999,999,999,999,999,999,999,999,999,999,999
212,212,212,211,210,209,208,208,207,206,205
209,209,209,209,209,209,209,209,209,209,209
998,999,999,1000,1000,1000,1001,1001,1001,1001,1002
514,514,514,514,514,514,514,514,514,514,514
24,25,26,26,26,26,27,27,27,28,28
811,811,811,811,811,811,811,811,811,811,811
814,814,814,813,812,811,811,810,809,808,807
25,25,25,25,25,25,25,25,25,25,25
509,511,512,513,514,515,516,517,518,519,520
999,999,999,999,999,999,999,999,999,999,999
213,213,212,211,210,210,209,208,207,207,206
209,209,209,209,209,209,209,209,209,209,209
998,999,999,1000,1000,1000,1000,1001,1001,1001,1002
514,514,514,514,514,514,514,514,514,514,514
24,25,25,26,26,26,27,27,27,27,28
810,810,810,810,810,810,810,810,810,810,810
815,815,814,813,813,812,811,810,809,809,808
25,25,25,25,25,25,25,25,25,25,25
509,511,511,512,513,514,515,516,517,518,519
999,999,999,999,999,999,999,999,999,999,999
213,213,212,212,211,210,209,209,208,207,206
208,208,208,208,208,208,208,208,208,208,208
997,999,999,999,1000,1000,1000,1001,1001,1001,1001
515,515,515,515,515,515,515,515,515,515,515
24,25,25,25,26,26,26,27,27,27,28
810,810,810,810,810,810,810,810,810,810,810
815,815,815,814,813,812,812,811,810,809,808
26,26,26,26,26,26,26,26,26,26,26
508,510,511,512,513,514,515,516,517,518,519
1000,1000,1000,1000,1000,1000,1000,1000,1000,1000,1000
214,214,213,212,211,211,210,209,208,207,207
208,208,208,208,208,208,208,208,208,208,208
997,999,999,999,999,1000,1000,1000,1001,1001,1001
515,515,515,515,515,515,515,515,515,515,515
23,25,25,25,26,26,26,26,27,27,27
809,809,809,809,809,809,809,809,809,809,809
816,816,815,814,814,813,812,811,810,810,809
26,26,26,26,26,26,26,26,26,26,26
507,509,510,511,512,513,514,515,516,517,518
1000,1000,1000,1000,1000,1000,1000,1000,1000,1000,1000
214,214,213,213,212,211,210,210,209,208,207
207,207,207,207,207,207,207,207,207,207,207
997,998,999,999,999,1000,1000,1000,1000,1001,1001
516,516,516,516,516,516,516,516,516,516,516
23,24,25,25,25,26,26,26,27,27,27
809,809,809,809,809,809,809,809,809,809,809
816,816,816,815,814,813,812,812,811,810,809
26,26,26,26,26,26,26,26,26,26,26
507,509,510,511,512,513,514,515,516,516,517
1000,1000,1000,1000,1000,1000,1000,1000,1000,1000,1000
214,215,214,213,212,212,211,210,209,208,208
207,207,207,207,207,207,207,207,207,207,207
997,998,998,999,999,999,1000,1000,1000,1001,1001
517,517,517,517,517,517,517,517,517,517,517
23,24,25,25,25,25,26,26,26,27,27
808,808,808,808,808,808,808,808,808,808,808
817,817,816,815,815,814,813,812,811,811,810
26,26,26,26,26,26,26,26,26,26,26
506,508,509,510,511,512,513,514,515,516,517
1000,1000,1000,1000,1000,1000,1000,1000,1000,1000,1000
215,215,214,214,213,212,211,210,210,209,208
206,206,206,206,206,206,206,206,206,206,206
997,998,998,999,999,999,1000,1000,1000,1000,1001
517,517,517,517,517,517,517,517,517,517,517
23,24,24,25,25,25,26,26,26,27,27
808,808,808,808,808,808,808,808,808,808,808
817,817,817,816,815,814,813,813,812,811,810
26,26,26,26,26,26,26,26,26,26,26
506,508,509,510,510,511,512,513,514,515,516
1000,1000,1000,1000,1000,1000,1000,1000,1000,1000,1000
215,216,215,214,213,213,212,211,210,209,209
206,206,206,206,206,206,206,206,206,206,206
997,998,998,998,999,999,999,1000,1000,1000,1001
518,518,518,518,518,518,518,518,518,518,518
23,24,24,25,25,25,25,26,26,26,27
807,807,807,807,807,807,807,807,807,807,807
818,818,817,816,815,815,814,813,812,812,811
27,27,27,27,27,27,27,27,27,27,27
505,507,508,509,510,511,512,513,514,515,516
1000,1000,1000,1000,1000,1000,1000,1000,1000,1000,1000
216,216,215,215,214,213,212,211,211,210,209
205,205,205,205,205,205,205,205,205,205,205
996,998,998,998,999,999,999,999,1000,1000,1000
518,518,518,518,518,518,518,518,518,518,518
22,24,24,24,25,25,25,26,26,26,26
807,807,807,807,807,807,807,807,807,807,807
818,818,817,817,816,815,814,814,813,812,811
27,27,27,27,27,27,27,27,27,27,27
504,506,507,508,509,510,511,512,513,514,515
1001,1001,1001,1001,1001,1001,1001,1001,1001,1001,1001
216,217,216,215,214,213,213,212,211,210,210
205,205,205,205,205,205,205,205,205,205,205
996,997,998,998,998,999,999,999,1000,1000,1000
519,519,519,519,519,519,519,519,519,519,519
22,24,24,24,24,25,25,25,26,26,26
806,806,806,806,806,806,806,806,806,806,806
819,819,818,817,816,816,815,814,813,813,812
27,27,27,27,27,27,27,27,27,27,27
504,506,507,508,509,510,511,512,513,514,514
1001,1001,1001,1001,1001,1001,1001,1001,1001,1001,1001
217,217,216,216,215,214,213,212,212,211,210
204,204,204,204,204,204,204,204,204,204,204
996,997,998,998,998,998,999,999,999,1000,1000
519,519,519,519,519,519,519,519,519,519,519
22,23,24,24,24,25,25,25,25,26,26
806,806,806,806,806,806,806,806,806,806,806
819,819,818,818,817,816,815,815,814,813,812
27,27,27,27,27,27,27,27,27,27,27
503,505,506,507,508,509,510,511,512,513,514
1001,1001,1001,1001,1001,1001,1001,1001,1001,1001,1001
217,218,217,216,215,214,214,213,212,211,211
204,204,204,204,204,204,204,204,204,204,204
996,997,997,998,998,998,999,999,999,1000,1000
520,520,520,520,520,520,520,520,520,520,520
22,23,24,24,24,24,25,25,25,26,26
805,805,805,805,805,805,805,805,805,805,805
819,820,819,818,817,817,816,815,814,813,813
27,27,27,27,27,27,27,27,27,27,27
503,505,506,507,508,508,509,510,511,512,513
1001,1001,1001,1001,1001,1001,1001,1001,1001,1001,1001
218,218,217,216,216,215,214,213,213,212,211
203,203,203,203,203,203,203,203,203,203,203
996,997,997,997,998,998,998,999,999,999,1000
521,521,521,521,521,521,521,521,521,521,521
22,23,23,24,24,24,25,25,25,25,26
805,805,805,805,805,805,805,805,805,805,805
820,820,819,819,818,817,816,816,815,814,813
28,28,28,28,28,28,28,28,28,28,28
502,504,505,506,507,508,509,510,511,512,513
1001,1001,1001,1001,1001,1001,1001,1001,1001,1001,1001
218,219,218,217,216,215,215,214,213,212,211
203,203,203,203,203,203,203,203,203,203,203
995,997,997,997,998,998,998,999,999,999,999
521,521,521,521,521,521,521,521,521,521,521
22,23,23,23,24,24,24,25,25,25,26
804,804,804,804,804,804,804,804,804,804,804
820,821,820,819,818,818,817,816,815,814,814
28,28,28,28,28,28,28,28,28,28,28
501,503,504,505,506,507,508,509,510,511,512
1001,1001,1001,1001,1001,1001,1001,1001,1001,1001,1001
219,219,218,217,217,216,215,214,214,213,212
202,202,202,202,202,202,202,202,202,202,202
995,996,997,997,997,998,998,998,999,999,999
522,522,522,522,522,522,522,522,522,522,522
21,23,23,23,24,24,24,24,25,25,25
804,804,804,804,804,804,804,804,804,804,804
821,821,820,820,819,818,817,816,816,815,814
28,28,28,28,28,28,28,28,28,28,28
501,503,504,505,506,507,508,509,510,511,512
1002,1002,1002,1002,1002,1002,1002,1002,1002,1002,1002
219,220,219,218,217,216,216,215,214,213,212
202,202,202,202,202,202,202,202,202,202,202
995,996,997,997,997,998,998,998,998,999,999
522,522,522,522,522,522,522,522,522,522,522
21,23,23,23,23,24,24,24,25,25,25
803,803,803,803,803,803,803,803,803,803,803
821,822,821,820,819,818,818,817,816,815,815
28,28,28,28,28,28,28,28,28,28,28
500,502,503,504,505,506,507,508,509,510,511
1002,1002,1002,1002,1002,1002,1002,1002,1002,1002,1002
220,220,219,218,218,217,216,215,214,214,213
201,201,201,201,201,201,201,201,201,201,201
995,996,996,997,997,997,998,998,998,999,999
523,523,523,523,523,523,523,523,523,523,523
21,22,23,23,23,24,24,24,24,25,25
803,803,803,803,803,803,803,803,803,803,803
822,822,821,820,820,819,818,817,817,816,815
28,28,28,28,28,28,28,28,28,28,28
500,502,503,504,505,506,507,507,508,509,510
1002,1002,1002,1002,1002,1002,1002,1002,1002,1002,1002
220,220,220,219,218,217,217,216,215,214,213
201,201,201,201,201,201,201,201,201,201,201
995,996,996,997,997,997,997,998,998,998,999
524,524,524,524,524,524,524,524,524,524,524
21,22,23,23,23,23,24,24,24,25,25
802,802,802,802,802,802,802,802,802,802,802
822,823,822,821,820,819,819,818,817,816,816
29,29,29,29,29,29,29,29,29,29,29
499,501,502,503,504,505,506,507,508,509,510
1002,1002,1002,1002,1002,1002,1002,1002,1002,1002,1002
221,221,220,219,219,218,217,216,215,215,214
200,200,200,200,200,200,200,200,200,200,200
994,996,996,996,997,997,997,998,998,998,999
524,524,524,524,524,524,524,524,524,524,524
21,22,22,23,23,23,23,24,24,24,25
802,802,802,802,802,802,802,802,802,802,802
823,823,822,821,821,820,819,818,818,817,816
29,29,29,29,29,29,29,29,29,29,29
499,501,501,502,503,504,505,506,507,508,509
1002,1002,1002,1002,1002,1002,1002,1002,1002,1002,1002
221,221,221,220,219,218,217,217,216,215,214
200,200,200,200,200,200,200,200,200,200,200
994,996,996,996,996,997,997,997,998,998,998
525,525,525,525,525,525,525,525,525,525,525
21,22,22,22,23,23,23,24,24,24,24
802,802,802,802,802,802,802,802,802,802,802
823,823,823,822,821,820,820,819,818,817,816
29,29,29,29,29,29,29,29,29,29,29
498,500,501,502,503,504,505,506,507,508,509
1002,1002,1002,1002,1002,1002,1002,1002,1002,1002,1002
222,222,221,220,220,219,218,217,216,216,215
200,200,200,200,200,200,200,200,200,200,200
994,995,996,996,996,997,997,997,998,998,998
525,525,525,525,525,525,525,525,525,525,525
20,22,22,22,23,23,23,23,24,24,24
801,801,801,801,801,801,801,801,801,801,801
824,824,823,822,822,821,820,819,819,818,817
29,29,29,29,29,29,29,29,29,29,29
497,499,500,501,502,503,504,505,506,507,508
1003,1003,1003,1003,1003,1003,1003,1003,1003,1003,1003
222,222,222,221,220,219,218,218,217,216,215
199,199,199,199,199,199,199,199,199,199,199
994,995,995,996,996,996,997,997,997,998,998
526,526,526,526,526,526,526,526,526,526,526
20,22,22,22,22,23,23,23,24,24,24
801,801,801,801,801,801,801,801,801,801,801
824,824,824,823,822,821,821,820,819,818,817
29,29,29,29,29,29,29,29,29,29,29
497,499,500,501,502,503,504,505,505,506,507
1003,1003,1003,1003,1003,1003,1003,1003,1003,1003,1003
223,223,222,221,221,220,219,218,217,217,216
199,199,199,199,199,199,199,199,199,199,199
994,995,995,996,996,996,997,997,997,997,998
527,527,527,527,527,527,527,527,527,527,527
20,21,22,22,22,22,23,23,23,24,24
800,800,800,800,800,800,800,800,800,800,800
825,825,824,823,823,822,821,820,819,819,818
29,29,29,29,29,29,29,29,29,29,29
496,498,499,500,501,502,503,504,505,506,507
1003,1003,1003,1003,1003,1003,1003,1003,1003,1003,1003
223,223,223,222,221,220,219,219,218,217,216
198,198,198,198,198,198,198,198,198,198,198
993,995,995,995,996,996,996,997,997,997,998
527,527,527,527,527,527,527,527,527,527,527
20,21,21,22,22,22,23,23,23,23,24
800,800,800,800,800,800,800,800,800,800,800
825,825,825,824,823,822,821,821,820,819,818
30,30,30,30,30,30,30,30,30,30,30
496,498,499,499,500,501,502,503,504,505,506
1003,1003,1003,1003,1003,1003,1003,1003,1003,1003,1003
224,224,223,222,221,221,220,219,218,218,217
198,198,198,198,198,198,198,198,198,198,198
993,995,995,995,996,996,996,996,997,997,997
528,528,528,528,528,528,528,528,528,528,528
20,21,21,22,22,22,22,23,23,23,24
799,799,799,799,799,799,799,799,799,799,799
826,826,825,824,823,823,822,821,820,820,819
30,30,30,30,30,30,30,30,30,30,30
495,497,498,499,500,501,502,503,504,505,506
1003,1003,1003,1003,1003,1003,1003,1003,1003,1003,1003
224,224,224,223,222,221,220,220,219,218,217
197,197,197,197,197,197,197,197,197,197,197
993,994,995,995,995,996,996,996,997,997,997
528,528,528,528,528,528,528,528,528,528,528
20,21,21,21,22,22,22,23,23,23,23
799,799,799,799,799,799,799,799,799,799,799
826,826,825,825,824,823,822,822,821,820,819
30,30,30,30,30,30,30,30,30,30,30
494,496,497,498,499,500,501,502,503,504,505
1003,1003,1003,1003,1003,1003,1003,1003,1003,1003,1003
225,225,224,223,222,222,221,220,219,218,218
197,197,197,197,197,197,197,197,197,197,197
993,994,994,995,995,995,996,996,996,997,997
529,529,529,529,529,529,529,529,529,529,529
19,21,21,21,22,22,22,22,23,23,23
798,798,798,798,798,798,798,798,798,798,798
826,827,826,825,824,824,823,822,821,821,820
30,30,30,30,30,30,30,30,30,30,30
494,496,497,498,499,500,501,502,503,504,504
1004,1004,1004,1004,1004,1004,1004,1004,1004,1004,1004
225,225,225,224,223,222,221,221,220,219,218
196,196,196,196,196,196,196,196,196,196,196
993,994,994,995,995,995,996,996,996,997,997
529,529,529,529,529,529,529,529,529,529,529
19,21,21,21,21,22,22,22,22,23,23
798,798,798,798,798,798,798,798,798,798,798
827,827,826,826,825,824,823,823,822,821,820
30,30,30,30,30,30,30,30,30,30,30
493,495,496,497,498,499,500,501,502,503,504
1004,1004,1004,1004,1004,1004,1004,1004,1004,1004,1004
226,226,225,224,223,223,222,221,220,219,219
196,196,196,196,196,196,196,196,196,196,196
992,994,994,994,995,995,995,996,996,996,997
530,530,530,530,530,530,530,530,530,530,530
19,20,21,21,21,21,22,22,22,23,23
797,797,797,797,797,797,797,797,797,797,797
827,828,827,826,825,825,824,823,822,822,821
31,31,31,31,31,31,31,31,31,31,31
493,495,496,497,498,498,499,500,501,502,503
1004,1004,1004,1004,1004,1004,1004,1004,1004,1004,1004
226,226,226,225,224,223,222,222,221,220,219
195,195,195,195,195,195,195,195,195,195,195
992,994,994,994,995,995,995,995,996,996,996
531,531,531,531,531,531,531,531,531,531,531
19,20,20,21,21,21,22,22,22,22,23
797,797,797,797,797,797,797,797,797,797,797
828,828,827,827,826,825,824,824,823,822,821
31,31,31,31,31,31,31,31,31,31,31
492,494,495,496,497,498,499,500,501,502,503
1004,1004,1004,1004,1004,1004,1004,1004,1004,1004,1004
227,227,226,225,224,224,223,222,221,220,220
195,195,195,195,195,195,195,195,195,195,195
992,993,994,994,994,995,995,995,996,996,996
531,531,531,531,531,531,531,531,531,531,531
19,20,20,21,21,21,21,22,22,22,23
796,796,796,796,796,796,796,796,796,796,796
828,829,828,827,826,826,825,824,823,822,822
31,31,31,31,31,31,31,31,31,31,31
491,493,494,495,496,497,498,499,500,501,502
1004,1004,1004,1004,1004,1004,1004,1004,1004,1004,1004
227,227,226,226,225,224,223,222,222,221,220
194,194,194,194,194,194,194,194,194,194,194
992,993,993,994,994,994,995,995,995,996,996
532,532,532,532,532,532,532,532,532,532,532
19,20,20,20,21,21,21,22,22,22,22
796,796,796,796,796,796,796,796,796,796,796
829,829,828,828,827,826,825,824,824,823,822
31,31,31,31,31,31,31,31,31,31,31
491,493,494,495,496,497,498,499,500,501,502
1004,1004,1004,1004,1004,1004,1004,1004,1004,1004,1004
228,228,227,226,225,225,224,223,222,221,221
194,194,194,194,194,194,194,194,194,194,194
992,993,993,994,994,994,995,995,995,996,996
532,532,532,532,532,532,532,532,532,532,532
18,20,20,20,21,21,21,21,22,22,22
795,795,795,795,795,795,795,795,795,795,795
829,829,829,828,827,826,826,825,824,823,823
32,32,32,32,32,32,32,32,32,32,32
490,492,493,494,495,496,497,498,499,500,501
1005,1005,1005,1005,1005,1005,1005,1005,1005,1005,1005
228,228,227,227,226,225,224,223,223,222,221
194,194,194,194,194,194,194,194,194,194,194
991,993,993,993,994,994,994,995,995,995,996
533,533,533,533,533,533,533,533,533,533,533
18,20,20,20,20,21,21,21,21,22,22
795,795,795,795,795,795,795,795,795,795,795
830,830,829,828,828,827,826,825,825,824,823
32,32,32,32,32,32,32,32,32,32,32
490,492,493,494,495,496,496,497,498,499,500
1005,1005,1005,1005,1005,1005,1005,1005,1005,1005,1005
229,229,228,227,226,226,225,224,223,222,222
193,193,193,193,193,193,193,193,193,193,193
991,993,993,993,994,994,994,995,995,995,995
534,534,534,534,534,534,534,534,534,534,534
18,19,20,20,20,20,21,21,21,22,22
794,794,794,794,794,794,794,794,794,794,794
830,830,830,829,828,827,827,826,825,824,824
32,32,32,32,32,32,32,32,32,32,32
489,491,492,493,494,495,496,497,498,499,500
1005,1005,1005,1005,1005,1005,1005,1005,1005,1005,1005
229,229,228,228,227,226,225,224,224,223,222
193,193,193,193,193,193,193,193,193,193,193
991,992,993,993,993,994,994,994,995,995,995
534,534,534,534,534,534,534,534,534,534,534
18,19,20,20,20,20,21,21,21,21,22
794,794,794,794,794,794,794,794,794,794,794
831,831,830,829,829,828,827,826,826,825,824
32,32,32,32,32,32,32,32,32,32,32
489,490,491,492,493,494,495,496,497,498,499
1005,1005,1005,1005,1005,1005,1005,1005,1005,1005,1005
230,230,229,228,227,227,226,225,224,223,223
192,192,192,192,192,192,192,192,192,192,192
991,992,992,993,993,993,994,994,994,995,995
535,535,535,535,535,535,535,535,535,535,535
18,19,19,20,20,20,20,21,21,21,22
793,793,793,793,793,793,793,793,793,793,793
831,831,831,830,829,828,828,827,826,825,824
32,32,32,32,32,32,32,32,32,32,32
488,490,491,492,493,494,495,496,497,498,499
1005,1005,1005,1005,1005,1005,1005,1005,1005,1005,1005
230,230,229,229,228,227,226,225,225,224,223
192,192,192,192,192,192,192,192,192,192,192
991,992,992,993,993,993,994,994,994,995,995
535,535,535,535,535,535,535,535,535,535,535
18,19,19,19,20,20,20,21,21,21,21
793,793,793,793,793,793,793,793,793,793,793
832,832,831,830,830,829,828,827,826,826,825
33,33,33,33,33,33,33,33,33,33,33
487,489,490,491,492,493,494,495,496,497,498
1005,1005,1005,1005,1005,1005,1005,1005,1005,1005,1005
231,231,230,229,228,227,227,226,225,224,224
191,191,191,191,191,191,191,191,191,191,191
990,992,992,992,993,993,993,994,994,994,995
536,536,536,536,536,536,536,536,536,536,536
18,19,19,19,20,20,20,20,21,21,21
792,792,792,792,792,792,792,792,792,792,792
832,832,832,831,830,829,828,828,827,826,825
33,33,33,33,33,33,33,33,33,33,33
487,489,490,491,492,493,494,495,495,496,497
1006,1006,1006,1006,1006,1006,1006,1006,1006,1006,1006
231,231,230,230,229,228,227,226,226,225,224
191,191,191,191,191,191,191,191,191,191,191
990,991,992,992,993,993,993,994,994,994,994
537,537,537,537,537,537,537,537,537,537,537
17,19,19,19,19,20,20,20,20,21,21
792,792,792,792,792,792,792,792,792,792,792
832,833,832,831,830,830,829,828,827,827,826
33,33,33,33,33,33,33,33,33,33,33
486,488,489,490,491,492,493,494,495,496,497
1006,1006,1006,1006,1006,1006,1006,1006,1006,1006,1006
232,232,231,230,229,228,228,227,226,225,224
190,190,190,190,190,190,190,190,190,190,190
990,991,992,992,992,993,993,993,994,994,994
537,537,537,537,537,537,537,537,537,537,537
17,18,19,19,19,20,20,20,20,21,21
791,791,791,791,791,791,791,791,791,791,791
833,833,832,832,831,830,829,829,828,827,826
33,33,33,33,33,33,33,33,33,33,33
486,488,489,489,490,491,492,493,494,495,496
1006,1006,1006,1006,1006,1006,1006,1006,1006,1006,1006
232,232,231,231,230,229,228,227,227,226,225
190,190,190,190,190,190,190,190,190,190,190
990,991,991,992,992,992,993,993,993,994,994
538,538,538,538,538,538,538,538,538,538,538
17,18,19,19,19,19,20,20,20,20,21
791,791,791,791,791,791,791,791,791,791,791
833,834,833,832,831,831,830,829,828,828,827
33,33,33,33,33,33,33,33,33,33,33
485,487,488,489,490,491,492,493,494,495,496
1006,1006,1006,1006,1006,1006,1006,1006,1006,1006,1006
232,233,232,231,230,229,229,228,227,226,225
189,189,189,189,189,189,189,189,189,189,189
990,991,991,992,992,992,993,993,993,994,994
538,538,538,538,538,538,538,538,538,538,538
17,18,18,19,19,19,19,20,20,20,21
790,790,790,790,790,790,790,790,790,790,790
834,834,833,833,832,831,830,830,829,828,827
34,34,34,34,34,34,34,34,34,34,34
484,486,487,488,489,490,491,492,493,494,495
1006,1006,1006,1006,1006,1006,1006,1006,1006,1006,1006
233,233,232,232,231,230,229,228,228,227,226
189,189,189,189,189,189,189,189,189,189,189
989,991,991,991,992,992,992,993,993,993,994
539,539,539,539,539,539,539,539,539,539,539
17,18,18,19,19,19,19,20,20,20,20
790,790,790,790,790,790,790,790,790,790,790
834,835,834,833,832,832,831,830,829,829,828
34,34,34,34,34,34,34,34,34,34,34
484,486,487,488,489,490,491,492,493,494,494
1006,1006,1006,1006,1006,1006,1006,1006,1006,1006,1006
233,234,233,232,231,230,230,229,228,227,226
188,188,188,188,188,188,188,188,188,188,188
989,990,991,991,991,992,992,992,993,993,993
539,539,539,539,539,539,539,539,539,539,539
17,18,18,18,19,19,19,19,20,20,20
789,789,789,789,789,789,789,789,789,789,789
835,835,834,834,833,832,831,830,830,829,828
34,34,34,34,34,34,34,34,34,34,34
483,485,486,487,488,489,490,491,492,493,494
1006,1006,1006,1006,1006,1006,1006,1006,1006,1006,1006
234,234,233,233,232,231,230,229,229,228,227
188,188,188,188,188,188,188,188,188,188,188
989,990,991,991,991,992,992,992,993,993,993
540,540,540,540,540,540,540,540,540,540,540
16,18,18,18,18,19,19,19,20,20,20
789,789,789,789,789,789,789,789,789,789,789
835,835,835,834,833,832,832,831,830,829,829
34,34,34,34,34,34,34,34,34,34,34
483,485,486,487,488,488,489,490,491,492,493
1007,1007,1007,1007,1007,1007,1007,1007,1007,1007,1007
234,235,234,233,232,231,231,230,229,228,227
188,188,188,188,188,188,188,188,188,188,188
989,990,990,991,991,991,992,992,992,993,993
541,541,541,541,541,541,541,541,541,541,541
16,18,18,18,18,19,19,19,19,20,20
788,788,788,788,788,788,788,788,788,788,788
836,836,835,834,834,833,832,831,831,830,829
34,34,34,34,34,34,34,34,34,34,34
482,484,485,486,487,488,489,490,491,492,493
1007,1007,1007,1007,1007,1007,1007,1007,1007,1007,1007
235,235,234,234,233,232,231,230,229,229,228
187,187,187,187,187,187,187,187,187,187,187
988,990,990,990,991,991,992,992,992,993,993
541,541,541,541,541,541,541,541,541,541,541
16,17,18,18,18,18,19,19,19,19,20
788,788,788,788,788,788,788,788,788,788,788
836,836,836,835,834,833,833,832,831,830,830
35,35,35,35,35,35,35,35,35,35,35
481,483,484,485,486,487,488,489,490,491,492
1007,1007,1007,1007,1007,1007,1007,1007,1007,1007,1007
235,236,235,234,233,232,232,231,230,229,228
187,187,187,187,187,187,187,187,187,187,187
988,990,990,990,991,991,991,992,992,992,993
542,542,542,542,542,542,542,542,542,542,542
16,17,18,18,18,18,19,19,19,19,20
787,787,787,787,787,787,787,787,787,787,787
837,837,836,835,835,834,833,832,832,831,830
35,35,35,35,35,35,35,35,35,35,35
481,483,484,485,486,487,488,489,490,491,492
1007,1007,1007,1007,1007,1007,1007,1007,1007,1007,1007
236,236,235,235,234,233,232,231,230,230,229
186,186,186,186,186,186,186,186,186,186,186
988,989,990,990,990,991,991,991,992,992,992
542,542,542,542,542,542,542,542,542,542,542
16,17,17,18,18,18,18,19,19,19,19
787,787,787,787,787,787,787,787,787,787,787
837,837,837,836,835,834,834,833,832,831,831
35,35,35,35,35,35,35,35,35,35,35
480,482,483,484,485,486,487,488,489,490,491
1007,1007,1007,1007,1007,1007,1007,1007,1007,1007,1007
236,237,236,235,234,233,233,232,231,230,229
186,186,186,186,186,186,186,186,186,186,186
988,989,990,990,990,991,991,991,992,992,992
543,543,543,543,543,543,543,543,543,543,543
16,17,17,17,18,18,18,18,19,19,19
786,786,786,786,786,786,786,786,786,786,786
837,838,837,836,836,835,834,833,833,832,831
35,35,35,35,35,35,35,35,35,35,35
480,482,483,484,485,486,486,487,488,489,490
1007,1007,1007,1007,1007,1007,1007,1007,1007,1007,1007
237,237,236,236,235,234,233,232,231,231,230
185,185,185,185,185,185,185,185,185,185,185
988,989,989,990,990,990,991,991,991,992,992
544,544,544,544,544,544,544,544,544,544,544
16,17,17,17,18,18,18,18,19,19,19
786,786,786,786,786,786,786,786,786,786,786
838,838,837,837,836,835,834,834,833,832,831
36,36,36,36,36,36,36,36,36,36,36
479,481,482,483,484,485,486,487,488,489,490
1007,1007,1007,1007,1007,1007,1007,1007,1007,1007,1007
237,238,237,236,235,234,234,233,232,231,230
185,185,185,185,185,185,185,185,185,185,185
987,989,989,989,990,990,990,991,991,992,992
544,544,544,544,544,544,544,544,544,544,544
15,17,17,17,17,18,18,18,18,19,19
785,785,785,785,785,785,785,785,785,785,785
838,839,838,837,836,836,835,834,833,833,832
36,36,36,36,36,36,36,36,36,36,36
479,480,481,482,483,484,485,486,487,488,489
1008,1008,1008,1008,1008,1008,1008,1008,1008,1008,1008
238,238,237,237,236,235,234,233,232,232,231
184,184,184,184,184,184,184,184,184,184,184
987,989,989,989,990,990,990,991,991,991,992
545,545,545,545,545,545,545,545,545,545,545
15,17,17,17,17,18,18,18,18,19,19
785,785,785,785,785,785,785,785,785,785,785
839,839,838,838,837,836,835,835,834,833,832
36,36,36,36,36,36,36,36,36,36,36
478,480,481,482,483,484,485,486,487,488,489
1008,1008,1008,1008,1008,1008,1008,1008,1008,1008,1008
238,239,238,237,236,235,235,234,233,232,231
184,184,184,184,184,184,184,184,184,184,184
987,988,989,989,989,990,990,990,991,991,991
545,545,545,545,545,545,545,545,545,545,545
15,16,17,17,17,17,18,18,18,18,19
784,784,784,784,784,784,784,784,784,784,784
839,840,839,838,837,837,836,835,834,834,833
36,36,36,36,36,36,36,36,36,36,36
477,479,480,481,482,483,484,485,486,487,488
1008,1008,1008,1008,1008,1008,1008,1008,1008,1008,1008
239,239,238,237,237,236,235,234,233,233,232
183,183,183,183,183,183,183,183,183,183,183
987,988,988,989,989,989,990,990,991,991,991
546,546,546,546,546,546,546,546,546,546,546
15,16,16,17,17,17,17,18,18,18,18
784,784,784,784,784,784,784,784,784,784,784
840,840,839,839,838,837,836,836,835,834,833
36,36,36,36,36,36,36,36,36,36,36
477,479,480,481,482,483,484,485,485,486,487
1008,1008,1008,1008,1008,1008,1008,1008,1008,1008,1008
239,240,239,238,237,236,236,235,234,233,232
183,183,183,183,183,183,183,183,183,183,183
987,988,988,989,989,989,990,990,990,991,991
547,547,547,547,547,547,547,547,547,547,547
15,16,16,17,17,17,17,18,18,18,18
783,783,783,783,783,783,783,783,783,783,783
840,840,840,839,838,837,837,836,835,835,834
37,37,37,37,37,37,37,37,37,37,37
476,478,479,480,481,482,483,484,485,486,487
1008,1008,1008,1008,1008,1008,1008,1008,1008,1008,1008
240,240,239,238,238,237,236,235,234,234,233
183,183,183,183,183,183,183,183,183,183,183
986,988,988,988,989,989,989,990,990,990,991
547,547,547,547,547,547,547,547,547,547,547
15,16,16,16,17,17,17,17,18,18,18
783,783,783,783,783,783,783,783,783,783,783
841,841,840,839,839,838,837,836,836,835,834
37,37,37,37,37,37,37,37,37,37,37
476,478,479,479,480,481,482,483,484,485,486
1008,1008,1008,1008,1008,1008,1008,1008,1008,1008,1008
240,241,240,239,238,237,237,236,235,234,233
182,182,182,182,182,182,182,182,182,182,182
986,987,988,988,988,989,989,990,990,990,991
548,548,548,548,548,548,548,548,548,548,548
15,16,16,16,17,17,17,17,17,18,18
782,782,782,782,782,782,782,782,782,782,782
841,841,841,840,839,838,838,837,836,835,835
37,37,37,37,37,37,37,37,37,37,37
475,477,478,479,480,481,482,483,484,485,486
1008,1008,1008,1008,1008,1008,1008,1008,1008,1008,1008
241,241,240,239,239,238,237,236,235,235,234
182,182,182,182,182,182,182,182,182,182,182
986,987,988,988,988,989,989,989,990,990,990
548,548,548,548,548,548,548,548,548,548,548
14,16,16,16,16,17,17,17,17,18,18
782,782,782,782,782,782,782,782,782,782,782
842,842,841,840,840,839,838,837,837,836,835
37,37,37,37,37,37,37,37,37,37,37
474,476,477,478,479,480,481,482,483,484,485
1009,1009,1009,1009,1009,1009,1009,1009,1009,1009,1009
241,242,241,240,239,238,238,237,236,235,234
181,181,181,181,181,181,181,181,181,181,181
986,987,987,988,988,988,989,989,989,990,990
549,549,549,549,549,549,549,549,549,549,549
14,16,16,16,16,16,17,17,17,17,18
781,781,781,781,781,781,781,781,781,781,781
842,842,842,841,840,839,839,838,837,836,836
37,37,37,37,37,37,37,37,37,37,37
474,476,477,478,479,480,481,482,483,484,484
1009,1009,1009,1009,1009,1009,1009,1009,1009,1009,1009
242,242,241,240,240,239,238,237,236,236,235
181,181,181,181,181,181,181,181,181,181,181
985,987,987,987,988,988,989,989,989,990,990
549,549,549,549,549,549,549,549,549,549,549
14,15,16,16,16,16,17,17,17,17,18
781,781,781,781,781,781,781,781,781,781,781
842,843,842,841,841,840,839,838,838,837,836
38,38,38,38,38,38,38,38,38,38,38
473,475,476,477,478,479,480,481,482,483,484
1009,1009,1009,1009,1009,1009,1009,1009,1009,1009,1009
242,243,242,241,240,239,239,238,237,236,235
180,180,180,180,180,180,180,180,180,180,180
985,987,987,987,988,988,988,989,989,989,990
550,550,550,550,550,550,550,550,550,550,550
14,15,15,16,16,16,16,17,17,17,17
780,780,780,780,780,780,780,780,780,780,780
843,843,842,842,841,840,839,839,838,837,836
38,38,38,38,38,38,38,38,38,38,38
473,475,476,477,478,478,479,480,481,482,483
1009,1009,1009,1009,1009,1009,1009,1009,1009,1009,1009
243,243,242,241,241,240,239,238,237,237,236
180,180,180,180,180,180,180,180,180,180,180
985,986,987,987,987,988,988,988,989,989,990
551,551,551,551,551,551,551,551,551,551,551
14,15,15,16,16,16,16,17,17,17,17
780,780,780,780,780,780,780,780,780,780,780
843,844,843,842,841,841,840,839,838,838,837
38,38,38,38,38,38,38,38,38,38,38
472,474,475,476,477,478,479,480,481,482,483
1009,1009,1009,1009,1009,1009,1009,1009,1009,1009,1009
243,244,243,242,241,240,240,239,238,237,236
179,179,179,179,179,179,179,179,179,179,179
985,986,986,987,987,988,988,988,989,989,989
551,551,551,551,551,551,551,551,551,551,551
14,15,15,15,16,16,16,16,17,17,17
779,779,779,779,779,779,779,779,779,779,779
844,844,843,843,842,841,840,840,839,838,837
38,38,38,38,38,38,38,38,38,38,38
471,473,474,475,476,477,478,479,480,481,482
1009,1009,1009,1009,1009,1009,1009,1009,1009,1009,1009
244,244,243,242,242,241,240,239,238,238,237
179,179,179,179,179,179,179,179,179,179,179
984,986,986,987,987,987,988,988,988,989,989
552,552,552,552,552,552,552,552,552,552,552
14,15,15,15,16,16,16,16,16,17,17
779,779,779,779,779,779,779,779,779,779,779
844,845,844,843,842,842,841,840,839,839,838
39,39,39,39,39,39,39,39,39,39,39
471,473,474,475,476,477,478,479,480,481,482
1009,1009,1009,1009,1009,1009,1009,1009,1009,1009,1009
244,245,244,243,242,241,241,240,239,238,237
179,179,179,179,179,179,179,179,179,179,179
984,986,986,986,987,987,987,988,988,989,989
552,552,552,552,552,552,552,552,552,552,552
13,15,15,15,15,16,16,16,16,17,17
778,778,778,778,778,778,778,778,778,778,778
845,845,844,844,843,842,841,841,840,839,838
39,39,39,39,39,39,39,39,39,39,39
470,472,473,474,475,476,477,478,479,480,481
1010,1010,1010,1010,1010,1010,1010,1010,1010,1010,1010
245,245,244,243,243,242,241,240,239,239,238
178,178,178,178,178,178,178,178,178,178,178
984,985,986,986,987,987,987,988,988,988,989
553,553,553,553,553,553,553,553,553,553,553
13,15,15,15,15,15,16,16,16,16,17
778,778,778,778,778,778,778,778,778,778,778
845,845,845,844,843,842,842,841,840,840,839
39,39,39,39,39,39,39,39,39,39,39
470,472,473,474,475,476,476,477,478,479,480
1010,1010,1010,1010,1010,1010,1010,1010,1010,1010,1010
245,246,245,244,243,242,242,241,240,239,238
178,178,178,178,178,178,178,178,178,178,178
984,985,986,986,986,987,987,987,988,988,988
554,554,554,554,554,554,554,554,554,554,554
13,14,15,15,15,15,16,16,16,16,16
777,777,777,777,777,777,777,777,777,777,777
846,846,845,844,844,843,842,841,841,840,839
39,39,39,39,39,39,39,39,39,39,39
469,471,472,473,474,475,476,477,478,479,480
1010,1010,1010,1010,1010,1010,1010,1010,1010,1010,1010
246,246,245,244,244,243,242,241,240,240,239
177,177,177,177,177,177,177,177,177,177,177
984,985,985,986,986,986,987,987,988,988,988
554,554,554,554,554,554,554,554,554,554,554
13,14,15,15,15,15,15,16,16,16,16
777,777,777,777,777,777,777,777,777,777,777
846,846,846,845,844,843,843,842,841,840,840
40,40,40,40,40,40,40,40,40,40,40
469,471,471,472,473,474,475,476,477,478,479
1010,1010,1010,1010,1010,1010,1010,1010,1010,1010,1010
246,247,246,245,244,243,243,242,241,240,239
177,177,177,177,177,177,177,177,177,177,177
983,985,985,985,986,986,987,987,987,988,988
555,555,555,555,555,555,555,555,555,555,555
13,14,14,15,15,15,15,16,16,16,16
776,776,776,776,776,776,776,776,776,776,776
846,847,846,845,845,844,843,842,842,841,840
40,40,40,40,40,40,40,40,40,40,40
468,470,471,472,473,474,475,476,477,478,479
1010,1010,1010,1010,1010,1010,1010,1010,1010,1010,1010
247,247,246,245,245,244,243,242,241,241,240
176,176,176,176,176,176,176,176,176,176,176
983,985,985,985,986,986,986,987,987,987,988
555,555,555,555,555,555,555,555,555,555,555
13,14,14,14,15,15,15,15,16,16,16
776,776,776,776,776,776,776,776,776,776,776
847,847,846,846,845,844,844,843,842,841,841
40,40,40,40,40,40,40,40,40,40,40
467,469,470,471,472,473,474,475,476,477,478
1010,1010,1010,1010,1010,1010,1010,1010,1010,1010,1010
247,248,247,246,245,244,244,243,242,241,240
176,176,176,176,176,176,176,176,176,176,176
983,984,985,985,985,986,986,986,987,987,988
556,556,556,556,556,556,556,556,556,556,556
13,14,14,14,15,15,15,15,15,16,16
775,775,775,775,775,775,775,775,775,775,775
847,848,847,846,845,845,844,843,843,842,841
40,40,40,40,40,40,40,40,40,40,40
467,469,470,471,472,473,474,475,475,476,477
1010,1010,1010,1010,1010,1010,1010,1010,1010,1010,1010
248,248,247,246,246,245,244,243,242,242,241
175,175,175,175,175,175,175,175,175,175,175
983,984,984,985,985,986,986,986,987,987,987
557,557,557,557,557,557,557,557,557,557,557
13,14,14,14,14,15,15,15,15,16,16
775,775,775,775,775,775,775,775,775,775,775
848,848,847,847,846,845,844,844,843,842,841
40,40,40,40,40,40,40,40,40,40,40
466,468,469,470,471,472,473,474,475,476,477
1011,1011,1011,1011,1011,1011,1011,1011,1011,1011,1011
248,249,248,247,246,245,245,244,243,242,241
175,175,175,175,175,175,175,175,175,175,175
982,984,984,985,985,985,986,986,986,987,987
557,557,557,557,557,557,557,557,557,557,557
12,14,14,14,14,14,15,15,15,15,16
774,774,774,774,774,774,774,774,774,774,774
848,849,848,847,846,846,845,844,843,843,842
41,41,41,41,41,41,41,41,41,41,41
466,468,469,470,470,471,472,473,474,475,476
1011,1011,1011,1011,1011,1011,1011,1011,1011,1011,1011
249,249,248,248,247,246,245,244,243,243,242
175,175,175,175,175,175,175,175,175,175,175
982,984,984,984,985,985,985,986,986,987,987
558,558,558,558,558,558,558,558,558,558,558
12,13,14,14,14,14,15,15,15,15,15
774,774,774,774,774,774,774,774,774,774,774
849,849,848,848,847,846,845,845,844,843,842
41,41,41,41,41,41,41,41,41,41,41
465,467,468,469,470,471,472,473,474,475,476
1011,1011,1011,1011,1011,1011,1011,1011,1011,1011,1011
249,250,249,248,247,246,246,245,244,243,242
174,174,174,174,174,174,174,174,174,174,174
982,983,984,984,984,985,985,986,986,986,987
558,558,558,558,558,558,558,558,558,558,558
12,13,14,14,14,14,14,15,15,15,15
773,773,773,773,773,773,773,773,773,773,773
849,849,849,848,847,847,846,845,844,844,843
41,41,41,41,41,41,41,41,41,41,41
464,466,467,468,469,470,471,472,473,474,475
1011,1011,1011,1011,1011,1011,1011,1011,1011,1011,1011
250,250,249,249,248,247,246,245,244,244,243
174,174,174,174,174,174,174,174,174,174,174
982,983,984,984,984,985,985,985,986,986,986
559,559,559,559,559,559,559,559,559,559,559
12,13,13,14,14,14,14,15,15,15,15
773,773,773,773,773,773,773,773,773,773,773
850,850,849,848,848,847,846,845,845,844,843
41,41,41,41,41,41,41,41,41,41,41
464,466,467,468,469,470,471,472,473,474,474
1011,1011,1011,1011,1011,1011,1011,1011,1011,1011,1011
251,251,250,249,248,247,247,246,245,244,243
173,173,173,173,173,173,173,173,173,173,173
982,983,983,984,984,984,985,985,986,986,986
559,559,559,559,559,559,559,559,559,559,559
12,13,13,14,14,14,14,14,15,15,15
772,772,772,772,772,772,772,772,772,772,772
850,850,850,849,848,847,847,846,845,844,844
42,42,42,42,42,42,42,42,42,42,42
463,465,466,467,468,469,470,471,472,473,474
1011,1011,1011,1011,1011,1011,1011,1011,1011,1011,1011
251,251,250,250,249,248,247,246,245,245,244
173,173,173,173,173,173,173,173,173,173,173
981,983,983,983,984,984,985,985,985,986,986
560,560,560,560,560,560,560,560,560,560,560
12,13,13,13,14,14,14,14,14,15,15
772,772,772,772,772,772,772,772,772,772,772
850,851,850,849,849,848,847,846,846,845,844
42,42,42,42,42,42,42,42,42,42,42
463,465,466,467,468,468,469,470,471,472,473
1011,1011,1011,1011,1011,1011,1011,1011,1011,1011,1011
252,252,251,250,249,248,248,247,246,245,244
172,172,172,172,172,172,172,172,172,172,172
981,982,983,983,984,984,984,985,985,985,986
561,561,561,561,561,561,561,561,561,561,561
12,13,13,13,13,14,14,14,14,15,15
771,771,771,771,771,771,771,771,771,771,771
851,851,850,850,849,848,848,847,846,845,845
42,42,42,42,42,42,42,42,42,42,42
462,464,465,466,467,468,469,470,471,472,473
1011,1011,1011,1011,1011,1011,1011,1011,1011,1011,1011
252,252,251,251,250,249,248,247,246,246,245
172,172,172,172,172,172,172,172,172,172,172
981,982,983,983,983,984,984,984,985,985,986
561,561,561,561,561,561,561,561,561,561,561
11,13,13,13,13,14,14,14,14,14,15
771,771,771,771,771,771,771,771,771,771,771
851,852,851,850,849,849,848,847,847,846,845
42,42,42,42,42,42,42,42,42,42,42
462,463,464,465,466,467,468,469,470,471,472
1012,1012,1012,1012,1012,1012,1012,1012,1012,1012,1012
253,253,252,251,250,249,249,248,247,246,245
171,171,171,171,171,171,171,171,171,171,171
981,982,982,983,983,983,984,984,985,985,985
562,562,562,562,562,562,562,562,562,562,562
11,13,13,13,13,13,14,14,14,14,15
770,770,770,770,770,770,770,770,770,770,770
852,852,851,851,850,849,848,848,847,846,846
43,43,43,43,43,43,43,43,43,43,43
461,463,464,465,466,467,468,469,470,471,472
1012,1012,1012,1012,1012,1012,1012,1012,1012,1012,1012
253,253,252,252,251,250,249,248,247,247,246
171,171,171,171,171,171,171,171,171,171,171
980,982,982,982,983,983,984,984,984,985,985
562,562,562,562,562,562,562,562,562,562,562
11,12,13,13,13,13,14,14,14,14,14
770,770,770,770,770,770,770,770,770,770,770
852,853,852,851,850,850,849,848,847,847,846
43,43,43,43,43,43,43,43,43,43,43
460,462,463,464,465,466,467,468,469,470,471
1012,1012,1012,1012,1012,1012,1012,1012,1012,1012,1012
254,254,253,252,251,250,250,249,248,247,246
171,171,171,171,171,171,171,171,171,171,171
980,981,982,982,983,983,983,984,984,985,985
563,563,563,563,563,563,563,563,563,563,563
11,12,13,13,13,13,13,14,14,14,14
769,769,769,769,769,769,769,769,769,769,769
853,853,852,852,851,850,849,849,848,847,846
43,43,43,43,43,43,43,43,43,43,43
460,462,463,464,465,466,467,467,468,469,470
1012,1012,1012,1012,1012,1012,1012,1012,1012,1012,1012
254,254,253,253,252,251,250,249,248,248,247
170,170,170,170,170,170,170,170,170,170,170
980,981,982,982,982,983,983,984,984,984,985
564,564,564,564,564,564,564,564,564,564,564
11,12,12,13,13,13,13,13,14,14,14
769,769,769,769,769,769,769,769,769,769,769
853,853,853,852,851,851,850,849,848,848,847
43,43,43,43,43,43,43,43,43,43,43
459,461,462,463,464,465,466,467,468,469,470
1012,1012,1012,1012,1012,1012,1012,1012,1012,1012,1012
255,255,254,253,252,251,251,250,249,248,247
170,170,170,170,170,170,170,170,170,170,170
980,981,981,982,982,983,983,983,984,984,984
564,564,564,564,564,564,564,564,564,564,564
11,12,12,12,13,13,13,13,14,14,14
768,768,768,768,768,768,768,768,768,768,768
854,854,853,852,852,851,850,850,849,848,847
43,43,43,43,43,43,43,43,43,43,43
459,461,462,462,463,464,465,466,467,468,469
1012,1012,1012,1012,1012,1012,1012,1012,1012,1012,1012
255,255,254,254,253,252,251,250,249,249,248
169,169,169,169,169,169,169,169,169,169,169
979,981,981,982,982,982,983,983,983,984,984
565,565,565,565,565,565,565,565,565,565,565
11,12,12,12,13,13,13,13,13,14,14
768,768,768,768,768,768,768,768,768,768,768
854,854,854,853,852,851,851,850,849,848,848
44,44,44,44,44,44,44,44,44,44,44
458,460,461,462,463,464,465,466,467,468,469
1012,1012,1012,1012,1012,1012,1012,1012,1012,1012,1012
256,256,255,254,253,252,252,251,250,249,248
169,169,169,169,169,169,169,169,169,169,169
979,981,981,981,982,982,982,983,983,984,984
565,565,565,565,565,565,565,565,565,565,565
11,12,12,12,12,13,13,13,13,13,14
767,767,767,767,767,767,767,767,767,767,767
854,855,854,853,853,852,851,850,850,849,848
44,44,44,44,44,44,44,44,44,44,44
457,459,460,461,462,463,464,465,466,467,468
1012,1012,1012,1012,1012,1012,1012,1012,1012,1012,1012
256,256,255,255,254,253,252,251,250,250,249
168,168,168,168,168,168,168,168,168,168,168
979,980,981,981,981,982,982,983,983,983,984
566,566,566,566,566,566,566,566,566,566,566
10,12,12,12,12,13,13,13,13,13,14
767,767,767,767,767,767,767,767,767,767,767
855,855,854,854,853,852,852,851,850,849,849
44,44,44,44,44,44,44,44,44,44,44
457,459,460,461,462,463,464,465,466,466,467
1013,1013,1013,1013,1013,1013,1013,1013,1013,1013,1013
257,257,256,255,254,253,253,252,251,250,249
168,168,168,168,168,168,168,168,168,168,168
979,980,980,981,981,982,982,982,983,983,984
566,566,566,566,566,566,566,566,566,566,566
10,12,12,12,12,12,13,13,13,13,13
766,766,766,766,766,766,766,766,766,766,766
855,856,855,854,853,853,852,851,851,850,849
44,44,44,44,44,44,44,44,44,44,44
456,458,459,460,461,462,463,464,465,466,467
1013,1013,1013,1013,1013,1013,1013,1013,1013,1013,1013
257,257,256,256,255,254,253,252,251,251,250
167,167,167,167,167,167,167,167,167,167,167
978,980,980,981,981,981,982,982,983,983,983
567,567,567,567,567,567,567,567,567,567,567
10,11,12,12,12,12,12,13,13,13,13
766,766,766,766,766,766,766,766,766,766,766
856,856,855,855,854,853,852,852,851,850,850
45,45,45,45,45,45,45,45,45,45,45
456,458,459,460,460,461,462,463,464,465,466
1013,1013,1013,1013,1013,1013,1013,1013,1013,1013,1013
258,258,257,256,255,254,254,253,252,251,250
167,167,167,167,167,167,167,167,167,167,167
978,980,980,980,981,981,982,982,982,983,983
568,568,568,568,568,568,568,568,568,568,568
10,11,12,12,12,12,12,13,13,13,13
765,765,765,765,765,765,765,765,765,765,765
856,856,856,855,854,854,853,852,851,851,850
45,45,45,45,45,45,45,45,45,45,45
455,457,458,459,460,461,462,463,464,465,466
1013,1013,1013,1013,1013,1013,1013,1013,1013,1013,1013
258,258,257,257,256,255,254,253,252,252,251
167,167,167,167,167,167,167,167,167,167,167
978,979,980,980,981,981,981,982,982,982,983
568,568,568,568,568,568,568,568,568,568,568
10,11,11,12,12,12,12,12,13,13,13
765,765,765,765,765,765,765,765,765,765,765
857,857,856,855,855,854,853,853,852,851,850
45,45,45,45,45,45,45,45,45,45,45
454,456,457,458,459,460,461,462,463,464,465
1013,1013,1013,1013,1013,1013,1013,1013,1013,1013,1013
259,259,258,257,256,255,255,254,253,252,251
166,166,166,166,166,166,166,166,166,166,166
978,979,979,980,980,981,981,981,982,982,983
569,569,569,569,569,569,569,569,569,569,569
10,11,11,11,12,12,12,12,13,13,13
764,764,764,764,764,764,764,764,764,764,764
857,857,857,856,855,854,854,853,852,852,851
45,45,45,45,45,45,45,45,45,45,45
454,456,457,458,459,460,461,462,463,464,464
1013,1013,1013,1013,1013,1013,1013,1013,1013,1013,1013
259,259,258,258,257,256,255,254,253,253,252
166,166,166,166,166,166,166,166,166,166,166
977,979,979,980,980,980,981,981,982,982,982
569,569,569,569,569,569,569,569,569,569,569
10,11,11,11,12,12,12,12,12,13,13
764,764,764,764,764,764,764,764,764,764,764
857,858,857,856,856,855,854,853,853,852,851
46,46,46,46,46,46,46,46,46,46,46
453,455,456,457,458,459,460,461,462,463,464
1013,1013,1013,1013,1013,1013,1013,1013,1013,1013,1013
260,260,259,258,257,256,256,255,254,253,252
165,165,165,165,165,165,165,165,165,165,165
977,979,979,979,980,980,981,981,981,982,982
570,570,570,570,570,570,570,570,570,570,570
10,11,11,11,11,12,12,12,12,12,13
763,763,763,763,763,763,763,763,763,763,763
858,858,857,857,856,855,855,854,853,852,852
46,46,46,46,46,46,46,46,46,46,46
453,455,456,457,458,459,459,460,461,462,463
1013,1013,1013,1013,1013,1013,1013,1013,1013,1013,1013
260,260,260,259,258,257,256,255,254,254,253
165,165,165,165,165,165,165,165,165,165,165
977,978,979,979,980,980,980,981,981,982,982
571,571,571,571,571,571,571,571,571,571,571
10,11,11,11,11,12,12,12,12,12,13
763,763,763,763,763,763,763,763,763,763,763
858,859,858,857,857,856,855,854,854,853,852
46,46,46,46,46,46,46,46,46,46,46
452,454,455,456,457,458,459,460,461,462,463
1014,1014,1014,1014,1014,1014,1014,1014,1014,1014,1014
261,261,260,259,258,258,257,256,255,254,253
164,164,164,164,164,164,164,164,164,164,164
977,978,979,979,979,980,980,980,981,981,982
571,571,571,571,571,571,571,571,571,571,571
9,11,11,11,11,11,12,12,12,12,12
762,762,762,762,762,762,762,762,762,762,762
859,859,858,858,857,856,856,855,854,853,853
46,46,46,46,46,46,46,46,46,46,46
452,454,454,455,456,457,458,459,460,461,462
1014,1014,1014,1014,1014,1014,1014,1014,1014,1014,1014
261,261,261,260,259,258,257,256,256,255,254
164,164,164,164,164,164,164,164,164,164,164
976,978,978,979,979,979,980,980,981,981,981
572,572,572,572,572,572,572,572,572,572,572
9,11,11,11,11,11,11,12,12,12,12
762,762,762,762,762,762,762,762,762,762,762
859,860,859,858,857,857,856,855,855,854,853
47,47,47,47,47,47,47,47,47,47,47
451,453,454,455,456,457,458,459,460,461,462
1014,1014,1014,1014,1014,1014,1014,1014,1014,1014,1014
262,262,261,260,259,259,258,257,256,255,254
164,164,164,164,164,164,164,164,164,164,164
976,978,978,978,979,979,980,980,980,981,981
572,572,572,572,572,572,572,572,572,572,572
9,10,11,11,11,11,11,12,12,12,12
761,761,761,761,761,761,761,761,761,761,761
860,860,859,859,858,857,856,856,855,854,854
47,47,47,47,47,47,47,47,47,47,47
450,452,453,454,455,456,457,458,459,460,461
1014,1014,1014,1014,1014,1014,1014,1014,1014,1014,1014
262,262,262,261,260,259,258,257,257,256,255
163,163,163,163,163,163,163,163,163,163,163
976,977,978,978,979,979,979,980,980,981,981
573,573,573,573,573,573,573,573,573,573,573
9,10,10,11,11,11,11,11,12,12,12
760,760,760,760,760,760,760,760,760,760,760
860,860,860,859,858,858,857,856,855,855,854
47,47,47,47,47,47,47,47,47,47,47
450,452,453,454,455,456,457,458,458,459,460
1014,1014,1014,1014,1014,1014,1014,1014,1014,1014,1014
263,263,262,261,260,260,259,258,257,256,255
163,163,163,163,163,163,163,163,163,163,163
976,977,978,978,978,979,979,980,980,980,981
573,573,573,573,573,573,573,573,573,573,573
9,10,10,11,11,11,11,11,12,12,12
760,760,760,760,760,760,760,760,760,760,760
861,861,860,859,859,858,857,857,856,855,854
47,47,47,47,47,47,47,47,47,47,47
449,451,452,453,454,455,456,457,458,459,460
1014,1014,1014,1014,1014,1014,1014,1014,1014,1014,1014
263,263,263,262,261,260,259,258,258,257,256
162,162,162,162,162,162,162,162,162,162,162
975,977,977,978,978,978,979,979,980,980,980
574,574,574,574,574,574,574,574,574,574,574
9,10,10,10,11,11,11,11,11,12,12
759,759,759,759,759,759,759,759,759,759,759
861,861,861,860,859,858,858,857,856,856,855
48,48,48,48,48,48,48,48,48,48,48
449,451,452,453,453,454,455,456,457,458,459
1014,1014,1014,1014,1014,1014,1014,1014,1014,1014,1014
264,264,263,262,261,261,260,259,258,257,256
162,162,162,162,162,162,162,162,162,162,162
975,977,977,977,978,978,979,979,979,980,980
575,575,575,575,575,575,575,575,575,575,575
9,10,10,10,10,11,11,11,11,11,12
759,759,759,759,759,759,759,759,759,759,759
861,862,861,860,860,859,858,857,857,856,855
48,48,48,48,48,48,48,48,48,48,48
448,450,451,452,453,454,455,456,457,458,459
1014,1014,1014,1014,1014,1014,1014,1014,1014,1014,1014
264,264,264,263,262,261,260,259,259,258,257
161,161,161,161,161,161,161,161,161,161,161
975,976,977,977,978,978,978,979,979,980,980
575,575,575,575,575,575,575,575,575,575,575
9,10,10,10,10,11,11,11,11,11,12
758,758,758,758,758,758,758,758,758,758,758
862,862,861,861,860,859,859,858,857,856,856
48,48,48,48,48,48,48,48,48,48,48
447,449,450,451,452,453,454,455,456,457,458
1014,1014,1014,1014,1014,1014,1014,1014,1014,1014,1014
265,265,264,263,262,262,261,260,259,258,257
161,161,161,161,161,161,161,161,161,161,161
975,976,977,977,977,978,978,979,979,979,980
576,576,576,576,576,576,576,576,576,576,576
9,10,10,10,10,10,11,11,11,11,11
758,758,758,758,758,758,758,758,758,758,758
862,863,862,861,860,860,859,858,858,857,856
48,48,48,48,48,48,48,48,48,48,48
447,449,450,451,452,453,454,455,456,457,457
1015,1015,1015,1015,1015,1015,1015,1015,1015,1015,1015
265,265,265,264,263,262,261,260,260,259,258
161,161,161,161,161,161,161,161,161,161,161
974,976,976,977,977,978,978,978,979,979,980
576,576,576,576,576,576,576,576,576,576,576
8,10,10,10,10,10,11,11,11,11,11
757,757,757,757,757,757,757,757,757,757,757
863,863,862,862,861,860,859,859,858,857,857
49,49,49,49,49,49,49,49,49,49,49
446,448,449,450,451,452,453,454,455,456,457
1015,1015,1015,1015,1015,1015,1015,1015,1015,1015,1015
266,266,265,264,263,263,262,261,260,259,258
160,160,160,160,160,160,160,160,160,160,160
974,976,976,976,977,977,978,978,978,979,979
577,577,577,577,577,577,577,577,577,577,577
8,9,10,10,10,10,10,11,11,11,11
757,757,757,757,757,757,757,757,757,757,757
863,863,863,862,861,861,860,859,858,858,857
49,49,49,49,49,49,49,49,49,49,49
446,448,449,450,451,451,452,453,454,455,456
1015,1015,1015,1015,1015,1015,1015,1015,1015,1015,1015
266,267,266,265,264,263,262,261,261,260,259
160,160,160,160,160,160,160,160,160,160,160
974,975,976,976,977,977,977,978,978,979,979
578,578,578,578,578,578,578,578,578,578,578
8,9,10,10,10,10,10,10,11,11,11
756,756,756,756,756,756,756,756,756,756,756
864,864,863,862,862,861,860,860,859,858,857
49,49,49,49,49,49,49,49,49,49,49
445,447,448,449,450,451,452,453,454,455,456
1015,1015,1015,1015,1015,1015,1015,1015,1015,1015,1015
267,267,266,265,265,264,263,262,261,260,259
159,159,159,159,159,159,159,159,159,159,159
974,975,976,976,976,977,977,978,978,978,979
578,578,578,578,578,578,578,578,578,578,578
8,9,9,10,10,10,10,10,11,11,11
756,756,756,756,756,756,756,756,756,756,756
864,864,864,863,862,861,861,860,859,859,858
49,49,49,49,49,49,49,49,49,49,49
445,446,447,448,449,450,451,452,453,454,455
1015,1015,1015,1015,1015,1015,1015,1015,1015,1015,1015
267,268,267,266,265,264,263,262,262,261,260
159,159,159,159,159,159,159,159,159,159,159
973,975,975,976,976,977,977,977,978,978,979
579,579,579,579,579,579,579,579,579,579,579
8,9,9,10,10,10,10,10,10,11,11
755,755,755,755,755,755,755,755,755,755,755
864,865,864,863,863,862,861,860,860,859,858
50,50,50,50,50,50,50,50,50,50,50
444,446,447,448,449,450,451,452,453,454,455
1015,1015,1015,1015,1015,1015,1015,1015,1015,1015,1015
268,268,267,266,266,265,264,263,262,261,260
158,158,158,158,158,158,158,158,158,158,158
973,975,975,975,976,976,977,977,977,978,978
579,579,579,579,579,579,579,579,579,579,579
8,9,9,9,10,10,10,10,10,11,11
755,755,755,755,755,755,755,755,755,755,755
865,865,864,864,863,862,862,861,860,859,859
50,50,50,50,50,50,50,50,50,50,50
443,445,446,447,448,449,450,451,452,453,454
1015,1015,1015,1015,1015,1015,1015,1015,1015,1015,1015
268,269,268,267,266,265,264,264,263,262,261
158,158,158,158,158,158,158,158,158,158,158
973,974,975,975,976,976,976,977,977,978,978
580,580,580,580,580,580,580,580,580,580,580
8,9,9,9,9,10,10,10,10,10,11
754,754,754,754,754,754,754,754,754,754,754
865,866,865,864,863,863,862,861,861,860,859
50,50,50,50,50,50,50,50,50,50,50
443,445,446,447,448,449,450,450,451,452,453
1015,1015,1015,1015,1015,1015,1015,1015,1015,1015,1015
269,269,268,267,267,266,265,264,263,262,262
158,158,158,158,158,158,158,158,158,158,158
973,974,975,975,975,976,976,977,977,977,978
581,581,581,581,581,581,581,581,581,581,581
8,9,9,9,9,10,10,10,10,10,10
754,754,754,754,754,754,754,754,754,754,754
866,866,865,865,864,863,862,862,861,860,860
50,50,50,50,50,50,50,50,50,50,50
442,444,445,446,447,448,449,450,451,452,453
1015,1015,1015,1015,1015,1015,1015,1015,1015,1015,1015
269,270,269,268,267,266,265,265,264,263,262
157,157,157,157,157,157,157,157,157,157,157
972,974,974,975,975,976,976,976,977,977,978
581,581,581,581,581,581,581,581,581,581,581
8,9,9,9,9,9,10,10,10,10,10
753,753,753,753,753,753,753,753,753,753,753
866,866,866,865,864,864,863,862,861,861,860
51,51,51,51,51,51,51,51,51,51,51
442,444,445,445,446,447,448,449,450,451,452
1015,1015,1015,1015,1015,1015,1015,1015,1015,1015,1015
270,270,269,268,268,267,266,265,264,263,263
157,157,157,157,157,157,157,157,157,157,157
972,974,974,974,975,975,976,976,977,977,977
582,582,582,582,582,582,582,582,582,582,582
7,9,9,9,9,9,10,10,10,10,10
753,753,753,753,753,753,753,753,753,753,753
867,867,866,865,865,864,863,863,862,861,860
51,51,51,51,51,51,51,51,51,51,51
441,443,444,445,446,447,448,449,450,451,452
1016,1016,1016,1016,1016,1016,1016,1016,1016,1016,1016
271,271,270,269,268,267,266,266,265,264,263
156,156,156,156,156,156,156,156,156,156,156
972,973,974,974,975,975,975,976,976,977,977
582,582,582,582,582,582,582,582,582,582,582
7,9,9,9,9,9,9,10,10,10,10
752,752,752,752,752,752,752,752,752,752,752
867,867,867,866,865,864,864,863,862,862,861
51,51,51,51,51,51,51,51,51,51,51
440,442,443,444,445,446,447,448,449,450,451
1016,1016,1016,1016,1016,1016,1016,1016,1016,1016,1016
271,271,270,269,269,268,267,266,265,264,264
156,156,156,156,156,156,156,156,156,156,156
972,973,974,974,974,975,975,976,976,976,977
583,583,583,583,583,583,583,583,583,583,583
7,8,9,9,9,9,9,9,10,10,10
752,752,752,752,752,752,752,752,752,752,752
867,868,867,866,866,865,864,863,863,862,861
51,51,51,51,51,51,51,51,51,51,51
440,442,443,444,445,446,447,448,449,449,450
1016,1016,1016,1016,1016,1016,1016,1016,1016,1016,1016
272,272,271,270,269,268,267,267,266,265,264
155,155,155,155,155,155,155,155,155,155,155
971,973,973,974,974,975,975,975,976,976,977
583,583,583,583,583,583,583,583,583,583,583
7,8,8,9,9,9,9,9,10,10,10
751,751,751,751,751,751,751,751,751,751,751
868,868,867,867,866,865,865,864,863,862,862
52,52,52,52,52,52,52,52,52,52,52
439,441,442,443,444,445,446,447,448,449,450
1016,1016,1016,1016,1016,1016,1016,1016,1016,1016,1016
272,272,271,271,270,269,268,267,266,265,265
155,155,155,155,155,155,155,155,155,155,155
971,973,973,973,974,974,975,975,976,976,976
584,584,584,584,584,584,584,584,584,584,584
7,8,8,9,9,9,9,9,9,10,10
751,751,751,751,751,751,751,751,751,751,751
868,869,868,867,866,866,865,864,864,863,862
52,52,52,52,52,52,52,52,52,52,52
439,441,442,443,444,444,445,446,447,448,449
1016,1016,1016,1016,1016,1016,1016,1016,1016,1016,1016
273,273,272,271,270,269,269,268,267,266,265
155,155,155,155,155,155,155,155,155,155,155
971,972,973,973,974,974,974,975,975,976,976
585,585,585,585,585,585,585,585,585,585,585
7,8,8,8,9,9,9,9,9,9,10
750,750,750,750,750,750,750,750,750,750,750
869,869,868,868,867,866,865,865,864,863,863
52,52,52,52,52,52,52,52,52,52,52
438,440,441,442,443,444,445,446,447,448,449
1016,1016,1016,1016,1016,1016,1016,1016,1016,1016,1016
273,273,272,272,271,270,269,268,267,266,266
154,154,154,154,154,154,154,154,154,154,154
971,972,972,973,973,974,974,975,975,975,976
585,585,585,585,585,585,585,585,585,585,585
7,8,8,8,9,9,9,9,9,9,10
750,750,750,750,750,750,750,750,750,750,750
869,869,869,868,867,867,866,865,864,864,863
52,52,52,52,52,52,52,52,52,52,52
438,439,440,441,442,443,444,445,446,447,448
1016,1016,1016,1016,1016,1016,1016,1016,1016,1016,1016
274,274,273,272,271,270,270,269,268,267,266
154,154,154,154,154,154,154,154,154,154,154
970,972,972,973,973,973,974,974,975,975,976
586,586,586,586,586,586,586,586,586,586,586
7,8,8,8,8,9,9,9,9,9,9
749,749,749,749,749,749,749,749,749,749,749
869,870,869,868,868,867,866,866,865,864,863
53,53,53,53,53,53,53,53,53,53,53
437,439,440,441,442,443,444,445,446,447,448
1016,1016,1016,1016,1016,1016,1016,1016,1016,1016,1016
274,274,273,273,272,271,270,269,268,268,267
153,153,153,153,153,153,153,153,153,153,153
970,972,972,972,973,973,974,974,974,975,975
586,586,586,586,586,586,586,586,586,586,586
7,8,8,8,8,8,9,9,9,9,9
749,749,749,749,749,749,749,749,749,749,749
870,870,870,869,868,867,867,866,865,865,864
53,53,53,53,53,53,53,53,53,53,53
436,438,439,440,441,442,443,444,445,446,447
1016,1016,1016,1016,1016,1016,1016,1016,1016,1016,1016
275,275,274,273,272,271,271,270,269,268,267
153,153,153,153,153,153,153,153,153,153,153
970,971,972,972,973,973,973,974,974,975,975
587,587,587,587,587,587,587,587,587,587,587
7,8,8,8,8,8,9,9,9,9,9
748,748,748,748,748,748,748,748,748,748,748
870,871,870,869,869,868,867,866,866,865,864
53,53,53,53,53,53,53,53,53,53,53
436,438,439,440,441,442,443,443,444,445,446
1016,1016,1016,1016,1016,1016,1016,1016,1016,1016,1016
275,275,275,274,273,272,271,270,269,269,268
152,152,152,152,152,152,152,152,152,152,152
970,971,971,972,972,973,973,974,974,974,975
587,587,587,587,587,587,587,587,587,587,587
6,8,8,8,8,8,8,9,9,9,9
748,748,748,748,748,748,748,748,748,748,748
871,871,870,870,869,868,868,867,866,865,865
54,54,54,54,54,54,54,54,54,54,54
435,437,438,439,440,441,442,443,444,445,446
1017,1017,1017,1017,1017,1017,1017,1017,1017,1017,1017
276,276,275,274,273,272,272,271,270,269,268
152,152,152,152,152,152,152,152,152,152,152
969,971,971,972,972,972,973,973,974,974,975
588,588,588,588,588,588,588,588,588,588,588
6,8,8,8,8,8,8,9,9,9,9
747,747,747,747,747,747,747,747,747,747,747
871,871,871,870,869,869,868,867,867,866,865
54,54,54,54,54,54,54,54,54,54,54
435,437,438,438,439,440,441,442,443,444,445
1017,1017,1017,1017,1017,1017,1017,1017,1017,1017,1017
276,276,276,275,274,273,272,271,270,270,269
152,152,152,152,152,152,152,152,152,152,152
969,970,971,971,972,972,973,973,973,974,974
589,589,589,589,589,589,589,589,589,589,589
6,7,8,8,8,8,8,8,9,9,9
746,746,746,746,746,746,746,746,746,746,746
872,872,871,870,870,869,868,868,867,866,866
54,54,54,54,54,54,54,54,54,54,54
434,436,437,438,439,440,441,442,443,444,445
1017,1017,1017,1017,1017,1017,1017,1017,1017,1017,1017
277,277,276,275,274,274,273,272,271,270,269
151,151,151,151,151,151,151,151,151,151,151
969,970,971,971,972,972,972,973,973,974,974
589,589,589,589,589,589,589,589,589,589,589
6,7,7,8,8,8,8,8,8,9,9
746,746,746,746,746,746,746,746,746,746,746
872,872,872,871,870,870,869,868,867,867,866
54,54,54,54,54,54,54,54,54,54,54
433,435,436,437,438,439,440,441,442,443,444
1017,1017,1017,1017,1017,1017,1017,1017,1017,1017,1017
277,277,277,276,275,274,273,272,271,271,270
151,151,151,151,151,151,151,151,151,151,151
969,970,970,971,971,972,972,973,973,973,974
590,590,590,590,590,590,590,590,590,590,590
6,7,7,8,8,8,8,8,8,9,9
745,745,745,745,745,745,745,745,745,745,745
872,873,872,871,871,870,869,869,868,867,866
55,55,55,55,55,55,55,55,55,55,55
433,435,436,437,438,439,440,441,442,442,443
1017,1017,1017,1017,1017,1017,1017,1017,1017,1017,1017
278,278,277,276,275,275,274,273,272,271,270
150,150,150,150,150,150,150,150,150,150,150
968,970,970,971,971,971,972,972,973,973,974
590,590,590,590,590,590,590,590,590,590,590
6,7,7,7,8,8,8,8,8,8,9
745,745,745,745,745,745,745,745,745,745,745
873,873,872,872,871,870,870,869,868,868,867
55,55,55,55,55,55,55,55,55,55,55
432,434,435,436,437,438,439,440,441,442,443
1017,1017,1017,1017,1017,1017,1017,1017,1017,1017,1017
278,278,278,277,276,275,274,273,273,272,271
150,150,150,150,150,150,150,150,150,150,150
968,969,970,970,971,971,972,972,972,973,973
591,591,591,591,591,591,591,591,591,591,591
6,7,7,7,8,8,8,8,8,8,8
744,744,744,744,744,744,744,744,744,744,744
873,874,873,872,871,871,870,869,869,868,867
55,55,55,55,55,55,55,55,55,55,55
432,434,435,436,437,437,438,439,440,441,442
1017,1017,1017,1017,1017,1017,1017,1017,1017,1017,1017
279,279,278,277,276,276,275,274,273,272,271
150,150,150,150,150,150,150,150,150,150,150
968,969,970,970,970,971,971,972,972,973,973
592,592,592,592,592,592,592,592,592,592,592
6,7,7,7,7,8,8,8,8,8,8
744,744,744,744,744,744,744,744,744,744,744
874,874,873,873,872,871,871,870,869,868,868
55,55,55,55,55,55,55,55,55,55,55
431,433,434,435,436,437,438,439,440,441,442
1017,1017,1017,1017,1017,1017,1017,1017,1017,1017,1017
279,280,279,278,277,276,275,274,274,273,272
149,149,149,149,149,149,149,149,149,149,149
967,969,969,970,970,971,971,971,972,972,973
592,592,592,592,592,592,592,592,592,592,592
6,7,7,7,7,7,8,8,8,8,8
743,743,743,743,743,743,743,743,743,743,743
874,874,874,873,872,872,871,870,870,869,868
56,56,56,56,56,56,56,56,56,56,56
431,433,433,434,435,436,437,438,439,440,441
1017,1017,1017,1017,1017,1017,1017,1017,1017,1017,1017
280,280,279,278,277,277,276,275,274,273,272
149,149,149,149,149,149,149,149,149,149,149
967,969,969,970,970,970,971,971,972,972,973
593,593,593,593,593,593,593,593,593,593,593
6,7,7,7,7,7,8,8,8,8,8
743,743,743,743,743,743,743,743,743,743,743
874,875,874,873,873,872,871,871,870,869,869
56,56,56,56,56,56,56,56,56,56,56
430,432,433,434,435,436,437,438,439,440,441
1017,1017,1017,1017,1017,1017,1017,1017,1017,1017,1017
280,281,280,279,278,277,276,275,275,274,273
148,148,148,148,148,148,148,148,148,148,148
967,968,969,969,970,970,971,971,971,972,972
593,593,593,593,593,593,593,593,593,593,593
6,7,7,7,7,7,7,8,8,8,8
742,742,742,742,742,742,742,742,742,742,742
875,875,875,874,873,872,872,871,870,870,869
56,56,56,56,56,56,56,56,56,56,56
429,431,432,433,434,435,436,437,438,439,440
1018,1018,1018,1018,1018,1018,1018,1018,1018,1018,1018
281,281,280,279,279,278,277,276,275,274,273
148,148,148,148,148,148,148,148,148,148,148
967,968,969,969,969,970,970,971,971,972,972
594,594,594,594,594,594,594,594,594,594,594
5,7,7,7,7,7,7,8,8,8,8
742,742,742,742,742,742,742,742,742,742,742
875,876,875,874,874,873,872,872,871,870,869
56,56,56,56,56,56,56,56,56,56,56
429,431,432,433,434,435,436,436,437,438,439
1018,1018,1018,1018,1018,1018,1018,1018,1018,1018,1018
282,282,281,280,279,278,277,276,276,275,274
147,147,147,147,147,147,147,147,147,147,147
966,968,968,969,969,970,970,970,971,971,972
594,594,594,594,594,594,594,594,594,594,594
5,6,7,7,7,7,7,7,8,8,8
741,741,741,741,741,741,741,741,741,741,741
876,876,875,875,874,873,873,872,871,871,870
57,57,57,57,57,57,57,57,57,57,57
428,430,431,432,433,434,435,436,437,438,439
1018,1018,1018,1018,1018,1018,1018,1018,1018,1018,1018
282,282,281,280,280,279,278,277,276,275,274
147,147,147,147,147,147,147,147,147,147,147
966,968,968,968,969,969,970,970,971,971,971
595,595,595,595,595,595,595,595,595,595,595
5,6,7,7,7,7,7,7,7,8,8
741,741,741,741,741,741,741,741,741,741,741
876,876,876,875,874,874,873,872,872,871,870
57,57,57,57,57,57,57,57,57,57,57
428,430,431,432,432,433,434,435,436,437,438
1018,1018,1018,1018,1018,1018,1018,1018,1018,1018,1018
283,283,282,281,280,279,278,278,277,276,275
147,147,147,147,147,147,147,147,147,147,147
966,967,968,968,969,969,969,970,970,971,971
596,596,596,596,596,596,596,596,596,596,596
5,6,6,7,7,7,7,7,7,8,8
740,740,740,740,740,740,740,740,740,740,740
877,877,876,876,875,874,873,873,872,871,871
57,57,57,57,57,57,57,57,57,57,57
427,429,430,431,432,433,434,435,436,437,438
1018,1018,1018,1018,1018,1018,1018,1018,1018,1018,1018
283,283,282,282,281,280,279,278,277,276,275
146,146,146,146,146,146,146,146,146,146,146
966,967,967,968,968,969,969,970,970,971,971
596,596,596,596,596,596,596,596,596,596,596
5,6,6,7,7,7,7,7,7,7,8
740,740,740,740,740,740,740,740,740,740,740
877,877,877,876,875,875,874,873,873,872,871
58,58,58,58,58,58,58,58,58,58,58
426,428,429,430,431,432,433,434,435,436,437
1018,1018,1018,1018,1018,1018,1018,1018,1018,1018,1018
284,284,283,282,281,280,279,279,278,277,276
146,146,146,146,146,146,146,146,146,146,146
965,967,967,968,968,969,969,969,970,970,971
597,597,597,597,597,597,597,597,597,597,597
5,6,6,6,7,7,7,7,7,7,7
739,739,739,739,739,739,739,739,739,739,739
877,878,877,876,876,875,874,874,873,872,872
58,58,58,58,58,58,58,58,58,58,58
426,428,429,430,431,432,433,434,435,435,436
1018,1018,1018,1018,1018,1018,1018,1018,1018,1018,1018
284,284,283,283,282,281,280,279,278,277,277
145,145,145,145,145,145,145,145,145,145,145
965,966,967,967,968,968,969,969,970,970,970
597,597,597,597,597,597,597,597,597,597,597
5,6,6,6,6,7,7,7,7,7,7
739,739,739,739,739,739,739,739,739,739,739
878,878,877,877,876,875,875,874,873,873,872
58,58,58,58,58,58,58,58,58,58,58
425,427,428,429,430,431,432,433,434,435,436
1018,1018,1018,1018,1018,1018,1018,1018,1018,1018,1018
285,285,284,283,282,281,280,280,279,278,277
145,145,145,145,145,145,145,145,145,145,145
965,966,967,967,968,968,968,969,969,970,970
598,598,598,598,598,598,598,598,598,598,598
5,6,6,6,6,7,7,7,7,7,7
738,738,738,738,738,738,738,738,738,738,738
878,879,878,877,876,876,875,874,874,873,872
58,58,58,58,58,58,58,58,58,58,58
425,427,428,429,430,431,431,432,433,434,435
1018,1018,1018,1018,1018,1018,1018,1018,1018,1018,1018
285,285,284,284,283,282,281,280,279,278,278
145,145,145,145,145,145,145,145,145,145,145
964,966,966,967,967,968,968,969,969,969,970
599,599,599,599,599,599,599,599,599,599,599
5,6,6,6,6,6,7,7,7,7,7
738,738,738,738,738,738,738,738,738,738,738
879,879,878,878,877,876,876,875,874,874,873
59,59,59,59,59,59,59,59,59,59,59
424,426,427,428,429,430,431,432,433,434,435
1018,1018,1018,1018,1018,1018,1018,1018,1018,1018,1018
286,286,285,284,283,282,282,281,280,279,278
144,144,144,144,144,144,144,144,144,144,144
964,966,966,967,967,967,968,968,969,969,970
599,599,599,599,599,599,599,599,599,599,599
5,6,6,6,6,6,7,7,7,7,7
737,737,737,737,737,737,737,737,737,737,737
879,879,879,878,877,877,876,875,875,874,873
59,59,59,59,59,59,59,59,59,59,59
424,426,426,427,428,429,430,431,432,433,434
1018,1018,1018,1018,1018,1018,1018,1018,1018,1018,1018
286,286,286,285,284,283,282,281,280,279,279
144,144,144,144,144,144,144,144,144,144,144
964,965,966,966,967,967,968,968,968,969,969
600,600,600,600,600,600,600,600,600,600,600
5,6,6,6,6,6,6,7,7,7,7
736,736,736,736,736,736,736,736,736,736,736
879,880,879,878,878,877,876,876,875,874,874
59,59,59,59,59,59,59,59,59,59,59
423,425,426,427,428,429,430,431,432,433,434
1018,1018,1018,1018,1018,1018,1018,1018,1018,1018,1018
287,287,286,285,284,283,283,282,281,280,279
143,143,143,143,143,143,143,143,143,143,143
964,965,966,966,966,967,967,968,968,969,969
600,600,600,600,600,600,600,600,600,600,600
4,6,6,6,6,6,6,6,7,7,7
736,736,736,736,736,736,736,736,736,736,736
880,880,879,879,878,877,877,876,875,875,874
59,59,59,59,59,59,59,59,59,59,59
422,424,425,426,427,428,429,430,431,432,433
1019,1019,1019,1019,1019,1019,1019,1019,1019,1019,1019
287,287,287,286,285,284,283,282,281,281,280
143,143,143,143,143,143,143,143,143,143,143
963,965,965,966,966,967,967,968,968,968,969
601,601,601,601,601,601,601,601,601,601,601
4,6,6,6,6,6,6,6,7,7,7
735,735,735,735,735,735,735,735,735,735,735
880,881,880,879,879,878,877,877,876,875,874
60,60,60,60,60,60,60,60,60,60,60
422,424,425,426,427,428,429,429,430,431,432
1019,1019,1019,1019,1019,1019,1019,1019,1019,1019,1019
288,288,287,286,285,285,284,283,282,281,280
143,143,143,143,143,143,143,143,143,143,143
963,965,965,965,966,966,967,967,968,968,969
601,601,601,601,601,601,601,601,601,601,601
4,5,6,6,6,6,6,6,6,7,7
735,735,735,735,735,735,735,735,735,735,735
881,881,880,880,879,878,878,877,876,876,875
60,60,60,60,60,60,60,60,60,60,60
421,423,424,425,426,427,428,429,430,431,432
1019,1019,1019,1019,1019,1019,1019,1019,1019,1019,1019
288,289,288,287,286,285,284,283,282,282,281
142,142,142,142,142,142,142,142,142,142,142
963,964,965,965,966,966,967,967,967,968,968
602,602,602,602,602,602,602,602,602,602,602
4,5,6,6,6,6,6,6,6,7,7
734,734,734,734,734,734,734,734,734,734,734
881,881,881,880,879,879,878,877,877,876,875
60,60,60,60,60,60,60,60,60,60,60
421,423,424,425,425,426,427,428,429,430,431
1019,1019,1019,1019,1019,1019,1019,1019,1019,1019,1019
289,289,288,287,286,286,285,284,283,282,281
142,142,142,142,142,142,142,142,142,142,142
963,964,964,965,965,966,966,967,967,968,968
603,603,603,603,603,603,603,603,603,603,603
4,5,5,6,6,6,6,6,6,6,7
734,734,734,734,734,734,734,734,734,734,734
881,882,881,880,880,879,878,878,877,876,876
61,61,61,61,61,61,61,61,61,61,61
420,422,423,424,425,426,427,428,429,430,431
1019,1019,1019,1019,1019,1019,1019,1019,1019,1019,1019
289,290,289,288,287,286,285,284,284,283,282
141,141,141,141,141,141,141,141,141,141,141
962,964,964,965,965,966,966,966,967,967,968
603,603,603,603,603,603,603,603,603,603,603
4,5,5,5,6,6,6,6,6,6,6
733,733,733,733,733,733,733,733,733,733,733
882,882,882,881,880,880,879,878,878,877,876
61,61,61,61,61,61,61,61,61,61,61
420,421,422,423,424,425,426,427,428,429,430
1019,1019,1019,1019,1019,1019,1019,1019,1019,1019,1019
290,290,289,288,287,287,286,285,284,283,282
141,141,141,141,141,141,141,141,141,141,141
962,963,964,964,965,965,966,966,967,967,967
604,604,604,604,604,604,604,604,604,604,604
4,5,5,5,6,6,6,6,6,6,6
733,733,733,733,733,733,733,733,733,733,733
882,883,882,881,881,880,879,879,878,877,877
61,61,61,61,61,61,61,61,61,61,61
419,421,422,423,424,425,426,427,428,428,429
1019,1019,1019,1019,1019,1019,1019,1019,1019,1019,1019
290,291,290,289,288,287,286,285,285,284,283
141,141,141,141,141,141,141,141,141,141,141
962,963,964,964,965,965,965,966,966,967,967
604,604,604,604,604,604,604,604,604,604,604
4,5,5,5,5,6,6,6,6,6,6
732,732,732,732,732,732,732,732,732,732,732
883,883,882,882,881,880,880,879,878,878,877
61,61,61,61,61,61,61,61,61,61,61
418,420,421,422,423,424,425,426,427,428,429
1019,1019,1019,1019,1019,1019,1019,1019,1019,1019,1019
291,291,290,289,289,288,287,286,285,284,283
140,140,140,140,140,140,140,140,140,140,140
961,963,963,964,964,965,965,966,966,967,967
605,605,605,605,605,605,605,605,605,605,605
4,5,5,5,5,6,6,6,6,6,6
732,732,732,732,732,732,732,732,732,732,732
883,883,883,882,881,881,880,879,879,878,877
62,62,62,62,62,62,62,62,62,62,62
418,420,421,422,423,424,424,425,426,427,428
1019,1019,1019,1019,1019,1019,1019,1019,1019,1019,1019
292,292,291,290,289,288,287,286,286,285,284
140,140,140,140,140,140,140,140,140,140,140
961,963,963,964,964,964,965,965,966,966,967
606,606,606,606,606,606,606,606,606,606,606
4,5,5,5,5,5,6,6,6,6,6
731,731,731,731,731,731,731,731,731,731,731
884,884,883,883,882,881,881,880,879,878,878
62,62,62,62,62,62,62,62,62,62,62
417,419,420,421,422,423,424,425,426,427,428
1019,1019,1019,1019,1019,1019,1019,1019,1019,1019,1019
292,292,291,290,290,289,288,287,286,285,284
139,139,139,139,139,139,139,139,139,139,139
961,962,963,963,964,964,965,965,966,966,966
606,606,606,606,606,606,606,606,606,606,606
4,5,5,5,5,5,5,6,6,6,6
731,731,731,731,731,731,731,731,731,731,731
884,884,884,883,882,882,881,880,880,879,878
62,62,62,62,62,62,62,62,62,62,62
417,419,420,420,421,422,423,424,425,426,427
1019,1019,1019,1019,1019,1019,1019,1019,1019,1019,1019
293,293,292,291,290,289,288,288,287,286,285
139,139,139,139,139,139,139,139,139,139,139
961,962,963,963,963,964,964,965,965,966,966
607,607,607,607,607,607,607,607,607,607,607
4,5,5,5,5,5,5,6,6,6,6
730,730,730,730,730,730,730,730,730,730,730
884,885,884,883,883,882,881,881,880,879,879
63,63,63,63,63,63,63,63,63,63,63
416,418,419,420,421,422,423,424,425,426,427
1019,1019,1019,1019,1019,1019,1019,1019,1019,1019,1019
293,293,292,292,291,290,289,288,287,286,285
138,138,138,138,138,138,138,138,138,138,138
960,962,962,963,963,964,964,965,965,965,966
607,607,607,607,607,607,607,607,607,607,607
4,5,5,5,5,5,5,5,6,6,6
730,730,730,730,730,730,730,730,730,730,730
885,885,884,884,883,882,882,881,880,880,879
63,63,63,63,63,63,63,63,63,63,63
415,417,418,419,420,421,422,423,424,425,426
1019,1019,1019,1019,1019,1019,1019,1019,1019,1019,1019
294,294,293,292,291,290,289,289,288,287,286
138,138,138,138,138,138,138,138,138,138,138
960,961,962,962,963,963,964,964,965,965,966
608,608,608,608,608,608,608,608,608,608,608
3,5,5,5,5,5,5,5,5,6,6
729,729,729,729,729,729,729,729,729,729,729
885,885,885,884,883,883,882,881,881,880,879
63,63,63,63,63,63,63,63,63,63,63
415,417,418,419,420,421,422,423,423,424,425
1020,1020,1020,1020,1020,1020,1020,1020,1020,1020,1020
294,294,293,293,292,291,290,289,288,287,287
138,138,138,138,138,138,138,138,138,138,138
960,961,962,962,963,963,963,964,964,965,965
608,608,608,608,608,608,608,608,608,608,608
3,5,5,5,5,5,5,5,5,6,6
729,729,729,729,729,729,729,729,729,729,729
886,886,885,885,884,883,883,882,881,881,880
63,63,63,63,63,63,63,63,63,63,63
414,416,417,418,419,420,421,422,423,424,425
1020,1020,1020,1020,1020,1020,1020,1020,1020,1020,1020
295,295,294,293,292,291,291,290,289,288,287
137,137,137,137,137,137,137,137,137,137,137
959,961,961,962,962,963,963,964,964,965,965
609,609,609,609,609,609,609,609,609,609,609
3,4,5,5,5,5,5,5,5,5,6
728,728,728,728,728,728,728,728,728,728,728
886,886,886,885,884,884,883,882,882,881,880
64,64,64,64,64,64,64,64,64,64,64
414,416,417,418,419,419,420,421,422,423,424
1020,1020,1020,1020,1020,1020,1020,1020,1020,1020,1020
295,295,295,294,293,292,291,290,289,288,288
137,137,137,137,137,137,137,137,137,137,137
959,961,961,962,962,962,963,963,964,964,965
610,610,610,610,610,610,610,610,610,610,610
3,4,5,5,5,5,5,5,5,5,6
727,727,727,727,727,727,727,727,727,727,727
886,887,886,885,885,884,883,883,882,881,881
64,64,64,64,64,64,64,64,64,64,64
413,415,416,417,418,419,420,421,422,423,424
1020,1020,1020,1020,1020,1020,1020,1020,1020,1020,1020
296,296,295,294,293,292,292,291,290,289,288
136,136,136,136,136,136,136,136,136,136,136
959,960,961,961,962,962,963,963,964,964,964
610,610,610,610,610,610,610,610,610,610,610
3,4,4,5,5,5,5,5,5,5,5
727,727,727,727,727,727,727,727,727,727,727
887,887,886,886,885,884,884,883,882,882,881
64,64,64,64,64,64,64,64,64,64,64
413,415,415,416,417,418,419,420,421,422,423
1020,1020,1020,1020,1020,1020,1020,1020,1020,1020,1020
296,296,296,295,294,293,292,291,290,290,289
136,136,136,136,136,136,136,136,136,136,136
959,960,961,961,961,962,962,963,963,964,964
611,611,611,611,611,611,611,611,611,611,611
3,4,4,4,5,5,5,5,5,5,5
726,726,726,726,726,726,726,726,726,726,726
887,887,887,886,885,885,884,884,883,882,882
65,65,65,65,65,65,65,65,65,65,65
412,414,415,416,417,418,419,420,421,422,422
1020,1020,1020,1020,1020,1020,1020,1020,1020,1020,1020
297,297,296,295,294,294,293,292,291,290,289
136,136,136,136,136,136,136,136,136,136,136
958,960,960,961,961,962,962,963,963,963,964
611,611,611,611,611,611,611,611,611,611,611
3,4,4,4,5,5,5,5,5,5,5
726,726,726,726,726,726,726,726,726,726,726
888,888,887,887,886,885,885,884,883,883,882
65,65,65,65,65,65,65,65,65,65,65
411,413,414,415,416,417,418,419,420,421,422
1020,1020,1020,1020,1020,1020,1020,1020,1020,1020,1020
297,298,297,296,295,294,293,292,291,291,290
135,135,135,135,135,135,135,135,135,135,135
958,959,960,960,961,961,962,962,963,963,964
612,612,612,612,612,612,612,612,612,612,612
3,4,4,4,4,5,5,5,5,5,5
725,725,725,725,725,725,725,725,725,725,725
888,888,888,887,886,886,885,884,884,883,882
65,65,65,65,65,65,65,65,65,65,65
411,413,414,415,416,417,418,418,419,420,421
1020,1020,1020,1020,1020,1020,1020,1020,1020,1020,1020
298,298,297,296,295,295,294,293,292,291,290
135,135,135,135,135,135,135,135,135,135,135
958,959,960,960,961,961,962,962,962,963,963
612,612,612,612,612,612,612,612,612,612,612
3,4,4,4,4,4,5,5,5,5,5
725,725,725,725,725,725,725,725,725,725,725
888,889,888,887,887,886,885,885,884,883,883
65,65,65,65,65,65,65,65,65,65,65
410,412,413,414,415,416,417,418,419,420,421
1020,1020,1020,1020,1020,1020,1020,1020,1020,1020,1020
299,299,298,297,296,295,294,293,293,292,291
134,134,134,134,134,134,134,134,134,134,134
957,959,959,960,960,961,961,962,962,963,963
613,613,613,613,613,613,613,613,613,613,613
3,4,4,4,4,4,5,5,5,5,5
724,724,724,724,724,724,724,724,724,724,724
889,889,888,888,887,886,886,885,884,884,883
66,66,66,66,66,66,66,66,66,66,66
410,412,413,414,414,415,416,417,418,419,420
1020,1020,1020,1020,1020,1020,1020,1020,1020,1020,1020
299,299,298,297,297,296,295,294,293,292,291
134,134,134,134,134,134,134,134,134,134,134
957,959,959,960,960,960,961,961,962,962,963
614,614,614,614,614,614,614,614,614,614,614
3,4,4,4,4,4,4,5,5,5,5
724,724,724,724,724,724,724,724,724,724,724
889,889,889,888,888,887,886,886,885,884,884
66,66,66,66,66,66,66,66,66,66,66
409,411,412,413,414,415,416,417,418,419,420
1020,1020,1020,1020,1020,1020,1020,1020,1020,1020,1020
300,300,299,298,297,296,295,294,294,293,292
134,134,134,134,134,134,134,134,134,134,134
957,958,959,959,960,960,961,961,962,962,963
614,614,614,614,614,614,614,614,614,614,614
3,4,4,4,4,4,4,5,5,5,5
723,723,723,723,723,723,723,723,723,723,723
890,890,889,889,888,887,887,886,885,885,884
66,66,66,66,66,66,66,66,66,66,66
409,410,411,412,413,414,415,416,417,418,419
1020,1020,1020,1020,1020,1020,1020,1020,1020,1020,1020
300,300,299,298,298,297,296,295,294,293,292
133,133,133,133,133,133,133,133,133,133,133
957,958,959,959,959,960,960,961,961,962,962
615,615,615,615,615,615,615,615,615,615,615
3,4,4,4,4,4,4,4,5,5,5
723,723,723,723,723,723,723,723,723,723,723
890,890,890,889,888,888,887,886,886,885,884
67,67,67,67,67,67,67,67,67,67,67
408,410,411,412,413,414,415,416,417,417,418
1020,1020,1020,1020,1020,1020,1020,1020,1020,1020,1020
301,301,300,299,298,297,296,296,295,294,293
133,133,133,133,133,133,133,133,133,133,133
956,958,958,959,959,960,960,961,961,962,962
615,615,615,615,615,615,615,615,615,615,615
3,4,4,4,4,4,4,4,4,5,5
722,722,722,722,722,722,722,722,722,722,722
890,891,890,889,889,888,887,887,886,885,885
67,67,67,67,67,67,67,67,67,67,67
407,409,410,411,412,413,414,415,416,417,418
1020,1020,1020,1020,1020,1020,1020,1020,1020,1020,1020
301,301,300,300,299,298,297,296,295,294,293
132,132,132,132,132,132,132,132,132,132,132
956,957,958,958,959,959,960,960,961,961,962
616,616,616,616,616,616,616,616,616,616,616
3,4,4,4,4,4,4,4,4,5,5
722,722,722,722,722,722,722,722,722,722,722
891,891,890,890,889,888,888,887,886,886,885
67,67,67,67,67,67,67,67,67,67,67
407,409,410,411,412,413,413,414,415,416,417
1021,1021,1021,1021,1021,1021,1021,1021,1021,1021,1021
302,302,301,300,299,298,297,297,296,295,294
132,132,132,132,132,132,132,132,132,132,132
956,957,958,958,959,959,960,960,960,961,961
616,616,616,616,616,616,616,616,616,616,616
2,4,4,4,4,4,4,4,4,4,5
721,721,721,721,721,721,721,721,721,721,721
891,891,891,890,890,889,888,888,887,886,886
67,67,67,67,67,67,67,67,67,67,67
406,408,409,410,411,412,413,414,415,416,417
1021,1021,1021,1021,1021,1021,1021,1021,1021,1021,1021
302,302,301,301,300,299,298,297,296,295,294
132,132,132,132,132,132,132,132,132,132,132
955,957,957,958,958,959,959,960,960,961,961
617,617,617,617,617,617,617,617,617,617,617
2,3,4,4,4,4,4,4,4,4,5
720,720,720,720,720,720,720,720,720,720,720
891,892,891,891,890,889,889,888,887,887,886
68,68,68,68,68,68,68,68,68,68,68
406,408,409,409,410,411,412,413,414,415,416
1021,1021,1021,1021,1021,1021,1021,1021,1021,1021,1021
303,303,302,301,300,299,299,298,297,296,295
131,131,131,131,131,131,131,131,131,131,131
955,957,957,958,958,958,959,959,960,960,961
618,618,618,618,618,618,618,618,618,618,618
2,3,4,4,4,4,4,4,4,4,4
720,720,720,720,720,720,720,720,720,720,720
892,892,892,891,890,890,889,888,888,887,886
68,68,68,68,68,68,68,68,68,68,68
405,407,408,409,410,411,412,413,414,415,416
1021,1021,1021,1021,1021,1021,1021,1021,1021,1021,1021
303,303,303,302,301,300,299,298,297,296,296
131,131,131,131,131,131,131,131,131,131,131
955,956,957,957,958,958,959,959,960,960,961
618,618,618,618,618,618,618,618,618,618,618
2,3,3,4,4,4,4,4,4,4,4
719,719,719,719,719,719,719,719,719,719,719
892,893,892,891,891,890,889,889,888,887,887
68,68,68,68,68,68,68,68,68,68,68
404,406,407,408,409,410,411,412,413,414,415
1021,1021,1021,1021,1021,1021,1021,1021,1021,1021,1021
304,304,303,302,301,300,300,299,298,297,296
131,131,131,131,131,131,131,131,131,131,131
955,956,956,957,957,958,958,959,959,960,960
619,619,619,619,619,619,619,619,619,619,619
2,3,3,4,4,4,4,4,4,4,4
719,719,719,719,719,719,719,719,719,719,719
893,893,892,892,891,890,890,889,888,888,887
69,69,69,69,69,69,69,69,69,69,69
404,406,407,408,409,410,411,412,412,413,414
1021,1021,1021,1021,1021,1021,1021,1021,1021,1021,1021
304,305,304,303,302,301,300,299,298,297,297
130,130,130,130,130,130,130,130,130,130,130
954,956,956,957,957,958,958,959,959,960,960
619,619,619,619,619,619,619,619,619,619,619
2,3,3,3,4,4,4,4,4,4,4
718,718,718,718,718,718,718,718,718,718,718
893,893,893,892,891,891,890,890,889,888,888
69,69,69,69,69,69,69,69,69,69,69
403,405,406,407,408,409,410,411,412,413,414
1021,1021,1021,1021,1021,1021,1021,1021,1021,1021,1021
305,305,304,303,302,302,301,300,299,298,297
130,130,130,130,130,130,130,130,130,130,130
954,955,956,956,957,957,958,958,959,959,960
620,620,620,620,620,620,620,620,620,620,620
2,3,3,3,3,4,4,4,4,4,4
718,718,718,718,718,718,718,718,718,718,718
893,894,893,893,892,891,891,890,889,889,888
69,69,69,69,69,69,69,69,69,69,69
403,405,406,407,408,408,409,410,411,412,413
1021,1021,1021,1021,1021,1021,1021,1021,1021,1021,1021
305,306,305,304,303,302,301,300,299,299,298
129,129,129,129,129,129,129,129,129,129,129
954,955,956,956,957,957,958,958,958,959,959
621,621,621,621,621,621,621,621,621,621,621
2,3,3,3,3,4,4,4,4,4,4
717,717,717,717,717,717,717,717,717,717,717
894,894,894,893,892,892,891,890,890,889,888
70,70,70,70,70,70,70,70,70,70,70
402,404,405,406,407,408,409,410,411,412,413
1021,1021,1021,1021,1021,1021,1021,1021,1021,1021,1021
306,306,305,304,303,303,302,301,300,299,298
129,129,129,129,129,129,129,129,129,129,129
953,955,955,956,956,957,957,958,958,959,959
621,621,621,621,621,621,621,621,621,621,621
2,3,3,3,3,3,4,4,4,4,4
717,717,717,717,717,717,717,717,717,717,717
894,895,894,893,893,892,891,891,890,889,889
70,70,70,70,70,70,70,70,70,70,70
402,404,405,405,406,407,408,409,410,411,412
1021,1021,1021,1021,1021,1021,1021,1021,1021,1021,1021
307,307,306,305,304,303,302,301,301,300,299
129,129,129,129,129,129,129,129,129,129,129
953,955,955,955,956,956,957,957,958,958,959
622,622,622,622,622,622,622,622,622,622,622
2,3,3,3,3,3,4,4,4,4,4
716,716,716,716,716,716,716,716,716,716,716
895,895,894,894,893,892,892,891,890,890,889
70,70,70,70,70,70,70,70,70,70,70
401,403,404,405,406,407,408,409,410,411,411
1021,1021,1021,1021,1021,1021,1021,1021,1021,1021,1021
307,307,306,305,305,304,303,302,301,300,299
128,128,128,128,128,128,128,128,128,128,128
953,954,955,955,956,956,957,957,958,958,959
622,622,622,622,622,622,622,622,622,622,622
2,3,3,3,3,3,3,4,4,4,4
716,716,716,716,716,716,716,716,716,716,716
895,895,895,894,893,893,892,892,891,890,890
70,70,70,70,70,70,70,70,70,70,70
400,402,403,404,405,406,407,408,409,410,411
1021,1021,1021,1021,1021,1021,1021,1021,1021,1021,1021
308,308,307,306,305,304,303,302,302,301,300
128,128,128,128,128,128,128,128,128,128,128
952,954,954,955,955,956,956,957,957,958,958
623,623,623,623,623,623,623,623,623,623,623
2,3,3,3,3,3,3,3,4,4,4
715,715,715,715,715,715,715,715,715,715,715
895,896,895,895,894,893,893,892,891,891,890
71,71,71,71,71,71,71,71,71,71,71
400,402,403,404,405,406,407,407,408,409,410
1021,1021,1021,1021,1021,1021,1021,1021,1021,1021,1021
308,308,307,307,306,305,304,303,302,301,300
127,127,127,127,127,127,127,127,127,127,127
952,954,954,955,955,956,956,957,957,957,958
623,623,623,623,623,623,623,623,623,623,623
2,3,3,3,3,3,3,3,4,4,4
715,715,715,715,715,715,715,715,715,715,715
896,896,896,895,894,894,893,892,892,891,890
71,71,71,71,71,71,71,71,71,71,71
399,401,402,403,404,405,406,407,408,409,410
1021,1021,1021,1021,1021,1021,1021,1021,1021,1021,1021
309,309,308,307,306,305,304,304,303,302,301
127,127,127,127,127,127,127,127,127,127,127
952,953,954,954,955,955,956,956,957,957,958
624,624,624,624,624,624,624,624,624,624,624
2,3,3,3,3,3,3,3,3,4,4
714,714,714,714,714,714,714,714,714,714,714
896,897,896,895,895,894,893,893,892,891,891
71,71,71,71,71,71,71,71,71,71,71
399,401,402,403,404,404,405,406,407,408,409
1021,1021,1021,1021,1021,1021,1021,1021,1021,1021,1021
309,309,308,308,307,306,305,304,303,302,301
127,127,127,127,127,127,127,127,127,127,127
952,953,954,954,954,955,955,956,956,957,957
625,625,625,625,625,625,625,625,625,625,625
2,3,3,3,3,3,3,3,3,4,4
713,713,713,713,713,713,713,713,713,713,713
897,897,896,896,895,894,894,893,892,892,891
72,72,72,72,72,72,72,72,72,72,72
398,400,401,402,403,404,405,406,407,408,409
1021,1021,1021,1021,1021,1021,1021,1021,1021,1021,1021
310,310,309,308,307,306,306,305,304,303,302
126,126,126,126,126,126,126,126,126,126,126
951,953,953,954,954,955,955,956,956,957,957
625,625,625,625,625,625,625,625,625,625,625
2,3,3,3,3,3,3,3,3,3,4
713,713,713,713,713,713,713,713,713,713,713
897,897,897,896,895,895,894,893,893,892,892
72,72,72,72,72,72,72,72,72,72,72
398,400,400,401,402,403,404,405,406,407,408
1021,1021,1021,1021,1021,1021,1021,1021,1021,1021,1021
310,310,310,309,308,307,306,305,304,303,303
126,126,126,126,126,126,126,126,126,126,126
951,952,953,953,954,954,955,955,956,956,957
626,626,626,626,626,626,626,626,626,626,626
2,3,3,3,3,3,3,3,3,3,3
712,712,712,712,712,712,712,712,712,712,712
897,898,897,896,896,895,895,894,893,893,892
72,72,72,72,72,72,72,72,72,72,72
397,399,400,401,402,403,404,405,406,407,407
1021,1021,1021,1021,1021,1021,1021,1021,1021,1021,1021
311,311,310,309,308,307,307,306,305,304,303
125,125,125,125,125,125,125,125,125,125,125
951,952,953,953,954,954,955,955,956,956,957
626,626,626,626,626,626,626,626,626,626,626
1,3,3,3,3,3,3,3,3,3,3
712,712,712,712,712,712,712,712,712,712,712
898,898,897,897,896,896,895,894,894,893,892
73,73,73,73,73,73,73,73,73,73,73
396,398,399,400,401,402,403,404,405,406,407
1022,1022,1022,1022,1022,1022,1022,1022,1022,1022,1022
311,312,311,310,309,308,307,306,305,304,304
125,125,125,125,125,125,125,125,125,125,125
950,952,952,953,953,954,954,955,955,956,956
627,627,627,627,627,627,627,627,627,627,627
1,3,3,3,3,3,3,3,3,3,3
711,711,711,711,711,711,711,711,711,711,711
898,899,898,897,897,896,895,895,894,893,893
73,73,73,73,73,73,73,73,73,73,73
396,398,399,400,401,402,403,403,404,405,406
1022,1022,1022,1022,1022,1022,1022,1022,1022,1022,1022
312,312,311,310,309,309,308,307,306,305,304
125,125,125,125,125,125,125,125,125,125,125
950,952,952,952,953,953,954,954,955,955,956
627,627,627,627,627,627,627,627,627,627,627
1,2,3,3,3,3,3,3,3,3,3
711,711,711,711,711,711,711,711,711,711,711
899,899,898,898,897,896,896,895,894,894,893
73,73,73,73,73,73,73,73,73,73,73
395,397,398,399,400,401,402,403,404,405,406
1022,1022,1022,1022,1022,1022,1022,1022,1022,1022,1022
313,313,312,311,310,309,308,307,306,306,305
124,124,124,124,124,124,124,124,124,124,124
950,951,952,952,953,953,954,954,955,955,956
628,628,628,628,628,628,628,628,628,628,628
1,2,2,3,3,3,3,3,3,3,3
710,710,710,710,710,710,710,710,710,710,710
899,899,899,898,897,897,896,895,895,894,894
73,73,73,73,73,73,73,73,73,73,73
395,397,398,399,399,400,401,402,403,404,405
1022,1022,1022,1022,1022,1022,1022,1022,1022,1022,1022
313,313,312,311,311,310,309,308,307,306,305
124,124,124,124,124,124,124,124,124,124,124
949,951,951,952,952,953,953,954,954,955,955
629,629,629,629,629,629,629,629,629,629,629
1,2,2,3,3,3,3,3,3,3,3
710,710,710,710,710,710,710,710,710,710,710
899,900,899,898,898,897,896,896,895,895,894
74,74,74,74,74,74,74,74,74,74,74
394,396,397,398,399,400,401,402,403,404,405
1022,1022,1022,1022,1022,1022,1022,1022,1022,1022,1022
314,314,313,312,311,310,309,308,308,307,306
124,124,124,124,124,124,124,124,124,124,124
949,951,951,952,952,953,953,954,954,955,955
629,629,629,629,629,629,629,629,629,629,629
1,2,2,2,3,3,3,3,3,3,3
709,709,709,709,709,709,709,709,709,709,709
900,900,899,899,898,898,897,896,896,895,894
74,74,74,74,74,74,74,74,74,74,74
394,396,396,397,398,399,400,401,402,403,404
1022,1022,1022,1022,1022,1022,1022,1022,1022,1022,1022
314,314,313,312,312,311,310,309,308,307,306
123,123,123,123,123,123,123,123,123,123,123
949,950,951,951,952,952,953,953,954,954,955
630,630,630,630,630,630,630,630,630,630,630
1,2,2,2,3,3,3,3,3,3,3
709,709,709,709,709,709,709,709,709,709,709
900,900,900,899,899,898,897,897,896,895,895
74,74,74,74,74,74,74,74,74,74,74
393,395,396,397,398,399,400,401,402,402,403
1022,1022,1022,1022,1022,1022,1022,1022,1022,1022,1022
315,315,314,313,312,311,310,309,309,308,307
123,123,123,123,123,123,123,123,123,123,123
948,950,950,951,951,952,952,953,953,954,954
630,630,630,630,630,630,630,630,630,630,630
1,2,2,2,2,3,3,3,3,3,3
708,708,708,708,708,708,708,708,708,708,708
900,901,900,900,899,898,898,897,896,896,895
75,75,75,75,75,75,75,75,75,75,75
392,394,395,396,397,398,399,400,401,402,403
1022,1022,1022,1022,1022,1022,1022,1022,1022,1022,1022
315,315,314,314,313,312,311,310,309,308,307
122,122,122,122,122,122,122,122,122,122,122
948,950,950,951,951,952,952,953,953,954,954
631,631,631,631,631,631,631,631,631,631,631
1,2,2,2,2,2,3,3,3,3,3
707,707,707,707,707,707,707,707,707,707,707
901,901,901,900,899,899,898,897,897,896,895
75,75,75,75,75,75,75,75,75,75,75
392,394,395,396,397,398,398,399,400,401,402
1022,1022,1022,1022,1022,1022,1022,1022,1022,1022,1022
316,316,315,314,313,312,311,311,310,309,308
122,122,122,122,122,122,122,122,122,122,122
948,949,950,950,951,951,952,952,953,953,954
631,631,631,631,631,631,631,631,631,631,631
1,2,2,2,2,2,3,3,3,3,3
707,707,707,707,707,707,707,707,707,707,707
901,902,901,900,900,899,898,898,897,897,896
75,75,75,75,75,75,75,75,75,75,75
391,393,394,395,396,397,398,399,400,401,402
1022,1022,1022,1022,1022,1022,1022,1022,1022,1022,1022
316,316,316,315,314,313,312,311,310,309,308
122,122,122,122,122,122,122,122,122,122,122
948,949,950,950,951,951,952,952,953,953,954
632,632,632,632,632,632,632,632,632,632,632
1,2,2,2,2,2,2,3,3,3,3
706,706,706,706,706,706,706,706,706,706,706
902,902,901,901,900,899,899,898,898,897,896
76,76,76,76,76,76,76,76,76,76,76
391,393,394,395,395,396,397,398,399,400,401
1022,1022,1022,1022,1022,1022,1022,1022,1022,1022,1022
317,317,316,315,314,313,313,312,311,310,309
121,121,121,121,121,121,121,121,121,121,121
947,949,949,950,950,951,951,952,952,953,953
633,633,633,633,633,633,633,633,633,633,633
1,2,2,2,2,2,2,3,3,3,3
706,706,706,706,706,706,706,706,706,706,706
902,902,902,901,900,900,899,899,898,897,897
76,76,76,76,76,76,76,76,76,76,76
390,392,393,394,395,396,397,398,399,400,401
1022,1022,1022,1022,1022,1022,1022,1022,1022,1022,1022
317,318,317,316,315,314,313,312,311,310,310
121,121,121,121,121,121,121,121,121,121,121
947,948,949,949,950,950,951,951,952,952,953
633,633,633,633,633,633,633,633,633,633,633
1,2,2,2,2,2,2,2,3,3,3
705,705,705,705,705,705,705,705,705,705,705
902,903,902,901,901,900,900,899,898,898,897
76,76,76,76,76,76,76,76,76,76,76
390,392,392,393,394,395,396,397,398,399,400
1022,1022,1022,1022,1022,1022,1022,1022,1022,1022,1022
318,318,317,316,315,315,314,313,312,311,310
120,120,120,120,120,120,120,120,120,120,120
947,948,949,949,950,950,951,951,952,952,953
634,634,634,634,634,634,634,634,634,634,634
1,2,2,2,2,2,2,2,2,3,3
705,705,705,705,705,705,705,705,705,705,705
903,903,902,902,901,901,900,899,899,898,897
77,77,77,77,77,77,77,77,77,77,77
389,391,392,393,394,395,396,397,398,398,399
1022,1022,1022,1022,1022,1022,1022,1022,1022,1022,1022
319,319,318,317,316,315,314,313,312,311,311
120,120,120,120,120,120,120,120,120,120,120
946,948,948,949,949,950,950,951,951,952,952
634,634,634,634,634,634,634,634,634,634,634
1,2,2,2,2,2,2,2,2,3,3
704,704,704,704,704,704,704,704,704,704,704
903,903,903,902,902,901,900,900,899,898,898
77,77,77,77,77,77,77,77,77,77,77
388,390,391,392,393,394,395,396,397,398,399
1022,1022,1022,1022,1022,1022,1022,1022,1022,1022,1022
319,319,318,317,316,316,315,314,313,312,311
120,120,120,120,120,120,120,120,120,120,120
946,948,948,949,949,950,950,951,951,952,952
635,635,635,635,635,635,635,635,635,635,635
1,2,2,2,2,2,2,2,2,2,3
704,704,704,704,704,704,704,704,704,704,704
903,904,903,903,902,901,901,900,899,899,898
77,77,77,77,77,77,77,77,77,77,77
388,390,391,392,393,394,394,395,396,397,398
1022,1022,1022,1022,1022,1022,1022,1022,1022,1022,1022
320,320,319,318,317,316,315,314,313,313,312
119,119,119,119,119,119,119,119,119,119,119
946,947,948,948,949,949,950,950,951,951,952
635,635,635,635,635,635,635,635,635,635,635
1,2,2,2,2,2,2,2,2,2,2
703,703,703,703,703,703,703,703,703,703,703
904,904,904,903,902,902,901,900,900,899,899
77,77,77,77,77,77,77,77,77,77,77
387,389,390,391,392,393,394,395,396,397,398
1022,1022,1022,1022,1022,1022,1022,1022,1022,1022,1022
320,320,319,318,318,317,316,315,314,313,312
119,119,119,119,119,119,119,119,119,119,119
945,947,947,948,948,949,949,950,950,951,951
636,636,636,636,636,636,636,636,636,636,636
1,2,2,2,2,2,2,2,2,2,2
703,703,703,703,703,703,703,703,703,703,703
904,905,904,903,903,902,902,901,900,900,899
78,78,78,78,78,78,78,78,78,78,78
387,389,390,391,391,392,393,394,395,396,397
1022,1022,1022,1022,1022,1022,1022,1022,1022,1022,1022
321,321,320,319,318,317,316,315,315,314,313
119,119,119,119,119,119,119,119,119,119,119
945,947,947,948,948,949,949,950,950,951,951
637,637,637,637,637,637,637,637,637,637,637
1,2,2,2,2,2,2,2,2,2,2
702,702,702,702,702,702,702,702,702,702,702
905,905,904,904,903,903,902,901,901,900,899
78,78,78,78,78,78,78,78,78,78,78
386,388,389,390,391,392,393,394,395,396,397
1022,1022,1022,1022,1022,1022,1022,1022,1022,1022,1022
321,321,320,320,319,318,317,316,315,314,313
118,118,118,118,118,118,118,118,118,118,118
945,946,947,947,948,948,949,949,950,950,951
637,637,637,637,637,637,637,637,637,637,637
1,2,2,2,2,2,2,2,2,2,2
701,701,701,701,701,701,701,701,701,701,701
905,905,905,904,904,903,902,902,901,900,900
78,78,78,78,78,78,78,78,78,78,78
386,388,388,389,390,391,392,393,394,395,396
1022,1022,1022,1022,1022,1022,1022,1022,1022,1022,1022
322,322,321,320,319,318,317,317,316,315,314
118,118,118,118,118,118,118,118,118,118,118
944,946,946,947,947,948,949,949,950,950,951
638,638,638,638,638,638,638,638,638,638,638
1,2,2,2,2,2,2,2,2,2,2
701,701,701,701,701,701,701,701,701,701,701
905,906,905,905,904,903,903,902,901,901,900
79,79,79,79,79,79,79,79,79,79,79
385,387,388,389,390,391,392,393,393,394,395
1022,1022,1022,1022,1022,1022,1022,1022,1022,1022,1022
322,322,322,321,320,319,318,317,316,315,314
117,117,117,117,117,117,117,117,117,117,117
944,946,946,947,947,948,948,949,949,950,950
638,638,638,638,638,638,638,638,638,638,638
1,2,2,2,2,2,2,2,2,2,2
700,700,700,700,700,700,700,700,700,700,700
906,906,906,905,904,904,903,902,902,901,901
79,79,79,79,79,79,79,79,79,79,79
384,386,387,388,389,390,391,392,393,394,395
1022,1022,1022,1022,1022,1022,1022,1022,1022,1022,1022
323,323,322,321,320,319,319,318,317,316,315
117,117,117,117,117,117,117,117,117,117,117
944,945,946,946,947,947,948,948,949,949,950
639,639,639,639,639,639,639,639,639,639,639
1,2,2,2,2,2,2,2,2,2,2
700,700,700,700,700,700,700,700,700,700,700
906,907,906,905,905,904,903,903,902,902,901
79,79,79,79,79,79,79,79,79,79,79
384,386,387,388,389,390,390,391,392,393,394
1023,1023,1023,1023,1023,1023,1023,1023,1023,1023,1023
323,324,323,322,321,320,319,318,317,316,315
117,117,117,117,117,117,117,117,117,117,117
943,945,946,946,947,947,948,948,949,949,950
639,639,639,639,639,639,639,639,639,639,639
0,2,2,2,2,2,2,2,2,2,2
699,699,699,699,699,699,699,699,699,699,699
907,907,906,906,905,904,904,903,903,902,901
80,80,80,80,80,80,80,80,80,80,80
383,385,386,387,388,389,390,391,392,393,394
1023,1023,1023,1023,1023,1023,1023,1023,1023,1023,1023
324,324,323,322,321,320,320,319,318,317,316
116,116,116,116,116,116,116,116,116,116,116
943,945,945,946,946,947,947,948,948,949,949
640,640,640,640,640,640,640,640,640,640,640
0,1,2,2,2,2,2,2,2,2,2
699,699,699,699,699,699,699,699,699,699,699
907,907,907,906,905,905,904,904,903,902,902
80,80,80,80,80,80,80,80,80,80,80
383,385,386,387,387,388,389,390,391,392,393
1023,1023,1023,1023,1023,1023,1023,1023,1023,1023,1023
325,325,324,323,322,321,320,319,318,317,317
116,116,116,116,116,116,116,116,116,116,116
943,944,945,945,946,946,947,947,948,948,949
641,641,641,641,641,641,641,641,641,641,641
0,1,2,2,2,2,2,2,2,2,2
698,698,698,698,698,698,698,698,698,698,698
907,908,907,906,906,905,905,904,903,903,902
80,80,80,80,80,80,80,80,80,80,80
382,384,385,386,387,388,389,390,391,392,393
1023,1023,1023,1023,1023,1023,1023,1023,1023,1023,1023
325,325,324,323,322,322,321,320,319,318,317
116,116,116,116,116,116,116,116,116,116,116
943,944,945,945,946,946,947,947,948,948,949
641,641,641,641,641,641,641,641,641,641,641
0,1,1,2,2,2,2,2,2,2,2
698,698,698,698,698,698,698,698,698,698,698
908,908,907,907,906,906,905,904,904,903,902
81,81,81,81,81,81,81,81,81,81,81
382,384,384,385,386,387,388,389,390,391,392
1023,1023,1023,1023,1023,1023,1023,1023,1023,1023,1023
326,326,325,324,323,322,321,320,319,319,318
115,115,115,115,115,115,115,115,115,115,115
942,944,944,945,945,946,946,947,947,948,948
642,642,642,642,642,642,642,642,642,642,642
0,1,1,2,2,2,2,2,2,2,2
697,697,697,697,697,697,697,697,697,697,697
908,908,908,907,907,906,905,905,904,903,903
81,81,81,81,81,81,81,81,81,81,81
381,383,384,385,386,387,388,389,389,390,391
1023,1023,1023,1023,1023,1023,1023,1023,1023,1023,1023
326,326,325,324,324,323,322,321,320,319,318
115,115,115,115,115,115,115,115,115,115,115
942,943,944,944,945,946,946,947,947,948,948
642,642,642,642,642,642,642,642,642,642,642
0,1,1,1,2,2,2,2,2,2,2
697,697,697,697,697,697,697,697,697,697,697
908,909,908,908,907,906,906,905,904,904,903
81,81,81,81,81,81,81,81,81,81,81
380,382,383,384,385,386,387,388,389,390,391
1023,1023,1023,1023,1023,1023,1023,1023,1023,1023,1023
327,327,326,325,324,323,322,321,321,320,319
114,114,114,114,114,114,114,114,114,114,114
942,943,944,944,945,945,946,946,947,947,948
643,643,643,643,643,643,643,643,643,643,643
0,1,1,1,1,2,2,2,2,2,2
696,696,696,696,696,696,696,696,696,696,696
909,909,909,908,907,907,906,905,905,904,904
82,82,82,82,82,82,82,82,82,82,82
380,382,383,384,385,386,386,387,388,389,390
1023,1023,1023,1023,1023,1023,1023,1023,1023,1023,1023
327,327,326,326,325,324,323,322,321,320,319
114,114,114,114,114,114,114,114,114,114,114
941,943,943,944,944,945,945,946,946,947,947
643,643,643,643,643,643,643,643,643,643,643
0,1,1,1,1,2,2,2,2,2,2
695,695,695,695,695,695,695,695,695,695,695
909,910,909,908,908,907,906,906,905,905,904
82,82,82,82,82,82,82,82,82,82,82
379,381,382,383,384,385,386,387,388,389,390
1023,1023,1023,1023,1023,1023,1023,1023,1023,1023,1023
328,328,327,326,325,324,323,323,322,321,320
114,114,114,114,114,114,114,114,114,114,114
941,942,943,944,944,945,945,946,946,947,947
644,644,644,644,644,644,644,644,644,644,644
0,1,1,1,1,1,2,2,2,2,2
695,695,695,695,695,695,695,695,695,695,695
909,910,909,909,908,907,907,906,906,905,904
82,82,82,82,82,82,82,82,82,82,82
379,381,382,383,383,384,385,386,387,388,389
1023,1023,1023,1023,1023,1023,1023,1023,1023,1023,1023
328,328,328,327,326,325,324,323,322,321,320
113,113,113,113,113,113,113,113,113,113,113
941,942,943,943,944,944,945,945,946,946,947
645,645,645,645,645,645,645,645,645,645,645
0,1,1,1,1,1,1,2,2,2,2
694,694,694,694,694,694,694,694,694,694,694
910,910,910,909,908,908,907,907,906,905,905
83,83,83,83,83,83,83,83,83,83,83
378,380,381,382,383,384,385,386,387,388,389
1023,1023,1023,1023,1023,1023,1023,1023,1023,1023,1023
329,329,328,327,326,325,325,324,323,322,321
113,113,113,113,113,113,113,113,113,113,113
940,942,942,943,943,944,944,945,945,946,947
645,645,645,645,645,645,645,645,645,645,645
0,1,1,1,1,1,1,2,2,2,2
694,694,694,694,694,694,694,694,694,694,694
910,911,910,909,909,908,908,907,906,906,905
83,83,83,83,83,83,83,83,83,83,83
378,380,380,381,382,383,384,385,386,387,388
1023,1023,1023,1023,1023,1023,1023,1023,1023,1023,1023
329,330,329,328,327,326,325,324,323,322,321
113,113,113,113,113,113,113,113,113,113,113
940,942,942,943,943,944,944,945,945,946,946
646,646,646,646,646,646,646,646,646,646,646
0,1,1,1,1,1,1,1,2,2,2
693,693,693,693,693,693,693,693,693,693,693
911,911,910,910,909,909,908,907,907,906,905
83,83,83,83,83,83,83,83,83,83,83
377,379,380,381,382,383,384,385,385,386,387
1023,1023,1023,1023,1023,1023,1023,1023,1023,1023,1023
330,330,329,328,327,327,326,325,324,323,322
112,112,112,112,112,112,112,112,112,112,112
940,941,942,942,943,943,944,944,945,945,946
646,646,646,646,646,646,646,646,646,646,646
0,1,1,1,1,1,1,1,2,2,2
693,693,693,693,693,693,693,693,693,693,693
911,911,911,910,910,909,908,908,907,906,906
83,83,83,83,83,83,83,83,83,83,83
376,378,379,380,381,382,383,384,385,386,387
1023,1023,1023,1023,1023,1023,1023,1023,1023,1023,1023
331,331,330,329,328,327,326,325,324,323,323
112,112,112,112,112,112,112,112,112,112,112
939,941,941,942,942,943,943,944,945,945,946
647,647,647,647,647,647,647,647,647,647,647
0,1,1,1,1,1,1,1,1,2,2
692,692,692,692,692,692,692,692,692,692,692
911,912,911,911,910,909,909,908,907,907,906
84,84,84,84,84,84,84,84,84,84,84
376,378,379,380,381,382,382,383,384,385,386
1023,1023,1023,1023,1023,1023,1023,1023,1023,1023,1023
331,331,330,329,329,328,327,326,325,324,323
111,111,111,111,111,111,111,111,111,111,111
939,941,941,942,942,943,943,944,944,945,945
647,647,647,647,647,647,647,647,647,647,647
0,1,1,1,1,1,1,1,1,1,2
692,692,692,692,692,692,692,692,692,692,692
912,912,911,911,910,910,909,908,908,907,907
84,84,84,84,84,84,84,84,84,84,84
375,377,378,379,380,381,382,383,384,385,386
1023,1023,1023,1023,1023,1023,1023,1023,1023,1023,1023
332,332,331,330,329,328,327,326,325,325,324
111,111,111,111,111,111,111,111,111,111,111
939,940,941,941,942,942,943,943,944,944,945
648,648,648,648,648,648,648,648,648,648,648
0,1,1,1,1,1,1,1,1,1,2
691,691,691,691,691,691,691,691,691,691,691
912,912,912,911,911,910,909,909,908,908,907
84,84,84,84,84,84,84,84,84,84,84
375,377,378,379,379,380,381,382,383,384,385
1023,1023,1023,1023,1023,1023,1023,1023,1023,1023,1023
332,332,331,331,330,329,328,327,326,325,324
111,111,111,111,111,111,111,111,111,111,111
938,940,940,941,941,942,943,943,944,944,945
649,649,649,649,649,649,649,649,649,649,649
0,1,1,1,1,1,1,1,1,1,1
690,690,690,690,690,690,690,690,690,690,690
912,913,912,912,911,910,910,909,909,908,907
85,85,85,85,85,85,85,85,85,85,85
374,376,377,378,379,380,381,382,383,384,385
1023,1023,1023,1023,1023,1023,1023,1023,1023,1023,1023
333,333,332,331,330,329,328,327,327,326,325
110,110,110,110,110,110,110,110,110,110,110
938,940,940,941,941,942,942,943,943,944,944
649,649,649,649,649,649,649,649,649,649,649
0,1,1,1,1,1,1,1,1,1,1
690,690,690,690,690,690,690,690,690,690,690
913,913,913,912,911,911,910,910,909,908,908
85,85,85,85,85,85,85,85,85,85,85
374,376,376,377,378,379,380,381,382,383,384
1023,1023,1023,1023,1023,1023,1023,1023,1023,1023,1023
333,333,333,332,331,330,329,328,327,326,325
110,110,110,110,110,110,110,110,110,110,110
938,939,940,940,941,941,942,942,943,943,944
650,650,650,650,650,650,650,650,650,650,650
0,1,1,1,1,1,1,1,1,1,1
689,689,689,689,689,689,689,689,689,689,689
913,914,913,912,912,911,911,910,909,909,908
85,85,85,85,85,85,85,85,85,85,85
373,375,376,377,378,379,380,381,381,382,383
1023,1023,1023,1023,1023,1023,1023,1023,1023,1023,1023
334,334,333,332,331,330,329,329,328,327,326
110,110,110,110,110,110,110,110,110,110,110
937,939,939,940,941,941,942,942,943,943,944
650,650,650,650,650,650,650,650,650,650,650
0,1,1,1,1,1,1,1,1,1,1
689,689,689,689,689,689,689,689,689,689,689
914,914,913,913,912,912,911,910,910,909,908
86,86,86,86,86,86,86,86,86,86,86
372,374,375,376,377,378,379,380,381,382,383
1023,1023,1023,1023,1023,1023,1023,1023,1023,1023,1023
334,335,334,333,332,331,330,329,328,327,326
109,109,109,109,109,109,109,109,109,109,109
937,939,939,940,940,941,941,942,942,943,943
651,651,651,651,651,651,651,651,651,651,651
0,1,1,1,1,1,1,1,1,1,1
688,688,688,688,688,688,688,688,688,688,688
914,914,914,913,912,912,911,911,910,909,909
86,86,86,86,86,86,86,86,86,86,86
372,374,375,376,377,378,378,379,380,381,382
1023,1023,1023,1023,1023,1023,1023,1023,1023,1023,1023
335,335,334,333,332,331,331,330,329,328,327
109,109,109,109,109,109,109,109,109,109,109
937,938,939,939,940,940,941,941,942,943,943
651,651,651,651,651,651,651,651,651,651,651
0,1,1,1,1,1,1,1,1,1,1
688,688,688,688,688,688,688,688,688,688,688
914,915,914,913,913,912,912,911,910,910,909
86,86,86,86,86,86,86,86,86,86,86
371,373,374,375,376,377,378,379,380,381,382
1023,1023,1023,1023,1023,1023,1023,1023,1023,1023,1023
336,336,335,334,333,332,331,330,329,328,328
109,109,109,109,109,109,109,109,109,109,109
936,938,938,939,940,940,941,941,942,942,943
652,652,652,652,652,652,652,652,652,652,652
0,1,1,1,1,1,1,1,1,1,1
687,687,687,687,687,687,687,687,687,687,687
915,915,914,914,913,913,912,911,911,910,910
87,87,87,87,87,87,87,87,87,87,87
371,373,374,375,376,376,377,378,379,380,381
1023,1023,1023,1023,1023,1023,1023,1023,1023,1023,1023
336,336,335,334,333,333,332,331,330,329,328
108,108,108,108,108,108,108,108,108,108,108
936,938,938,939,939,940,940,941,941,942,942
652,652,652,652,652,652,652,652,652,652,652
0,1,1,1,1,1,1,1,1,1,1
687,687,687,687,687,687,687,687,687,687,687
915,915,915,914,914,913,912,912,911,911,910
87,87,87,87,87,87,87,87,87,87,87
370,372,373,374,375,376,377,378,379,380,381
1023,1023,1023,1023,1023,1023,1023,1023,1023,1023,1023
337,337,336,335,334,333,332,331,330,330,329
108,108,108,108,108,108,108,108,108,108,108
936,937,938,938,939,939,940,940,941,942,942
653,653,653,653,653,653,653,653,653,653,653
0,1,1,1,1,1,1,1,1,1,1
686,686,686,686,686,686,686,686,686,686,686
915,916,915,915,914,913,913,912,912,911,910
87,87,87,87,87,87,87,87,87,87,87
370,372,373,373,374,375,376,377,378,379,380
1023,1023,1023,1023,1023,1023,1023,1023,1023,1023,1023
337,337,336,335,335,334,333,332,331,330,329
107,107,107,107,107,107,107,107,107,107,107
935,937,937,938,939,939,940,940,941,941,942
654,654,654,654,654,654,654,654,654,654,654
0,1,1,1,1,1,1,1,1,1,1
686,686,686,686,686,686,686,686,686,686,686
916,916,916,915,914,914,913,913,912,911,911
88,88,88,88,88,88,88,88,88,88,88
369,371,372,373,374,375,376,377,378,378,379
1023,1023,1023,1023,1023,1023,1023,1023,1023,1023,1023
338,338,337,336,335,334,333,332,332,331,330
107,107,107,107,107,107,107,107,107,107,107
935,937,937,938,938,939,939,940,940,941,941
654,654,654,654,654,654,654,654,654,654,654
0,1,1,1,1,1,1,1,1,1,1
685,685,685,685,685,685,685,685,685,685,685
916,916,916,915,915,914,913,913,912,912,911
88,88,88,88,88,88,88,88,88,88,88
369,370,371,372,373,374,375,376,377,378,379
1023,1023,1023,1023,1023,1023,1023,1023,1023,1023,1023
338,338,337,337,336,335,334,333,332,331,330
107,107,107,107,107,107,107,107,107,107,107
935,936,937,937,938,938,939,940,940,941,941
655,655,655,655,655,655,655,655,655,655,655
0,1,1,1,1,1,1,1,1,1,1
684,684,684,684,684,684,684,684,684,684,684
916,917,916,916,915,914,914,913,913,912,911
88,88,88,88,88,88,88,88,88,88,88
368,370,371,372,373,374,375,375,376,377,378
1023,1023,1023,1023,1023,1023,1023,1023,1023,1023,1023
339,339,338,337,336,335,334,334,333,332,331
106,106,106,106,106,106,106,106,106,106,106
934,936,937,937,938,938,939,939,940,940,941
655,655,655,655,655,655,655,655,655,655,655
0,1,1,1,1,1,1,1,1,1,1
684,684,684,684,684,684,684,684,684,684,684
917,917,917,916,915,915,914,914,913,912,912
89,89,89,89,89,89,89,89,89,89,89
367,369,370,371,372,373,374,375,376,377,378
1023,1023,1023,1023,1023,1023,1023,1023,1023,1023,1023
339,340,339,338,337,336,335,334,333,332,331
106,106,106,106,106,106,106,106,106,106,106
934,936,936,937,937,938,938,939,939,940,940
656,656,656,656,656,656,656,656,656,656,656
0,1,1,1,1,1,1,1,1,1,1
683,683,683,683,683,683,683,683,683,683,683
917,918,917,916,916,915,915,914,913,913,912
89,89,89,89,89,89,89,89,89,89,89
367,369,370,371,372,372,373,374,375,376,377
1023,1023,1023,1023,1023,1023,1023,1023,1023,1023,1023
340,340,339,338,337,336,336,335,334,333,332
106,106,106,106,106,106,106,106,106,106,106
934,935,936,936,937,937,938,939,939,940,940
656,656,656,656,656,656,656,656,656,656,656
0,1,1,1,1,1,1,1,1,1,1
683,683,683,683,683,683,683,683,683,683,683
918,918,917,917,916,916,915,914,914,913,913
89,89,89,89,89,89,89,89,89,89,89
366,368,369,370,371,372,373,374,375,376,377
1023,1023,1023,1023,1023,1023,1023,1023,1023,1023,1023
341,341,340,339,338,337,336,335,334,333,332
105,105,105,105,105,105,105,105,105,105,105
933,935,936,936,937,937,938,938,939,939,940
657,657,657,657,657,657,657,657,657,657,657
0,1,1,1,1,1,1,1,1,1,1
682,682,682,682,682,682,682,682,682,682,682
918,918,918,917,917,916,915,915,914,914,913
90,90,90,90,90,90,90,90,90,90,90
366,368,369,369,370,371,372,373,374,375,376
1023,1023,1023,1023,1023,1023,1023,1023,1023,1023,1023
341,341,340,339,338,338,337,336,335,334,333
105,105,105,105,105,105,105,105,105,105,105
933,935,935,936,936,937,937,938,938,939,939
658,658,658,658,658,658,658,658,658,658,658
0,1,1,1,1,1,1,1,1,1,1
682,682,682,682,682,682,682,682,682,682,682
918,919,918,917,917,916,916,915,914,914,913
90,90,90,90,90,90,90,90,90,90,90
365,367,368,369,370,371,372,373,374,374,375
1023,1023,1023,1023,1023,1023,1023,1023,1023,1023,1023
342,342,341,340,339,338,337,336,335,334,334
105,105,105,105,105,105,105,105,105,105,105
933,934,935,935,936,936,937,938,938,939,939
658,658,658,658,658,658,658,658,658,658,658
0,1,1,1,1,1,1,1,1,1,1
681,681,681,681,681,681,681,681,681,681,681
919,919,918,918,917,917,916,915,915,914,914
90,90,90,90,90,90,90,90,90,90,90
365,366,367,368,369,370,371,372,373,374,375
1023,1023,1023,1023,1023,1023,1023,1023,1023,1023,1023
342,342,341,340,340,339,338,337,336,335,334
104,104,104,104,104,104,104,104,104,104,104
932,934,935,935,936,936,937,937,938,938,939
659,659,659,659,659,659,659,659,659,659,659
0,1,1,1,1,1,1,1,1,1,1
681,681,681,681,681,681,681,681,681,681,681
919,919,919,918,918,917,916,916,915,915,914
91,91,91,91,91,91,91,91,91,91,91
364,366,367,368,369,370,371,371,372,373,374
1023,1023,1023,1023,1023,1023,1023,1023,1023,1023,1023
343,343,342,341,340,339,338,337,336,336,335
104,104,104,104,104,104,104,104,104,104,104
932,934,934,935,935,936,936,937,937,938,939
659,659,659,659,659,659,659,659,659,659,659
0,1,1,1,1,1,1,1,1,1,1
680,680,680,680,680,680,680,680,680,680,680
919,920,919,919,918,917,917,916,916,915,914
91,91,91,91,91,91,91,91,91,91,91
363,365,366,367,368,369,370,371,372,373,374
1023,1023,1023,1023,1023,1023,1023,1023,1023,1023,1023
343,343,342,342,341,340,339,338,337,336,335
104,104,104,104,104,104,104,104,104,104,104
932,933,934,934,935,935,936,937,937,938,938
660,660,660,660,660,660,660,660,660,660,660
0,1,1,1,1,1,1,1,1,1,1
679,679,679,679,679,679,679,679,679,679,679
920,920,919,919,918,918,917,917,916,915,915
91,91,91,91,91,91,91,91,91,91,91
363,365,366,367,368,368,369,370,371,372,373
1023,1023,1023,1023,1023,1023,1023,1023,1023,1023,1023
344,344,343,342,341,340,339,338,338,337,336
103,103,103,103,103,103,103,103,103,103,103
931,933,934,934,935,935,936,936,937,937,938
660,660,660,660,660,660,660,660,660,660,660
0,1,1,1,1,1,1,1,1,1,1
679,679,679,679,679,679,679,679,679,679,679
920,920,920,919,919,918,917,917,916,916,915
92,92,92,92,92,92,92,92,92,92,92
362,364,365,366,367,368,369,370,371,372,373
1023,1023,1023,1023,1023,1023,1023,1023,1023,1023,1023
344,345,344,343,342,341,340,339,338,337,336
103,103,103,103,103,103,103,103,103,103,103
931,933,933,934,934,935,935,936,936,937,938
661,661,661,661,661,661,661,661,661,661,661
0,1,1,1,1,1,1,1,1,1,1
678,678,678,678,678,678,678,678,678,678,678
920,921,920,920,919,918,918,917,917,916,915
92,92,92,92,92,92,92,92,92,92,92
362,364,365,366,366,367,368,369,370,371,372
1023,1023,1023,1023,1023,1023,1023,1023,1023,1023,1023
345,345,344,343,342,341,341,340,339,338,337
102,102,102,102,102,102,102,102,102,102,102
931,932,933,933,934,934,935,936,936,937,937
662,662,662,662,662,662,662,662,662,662,662
0,1,1,1,1,1,1,1,1,1,1
678,678,678,678,678,678,678,678,678,678,678
921,921,921,920,919,919,918,918,917,916,916
92,92,92,92,92,92,92,92,92,92,92
361,363,364,365,366,367,368,369,370,371,371
1023,1023,1023,1023,1023,1023,1023,1023,1023,1023,1023
346,346,345,344,343,342,341,340,339,338,337
102,102,102,102,102,102,102,102,102,102,102
930,932,933,933,934,934,935,935,936,936,937
662,662,662,662,662,662,662,662,662,662,662
0,1,1,1,1,1,1,1,1,1,1
677,677,677,677,677,677,677,677,677,677,677
921,921,921,920,920,919,919,918,917,917,916
93,93,93,93,93,93,93,93,93,93,93
361,363,363,364,365,366,367,368,369,370,371
1023,1023,1023,1023,1023,1023,1023,1023,1023,1023,1023
346,346,345,344,343,343,342,341,340,339,338
102,102,102,102,102,102,102,102,102,102,102
930,932,932,933,933,934,934,935,935,936,937
663,663,663,663,663,663,663,663,663,663,663
0,1,1,1,1,1,1,1,1,1,1
677,677,677,677,677,677,677,677,677,677,677
921,922,921,921,920,920,919,918,918,917,917
93,93,93,93,93,93,93,93,93,93,93
360,362,363,364,365,366,367,368,368,369,370
1023,1023,1023,1023,1023,1023,1023,1023,1023,1023,1023
347,347,346,345,344,343,342,341,340,339,339
101,101,101,101,101,101,101,101,101,101,101
930,931,932,932,933,933,934,935,935,936,936
663,663,663,663,663,663,663,663,663,663,663
0,1,1,1,1,1,1,1,1,1,1
676,676,676,676,676,676,676,676,676,676,676
922,922,922,921,920,920,919,919,918,918,917
93,93,93,93,93,93,93,93,93,93,93
359,361,362,363,364,365,366,367,368,369,370
1023,1023,1023,1023,1023,1023,1023,1023,1023,1023,1023
347,347,346,345,345,344,343,342,341,340,339
101,101,101,101,101,101,101,101,101,101,101
929,931,931,932,933,933,934,934,935,935,936
664,664,664,664,664,664,664,664,664,664,664
0,1,1,1,1,1,1,1,1,1,1
676,676,676,676,676,676,676,676,676,676,676
922,923,922,921,921,920,920,919,918,918,917
94,94,94,94,94,94,94,94,94,94,94
359,361,362,363,364,365,365,366,367,368,369
1023,1023,1023,1023,1023,1023,1023,1023,1023,1023,1023
348,348,347,346,345,344,343,342,341,341,340
101,101,101,101,101,101,101,101,101,101,101
929,931,931,932,932,933,933,934,934,935,936
664,664,664,664,664,664,664,664,664,664,664
0,1,1,1,1,1,1,1,1,1,1
675,675,675,675,675,675,675,675,675,675,675
922,923,922,922,921,921,920,919,919,918,918
94,94,94,94,94,94,94,94,94,94,94
358,360,361,362,363,364,365,366,367,368,369
1023,1023,1023,1023,1023,1023,1023,1023,1023,1023,1023
348,348,347,347,346,345,344,343,342,341,340
100,100,100,100,100,100,100,100,100,100,100
929,930,931,931,932,932,933,934,934,935,935
665,665,665,665,665,665,665,665,665,665,665
0,1,1,1,1,1,1,1,1,1,1
674,674,674,674,674,674,674,674,674,674,674
923,923,923,922,922,921,920,920,919,919,918
94,94,94,94,94,94,94,94,94,94,94
358,360,361,362,362,363,364,365,366,367,368
1023,1023,1023,1023,1023,1023,1023,1023,1023,1023,1023
349,349,348,347,346,345,344,343,343,342,341
100,100,100,100,100,100,100,100,100,100,100
928,930,930,931,932,932,933,933,934,934,935
665,665,665,665,665,665,665,665,665,665,665
0,1,1,1,1,1,1,1,1,1,1
674,674,674,674,674,674,674,674,674,674,674
923,924,923,922,922,921,921,920,920,919,918
95,95,95,95,95,95,95,95,95,95,95
357,359,360,361,362,363,364,365,366,367,367
1023,1023,1023,1023,1023,1023,1023,1023,1023,1023,1023
349,350,349,348,347,346,345,344,343,342,341
100,100,100,100,100,100,100,100,100,100,100
928,930,930,931,931,932,932,933,933,934,935
666,666,666,666,666,666,666,666,666,666,666
0,1,1,1,1,1,1,1,1,1,1
673,673,673,673,673,673,673,673,673,673,673
924,924,923,923,922,922,921,920,920,919,919
95,95,95,95,95,95,95,95,95,95,95
357,359,360,360,361,362,363,364,365,366,367
1023,1023,1023,1023,1023,1023,1023,1023,1023,1023,1023
350,350,349,348,347,346,346,345,344,343,342
99,99,99,99,99,99,99,99,99,99,99
928,929,930,930,931,931,932,933,933,934,934
667,667,667,667,667,667,667,667,667,667,667
0,1,1,1,1,1,1,1,1,1,1
673,673,673,673,673,673,673,673,673,673,673
924,924,924,923,923,922,921,921,920,920,919
96,96,96,96,96,96,96,96,96,96,96
356,358,359,360,361,362,363,364,364,365,366
1023,1023,1023,1023,1023,1023,1023,1023,1023,1023,1023
351,351,350,349,348,347,346,345,344,343,342
99,99,99,99,99,99,99,99,99,99,99
927,929,929,930,931,931,932,932,933,933,934
667,667,667,667,667,667,667,667,667,667,667
0,1,1,1,1,1,1,1,1,1,1
672,672,672,672,672,672,672,672,672,672,672
924,925,924,924,923,922,922,921,921,920,919
96,96,96,96,96,96,96,96,96,96,96
356,357,358,359,360,361,362,363,364,365,366
1023,1023,1023,1023,1023,1023,1023,1023,1023,1023,1023
351,351,350,349,348,348,347,346,345,344,343
99,99,99,99,99,99,99,99,99,99,99
927,929,929,930,930,931,931,932,932,933,934
668,668,668,668,668,668,668,668,668,668,668
0,1,1,1,1,1,1,1,1,1,1
672,672,672,672,672,672,672,672,672,672,672
925,925,924,924,923,923,922,922,921,920,920
96,96,96,96,96,96,96,96,96,96,96
355,357,358,359,360,361,362,362,363,364,365
1023,1023,1023,1023,1023,1023,1023,1023,1023,1023,1023
352,352,351,350,349,348,347,346,345,344,344
98,98,98,98,98,98,98,98,98,98,98
927,928,929,929,930,930,931,932,932,933,933
668,668,668,668,668,668,668,668,668,668,668
0,1,1,1,1,1,1,1,1,1,1
671,671,671,671,671,671,671,671,671,671,671
925,925,925,924,924,923,922,922,921,921,920
97,97,97,97,97,97,97,97,97,97,97
354,356,357,358,359,360,361,362,363,364,365
1023,1023,1023,1023,1023,1023,1023,1023,1023,1023,1023
352,352,351,350,350,349,348,347,346,345,344
98,98,98,98,98,98,98,98,98,98,98
926,928,928,929,930,930,931,931,932,932,933
669,669,669,669,669,669,669,669,669,669,669
0,1,1,1,1,1,1,1,1,1,1
670,670,670,670,670,670,670,670,670,670,670
925,926,925,925,924,923,923,922,922,921,921
97,97,97,97,97,97,97,97,97,97,97
354,356,357,358,359,359,360,361,362,363,364
1023,1023,1023,1023,1023,1023,1023,1023,1023,1023,1023
353,353,352,351,350,349,348,347,346,346,345
98,98,98,98,98,98,98,98,98,98,98
926,928,928,929,929,930,930,931,931,932,933
669,669,669,669,669,669,669,669,669,669,669
0,1,1,1,1,1,1,1,1,1,1
670,670,670,670,670,670,670,670,670,670,670
926,926,925,925,924,924,923,923,922,921,921
97,97,97,97,97,97,97,97,97,97,97
353,355,356,357,358,359,360,361,362,363,364
1023,1023,1023,1023,1023,1023,1023,1023,1023,1023,1023
353,353,353,352,351,350,349,348,347,346,345
97,97,97,97,97,97,97,97,97,97,97
926,927,928,928,929,929,930,931,931,932,932
670,670,670,670,670,670,670,670,670,670,670
0,1,1,1,1,1,1,1,1,1,1
669,669,669,669,669,669,669,669,669,669,669
926,926,926,925,925,924,924,923,922,922,921
98,98,98,98,98,98,98,98,98,98,98
353,355,356,357,357,358,359,360,361,362,363
1023,1023,1023,1023,1023,1023,1023,1023,1023,1023,1023
354,354,353,352,351,350,349,349,348,347,346
97,97,97,97,97,97,97,97,97,97,97
925,927,927,928,929,929,930,930,931,931,932
671,671,671,671,671,671,671,671,671,671,671
0,1,1,1,1,1,1,1,1,1,1
669,669,669,669,669,669,669,669,669,669,669
926,927,926,926,925,924,924,923,923,922,922
98,98,98,98,98,98,98,98,98,98,98
352,354,355,356,357,358,359,360,361,361,362
1023,1023,1023,1023,1023,1023,1023,1023,1023,1023,1023
354,355,354,353,352,351,350,349,348,347,346
97,97,97,97,97,97,97,97,97,97,97
925,926,927,928,928,929,929,930,930,931,932
671,671,671,671,671,671,671,671,671,671,671
0,1,1,1,1,1,1,1,1,1,1
668,668,668,668,668,668,668,668,668,668,668
927,927,927,926,925,925,924,924,923,923,922
98,98,98,98,98,98,98,98,98,98,98
352,354,354,355,356,357,358,359,360,361,362
1023,1023,1023,1023,1023,1023,1023,1023,1023,1023,1023
355,355,354,353,352,351,351,350,349,348,347
96,96,96,96,96,96,96,96,96,96,96
925,926,927,927,928,928,929,930,930,931,931
672,672,672,672,672,672,672,672,672,672,672
0,1,1,1,1,1,1,1,1,1,1
668,668,668,668,668,668,668,668,668,668,668
927,927,927,926,926,925,925,924,923,923,922
99,99,99,99,99,99,99,99,99,99,99
351,353,354,355,356,357,358,359,359,360,361
1023,1023,1023,1023,1023,1023,1023,1023,1023,1023,1023
356,356,355,354,353,352,351,350,349,348,347
96,96,96,96,96,96,96,96,96,96,96
924,926,926,927,927,928,929,929,930,930,931
672,672,672,672,672,672,672,672,672,672,672
0,1,1,1,1,1,1,1,1,1,1
667,667,667,667,667,667,667,667,667,667,667
927,928,927,927,926,926,925,924,924,923,923
99,99,99,99,99,99,99,99,99,99,99
351,352,353,354,355,356,357,358,359,360,361
1023,1023,1023,1023,1023,1023,1023,1023,1023,1023,1023
356,356,355,354,353,353,352,351,350,349,348
95,95,95,95,95,95,95,95,95,95,95
924,925,926,927,927,928,928,929,929,930,931
673,673,673,673,673,673,673,673,673,673,673
0,1,1,1,1,1,1,1,1,1,1
667,667,667,667,667,667,667,667,667,667,667
928,928,928,927,926,926,925,925,924,924,923
99,99,99,99,99,99,99,99,99,99,99
350,352,353,354,355,356,356,357,358,359,360
1023,1023,1023,1023,1023,1023,1023,1023,1023,1023,1023
357,357,356,355,354,353,352,351,350,349,349
95,95,95,95,95,95,95,95,95,95,95
924,925,926,926,927,927,928,928,929,930,930
673,673,673,673,673,673,673,673,673,673,673
0,1,1,1,1,1,1,1,1,1,1
666,666,666,666,666,666,666,666,666,666,666
928,928,928,927,927,926,926,925,924,924,923
100,100,100,100,100,100,100,100,100,100,100
349,351,352,353,354,355,356,357,358,359,360
1023,1023,1023,1023,1023,1023,1023,1023,1023,1023,1023
357,357,356,356,355,354,353,352,351,350,349
95,95,95,95,95,95,95,95,95,95,95
923,925,925,926,926,927,928,928,929,929,930
674,674,674,674,674,674,674,674,674,674,674
0,1,1,1,1,1,1,1,1,1,1
665,665,665,665,665,665,665,665,665,665,665
928,929,928,928,927,927,926,925,925,924,924
100,100,100,100,100,100,100,100,100,100,100
349,351,352,353,354,354,355,356,357,358,359
1023,1023,1023,1023,1023,1023,1023,1023,1023,1023,1023
358,358,357,356,355,354,353,352,351,351,350
94,94,94,94,94,94,94,94,94,94,94
923,924,925,926,926,927,927,928,928,929,929
674,674,674,674,674,674,674,674,674,674,674
0,1,1,1,1,1,1,1,1,1,1
665,665,665,665,665,665,665,665,665,665,665
929,929,929,928,927,927,926,926,925,925,924
100,100,100,100,100,100,100,100,100,100,100
348,350,351,352,353,354,355,356,357,358,358
1023,1023,1023,1023,1023,1023,1023,1023,1023,1023,1023
358,358,358,357,356,355,354,353,352,351,350
94,94,94,94,94,94,94,94,94,94,94
922,924,925,925,926,926,927,927,928,929,929
675,675,675,675,675,675,675,675,675,675,675
0,1,1,1,1,1,1,1,1,1,1
664,664,664,664,664,664,664,664,664,664,664
929,930,929,928,928,927,927,926,926,925,924
101,101,101,101,101,101,101,101,101,101,101
348,350,351,351,352,353,354,355,356,357,358
1023,1023,1023,1023,1023,1023,1023,1023,1023,1023,1023
359,359,358,357,356,355,354,354,353,352,351
94,94,94,94,94,94,94,94,94,94,94
922,924,924,925,925,926,927,927,928,928,929
676,676,676,676,676,676,676,676,676,676,676
0,1,1,1,1,1,1,1,1,1,1
664,664,664,664,664,664,664,664,664,664,664
929,930,929,929,928,928,927,926,926,925,925
101,101,101,101,101,101,101,101,101,101,101
347,349,350,351,352,353,354,355,356,356,357
1023,1023,1023,1023,1023,1023,1023,1023,1023,1023,1023
360,360,359,358,357,356,355,354,353,352,351
93,93,93,93,93,93,93,93,93,93,93
922,923,924,924,925,926,926,927,927,928,928
676,676,676,676,676,676,676,676,676,676,676
0,1,1,1,1,1,1,1,1,1,1
663,663,663,663,663,663,663,663,663,663,663
930,930,930,929,929,928,927,927,926,926,925
101,101,101,101,101,101,101,101,101,101,101
347,349,349,350,351,352,353,354,355,356,357
1023,1023,1023,1023,1023,1023,1023,1023,1023,1023,1023
360,360,359,358,357,356,356,355,354,353,352
93,93,93,93,93,93,93,93,93,93,93
921,923,924,924,925,925,926,926,927,928,928
677,677,677,677,677,677,677,677,677,677,677
0,1,1,1,1,1,1,1,1,1,1
663,663,663,663,663,663,663,663,663,663,663
930,931,930,929,929,928,928,927,927,926,925
102,102,102,102,102,102,102,102,102,102,102
346,348,349,350,351,352,353,353,354,355,356
1023,1023,1023,1023,1023,1023,1023,1023,1023,1023,1023
361,361,360,359,358,357,356,355,354,353,352
93,93,93,93,93,93,93,93,93,93,93
921,923,923,924,924,925,926,926,927,927,928
677,677,677,677,677,677,677,677,677,677,677
0,1,1,1,1,1,1,1,1,1,1
662,662,662,662,662,662,662,662,662,662,662
930,931,930,930,929,929,928,927,927,926,926
102,102,102,102,102,102,102,102,102,102,102
345,347,348,349,350,351,352,353,354,355,356
1023,1023,1023,1023,1023,1023,1023,1023,1023,1023,1023
361,361,360,359,359,358,357,356,355,354,353
92,92,92,92,92,92,92,92,92,92,92
921,922,923,923,924,925,925,926,926,927,927
678,678,678,678,678,678,678,678,678,678,678
0,1,1,1,1,1,1,1,1,1,1
661,661,661,661,661,661,661,661,661,661,661
931,931,931,930,930,929,928,928,927,927,926
102,102,102,102,102,102,102,102,102,102,102
345,347,348,349,350,351,351,352,353,354,355
1023,1023,1023,1023,1023,1023,1023,1023,1023,1023,1023
362,362,361,360,359,358,357,356,355,355,354
92,92,92,92,92,92,92,92,92,92,92
920,922,923,923,924,924,925,925,926,927,927
678,678,678,678,678,678,678,678,678,678,678
0,1,1,1,1,1,1,1,1,1,1
661,661,661,661,661,661,661,661,661,661,661
931,932,931,930,930,929,929,928,928,927,926
103,103,103,103,103,103,103,103,103,103,103
344,346,347,348,349,350,351,352,353,354,355
1023,1023,1023,1023,1023,1023,1023,1023,1023,1023,1023
362,362,362,361,360,359,358,357,356,355,354
92,92,92,92,92,92,92,92,92,92,92
920,922,922,923,923,924,924,925,926,926,927
679,679,679,679,679,679,679,679,679,679,679
0,1,1,1,1,1,1,1,1,1,1
660,660,660,660,660,660,660,660,660,660,660
931,932,931,931,930,930,929,929,928,927,927
103,103,103,103,103,103,103,103,103,103,103
344,346,347,348,348,349,350,351,352,353,354
1023,1023,1023,1023,1023,1023,1023,1023,1023,1023,1023
363,363,362,361,360,359,358,357,357,356,355
91,91,91,91,91,91,91,91,91,91,91
920,921,922,922,923,924,924,925,925,926,926
679,679,679,679,679,679,679,679,679,679,679
0,1,1,1,1,1,1,1,1,1,1
660,660,660,660,660,660,660,660,660,660,660
932,932,932,931,931,930,929,929,928,928,927
104,104,104,104,104,104,104,104,104,104,104
343,345,346,347,348,349,350,351,352,352,353
1023,1023,1023,1023,1023,1023,1023,1023,1023,1023,1023
363,364,363,362,361,360,359,358,357,356,355
91,91,91,91,91,91,91,91,91,91,91
919,921,921,922,923,923,924,924,925,925,926
680,680,680,680,680,680,680,680,680,680,680
0,1,1,1,1,1,1,1,1,1,1
659,659,659,659,659,659,659,659,659,659,659
932,933,932,931,931,930,930,929,929,928,928
104,104,104,104,104,104,104,104,104,104,104
343,345,346,346,347,348,349,350,351,352,353
1023,1023,1023,1023,1023,1023,1023,1023,1023,1023,1023
364,364,363,362,361,360,360,359,358,357,356
91,91,91,91,91,91,91,91,91,91,91
919,921,921,922,922,923,923,924,925,925,926
681,681,681,681,681,681,681,681,681,681,681
0,1,1,1,1,1,1,1,1,1,1
659,659,659,659,659,659,659,659,659,659,659
932,933,932,932,931,931,930,930,929,928,928
104,104,104,104,104,104,104,104,104,104,104
342,344,345,346,347,348,349,350,350,351,352
1023,1023,1023,1023,1023,1023,1023,1023,1023,1023,1023
365,365,364,363,362,361,360,359,358,357,356
90,90,90,90,90,90,90,90,90,90,90
919,920,921,921,922,922,923,924,924,925,925
681,681,681,681,681,681,681,681,681,681,681
0,1,1,1,1,1,1,1,1,1,1
658,658,658,658,658,658,658,658,658,658,658
933,933,933,932,932,931,930,930,929,929,928
105,105,105,105,105,105,105,105,105,105,105
342,344,344,345,346,347,348,349,350,351,352
1023,1023,1023,1023,1023,1023,1023,1023,1023,1023,1023
365,365,364,363,362,362,361,360,359,358,357
90,90,90,90,90,90,90,90,90,90,90
918,920,920,921,922,922,923,923,924,924,925
682,682,682,682,682,682,682,682,682,682,682
0,1,1,1,1,1,1,1,1,1,1
658,658,658,658,658,658,658,658,658,658,658
933,934,933,932,932,931,931,930,930,929,929
105,105,105,105,105,105,105,105,105,105,105
341,343,344,345,346,347,348,348,349,350,351
1023,1023,1023,1023,1023,1023,1023,1023,1023,1023,1023
366,366,365,364,363,362,361,360,359,358,358
90,90,90,90,90,90,90,90,90,90,90
918,919,920,921,921,922,922,923,923,924,925
682,682,682,682,682,682,682,682,682,682,682
0,1,1,1,1,1,1,1,1,1,1
657,657,657,657,657,657,657,657,657,657,657
933,934,933,933,932,932,931,931,930,929,929
105,105,105,105,105,105,105,105,105,105,105
340,342,343,344,345,346,347,348,349,350,351
1023,1023,1023,1023,1023,1023,1023,1023,1023,1023,1023
366,366,365,365,364,363,362,361,360,359,358
89,89,89,89,89,89,89,89,89,89,89
917,919,920,920,921,921,922,923,923,924,924
683,683,683,683,683,683,683,683,683,683,683
0,1,1,1,1,1,1,1,1,1,1
656,656,656,656,656,656,656,656,656,656,656
934,934,934,933,933,932,931,931,930,930,929
106,106,106,106,106,106,106,106,106,106,106
340,342,343,344,345,345,346,347,348,349,350
1023,1023,1023,1023,1023,1023,1023,1023,1023,1023,1023
367,367,366,365,364,363,362,361,360,360,359
89,89,89,89,89,89,89,89,89,89,89
917,919,919,920,920,921,922,922,923,923,924
683,683,683,683,683,683,683,683,683,683,683
0,1,1,1,1,1,1,1,1,1,1
656,656,656,656,656,656,656,656,656,656,656
934,935,934,933,933,932,932,931,931,930,930
106,106,106,106,106,106,106,106,106,106,106
339,341,342,343,344,345,346,347,348,349,350
1023,1023,1023,1023,1023,1023,1023,1023,1023,1023,1023
367,368,367,366,365,364,363,362,361,360,359
89,89,89,89,89,89,89,89,89,89,89
917,918,919,920,920,921,921,922,922,923,924
684,684,684,684,684,684,684,684,684,684,684
0,1,1,1,1,1,1,1,1,1,1
655,655,655,655,655,655,655,655,655,655,655
934,935,934,934,933,933,932,932,931,930,930
106,106,106,106,106,106,106,106,106,106,106
339,341,342,343,343,344,345,346,347,348,349
1023,1023,1023,1023,1023,1023,1023,1023,1023,1023,1023
368,368,367,366,365,364,363,363,362,361,360
88,88,88,88,88,88,88,88,88,88,88
916,918,919,919,920,920,921,922,922,923,923
684,684,684,684,684,684,684,684,684,684,684
0,1,1,1,1,1,1,1,1,1,1
655,655,655,655,655,655,655,655,655,655,655
935,935,935,934,934,933,932,932,931,931,930
107,107,107,107,107,107,107,107,107,107,107
338,340,341,342,343,344,345,346,347,347,348
1023,1023,1023,1023,1023,1023,1023,1023,1023,1023,1023
369,369,368,367,366,365,364,363,362,361,360
88,88,88,88,88,88,88,88,88,88,88
916,918,918,919,919,920,921,921,922,922,923
685,685,685,685,685,685,685,685,685,685,685
0,1,1,1,1,1,1,1,1,1,1
654,654,654,654,654,654,654,654,654,654,654
935,936,935,934,934,933,933,932,932,931,931
107,107,107,107,107,107,107,107,107,107,107
338,340,341,341,342,343,344,345,346,347,348
1023,1023,1023,1023,1023,1023,1023,1023,1023,1023,1023
369,369,368,367,366,365,365,364,363,362,361
88,88,88,88,88,88,88,88,88,88,88
916,917,918,918,919,920,920,921,921,922,923
686,686,686,686,686,686,686,686,686,686,686
0,1,1,1,1,1,1,1,1,1,1
654,654,654,654,654,654,654,654,654,654,654
935,936,935,935,934,934,933,933,932,932,931
107,107,107,107,107,107,107,107,107,107,107
337,339,340,341,342,343,344,345,345,346,347
1023,1023,1023,1023,1023,1023,1023,1023,1023,1023,1023
370,370,369,368,367,366,365,364,363,362,361
87,87,87,87,87,87,87,87,87,87,87
915,917,918,918,919,919,920,920,921,922,922
686,686,686,686,686,686,686,686,686,686,686
0,1,1,1,1,1,1,1,1,1,1
653,653,653,653,653,653,653,653,653,653,653
936,936,936,935,935,934,933,933,932,932,931
108,108,108,108,108,108,108,108,108,108,108
337,339,339,340,341,342,343,344,345,346,347
1023,1023,1023,1023,1023,1023,1023,1023,1023,1023,1023
370,370,369,368,368,367,366,365,364,363,362
87,87,87,87,87,87,87,87,87,87,87
915,917,917,918,918,919,920,920,921,921,922
687,687,687,687,687,687,687,687,687,687,687
0,1,1,1,1,1,1,1,1,1,1
652,652,652,652,652,652,652,652,652,652,652
936,937,936,935,935,934,934,933,933,932,932
108,108,108,108,108,108,108,108,108,108,108
336,338,339,340,341,342,343,343,344,345,346
1023,1023,1023,1023,1023,1023,1023,1023,1023,1023,1023
371,371,370,369,368,367,366,365,364,363,363
87,87,87,87,87,87,87,87,87,87,87
915,916,917,917,918,919,919,920,920,921,921
687,687,687,687,687,687,687,687,687,687,687
0,1,1,1,1,1,1,1,1,1,1
652,652,652,652,652,652,652,652,652,652,652
936,937,936,936,935,935,934,934,933,933,932
109,109,109,109,109,109,109,109,109,109,109
336,337,338,339,340,341,342,343,344,345,346
1023,1023,1023,1023,1023,1023,1023,1023,1023,1023,1023
371,371,371,370,369,368,367,366,365,364,363
86,86,86,86,86,86,86,86,86,86,86
914,916,916,917,918,918,919,919,920,921,921
688,688,688,688,688,688,688,688,688,688,688
0,1,1,1,1,1,1,1,1,1,1
651,651,651,651,651,651,651,651,651,651,651
937,937,937,936,936,935,935,934,933,933,932
109,109,109,109,109,109,109,109,109,109,109
335,337,338,339,340,340,341,342,343,344,345
1023,1023,1023,1023,1023,1023,1023,1023,1023,1023,1023
372,372,371,370,369,368,367,366,366,365,364
86,86,86,86,86,86,86,86,86,86,86
914,915,916,917,917,918,918,919,920,920,921
688,688,688,688,688,688,688,688,688,688,688
0,1,1,1,1,1,1,1,1,1,1
651,651,651,651,651,651,651,651,651,651,651
937,938,937,936,936,935,935,934,934,933,933
109,109,109,109,109,109,109,109,109,109,109
334,336,337,338,339,340,341,342,343,344,344
1023,1023,1023,1023,1023,1023,1023,1023,1023,1023,1023
373,373,372,371,370,369,368,367,366,365,364
86,86,86,86,86,86,86,86,86,86,86
914,915,916,916,917,917,918,919,919,920,920
689,689,689,689,689,689,689,689,689,689,689
0,1,1,1,1,1,1,1,1,1,1
650,650,650,650,650,650,650,650,650,650,650
937,938,937,937,936,936,935,935,934,934,933
110,110,110,110,110,110,110,110,110,110,110
334,336,337,338,338,339,340,341,342,343,344
1023,1023,1023,1023,1023,1023,1023,1023,1023,1023,1023
373,373,372,371,370,369,369,368,367,366,365
85,85,85,85,85,85,85,85,85,85,85
913,915,915,916,917,917,918,918,919,919,920
689,689,689,689,689,689,689,689,689,689,689
0,1,1,1,1,1,1,1,1,1,1
650,650,650,650,650,650,650,650,650,650,650
938,938,938,937,937,936,936,935,934,934,933
110,110,110,110,110,110,110,110,110,110,110
333,335,336,337,338,339,340,341,342,342,343
1023,1023,1023,1023,1023,1023,1023,1023,1023,1023,1023
374,374,373,372,371,370,369,368,367,366,365
85,85,85,85,85,85,85,85,85,85,85
913,914,915,916,916,917,917,918,919,919,920
690,690,690,690,690,690,690,690,690,690,690
0,1,1,1,1,1,1,1,1,1,1
649,649,649,649,649,649,649,649,649,649,649
938,939,938,937,937,936,936,935,935,934,934
110,110,110,110,110,110,110,110,110,110,110
333,335,336,336,337,338,339,340,341,342,343
1023,1023,1023,1023,1023,1023,1023,1023,1023,1023,1023
374,374,373,372,372,371,370,369,368,367,366
85,85,85,85,85,85,85,85,85,85,85
912,914,915,915,916,916,917,918,918,919,919
691,691,691,691,691,691,691,691,691,691,691
0,1,1,1,1,1,1,1,1,1,1
648,648,648,648,648,648,648,648,648,648,648
938,939,938,938,937,937,936,936,935,935,934
111,111,111,111,111,111,111,111,111,111,111
332,334,335,336,337,338,339,340,340,341,342
1023,1023,1023,1023,1023,1023,1023,1023,1023,1023,1023
375,375,374,373,372,371,370,369,368,367,367
84,84,84,84,84,84,84,84,84,84,84
912,914,914,915,915,916,917,917,918,918,919
691,691,691,691,691,691,691,691,691,691,691
0,1,1,1,1,1,1,1,1,1,1
648,648,648,648,648,648,648,648,648,648,648
939,939,939,938,938,937,936,936,935,935,934
111,111,111,111,111,111,111,111,111,111,111
332,334,334,335,336,337,338,339,340,341,342
1023,1023,1023,1023,1023,1023,1023,1023,1023,1023,1023
375,375,374,374,373,372,371,370,369,368,367
84,84,84,84,84,84,84,84,84,84,84
912,913,914,914,915,916,916,917,917,918,919
692,692,692,692,692,692,692,692,692,692,692
0,1,1,1,1,1,1,1,1,1,1
647,647,647,647,647,647,647,647,647,647,647
939,940,939,938,938,937,937,936,936,935,935
112,112,112,112,112,112,112,112,112,112,112
331,333,334,335,336,337,338,338,339,340,341
1023,1023,1023,1023,1023,1023,1023,1023,1023,1023,1023
376,376,375,374,373,372,371,370,369,369,368
84,84,84,84,84,84,84,84,84,84,84
911,913,914,914,915,915,916,916,917,918,918
692,692,692,692,692,692,692,692,692,692,692
0,1,1,1,1,1,1,1,1,1,1
647,647,647,647,647,647,647,647,647,647,647
939,940,939,939,938,938,937,937,936,936,935
112,112,112,112,112,112,112,112,112,112,112
331,332,333,334,335,336,337,338,339,340,341
1023,1023,1023,1023,1023,1023,1023,1023,1023,1023,1023
376,377,376,375,374,373,372,371,370,369,368
83,83,83,83,83,83,83,83,83,83,83
911,913,913,914,914,915,916,916,917,917,918
693,693,693,693,693,693,693,693,693,693,693
0,1,1,1,1,1,1,1,1,1,1
646,646,646,646,646,646,646,646,646,646,646
940,940,940,939,939,938,937,937,936,936,935
112,112,112,112,112,112,112,112,112,112,112
330,332,333,334,335,336,336,337,338,339,340
1023,1023,1023,1023,1023,1023,1023,1023,1023,1023,1023
377,377,376,375,374,373,372,372,371,370,369
83,83,83,83,83,83,83,83,83,83,83
911,912,913,913,914,915,915,916,916,917,918
693,693,693,693,693,693,693,693,693,693,693
0,1,1,1,1,1,1,1,1,1,1
646,646,646,646,646,646,646,646,646,646,646
940,940,940,939,939,938,938,937,937,936,936
113,113,113,113,113,113,113,113,113,113,113
329,331,332,333,334,335,336,337,338,339,339
1023,1023,1023,1023,1023,1023,1023,1023,1023,1023,1023
378,378,377,376,375,374,373,372,371,370,369
83,83,83,83,83,83,83,83,83,83,83
910,912,912,913,914,914,915,915,916,917,917
694,694,694,694,694,694,694,694,694,694,694
0,1,1,1,1,1,1,1,1,1,1
645,645,645,645,645,645,645,645,645,645,645
940,941,940,940,939,939,938,938,937,937,936
113,113,113,113,113,113,113,113,113,113,113
329,331,332,333,333,334,335,336,337,338,339
1023,1023,1023,1023,1023,1023,1023,1023,1023,1023,1023
378,378,377,376,375,375,374,373,372,371,370
83,83,83,83,83,83,83,83,83,83,83
910,911,912,913,913,914,914,915,916,916,917
694,694,694,694,694,694,694,694,694,694,694
0,1,1,1,1,1,1,1,1,1,1
645,645,645,645,645,645,645,645,645,645,645
941,941,941,940,940,939,938,938,937,937,936
113,113,113,113,113,113,113,113,113,113,113
328,330,331,332,333,334,335,336,337,337,338
1023,1023,1023,1023,1023,1023,1023,1023,1023,1023,1023
379,379,378,377,376,375,374,373,372,371,370
82,82,82,82,82,82,82,82,82,82,82
909,911,912,912,913,913,914,915,915,916,916
695,695,695,695,695,695,695,695,695,695,695
0,1,1,1,1,1,1,1,1,1,1
644,644,644,644,644,644,644,644,644,644,644
941,941,941,940,940,939,939,938,938,937,937
114,114,114,114,114,114,114,114,114,114,114
328,330,331,331,332,333,334,335,336,337,338
1023,1023,1023,1023,1023,1023,1023,1023,1023,1023,1023
379,379,378,378,377,376,375,374,373,372,371
82,82,82,82,82,82,82,82,82,82,82
909,911,911,912,913,913,914,914,915,916,916
695,695,695,695,695,695,695,695,695,695,695
0,1,1,1,1,1,1,1,1,1,1
643,643,643,643,643,643,643,643,643,643,643
941,942,941,941,940,940,939,939,938,938,937
114,114,114,114,114,114,114,114,114,114,114
327,329,330,331,332,333,334,335,335,336,337
1023,1023,1023,1023,1023,1023,1023,1023,1023,1023,1023
380,380,379,378,377,376,375,374,373,373,372
82,82,82,82,82,82,82,82,82,82,82
909,910,911,912,912,913,913,914,915,915,916
696,696,696,696,696,696,696,696,696,696,696
0,1,1,1,1,1,1,1,1,1,1
643,643,643,643,643,643,643,643,643,643,643
942,942,942,941,941,940,939,939,938,938,937
114,114,114,114,114,114,114,114,114,114,114
327,329,329,330,331,332,333,334,335,336,337
1023,1023,1023,1023,1023,1023,1023,1023,1023,1023,1023
380,381,380,379,378,377,376,375,374,373,372
81,81,81,81,81,81,81,81,81,81,81
908,910,911,911,912,912,913,914,914,915,915
697,697,697,697,697,697,697,697,697,697,697
0,1,1,1,1,1,1,1,1,1,1
642,642,642,642,642,642,642,642,642,642,642
942,942,942,941,941,940,940,939,939,938,938
115,115,115,115,115,115,115,115,115,115,115
326,328,329,330,331,332,333,333,334,335,336
1023,1023,1023,1023,1023,1023,1023,1023,1023,1023,1023
381,381,380,379,378,377,376,376,375,374,373
81,81,81,81,81,81,81,81,81,81,81
908,910,910,911,911,912,913,913,914,914,915
697,697,697,697,697,697,697,697,697,697,697
0,1,1,1,1,1,1,1,1,1,1
642,642,642,642,642,642,642,642,642,642,642
942,943,942,942,941,941,940,940,939,938,938
115,115,115,115,115,115,115,115,115,115,115
326,327,328,329,330,331,332,333,334,335,336
1023,1023,1023,1023,1023,1023,1023,1023,1023,1023,1023
382,382,381,380,379,378,377,376,375,374,373
81,81,81,81,81,81,81,81,81,81,81
908,909,910,910,911,912,912,913,913,914,915
698,698,698,698,698,698,698,698,698,698,698
0,1,1,1,1,1,1,1,1,1,1
641,641,641,641,641,641,641,641,641,641,641
943,943,943,942,941,941,940,940,939,939,938
116,116,116,116,116,116,116,116,116,116,116
325,327,328,329,330,331,331,332,333,334,335
1023,1023,1023,1023,1023,1023,1023,1023,1023,1023,1023
382,382,381,380,379,379,378,377,376,375,374
80,80,80,80,80,80,80,80,80,80,80
907,909,909,910,911,911,912,912,913,914,914
698,698,698,698,698,698,698,698,698,698,698
0,1,1,1,1,1,1,1,1,1,1
641,641,641,641,641,641,641,641,641,641,641
943,943,943,942,942,941,941,940,940,939,939
116,116,116,116,116,116,116,116,116,116,116
324,326,327,328,329,330,331,332,333,334,335
1023,1023,1023,1023,1023,1023,1023,1023,1023,1023,1023
383,383,382,381,380,379,378,377,376,375,374
80,80,80,80,80,80,80,80,80,80,80
907,908,909,910,910,911,912,912,913,913,914
699,699,699,699,699,699,699,699,699,699,699
0,1,1,1,1,1,1,1,1,1,1
640,640,640,640,640,640,640,640,640,640,640
943,944,943,943,942,942,941,941,940,939,939
116,116,116,116,116,116,116,116,116,116,116
324,326,327,328,329,329,330,331,332,333,334
1023,1023,1023,1023,1023,1023,1023,1023,1023,1023,1023
383,383,382,382,381,380,379,378,377,376,375
80,80,80,80,80,80,80,80,80,80,80
906,908,909,909,910,911,911,912,912,913,914
699,699,699,699,699,699,699,699,699,699,699
0,1,1,1,1,1,1,1,1,1,1
639,639,639,639,639,639,639,639,639,639,639
944,944,943,943,942,942,941,941,940,940,939
117,117,117,117,117,117,117,117,117,117,117
323,325,326,327,328,329,330,331,332,332,333
1023,1023,1023,1023,1023,1023,1023,1023,1023,1023,1023
384,384,383,382,381,380,379,378,377,377,376
79,79,79,79,79,79,79,79,79,79,79
906,908,908,909,910,910,911,911,912,913,913
700,700,700,700,700,700,700,700,700,700,700
1,1,1,1,1,1,1,1,1,1,1
639,639,639,639,639,639,639,639,639,639,639
944,944,944,943,943,942,942,941,941,940,940
117,117,117,117,117,117,117,117,117,117,117
323,325,326,327,327,328,329,330,331,332,333
1022,1022,1022,1022,1022,1022,1022,1022,1022,1022,1022
384,385,384,383,382,381,380,379,378,377,376
79,79,79,79,79,79,79,79,79,79,79
906,907,908,909,909,910,910,911,912,912,913
700,700,700,700,700,700,700,700,700,700,700
1,1,1,1,1,1,1,1,1,1,1
638,638,638,638,638,638,638,638,638,638,638
944,945,944,944,943,943,942,941,941,940,940
117,117,117,117,117,117,117,117,117,117,117
322,324,325,326,327,328,329,330,330,331,332
1022,1022,1022,1022,1022,1022,1022,1022,1022,1022,1022
385,385,384,383,382,381,380,380,379,378,377
79,79,79,79,79,79,79,79,79,79,79
905,907,908,908,909,909,910,911,911,912,912
701,701,701,701,701,701,701,701,701,701,701
1,2,1,1,1,1,1,1,1,1,1
638,638,638,638,638,638,638,638,638,638,638
944,945,944,944,943,943,942,942,941,941,940
118,118,118,118,118,118,118,118,118,118,118
322,324,325,325,326,327,328,329,330,331,332
1022,1022,1022,1022,1022,1022,1022,1022,1022,1022,1022
386,386,385,384,383,382,381,380,379,378,377
78,78,78,78,78,78,78,78,78,78,78
905,907,907,908,908,909,910,910,911,911,912
702,702,702,702,702,702,702,702,702,702,702
1,2,1,1,1,1,1,1,1,1,1
637,637,637,637,637,637,637,637,637,637,637
945,945,945,944,944,943,943,942,942,941,941
118,118,118,118,118,118,118,118,118,118,118
321,323,324,325,326,327,328,328,329,330,331
1022,1022,1022,1022,1022,1022,1022,1022,1022,1022,1022
386,386,385,384,383,383,382,381,380,379,378
78,78,78,78,78,78,78,78,78,78,78
905,906,907,907,908,909,909,910,911,911,912
702,702,702,702,702,702,702,702,702,702,702
1,2,2,1,1,1,1,1,1,1,1
637,637,637,637,637,637,637,637,637,637,637
945,946,945,945,944,944,943,942,942,941,941
119,119,119,119,119,119,119,119,119,119,119
321,323,323,324,325,326,327,328,329,330,331
1022,1022,1022,1022,1022,1022,1022,1022,1022,1022,1022
387,387,386,385,384,383,382,381,380,379,378
78,78,78,78,78,78,78,78,78,78,78
904,906,906,907,908,908,909,910,910,911,911
703,703,703,703,703,703,703,703,703,703,703
1,2,2,2,1,1,1,1,1,1,1
636,636,636,636,636,636,636,636,636,636,636
945,946,945,945,944,944,943,943,942,942,941
119,119,119,119,119,119,119,119,119,119,119
320,322,323,324,325,326,326,327,328,329,330
1022,1022,1022,1022,1022,1022,1022,1022,1022,1022,1022
387,387,386,386,385,384,383,382,381,380,379
77,77,77,77,77,77,77,77,77,77,77
904,905,906,907,907,908,909,909,910,910,911
703,703,703,703,703,703,703,703,703,703,703
1,2,2,2,1,1,1,1,1,1,1
635,635,635,635,635,635,635,635,635,635,635
946,946,946,945,945,944,944,943,943,942,942
119,119,119,119,119,119,119,119,119,119,119
320,321,322,323,324,325,326,327,328,329,330
1022,1022,1022,1022,1022,1022,1022,1022,1022,1022,1022
388,388,387,386,385,384,383,382,381,380,380
77,77,77,77,77,77,77,77,77,77,77
903,905,906,906,907,908,908,909,909,910,911
704,704,704,704,704,704,704,704,704,704,704
1,2,2,2,2,1,1,1,1,1,1
635,635,635,635,635,635,635,635,635,635,635
946,947,946,945,945,944,944,943,943,942,942
120,120,120,120,120,120,120,120,120,120,120
319,321,322,323,324,324,325,326,327,328,329
1022,1022,1022,1022,1022,1022,1022,1022,1022,1022,1022
388,389,388,387,386,385,384,383,382,381,380
77,77,77,77,77,77,77,77,77,77,77
903,905,905,906,907,907,908,908,909,910,910
704,704,704,704,704,704,704,704,704,704,704
1,2,2,2,2,2,1,1,1,1,1
634,634,634,634,634,634,634,634,634,634,634
946,947,946,946,945,945,944,944,943,943,942
120,120,120,120,120,120,120,120,120,120,120
318,320,321,322,323,324,325,326,327,328,328
1022,1022,1022,1022,1022,1022,1022,1022,1022,1022,1022
389,389,388,387,386,385,384,383,383,382,381
77,77,77,77,77,77,77,77,77,77,77
903,904,905,906,906,907,907,908,909,909,910
705,705,705,705,705,705,705,705,705,705,705
1,2,2,2,2,2,1,1,1,1,1
634,634,634,634,634,634,634,634,634,634,634
947,947,947,946,946,945,945,944,944,943,942
120,120,120,120,120,120,120,120,120,120,120
318,320,321,322,323,323,324,325,326,327,328
1022,1022,1022,1022,1022,1022,1022,1022,1022,1022,1022
390,390,389,388,387,386,385,384,383,382,381
76,76,76,76,76,76,76,76,76,76,76
902,904,905,905,906,906,907,908,908,909,909
705,705,705,705,705,705,705,705,705,705,705
1,2,2,2,2,2,2,1,1,1,1
633,633,633,633,633,633,633,633,633,633,633
947,947,947,946,946,945,945,944,944,943,943
121,121,121,121,121,121,121,121,121,121,121
317,319,320,321,322,323,324,325,326,326,327
1022,1022,1022,1022,1022,1022,1022,1022,1022,1022,1022
390,390,389,388,387,386,386,385,384,383,382
76,76,76,76,76,76,76,76,76,76,76
902,904,904,905,905,906,907,907,908,909,909
706,706,706,706,706,706,706,706,706,706,706
1,2,2,2,2,2,2,1,1,1,1
633,633,633,633,633,633,633,633,633,633,633
947,948,947,947,946,946,945,945,944,944,943
121,121,121,121,121,121,121,121,121,121,121
317,319,320,321,321,322,323,324,325,326,327
1022,1022,1022,1022,1022,1022,1022,1022,1022,1022,1022
391,391,390,389,388,387,386,385,384,383,382
76,76,76,76,76,76,76,76,76,76,76
902,903,904,904,905,906,906,907,908,908,909
706,706,706,706,706,706,706,706,706,706,706
1,2,2,2,2,2,2,2,1,1,1
632,632,632,632,632,632,632,632,632,632,632
948,948,948,947,947,946,946,945,944,944,943
122,122,122,122,122,122,122,122,122,122,122
316,318,319,320,321,322,323,324,324,325,326
1022,1022,1022,1022,1022,1022,1022,1022,1022,1022,1022
391,391,390,390,389,388,387,386,385,384,383
75,75,75,75,75,75,75,75,75,75,75
901,903,903,904,905,905,906,907,907,908,908
707,707,707,707,707,707,707,707,707,707,707
1,2,2,2,2,2,2,2,2,1,1
631,631,631,631,631,631,631,631,631,631,631
948,948,948,947,947,946,946,945,945,944,944
122,122,122,122,122,122,122,122,122,122,122
316,318,319,319,320,321,322,323,324,325,326
1022,1022,1022,1022,1022,1022,1022,1022,1022,1022,1022
392,392,391,390,389,388,387,386,385,384,384
75,75,75,75,75,75,75,75,75,75,75
901,902,903,904,904,905,906,906,907,907,908
708,708,708,708,708,708,708,708,708,708,708
1,2,2,2,2,2,2,2,2,1,1
631,631,631,631,631,631,631,631,631,631,631
948,949,948,948,947,947,946,946,945,945,944
122,122,122,122,122,122,122,122,122,122,122
315,317,318,319,320,321,322,322,323,324,325
1022,1022,1022,1022,1022,1022,1022,1022,1022,1022,1022
392,393,392,391,390,389,388,387,386,385,384
75,75,75,75,75,75,75,75,75,75,75
900,902,903,903,904,905,905,906,906,907,908
708,708,708,708,708,708,708,708,708,708,708
1,2,2,2,2,2,2,2,2,2,1
630,630,630,630,630,630,630,630,630,630,630
949,949,948,948,947,947,946,946,945,945,944
123,123,123,123,123,123,123,123,123,123,123
315,317,317,318,319,320,321,322,323,324,325
1022,1022,1022,1022,1022,1022,1022,1022,1022,1022,1022
393,393,392,391,390,389,388,387,387,386,385
74,74,74,74,74,74,74,74,74,74,74
900,902,902,903,904,904,905,905,906,907,907
709,709,709,709,709,709,709,709,709,709,709
1,2,2,2,2,2,2,2,2,2,1
630,630,630,630,630,630,630,630,630,630,630
949,949,949,948,948,947,947,946,946,945,945
123,123,123,123,123,123,123,123,123,123,123
314,316,317,318,319,320,320,321,322,323,324
1022,1022,1022,1022,1022,1022,1022,1022,1022,1022,1022
394,394,393,392,391,390,389,388,387,386,385
74,74,74,74,74,74,74,74,74,74,74
900,901,902,903,903,904,904,905,906,906,907
709,709,709,709,709,709,709,709,709,709,709
1,2,2,2,2,2,2,2,2,2,2
629,629,629,629,629,629,629,629,629,629,629
949,950,949,949,948,948,947,947,946,946,945
124,124,124,124,124,124,124,124,124,124,124
314,315,316,317,318,319,320,321,322,323,324
1022,1022,1022,1022,1022,1022,1022,1022,1022,1022,1022
394,394,393,392,391,391,390,389,388,387,386
74,74,74,74,74,74,74,74,74,74,74
899,901,902,902,903,903,904,905,905,906,907
710,710,710,710,710,710,710,710,710,710,710
1,2,2,2,2,2,2,2,2,2,2
629,629,629,629,629,629,629,629,629,629,629
949,950,949,949,948,948,947,947,946,946,945
124,124,124,124,124,124,124,124,124,124,124
313,315,316,317,318,318,319,320,321,322,323
1022,1022,1022,1022,1022,1022,1022,1022,1022,1022,1022
395,395,394,393,392,391,390,389,388,387,386
73,73,73,73,73,73,73,73,73,73,73
899,901,901,902,902,903,904,904,905,906,906
710,710,710,710,710,710,710,710,710,710,710
1,2,2,2,2,2,2,2,2,2,2
628,628,628,628,628,628,628,628,628,628,628
950,950,950,949,949,948,948,947,947,946,946
124,124,124,124,124,124,124,124,124,124,124
312,314,315,316,317,318,319,320,321,322,322
1022,1022,1022,1022,1022,1022,1022,1022,1022,1022,1022
395,395,394,394,393,392,391,390,389,388,387
73,73,73,73,73,73,73,73,73,73,73
898,900,901,901,902,903,903,904,905,905,906
711,711,711,711,711,711,711,711,711,711,711
1,2,2,2,2,2,2,2,2,2,2
627,627,627,627,627,627,627,627,627,627,627
950,951,950,950,949,949,948,948,947,946,946
125,125,125,125,125,125,125,125,125,125,125
312,314,315,316,317,317,318,319,320,321,322
1022,1022,1022,1022,1022,1022,1022,1022,1022,1022,1022
396,396,395,394,393,392,391,390,389,388,388
73,73,73,73,73,73,73,73,73,73,73
898,900,900,901,902,902,903,904,904,905,905
711,711,711,711,711,711,711,711,711,711,711
1,2,2,2,2,2,2,2,2,2,2
627,627,627,627,627,627,627,627,627,627,627
950,951,950,950,949,949,948,948,947,947,946
125,125,125,125,125,125,125,125,125,125,125
311,313,314,315,316,317,318,319,320,320,321
1022,1022,1022,1022,1022,1022,1022,1022,1022,1022,1022
396,397,396,395,394,393,392,391,390,389,388
73,73,73,73,73,73,73,73,73,73,73
898,899,900,901,901,902,903,903,904,904,905
712,712,712,712,712,712,712,712,712,712,712
1,2,2,2,2,2,2,2,2,2,2
626,626,626,626,626,626,626,626,626,626,626
951,951,951,950,950,949,949,948,948,947,947
125,125,125,125,125,125,125,125,125,125,125
311,313,314,315,315,316,317,318,319,320,321
1021,1021,1021,1021,1021,1021,1021,1021,1021,1021,1021
397,397,396,395,394,393,392,391,391,390,389
72,72,72,72,72,72,72,72,72,72,72
897,899,900,900,901,901,902,903,903,904,905
712,712,712,712,712,712,712,712,712,712,712
2,2,2,2,2,2,2,2,2,2,2
626,626,626,626,626,626,626,626,626,626,626
951,951,951,950,950,949,949,948,948,947,947
126,126,126,126,126,126,126,126,126,126,126
310,312,313,314,315,316,317,318,318,319,320
1021,1021,1021,1021,1021,1021,1021,1021,1021,1021,1021
398,398,397,396,395,394,393,392,391,390,389
72,72,72,72,72,72,72,72,72,72,72
897,899,899,900,900,901,902,902,903,904,904
713,713,713,713,713,713,713,713,713,713,713
2,3,2,2,2,2,2,2,2,2,2
625,625,625,625,625,625,625,625,625,625,625
951,952,951,951,950,950,949,949,948,948,947
126,126,126,126,126,126,126,126,126,126,126
310,312,313,313,314,315,316,317,318,319,320
1021,1021,1021,1021,1021,1021,1021,1021,1021,1021,1021
398,398,397,396,395,395,394,393,392,391,390
72,72,72,72,72,72,72,72,72,72,72
897,898,899,899,900,901,901,902,903,903,904
713,713,713,713,713,713,713,713,713,713,713
2,3,2,2,2,2,2,2,2,2,2
625,625,625,625,625,625,625,625,625,625,625
952,952,952,951,951,950,950,949,949,948,948
127,127,127,127,127,127,127,127,127,127,127
309,311,312,313,314,315,316,316,317,318,319
1021,1021,1021,1021,1021,1021,1021,1021,1021,1021,1021
399,399,398,397,396,395,394,393,392,391,390
71,71,71,71,71,71,71,71,71,71,71
896,898,898,899,900,900,901,902,902,903,903
714,714,714,714,714,714,714,714,714,714,714
2,3,3,2,2,2,2,2,2,2,2
624,624,624,624,624,624,624,624,624,624,624
952,952,952,951,951,950,950,949,949,948,948
127,127,127,127,127,127,127,127,127,127,127
309,311,311,312,313,314,315,316,317,318,319
1021,1021,1021,1021,1021,1021,1021,1021,1021,1021,1021
399,399,398,398,397,396,395,394,393,392,391
71,71,71,71,71,71,71,71,71,71,71
896,897,898,899,899,900,901,901,902,902,903
715,715,715,715,715,715,715,715,715,715,715
2,3,3,2,2,2,2,2,2,2,2
623,623,623,623,623,623,623,623,623,623,623
952,953,952,952,951,951,950,950,949,949,948
127,127,127,127,127,127,127,127,127,127,127
308,310,311,312,313,314,314,315,316,317,318
1021,1021,1021,1021,1021,1021,1021,1021,1021,1021,1021
400,400,399,398,397,396,395,394,393,392,392
71,71,71,71,71,71,71,71,71,71,71
895,897,898,898,899,900,900,901,901,902,903
715,715,715,715,715,715,715,715,715,715,715
2,3,3,3,2,2,2,2,2,2,2
623,623,623,623,623,623,623,623,623,623,623
952,953,952,952,951,951,950,950,949,949,948
128,128,128,128,128,128,128,128,128,128,128
308,309,310,311,312,313,314,315,316,317,318
1021,1021,1021,1021,1021,1021,1021,1021,1021,1021,1021
401,401,400,399,398,397,396,395,394,393,392
70,70,70,70,70,70,70,70,70,70,70
895,897,897,898,899,899,900,900,901,902,902
716,716,716,716,716,716,716,716,716,716,716
2,3,3,3,3,2,2,2,2,2,2
622,622,622,622,622,622,622,622,622,622,622
953,953,953,952,952,951,951,950,950,949,949
128,128,128,128,128,128,128,128,128,128,128
307,309,310,311,312,313,313,314,315,316,317
1021,1021,1021,1021,1021,1021,1021,1021,1021,1021,1021
401,401,400,399,398,397,396,395,395,394,393
70,70,70,70,70,70,70,70,70,70,70
895,896,897,898,898,899,899,900,901,901,902
716,716,716,716,716,716,716,716,716,716,716
2,3,3,3,3,2,2,2,2,2,2
622,622,622,622,622,622,622,622,622,622,622
953,954,953,953,952,952,951,951,950,950,949
129,129,129,129,129,129,129,129,129,129,129
307,308,309,310,311,312,313,314,315,316,316
1021,1021,1021,1021,1021,1021,1021,1021,1021,1021,1021
402,402,401,400,399,398,397,396,395,394,393
70,70,70,70,70,70,70,70,70,70,70
894,896,897,897,898,898,899,900,900,901,902
717,717,717,717,717,717,717,717,717,717,717
2,3,3,3,3,3,2,2,2,2,2
621,621,621,621,621,621,621,621,621,621,621
953,954,953,953,952,952,951,951,950,950,949
129,129,129,129,129,129,129,129,129,129,129
306,308,309,310,311,311,312,313,314,315,316
1021,1021,1021,1021,1021,1021,1021,1021,1021,1021,1021
402,402,401,400,399,399,398,397,396,395,394
70,70,70,70,70,70,70,70,70,70,70
894,895,896,897,897,898,899,899,900,901,901
717,717,717,717,717,717,717,717,717,717,717
2,3,3,3,3,3,2,2,2,2,2
620,620,620,620,620,620,620,620,620,620,620
954,954,954,953,953,952,952,951,951,950,950
129,129,129,129,129,129,129,129,129,129,129
305,307,308,309,310,311,312,313,314,314,315
1021,1021,1021,1021,1021,1021,1021,1021,1021,1021,1021
403,403,402,401,400,399,398,397,396,395,394
69,69,69,69,69,69,69,69,69,69,69
893,895,896,896,897,898,898,899,900,900,901
718,718,718,718,718,718,718,718,718,718,718
2,3,3,3,3,3,3,2,2,2,2
620,620,620,620,620,620,620,620,620,620,620
954,954,954,953,953,952,952,951,951,950,950
130,130,130,130,130,130,130,130,130,130,130
305,307,308,309,309,310,311,312,313,314,315
1021,1021,1021,1021,1021,1021,1021,1021,1021,1021,1021
403,403,402,402,401,400,399,398,397,396,395
69,69,69,69,69,69,69,69,69,69,69
893,895,895,896,897,897,898,899,899,900,900
718,718,718,718,718,718,718,718,718,718,718
2,3,3,3,3,3,3,3,2,2,2
619,619,619,619,619,619,619,619,619,619,619
954,955,954,954,953,953,952,952,951,951,950
130,130,130,130,130,130,130,130,130,130,130
304,306,307,308,309,310,311,312,312,313,314
1021,1021,1021,1021,1021,1021,1021,1021,1021,1021,1021
404,404,403,402,401,400,399,398,397,396,396
69,69,69,69,69,69,69,69,69,69,69
893,894,895,896,896,897,897,898,899,899,900
719,719,719,719,719,719,719,719,719,719,719
2,3,3,3,3,3,3,3,2,2,2
619,619,619,619,619,619,619,619,619,619,619
955,955,955,954,954,953,953,952,952,951,951
131,131,131,131,131,131,131,131,131,131,131
304,306,307,307,308,309,310,311,312,313,314
1021,1021,1021,1021,1021,1021,1021,1021,1021,1021,1021
405,405,404,403,402,401,400,399,398,397,396
68,68,68,68,68,68,68,68,68,68,68
892,894,895,895,896,896,897,898,898,899,900
719,719,719,719,719,719,719,719,719,719,719
2,3,3,3,3,3,3,3,3,2,2
618,618,618,618,618,618,618,618,618,618,618
955,955,955,954,954,953,953,952,952,951,951
131,131,131,131,131,131,131,131,131,131,131
303,305,306,307,308,309,310,310,311,312,313
1021,1021,1021,1021,1021,1021,1021,1021,1021,1021,1021
405,405,404,403,402,401,400,400,399,398,397
68,68,68,68,68,68,68,68,68,68,68
892,894,894,895,895,896,897,897,898,899,899
720,720,720,720,720,720,720,720,720,720,720
2,3,3,3,3,3,3,3,3,2,2
618,618,618,618,618,618,618,618,618,618,618
955,956,955,955,954,954,953,953,952,952,951
131,131,131,131,131,131,131,131,131,131,131
303,305,306,306,307,308,309,310,311,312,313
1021,1021,1021,1021,1021,1021,1021,1021,1021,1021,1021
406,406,405,404,403,402,401,400,399,398,397
68,68,68,68,68,68,68,68,68,68,68
891,893,894,894,895,896,896,897,898,898,899
721,721,721,721,721,721,721,721,721,721,721
2,3,3,3,3,3,3,3,3,3,2
617,617,617,617,617,617,617,617,617,617,617
955,956,955,955,954,954,953,953,953,952,952
132,132,132,132,132,132,132,132,132,132,132
302,304,305,306,307,308,309,309,310,311,312
1021,1021,1021,1021,1021,1021,1021,1021,1021,1021,1021
406,406,405,404,403,403,402,401,400,399,398
67,67,67,67,67,67,67,67,67,67,67
891,893,893,894,895,895,896,897,897,898,898
721,721,721,721,721,721,721,721,721,721,721
2,3,3,3,3,3,3,3,3,3,3
616,616,616,616,616,616,616,616,616,616,616
956,956,956,955,955,954,954,953,953,952,952
132,132,132,132,132,132,132,132,132,132,132
302,304,304,305,306,307,308,309,310,311,312
1021,1021,1021,1021,1021,1021,1021,1021,1021,1021,1021
407,407,406,405,404,403,402,401,400,399,398
67,67,67,67,67,67,67,67,67,67,67
891,892,893,894,894,895,896,896,897,897,898
722,722,722,722,722,722,722,722,722,722,722
3,3,3,3,3,3,3,3,3,3,3
616,616,616,616,616,616,616,616,616,616,616
956,957,956,956,955,955,954,954,953,953,952
133,133,133,133,133,133,133,133,133,133,133
301,303,304,305,306,307,307,308,309,310,311
1020,1020,1020,1020,1020,1020,1020,1020,1020,1020,1020
407,407,407,406,405,404,403,402,401,400,399
67,67,67,67,67,67,67,67,67,67,67
890,892,893,893,894,895,895,896,896,897,898
722,722,722,722,722,722,722,722,722,722,722
3,3,3,3,3,3,3,3,3,3,3
615,615,615,615,615,615,615,615,615,615,615
956,957,956,956,955,955,954,954,953,953,952
133,133,133,133,133,133,133,133,133,133,133
301,302,303,304,305,306,307,308,309,310,310
1020,1020,1020,1020,1020,1020,1020,1020,1020,1020,1020
408,408,407,406,405,404,403,402,401,401,400
67,67,67,67,67,67,67,67,67,67,67
890,892,892,893,893,894,895,895,896,897,897
723,723,723,723,723,723,723,723,723,723,723
3,4,3,3,3,3,3,3,3,3,3
615,615,615,615,615,615,615,615,615,615,615
957,957,957,956,956,955,955,954,954,953,953
133,133,133,133,133,133,133,133,133,133,133
300,302,303,304,305,305,306,307,308,309,310
1020,1020,1020,1020,1020,1020,1020,1020,1020,1020,1020
409,409,408,407,406,405,404,403,402,401,400
66,66,66,66,66,66,66,66,66,66,66
889,891,892,892,893,894,894,895,896,896,897
723,723,723,723,723,723,723,723,723,723,723
3,4,4,3,3,3,3,3,3,3,3
614,614,614,614,614,614,614,614,614,614,614
957,957,957,956,956,955,955,954,954,954,953
134,134,134,134,134,134,134,134,134,134,134
300,301,302,303,304,305,306,307,308,308,309
1020,1020,1020,1020,1020,1020,1020,1020,1020,1020,1020
409,409,408,407,406,405,404,404,403,402,401
66,66,66,66,66,66,66,66,66,66,66
889,891,891,892,893,893,894,895,895,896,897
724,724,724,724,724,724,724,724,724,724,724
3,4,4,3,3,3,3,3,3,3,3
614,614,614,614,614,614,614,614,614,614,614
957,958,957,957,956,956,955,955,954,954,953
134,134,134,134,134,134,134,134,134,134,134
299,301,302,303,304,304,305,306,307,308,309
1020,1020,1020,1020,1020,1020,1020,1020,1020,1020,1020
410,410,409,408,407,406,405,404,403,402,401
66,66,66,66,66,66,66,66,66,66,66
889,890,891,892,892,893,894,894,895,896,896
724,724,724,724,724,724,724,724,724,724,724
3,4,4,4,3,3,3,3,3,3,3
613,613,613,613,613,613,613,613,613,613,613
957,958,957,957,957,956,956,955,955,954,954
135,135,135,135,135,135,135,135,135,135,135
298,300,301,302,303,304,305,306,307,307,308
1020,1020,1020,1020,1020,1020,1020,1020,1020,1020,1020
410,410,409,408,408,407,406,405,404,403,402
65,65,65,65,65,65,65,65,65,65,65
888,890,891,891,892,893,893,894,894,895,896
725,725,725,725,725,725,725,725,725,725,725
3,4,4,4,3,3,3,3,3,3,3
612,612,612,612,612,612,612,612,612,612,612
958,958,958,957,957,956,956,955,955,954,954
135,135,135,135,135,135,135,135,135,135,135
298,300,301,302,302,303,304,305,306,307,308
1020,1020,1020,1020,1020,1020,1020,1020,1020,1020,1020
411,411,410,409,408,407,406,405,404,403,402
65,65,65,65,65,65,65,65,65,65,65
888,890,890,891,892,892,893,893,894,895,895
725,725,725,725,725,725,725,725,725,725,725
3,4,4,4,4,3,3,3,3,3,3
612,612,612,612,612,612,612,612,612,612,612
958,959,958,958,957,957,956,956,955,955,954
135,135,135,135,135,135,135,135,135,135,135
297,299,300,301,302,303,304,305,305,306,307
1020,1020,1020,1020,1020,1020,1020,1020,1020,1020,1020
411,412,411,410,409,408,407,406,405,404,403
65,65,65,65,65,65,65,65,65,65,65
887,889,890,890,891,892,892,893,894,894,895
726,726,726,726,726,726,726,726,726,726,726
3,4,4,4,4,4,3,3,3,3,3
611,611,611,611,611,611,611,611,611,611,611
958,959,958,958,957,957,956,956,955,955,955
136,136,136,136,136,136,136,136,136,136,136
297,299,300,300,301,302,303,304,305,306,307
1020,1020,1020,1020,1020,1020,1020,1020,1020,1020,1020
412,412,411,410,409,408,407,406,405,405,404
65,65,65,65,65,65,65,65,65,65,65
887,889,889,890,891,891,892,893,893,894,895
726,726,726,726,726,726,726,726,726,726,726
3,4,4,4,4,4,3,3,3,3,3
611,611,611,611,611,611,611,611,611,611,611
959,959,959,958,958,957,957,956,956,955,955
136,136,136,136,136,136,136,136,136,136,136
296,298,299,300,301,302,303,303,304,305,306
1020,1020,1020,1020,1020,1020,1020,1020,1020,1020,1020
413,413,412,411,410,409,408,407,406,405,404
64,64,64,64,64,64,64,64,64,64,64
887,888,889,890,890,891,892,892,893,894,894
727,727,727,727,727,727,727,727,727,727,727
3,4,4,4,4,4,4,3,3,3,3
610,610,610,610,610,610,610,610,610,610,610
959,959,959,958,958,958,957,957,956,956,955
137,137,137,137,137,137,137,137,137,137,137
296,298,299,299,300,301,302,303,304,305,306
1020,1020,1020,1020,1020,1020,1020,1020,1020,1020,1020
413,413,412,411,410,409,409,408,407,406,405
64,64,64,64,64,64,64,64,64,64,64
886,888,889,889,890,891,891,892,893,893,894
727,727,727,727,727,727,727,727,727,727,727
3,4,4,4,4,4,4,3,3,3,3
610,610,610,610,610,610,610,610,610,610,610
959,960,959,959,958,958,957,957,956,956,955
137,137,137,137,137,137,137,137,137,137,137
295,297,298,299,300,301,302,302,303,304,305
1020,1020,1020,1020,1020,1020,1020,1020,1020,1020,1020
414,414,413,412,411,410,409,408,407,406,405
64,64,64,64,64,64,64,64,64,64,64
886,888,888,889,890,890,891,891,892,893,893
728,728,728,728,728,728,728,728,728,728,728
3,4,4,4,4,4,4,4,3,3,3
609,609,609,609,609,609,609,609,609,609,609
959,960,960,959,959,958,958,957,957,956,956
137,137,137,137,137,137,137,137,137,137,137
295,297,297,298,299,300,301,302,303,304,305
1020,1020,1020,1020,1020,1020,1020,1020,1020,1020,1020
414,414,413,413,412,411,410,409,408,407,406
63,63,63,63,63,63,63,63,63,63,63
885,887,888,888,889,890,890,891,892,892,893
729,729,729,729,729,729,729,729,729,729,729
3,4,4,4,4,4,4,4,4,3,3
608,608,608,608,608,608,608,608,608,608,608
960,960,960,959,959,958,958,957,957,956,956
138,138,138,138,138,138,138,138,138,138,138
294,296,297,298,299,300,300,301,302,303,304
1020,1020,1020,1020,1020,1020,1020,1020,1020,1020,1020
415,415,414,413,412,411,410,409,408,407,406
63,63,63,63,63,63,63,63,63,63,63
885,887,887,888,889,889,890,891,891,892,893
729,729,729,729,729,729,729,729,729,729,729
3,4,4,4,4,4,4,4,4,3,3
608,608,608,608,608,608,608,608,608,608,608
960,961,960,960,959,959,958,958,957,957,956
138,138,138,138,138,138,138,138,138,138,138
294,296,296,297,298,299,300,301,302,303,303
1019,1019,1019,1019,1019,1019,1019,1019,1019,1019,1019
416,416,415,414,413,412,411,410,409,408,407
63,63,63,63,63,63,63,63,63,63,63
885,886,887,888,888,889,890,890,891,892,892
730,730,730,730,730,730,730,730,730,730,730
4,4,4,4,4,4,4,4,4,4,3
607,607,607,607,607,607,607,607,607,607,607
960,961,960,960,959,959,958,958,958,957,957
139,139,139,139,139,139,139,139,139,139,139
293,295,296,297,298,298,299,300,301,302,303
1019,1019,1019,1019,1019,1019,1019,1019,1019,1019,1019
416,416,415,414,413,412,411,410,410,409,408
63,63,63,63,63,63,63,63,63,63,63
884,886,887,887,888,889,889,890,891,891,892
730,730,730,730,730,730,730,730,730,730,730
4,5,4,4,4,4,4,4,4,4,4
607,607,607,607,607,607,607,607,607,607,607
961,961,961,960,960,959,959,958,958,957,957
139,139,139,139,139,139,139,139,139,139,139
293,294,295,296,297,298,299,300,301,301,302
1019,1019,1019,1019,1019,1019,1019,1019,1019,1019,1019
417,417,416,415,414,413,412,411,410,409,408
62,62,62,62,62,62,62,62,62,62,62
884,886,886,887,888,888,889,889,890,891,891
731,731,731,731,731,731,731,731,731,731,731
4,5,4,4,4,4,4,4,4,4,4
606,606,606,606,606,606,606,606,606,606,606
961,961,961,960,960,960,959,959,958,958,957
139,139,139,139,139,139,139,139,139,139,139
292,294,295,296,297,297,298,299,300,301,302
1019,1019,1019,1019,1019,1019,1019,1019,1019,1019,1019
417,417,416,415,414,414,413,412,411,410,409
62,62,62,62,62,62,62,62,62,62,62
883,885,886,886,887,888,888,889,890,890,891
731,731,731,731,731,731,731,731,731,731,731
4,5,5,4,4,4,4,4,4,4,4
605,605,605,605,605,605,605,605,605,605,605
961,962,961,961,960,960,959,959,958,958,957
140,140,140,140,140,140,140,140,140,140,140
292,293,294,295,296,297,298,299,300,300,301
1019,1019,1019,1019,1019,1019,1019,1019,1019,1019,1019
418,418,417,416,415,414,413,412,411,410,409
62,62,62,62,62,62,62,62,62,62,62
883,885,885,886,887,887,888,889,889,890,891
732,732,732,732,732,732,732,732,732,732,732
4,5,5,4,4,4,4,4,4,4,4
605,605,605,605,605,605,605,605,605,605,605
961,962,962,961,961,960,960,959,959,958,958
140,140,140,140,140,140,140,140,140,140,140
291,293,294,295,295,296,297,298,299,300,301
1019,1019,1019,1019,1019,1019,1019,1019,1019,1019,1019
418,418,418,417,416,415,414,413,412,411,410
61,61,61,61,61,61,61,61,61,61,61
883,884,885,886,886,887,888,888,889,890,890
732,732,732,732,732,732,732,732,732,732,732
4,5,5,5,4,4,4,4,4,4,4
604,604,604,604,604,604,604,604,604,604,604
962,962,962,961,961,960,960,959,959,959,958
141,141,141,141,141,141,141,141,141,141,141
290,292,293,294,295,296,297,298,298,299,300
1019,1019,1019,1019,1019,1019,1019,1019,1019,1019,1019
419,419,418,417,416,415,414,413,412,411,411
61,61,61,61,61,61,61,61,61,61,61
882,884,885,885,886,887,887,888,889,889,890
733,733,733,733,733,733,733,733,733,733,733
4,5,5,5,5,4,4,4,4,4,4
604,604,604,604,604,604,604,604,604,604,604
962,963,962,962,961,961,960,960,959,959,958
141,141,141,141,141,141,141,141,141,141,141
290,292,293,294,294,295,296,297,298,299,300
1019,1019,1019,1019,1019,1019,1019,1019,1019,1019,1019
420,420,419,418,417,416,415,414,413,412,411
61,61,61,61,61,61,61,61,61,61,61
882,884,884,885,886,886,887,887,888,889,889
733,733,733,733,733,733,733,733,733,733,733
4,5,5,5,5,4,4,4,4,4,4
603,603,603,603,603,603,603,603,603,603,603
962,963,962,962,961,961,961,960,960,959,959
141,141,141,141,141,141,141,141,141,141,141
289,291,292,293,294,295,296,297,297,298,299
1019,1019,1019,1019,1019,1019,1019,1019,1019,1019,1019
420,420,419,418,417,416,415,415,414,413,412
61,61,61,61,61,61,61,61,61,61,61
881,883,884,884,885,886,886,887,888,888,889
734,734,734,734,734,734,734,734,734,734,734
4,5,5,5,5,5,4,4,4,4,4
603,603,603,603,603,603,603,603,603,603,603
963,963,963,962,962,961,961,960,960,959,959
142,142,142,142,142,142,142,142,142,142,142
289,291,292,292,293,294,295,296,297,298,299
1019,1019,1019,1019,1019,1019,1019,1019,1019,1019,1019
421,421,420,419,418,417,416,415,414,413,412
60,60,60,60,60,60,60,60,60,60,60
881,883,883,884,885,885,886,887,887,888,889
734,734,734,734,734,734,734,734,734,734,734
4,5,5,5,5,5,4,4,4,4,4
602,602,602,602,602,602,602,602,602,602,602
963,963,963,962,962,962,961,961,960,960,959
142,142,142,142,142,142,142,142,142,142,142
288,290,291,292,293,294,295,295,296,297,298
1019,1019,1019,1019,1019,1019,1019,1019,1019,1019,1019
421,421,420,419,419,418,417,416,415,414,413
60,60,60,60,60,60,60,60,60,60,60
881,882,883,884,884,885,886,886,887,888,888
735,735,735,735,735,735,735,735,735,735,735
4,5,5,5,5,5,5,4,4,4,4
601,601,601,601,601,601,601,601,601,601,601
963,964,963,963,962,962,961,961,960,960,959
143,143,143,143,143,143,143,143,143,143,143
288,290,291,291,292,293,294,295,296,297,298
1019,1019,1019,1019,1019,1019,1019,1019,1019,1019,1019
422,422,421,420,419,418,417,416,415,414,413
60,60,60,60,60,60,60,60,60,60,60
880,882,883,883,884,885,885,886,887,887,888
735,735,735,735,735,735,735,735,735,735,735
4,5,5,5,5,5,5,5,4,4,4
601,601,601,601,601,601,601,601,601,601,601
963,964,963,963,963,962,962,961,961,960,960
143,143,143,143,143,143,143,143,143,143,143
287,289,290,291,292,293,294,294,295,296,297
1019,1019,1019,1019,1019,1019,1019,1019,1019,1019,1019
422,423,422,421,420,419,418,417,416,415,414
59,59,59,59,59,59,59,59,59,59,59
880,881,882,883,883,884,885,885,886,887,887
736,736,736,736,736,736,736,736,736,736,736
4,5,5,5,5,5,5,5,4,4,4
600,600,600,600,600,600,600,600,600,600,600
964,964,964,963,963,962,962,961,961,961,960
143,143,143,143,143,143,143,143,143,143,143
287,289,289,290,291,292,293,294,295,296,296
1018,1018,1018,1018,1018,1018,1018,1018,1018,1018,1018
423,423,422,421,420,419,418,417,416,415,415
59,59,59,59,59,59,59,59,59,59,59
879,881,882,882,883,884,884,885,886,886,887
737,737,737,737,737,737,737,737,737,737,737
5,5,5,5,5,5,5,5,5,4,4
600,600,600,600,600,600,600,600,600,600,600
964,964,964,964,963,963,962,962,961,961,960
144,144,144,144,144,144,144,144,144,144,144
286,288,289,290,291,292,292,293,294,295,296
1018,1018,1018,1018,1018,1018,1018,1018,1018,1018,1018
424,424,423,422,421,420,419,418,417,416,415
59,59,59,59,59,59,59,59,59,59,59
879,881,881,882,883,883,884,885,885,886,887
737,737,737,737,737,737,737,737,737,737,737
5,6,5,5,5,5,5,5,5,5,4
599,599,599,599,599,599,599,599,599,599,599
964,965,964,964,963,963,962,962,962,961,961
144,144,144,144,144,144,144,144,144,144,144
286,288,288,289,290,291,292,293,294,295,295
1018,1018,1018,1018,1018,1018,1018,1018,1018,1018,1018
424,424,423,422,421,420,419,419,418,417,416
59,59,59,59,59,59,59,59,59,59,59
879,880,881,882,882,883,884,884,885,886,886
738,738,738,738,738,738,738,738,738,738,738
5,6,5,5,5,5,5,5,5,5,4
599,599,599,599,599,599,599,599,599,599,599
964,965,965,964,964,963,963,962,962,961,961
145,145,145,145,145,145,145,145,145,145,145
285,287,288,289,290,291,291,292,293,294,295
1018,1018,1018,1018,1018,1018,1018,1018,1018,1018,1018
425,425,424,423,422,421,420,419,418,417,416
58,58,58,58,58,58,58,58,58,58,58
878,880,881,881,882,883,883,884,885,885,886
738,738,738,738,738,738,738,738,738,738,738
5,6,6,5,5,5,5,5,5,5,5
598,598,598,598,598,598,598,598,598,598,598
965,965,965,964,964,964,963,963,962,962,961
145,145,145,145,145,145,145,145,145,145,145
285,287,287,288,289,290,291,292,293,293,294
1018,1018,1018,1018,1018,1018,1018,1018,1018,1018,1018
425,425,424,424,423,422,421,420,419,418,417
58,58,58,58,58,58,58,58,58,58,58
878,879,880,881,881,882,883,883,884,885,885
739,739,739,739,739,739,739,739,739,739,739
5,6,6,6,5,5,5,5,5,5,5
597,597,597,597,597,597,597,597,597,597,597
965,966,965,965,964,964,963,963,962,962,961
145,145,145,145,145,145,145,145,145,145,145
284,286,287,288,289,289,290,291,292,293,294
1018,1018,1018,1018,1018,1018,1018,1018,1018,1018,1018
426,426,425,424,423,422,421,420,419,418,417
58,58,58,58,58,58,58,58,58,58,58
877,879,880,880,881,882,882,883,884,884,885
739,739,739,739,739,739,739,739,739,739,739
5,6,6,6,5,5,5,5,5,5,5
597,597,597,597,597,597,597,597,597,597,597
965,966,965,965,965,964,964,963,963,962,962
146,146,146,146,146,146,146,146,146,146,146
284,285,286,287,288,289,290,291,292,292,293
1018,1018,1018,1018,1018,1018,1018,1018,1018,1018,1018
427,427,426,425,424,423,422,421,420,419,418
58,58,58,58,58,58,58,58,58,58,58
877,879,879,880,881,881,882,883,883,884,885
740,740,740,740,740,740,740,740,740,740,740
5,6,6,6,6,5,5,5,5,5,5
596,596,596,596,596,596,596,596,596,596,596
966,966,966,965,965,964,964,963,963,963,962
146,146,146,146,146,146,146,146,146,146,146
283,285,286,287,288,288,289,290,291,292,293
1018,1018,1018,1018,1018,1018,1018,1018,1018,1018,1018
427,427,426,425,424,423,422,421,420,420,419
57,57,57,57,57,57,57,57,57,57,57
877,878,879,880,880,881,882,882,883,884,884
740,740,740,740,740,740,740,740,740,740,740
5,6,6,6,6,5,5,5,5,5,5
596,596,596,596,596,596,596,596,596,596,596
966,966,966,966,965,965,964,964,963,963,962
147,147,147,147,147,147,147,147,147,147,147
283,284,285,286,287,288,289,290,290,291,292
1018,1018,1018,1018,1018,1018,1018,1018,1018,1018,1018
428,428,427,426,425,424,423,422,421,420,419
57,57,57,57,57,57,57,57,57,57,57
876,878,878,879,880,880,881,882,882,883,884
741,741,741,741,741,741,741,741,741,741,741
5,6,6,6,6,6,5,5,5,5,5
595,595,595,595,595,595,595,595,595,595,595
966,967,966,966,965,965,964,964,964,963,963
147,147,147,147,147,147,147,147,147,147,147
282,284,285,286,286,287,288,289,290,291,292
1018,1018,1018,1018,1018,1018,1018,1018,1018,1018,1018
428,428,427,426,425,425,424,423,422,421,420
57,57,57,57,57,57,57,57,57,57,57
876,877,878,879,879,880,881,881,882,883,883
741,741,741,741,741,741,741,741,741,741,741
5,6,6,6,6,6,6,5,5,5,5
594,594,594,594,594,594,594,594,594,594,594
966,967,967,966,966,965,965,964,964,963,963
148,148,148,148,148,148,148,148,148,148,148
281,283,284,285,286,287,288,289,289,290,291
1018,1018,1018,1018,1018,1018,1018,1018,1018,1018,1018
429,429,428,427,426,425,424,423,422,421,420
56,56,56,56,56,56,56,56,56,56,56
875,877,878,878,879,880,880,881,882,882,883
742,742,742,742,742,742,742,742,742,742,742
5,6,6,6,6,6,6,5,5,5,5
594,594,594,594,594,594,594,594,594,594,594
967,967,967,966,966,965,965,965,964,964,963
148,148,148,148,148,148,148,148,148,148,148
281,283,284,285,285,286,287,288,289,290,291
1018,1018,1018,1018,1018,1018,1018,1018,1018,1018,1018
429,429,429,428,427,426,425,424,423,422,421
56,56,56,56,56,56,56,56,56,56,56
875,877,877,878,879,879,880,881,881,882,883
742,742,742,742,742,742,742,742,742,742,742
6,6,6,6,6,6,6,6,5,5,5
593,593,593,593,593,593,593,593,593,593,593
967,968,967,967,966,966,965,965,964,964,963
148,148,148,148,148,148,148,148,148,148,148
280,282,283,284,285,286,287,287,288,289,290
1017,1017,1017,1017,1017,1017,1017,1017,1017,1017,1017
430,430,429,428,427,426,425,424,423,422,421
56,56,56,56,56,56,56,56,56,56,56
874,876,877,877,878,879,880,880,881,882,882
743,743,743,743,743,743,743,743,743,743,743
6,6,6,6,6,6,6,6,5,5,5
593,593,593,593,593,593,593,593,593,593,593
967,968,967,967,966,966,966,965,965,964,964
149,149,149,149,149,149,149,149,149,149,149
280,282,283,283,284,285,286,287,288,289,290
1017,1017,1017,1017,1017,1017,1017,1017,1017,1017,1017
431,431,430,429,428,427,426,425,424,423,422
56,56,56,56,56,56,56,56,56,56,56
874,876,876,877,878,878,879,880,880,881,882
743,743,743,743,743,743,743,743,743,743,743
6,7,6,6,6,6,6,6,6,5,5
592,592,592,592,592,592,592,592,592,592,592
967,968,968,967,967,966,966,965,965,964,964
149,149,149,149,149,149,149,149,149,149,149
279,281,282,283,284,285,286,286,287,288,289
1017,1017,1017,1017,1017,1017,1017,1017,1017,1017,1017
431,431,430,429,428,427,426,426,425,424,423
55,55,55,55,55,55,55,55,55,55,55
874,875,876,877,877,878,879,879,880,881,881
744,744,744,744,744,744,744,744,744,744,744
6,7,7,6,6,6,6,6,6,6,5
592,592,592,592,592,592,592,592,592,592,592
968,968,968,967,967,967,966,966,965,965,964
150,150,150,150,150,150,150,150,150,150,150
279,281,282,282,283,284,285,286,287,288,288
1017,1017,1017,1017,1017,1017,1017,1017,1017,1017,1017
432,432,431,430,429,428,427,426,425,424,423
55,55,55,55,55,55,55,55,55,55,55
873,875,876,876,877,878,878,879,880,880,881
744,744,744,744,744,744,744,744,744,744,744
6,7,7,6,6,6,6,6,6,6,5
591,591,591,591,591,591,591,591,591,591,591
968,969,968,968,967,967,966,966,965,965,965
150,150,150,150,150,150,150,150,150,150,150
278,280,281,282,283,284,284,285,286,287,288
1017,1017,1017,1017,1017,1017,1017,1017,1017,1017,1017
432,432,431,430,430,429,428,427,426,425,424
55,55,55,55,55,55,55,55,55,55,55
873,874,875,876,877,877,878,879,879,880,881
745,745,745,745,745,745,745,745,745,745,745
6,7,7,7,6,6,6,6,6,6,6
590,590,590,590,590,590,590,590,590,590,590
968,969,968,968,968,967,967,966,966,965,965
150,150,150,150,150,150,150,150,150,150,150
278,280,281,281,282,283,284,285,286,287,287
1017,1017,1017,1017,1017,1017,1017,1017,1017,1017,1017
433,433,432,431,430,429,428,427,426,425,424
55,55,55,55,55,55,55,55,55,55,55
872,874,875,875,876,877,877,878,879,879,880
745,745,745,745,745,745,745,745,745,745,745
6,7,7,7,6,6,6,6,6,6,6
590,590,590,590,590,590,590,590,590,590,590
969,969,969,968,968,967,967,966,966,966,965
151,151,151,151,151,151,151,151,151,151,151
277,279,280,281,282,283,283,284,285,286,287
1017,1017,1017,1017,1017,1017,1017,1017,1017,1017,1017
434,434,433,432,431,430,429,428,427,426,425
54,54,54,54,54,54,54,54,54,54,54
872,874,874,875,876,876,877,878,878,879,880
746,746,746,746,746,746,746,746,746,746,746
6,7,7,7,7,6,6,6,6,6,6
589,589,589,589,589,589,589,589,589,589,589
969,969,969,969,968,968,967,967,966,966,965
151,151,151,151,151,151,151,151,151,151,151
277,279,279,280,281,282,283,284,285,286,286
1017,1017,1017,1017,1017,1017,1017,1017,1017,1017,1017
434,434,433,432,431,430,429,428,427,427,426
54,54,54,54,54,54,54,54,54,54,54
872,873,874,875,875,876,877,877,878,879,879
747,747,747,747,747,747,747,747,747,747,747
6,7,7,7,7,7,6,6,6,6,6
589,589,589,589,589,589,589,589,589,589,589
969,970,969,969,968,968,967,967,967,966,966
152,152,152,152,152,152,152,152,152,152,152
276,278,279,280,281,282,282,283,284,285,286
1017,1017,1017,1017,1017,1017,1017,1017,1017,1017,1017
435,435,434,433,432,431,430,429,428,427,426
54,54,54,54,54,54,54,54,54,54,54
871,873,873,874,875,876,876,877,878,878,879
747,747,747,747,747,747,747,747,747,747,747
6,7,7,7,7,7,6,6,6,6,6
588,588,588,588,588,588,588,588,588,588,588
969,970,969,969,969,968,968,967,967,966,966
152,152,152,152,152,152,152,152,152,152,152
276,278,278,279,280,281,282,283,284,284,285
1017,1017,1017,1017,1017,1017,1017,1017,1017,1017,1017
435,435,434,433,432,431,431,430,429,428,427
54,54,54,54,54,54,54,54,54,54,54
871,872,873,874,874,875,876,876,877,878,879
748,748,748,748,748,748,748,748,748,748,748
6,7,7,7,7,7,7,6,6,6,6
587,587,587,587,587,587,587,587,587,587,587
970,970,970,969,969,968,968,968,967,967,966
153,153,153,153,153,153,153,153,153,153,153
275,277,278,279,280,280,281,282,283,284,285
1016,1016,1016,1016,1016,1016,1016,1016,1016,1016,1016
436,436,435,434,433,432,431,430,429,428,427
53,53,53,53,53,53,53,53,53,53,53
870,872,873,873,874,875,875,876,877,877,878
748,748,748,748,748,748,748,748,748,748,748
7,7,7,7,7,7,7,6,6,6,6
587,587,587,587,587,587,587,587,587,587,587
970,970,970,970,969,969,968,968,967,967,966
153,153,153,153,153,153,153,153,153,153,153
275,277,277,278,279,280,281,282,283,283,284
1016,1016,1016,1016,1016,1016,1016,1016,1016,1016,1016
436,436,436,435,434,433,432,431,430,429,428
53,53,53,53,53,53,53,53,53,53,53
870,872,872,873,874,874,875,876,876,877,878
749,749,749,749,749,749,749,749,749,749,749
7,8,7,7,7,7,7,7,6,6,6
586,586,586,586,586,586,586,586,586,586,586
970,971,970,970,969,969,969,968,968,967,967
153,153,153,153,153,153,153,153,153,153,153
274,276,277,278,279,279,280,281,282,283,284
1016,1016,1016,1016,1016,1016,1016,1016,1016,1016,1016
437,437,436,435,434,433,432,431,430,429,428
53,53,53,53,53,53,53,53,53,53,53
869,871,872,872,873,874,875,875,876,877,877
749,749,749,749,749,749,749,749,749,749,749
7,8,7,7,7,7,7,7,7,6,6
586,586,586,586,586,586,586,586,586,586,586
970,971,971,970,970,969,969,968,968,967,967
154,154,154,154,154,154,154,154,154,154,154
274,275,276,277,278,279,280,281,281,282,283
1016,1016,1016,1016,1016,1016,1016,1016,1016,1016,1016
438,438,437,436,435,434,433,432,431,430,429
52,52,52,52,52,52,52,52,52,52,52
869,871,871,872,873,873,874,875,875,876,877
750,750,750,750,750,750,750,750,750,750,750
7,8,8,7,7,7,7,7,7,6,6
585,585,585,585,585,585,585,585,585,585,585
971,971,971,970,970,969,969,969,968,968,967
154,154,154,154,154,154,154,154,154,154,154
273,275,276,277,278,278,279,280,281,282,283
1016,1016,1016,1016,1016,1016,1016,1016,1016,1016,1016
438,438,437,436,435,434,433,432,432,431,430
52,52,52,52,52,52,52,52,52,52,52
869,870,871,872,872,873,874,874,875,876,876
750,750,750,750,750,750,750,750,750,750,750
7,8,8,7,7,7,7,7,7,7,6
585,585,585,585,585,585,585,585,585,585,585
971,971,971,971,970,970,969,969,968,968,968
155,155,155,155,155,155,155,155,155,155,155
273,274,275,276,277,278,279,280,280,281,282
1016,1016,1016,1016,1016,1016,1016,1016,1016,1016,1016
439,439,438,437,436,435,434,433,432,431,430
52,52,52,52,52,52,52,52,52,52,52
868,870,871,871,872,873,873,874,875,875,876
751,751,751,751,751,751,751,751,751,751,751
7,8,8,8,7,7,7,7,7,7,6
584,584,584,584,584,584,584,584,584,584,584
971,972,971,971,970,970,970,969,969,968,968
155,155,155,155,155,155,155,155,155,155,155
272,274,275,276,276,277,278,279,280,281,282
1016,1016,1016,1016,1016,1016,1016,1016,1016,1016,1016
439,439,438,437,437,436,435,434,433,432,431
52,52,52,52,52,52,52,52,52,52,52
868,869,870,871,872,872,873,874,874,875,876
751,751,751,751,751,751,751,751,751,751,751
7,8,8,8,8,7,7,7,7,7,7
583,583,583,583,583,583,583,583,583,583,583
971,972,972,971,971,970,970,969,969,969,968
155,155,155,155,155,155,155,155,155,155,155
272,273,274,275,276,277,278,279,279,280,281
1016,1016,1016,1016,1016,1016,1016,1016,1016,1016,1016
440,440,439,438,437,436,435,434,433,432,431
51,51,51,51,51,51,51,51,51,51,51
867,869,870,870,871,872,872,873,874,875,875
752,752,752,752,752,752,752,752,752,752,752
7,8,8,8,8,7,7,7,7,7,7
583,583,583,583,583,583,583,583,583,583,583
972,972,972,971,971,971,970,970,969,969,968
156,156,156,156,156,156,156,156,156,156,156
271,273,274,275,275,276,277,278,279,280,281
1016,1016,1016,1016,1016,1016,1016,1016,1016,1016,1016
440,441,440,439,438,437,436,435,434,433,432
51,51,51,51,51,51,51,51,51,51,51
867,869,869,870,871,871,872,873,873,874,875
752,752,752,752,752,752,752,752,752,752,752
7,8,8,8,8,8,7,7,7,7,7
582,582,582,582,582,582,582,582,582,582,582
972,973,972,972,971,971,970,970,970,969,969
156,156,156,156,156,156,156,156,156,156,156
270,272,273,274,275,276,277,277,278,279,280
1016,1016,1016,1016,1016,1016,1016,1016,1016,1016,1016
441,441,440,439,438,437,436,435,434,433,433
51,51,51,51,51,51,51,51,51,51,51
866,868,869,870,870,871,872,872,873,874,874
753,753,753,753,753,753,753,753,753,753,753
7,8,8,8,8,8,7,7,7,7,7
582,582,582,582,582,582,582,582,582,582,582
972,973,972,972,972,971,971,970,970,969,969
157,157,157,157,157,157,157,157,157,157,157
270,272,273,274,274,275,276,277,278,279,280
1015,1015,1015,1015,1015,1015,1015,1015,1015,1015,1015
442,442,441,440,439,438,437,436,435,434,433
51,51,51,51,51,51,51,51,51,51,51
866,868,868,869,870,871,871,872,873,873,874
753,753,753,753,753,753,753,753,753,753,753
8,8,8,8,8,8,8,7,7,7,7
581,581,581,581,581,581,581,581,581,581,581
972,973,973,972,972,971,971,970,970,970,969
157,157,157,157,157,157,157,157,157,157,157
269,271,272,273,274,275,276,276,277,278,279
1015,1015,1015,1015,1015,1015,1015,1015,1015,1015,1015
442,442,441,440,439,438,438,437,436,435,434
50,50,50,50,50,50,50,50,50,50,50
866,867,868,869,869,870,871,871,872,873,874
754,754,754,754,754,754,754,754,754,754,754
8,9,8,8,8,8,8,8,7,7,7
580,580,580,580,580,580,580,580,580,580,580
973,973,973,972,972,972,971,971,970,970,969
158,158,158,158,158,158,158,158,158,158,158
269,271,272,272,273,274,275,276,277,278,278
1015,1015,1015,1015,1015,1015,1015,1015,1015,1015,1015
443,443,442,441,440,439,438,437,436,435,434
50,50,50,50,50,50,50,50,50,50,50
865,867,868,868,869,870,870,871,872,872,873
754,754,754,754,754,754,754,754,754,754,754
8,9,8,8,8,8,8,8,7,7,7
580,580,580,580,580,580,580,580,580,580,580
973,974,973,973,972,972,971,971,971,970,970
158,158,158,158,158,158,158,158,158,158,158
268,270,271,272,273,274,275,275,276,277,278
1015,1015,1015,1015,1015,1015,1015,1015,1015,1015,1015
443,443,442,442,441,440,439,438,437,436,435
50,50,50,50,50,50,50,50,50,50,50
865,866,867,868,869,869,870,871,871,872,873
755,755,755,755,755,755,755,755,755,755,755
8,9,9,8,8,8,8,8,8,7,7
579,579,579,579,579,579,579,579,579,579,579
973,974,973,973,973,972,972,971,971,970,970
158,158,158,158,158,158,158,158,158,158,158
268,270,271,271,272,273,274,275,276,277,277
1015,1015,1015,1015,1015,1015,1015,1015,1015,1015,1015
444,444,443,442,441,440,439,438,437,436,435
50,50,50,50,50,50,50,50,50,50,50
864,866,867,867,868,869,870,870,871,872,872
755,755,755,755,755,755,755,755,755,755,755
8,9,9,8,8,8,8,8,8,7,7
579,579,579,579,579,579,579,579,579,579,579
973,974,974,973,973,972,972,972,971,971,970
159,159,159,159,159,159,159,159,159,159,159
267,269,270,271,272,273,273,274,275,276,277
1015,1015,1015,1015,1015,1015,1015,1015,1015,1015,1015
445,445,444,443,442,441,440,439,438,437,436
49,49,49,49,49,49,49,49,49,49,49
864,866,866,867,868,868,869,870,870,871,872
756,756,756,756,756,756,756,756,756,756,756
8,9,9,9,8,8,8,8,8,8,7
578,578,578,578,578,578,578,578,578,578,578
974,974,974,973,973,973,972,972,971,971,971
159,159,159,159,159,159,159,159,159,159,159
267,269,270,270,271,272,273,274,275,276,276
1015,1015,1015,1015,1015,1015,1015,1015,1015,1015,1015
445,445,444,443,442,441,440,439,439,438,437
49,49,49,49,49,49,49,49,49,49,49
863,865,866,867,867,868,869,869,870,871,871
756,756,756,756,756,756,756,756,756,756,756
8,9,9,9,9,8,8,8,8,8,8
578,578,578,578,578,578,578,578,578,578,578
974,975,974,974,973,973,972,972,972,971,971
160,160,160,160,160,160,160,160,160,160,160
266,268,269,270,271,272,272,273,274,275,276
1015,1015,1015,1015,1015,1015,1015,1015,1015,1015,1015
446,446,445,444,443,442,441,440,439,438,437
49,49,49,49,49,49,49,49,49,49,49
863,865,865,866,867,868,868,869,870,870,871
757,757,757,757,757,757,757,757,757,757,757
8,9,9,9,9,8,8,8,8,8,8
577,577,577,577,577,577,577,577,577,577,577
974,975,974,974,974,973,973,972,972,971,971
160,160,160,160,160,160,160,160,160,160,160
266,268,269,269,270,271,272,273,274,274,275
1015,1015,1015,1015,1015,1015,1015,1015,1015,1015,1015
446,446,445,444,444,443,442,441,440,439,438
49,49,49,49,49,49,49,49,49,49,49
863,864,865,866,866,867,868,869,869,870,871
757,757,757,757,757,757,757,757,757,757,757
8,9,9,9,9,9,8,8,8,8,8
576,576,576,576,576,576,576,576,576,576,576
974,975,975,974,974,973,973,973,972,972,971
161,161,161,161,161,161,161,161,161,161,161
265,267,268,269,270,271,271,272,273,274,275
1015,1015,1015,1015,1015,1015,1015,1015,1015,1015,1015
447,447,446,445,444,443,442,441,440,439,438
48,48,48,48,48,48,48,48,48,48,48
862,864,865,865,866,867,867,868,869,869,870
758,758,758,758,758,758,758,758,758,758,758
9,9,9,9,9,9,8,8,8,8,8
576,576,576,576,576,576,576,576,576,576,576
975,975,975,975,974,974,973,973,972,972,972
161,161,161,161,161,161,161,161,161,161,161
265,267,267,268,269,270,271,272,273,273,274
1014,1014,1014,1014,1014,1014,1014,1014,1014,1014,1014
448,448,447,446,445,444,443,442,441,440,439
48,48,48,48,48,48,48,48,48,48,48
862,863,864,865,866,866,867,868,868,869,870
758,758,758,758,758,758,758,758,758,758,758
9,9,9,9,9,9,9,8,8,8,8
575,575,575,575,575,575,575,575,575,575,575
975,976,975,975,974,974,974,973,973,972,972
161,161,161,161,161,161,161,161,161,161,161
264,266,267,268,269,270,270,271,272,273,274
1014,1014,1014,1014,1014,1014,1014,1014,1014,1014,1014
448,448,447,446,445,444,443,442,441,440,440
48,48,48,48,48,48,48,48,48,48,48
861,863,864,864,865,866,867,867,868,869,869
759,759,759,759,759,759,759,759,759,759,759
9,10,9,9,9,9,9,9,8,8,8
575,575,575,575,575,575,575,575,575,575,575
975,976,975,975,975,974,974,973,973,972,972
162,162,162,162,162,162,162,162,162,162,162
264,266,266,267,268,269,270,271,272,272,273
1014,1014,1014,1014,1014,1014,1014,1014,1014,1014,1014
449,449,448,447,446,445,444,443,442,441,440
48,48,48,48,48,48,48,48,48,48,48
861,863,863,864,865,865,866,867,868,868,869
759,759,759,759,759,759,759,759,759,759,759
9,10,10,9,9,9,9,9,8,8,8
574,574,574,574,574,574,574,574,574,574,574
975,976,976,975,975,974,974,974,973,973,972
162,162,162,162,162,162,162,162,162,162,162
263,265,266,267,268,268,269,270,271,272,273
1014,1014,1014,1014,1014,1014,1014,1014,1014,1014,1014
449,449,448,447,446,445,445,444,443,442,441
47,47,47,47,47,47,47,47,47,47,47
860,862,863,864,864,865,866,866,867,868,868
760,760,760,760,760,760,760,760,760,760,760
9,10,10,9,9,9,9,9,9,8,8
573,573,573,573,573,573,573,573,573,573,573
976,976,976,976,975,975,974,974,973,973,973
163,163,163,163,163,163,163,163,163,163,163
263,265,265,266,267,268,269,270,271,271,272
1014,1014,1014,1014,1014,1014,1014,1014,1014,1014,1014
450,450,449,448,447,446,445,444,443,442,441
47,47,47,47,47,47,47,47,47,47,47
860,862,862,863,864,865,865,866,867,867,868
761,761,761,761,761,761,761,761,761,761,761
9,10,10,10,9,9,9,9,9,8,8
573,573,573,573,573,573,573,573,573,573,573
976,977,976,976,975,975,975,974,974,973,973
163,163,163,163,163,163,163,163,163,163,163
262,264,265,266,267,267,268,269,270,271,272
1014,1014,1014,1014,1014,1014,1014,1014,1014,1014,1014
450,450,450,449,448,447,446,445,444,443,442
47,47,47,47,47,47,47,47,47,47,47
860,861,862,863,863,864,865,866,866,867,868
761,761,761,761,761,761,761,761,761,761,761
9,10,10,10,9,9,9,9,9,9,8
572,572,572,572,572,572,572,572,572,572,572
976,977,976,976,976,975,975,974,974,974,973
164,164,164,164,164,164,164,164,164,164,164
262,264,264,265,266,267,268,269,269,270,271
1014,1014,1014,1014,1014,1014,1014,1014,1014,1014,1014
451,451,450,449,448,447,446,445,444,443,442
47,47,47,47,47,47,47,47,47,47,47
859,861,862,862,863,864,864,865,866,867,867
762,762,762,762,762,762,762,762,762,762,762
9,10,10,10,10,9,9,9,9,9,9
572,572,572,572,572,572,572,572,572,572,572
976,977,977,976,976,975,975,975,974,974,973
164,164,164,164,164,164,164,164,164,164,164
261,263,264,265,266,266,267,268,269,270,271
1014,1014,1014,1014,1014,1014,1014,1014,1014,1014,1014
452,452,451,450,449,448,447,446,445,444,443
46,46,46,46,46,46,46,46,46,46,46
859,860,861,862,863,863,864,865,865,866,867
762,762,762,762,762,762,762,762,762,762,762
9,10,10,10,10,10,9,9,9,9,9
571,571,571,571,571,571,571,571,571,571,571
977,977,977,977,976,976,975,975,974,974,974
164,164,164,164,164,164,164,164,164,164,164
261,263,263,264,265,266,267,268,268,269,270
1014,1014,1014,1014,1014,1014,1014,1014,1014,1014,1014
452,452,451,450,449,448,447,446,446,445,444
46,46,46,46,46,46,46,46,46,46,46
858,860,861,861,862,863,864,864,865,866,866
763,763,763,763,763,763,763,763,763,763,763
10,10,10,10,10,10,9,9,9,9,9
571,571,571,571,571,571,571,571,571,571,571
977,978,977,977,976,976,976,975,975,974,974
165,165,165,165,165,165,165,165,165,165,165
260,262,263,264,265,265,266,267,268,269,270
1013,1013,1013,1013,1013,1013,1013,1013,1013,1013,1013
453,453,452,451,450,449,448,447,446,445,444
46,46,46,46,46,46,46,46,46,46,46
858,860,860,861,862,862,863,864,865,865,866
763,763,763,763,763,763,763,763,763,763,763
10,10,10,10,10,10,10,9,9,9,9
570,570,570,570,570,570,570,570,570,570,570
977,978,977,977,977,976,976,975,975,975,974
165,165,165,165,165,165,165,165,165,165,165
260,261,262,263,264,265,266,267,267,268,269
1013,1013,1013,1013,1013,1013,1013,1013,1013,1013,1013
453,453,452,451,451,450,449,448,447,446,445
46,46,46,46,46,46,46,46,46,46,46
857,859,860,861,861,862,863,863,864,865,866
764,764,764,764,764,764,764,764,764,764,764
10,11,10,10,10,10,10,9,9,9,9
569,569,569,569,569,569,569,569,569,569,569
977,978,978,977,977,976,976,976,975,975,974
166,166,166,166,166,166,166,166,166,166,166
259,261,262,263,264,264,265,266,267,268,269
1013,1013,1013,1013,1013,1013,1013,1013,1013,1013,1013
454,454,453,452,451,450,449,448,447,446,445
45,45,45,45,45,45,45,45,45,45,45
857,859,859,860,861,862,862,863,864,864,865
764,764,764,764,764,764,764,764,764,764,764
10,11,11,10,10,10,10,10,9,9,9
569,569,569,569,569,569,569,569,569,569,569
978,978,978,978,977,977,976,976,975,975,975
166,166,166,166,166,166,166,166,166,166,166
259,260,261,262,263,264,265,266,266,267,268
1013,1013,1013,1013,1013,1013,1013,1013,1013,1013,1013
455,455,454,453,452,451,450,449,448,447,446
45,45,45,45,45,45,45,45,45,45,45
857,858,859,860,860,861,862,863,863,864,865
765,765,765,765,765,765,765,765,765,765,765
10,11,11,10,10,10,10,10,10,9,9
568,568,568,568,568,568,568,568,568,568,568
978,979,978,978,977,977,977,976,976,975,975
167,167,167,167,167,167,167,167,167,167,167
258,260,261,262,262,263,264,265,266,267,268
1013,1013,1013,1013,1013,1013,1013,1013,1013,1013,1013
455,455,454,453,452,451,450,449,448,447,447
45,45,45,45,45,45,45,45,45,45,45
856,858,859,859,860,861,861,862,863,864,864
765,765,765,765,765,765,765,765,765,765,765
10,11,11,11,10,10,10,10,10,9,9
568,568,568,568,568,568,568,568,568,568,568
978,979,978,978,978,977,977,976,976,976,975
167,167,167,167,167,167,167,167,167,167,167
258,259,260,261,262,263,264,264,265,266,267
1013,1013,1013,1013,1013,1013,1013,1013,1013,1013,1013
456,456,455,454,453,452,451,450,449,448,447
45,45,45,45,45,45,45,45,45,45,45
856,857,858,859,860,860,861,862,862,863,864
766,766,766,766,766,766,766,766,766,766,766
10,11,11,11,10,10,10,10,10,10,9
567,567,567,567,567,567,567,567,567,567,567
978,979,979,978,978,977,977,977,976,976,975
168,168,168,168,168,168,168,168,168,168,168
257,259,260,261,261,262,263,264,265,266,267
1013,1013,1013,1013,1013,1013,1013,1013,1013,1013,1013
456,456,455,454,453,452,452,451,450,449,448
44,44,44,44,44,44,44,44,44,44,44
855,857,858,858,859,860,861,861,862,863,863
766,766,766,766,766,766,766,766,766,766,766
10,11,11,11,11,10,10,10,10,10,9
566,566,566,566,566,566,566,566,566,566,566
979,979,979,978,978,978,977,977,976,976,976
168,168,168,168,168,168,168,168,168,168,168
257,258,259,260,261,262,263,263,264,265,266
1013,1013,1013,1013,1013,1013,1013,1013,1013,1013,1013
457,457,456,455,454,453,452,451,450,449,448
44,44,44,44,44,44,44,44,44,44,44
855,857,857,858,859,859,860,861,862,862,863
767,767,767,767,767,767,767,767,767,767,767
11,11,11,11,11,11,10,10,10,10,10
566,566,566,566,566,566,566,566,566,566,566
979,980,979,979,978,978,978,977,977,976,976
168,168,168,168,168,168,168,168,168,168,168
256,258,259,260,260,261,262,263,264,265,265
1012,1012,1012,1012,1012,1012,1012,1012,1012,1012,1012
457,457,457,456,455,454,453,452,451,450,449
44,44,44,44,44,44,44,44,44,44,44
854,856,857,858,858,859,860,860,861,862,863
767,767,767,767,767,767,767,767,767,767,767
11,11,11,11,11,11,10,10,10,10,10
565,565,565,565,565,565,565,565,565,565,565
979,980,979,979,979,978,978,977,977,977,976
169,169,169,169,169,169,169,169,169,169,169
256,257,258,259,260,261,262,262,263,264,265
1012,1012,1012,1012,1012,1012,1012,1012,1012,1012,1012
458,458,457,456,455,454,453,452,451,450,449
44,44,44,44,44,44,44,44,44,44,44
854,856,856,857,858,859,859,860,861,861,862
768,768,768,768,768,768,768,768,768,768,768
11,12,11,11,11,11,11,10,10,10,10
565,565,565,565,565,565,565,565,565,565,565
979,980,980,979,979,978,978,978,977,977,976
169,169,169,169,169,169,169,169,169,169,169
255,257,258,259,259,260,261,262,263,264,264
1012,1012,1012,1012,1012,1012,1012,1012,1012,1012,1012
459,459,458,457,456,455,454,453,452,451,450
43,43,43,43,43,43,43,43,43,43,43
854,855,856,857,857,858,859,860,860,861,862
768,768,768,768,768,768,768,768,768,768,768
11,12,11,11,11,11,11,10,10,10,10
564,564,564,564,564,564,564,564,564,564,564
980,980,980,979,979,979,978,978,977,977,977
170,170,170,170,170,170,170,170,170,170,170
255,256,257,258,259,260,261,261,262,263,264
1012,1012,1012,1012,1012,1012,1012,1012,1012,1012,1012
459,459,458,457,456,455,454,453,453,452,451
43,43,43,43,43,43,43,43,43,43,43
853,855,856,856,857,858,858,859,860,861,861
769,769,769,769,769,769,769,769,769,769,769
11,12,12,11,11,11,11,11,10,10,10
564,564,564,564,564,564,564,564,564,564,564
980,980,980,980,979,979,979,978,978,977,977
170,170,170,170,170,170,170,170,170,170,170
254,256,257,258,258,259,260,261,262,263,263
1012,1012,1012,1012,1012,1012,1012,1012,1012,1012,1012
460,460,459,458,457,456,455,454,453,452,451
43,43,43,43,43,43,43,43,43,43,43
853,854,855,856,857,857,858,859,859,860,861
769,769,769,769,769,769,769,769,769,769,769
11,12,12,12,11,11,11,11,11,10,10
563,563,563,563,563,563,563,563,563,563,563
980,981,980,980,980,979,979,978,978,978,977
171,171,171,171,171,171,171,171,171,171,171
254,255,256,257,258,259,260,260,261,262,263
1012,1012,1012,1012,1012,1012,1012,1012,1012,1012,1012
460,460,459,458,458,457,456,455,454,453,452
43,43,43,43,43,43,43,43,43,43,43
852,854,855,855,856,857,858,858,859,860,860
770,770,770,770,770,770,770,770,770,770,770
11,12,12,12,11,11,11,11,11,10,10
562,562,562,562,562,562,562,562,562,562,562
980,981,981,980,980,979,979,979,978,978,977
171,171,171,171,171,171,171,171,171,171,171
253,255,256,257,257,258,259,260,261,262,262
1012,1012,1012,1012,1012,1012,1012,1012,1012,1012,1012
461,461,460,459,458,457,456,455,454,453,452
43,43,43,43,43,43,43,43,43,43,43
852,853,854,855,856,856,857,858,859,859,860
770,770,770,770,770,770,770,770,770,770,770
11,12,12,12,12,11,11,11,11,11,10
562,562,562,562,562,562,562,562,562,562,562
981,981,981,980,980,980,979,979,978,978,978
171,171,171,171,171,171,171,171,171,171,171
253,254,255,256,257,258,259,259,260,261,262
1012,1012,1012,1012,1012,1012,1012,1012,1012,1012,1012
462,462,461,460,459,458,457,456,455,454,453
42,42,42,42,42,42,42,42,42,42,42
851,853,854,854,855,856,857,857,858,859,859
771,771,771,771,771,771,771,771,771,771,771
11,12,12,12,12,11,11,11,11,11,11
561,561,561,561,561,561,561,561,561,561,561
981,981,981,981,980,980,979,979,979,978,978
172,172,172,172,172,172,172,172,172,172,172
252,254,255,255,256,257,258,259,260,261,261
1011,1011,1011,1011,1011,1011,1011,1011,1011,1011,1011
462,462,461,460,459,458,457,456,455,454,454
42,42,42,42,42,42,42,42,42,42,42
851,853,853,854,855,855,856,857,858,858,859
771,771,771,771,771,771,771,771,771,771,771
12,12,12,12,12,12,11,11,11,11,11
561,561,561,561,561,561,561,561,561,561,561
981,982,981,981,981,980,980,979,979,979,978
172,172,172,172,172,172,172,172,172,172,172
251,253,254,255,256,257,257,258,259,260,261
1011,1011,1011,1011,1011,1011,1011,1011,1011,1011,1011
463,463,462,461,460,459,458,457,456,455,454
42,42,42,42,42,42,42,42,42,42,42
850,852,853,854,854,855,856,856,857,858,859
772,772,772,772,772,772,772,772,772,772,772
12,13,12,12,12,12,12,11,11,11,11
560,560,560,560,560,560,560,560,560,560,560
981,982,982,981,981,980,980,980,979,979,978
173,173,173,173,173,173,173,173,173,173,173
251,253,254,254,255,256,257,258,259,259,260
1011,1011,1011,1011,1011,1011,1011,1011,1011,1011,1011
463,463,462,461,460,460,459,458,457,456,455
42,42,42,42,42,42,42,42,42,42,42
850,852,852,853,854,855,855,856,857,857,858
772,772,772,772,772,772,772,772,772,772,772
12,13,12,12,12,12,12,11,11,11,11
559,559,559,559,559,559,559,559,559,559,559
982,982,982,981,981,981,980,980,979,979,979
173,173,173,173,173,173,173,173,173,173,173
250,252,253,254,255,256,256,257,258,259,260
1011,1011,1011,1011,1011,1011,1011,1011,1011,1011,1011
464,464,463,462,461,460,459,458,457,456,455
41,41,41,41,41,41,41,41,41,41,41
850,851,852,853,853,854,855,856,856,857,858
773,773,773,773,773,773,773,773,773,773,773
12,13,13,12,12,12,12,12,11,11,11
559,559,559,559,559,559,559,559,559,559,559
982,982,982,982,981,981,980,980,980,979,979
174,174,174,174,174,174,174,174,174,174,174
250,252,253,253,254,255,256,257,258,258,259
1011,1011,1011,1011,1011,1011,1011,1011,1011,1011,1011
464,465,464,463,462,461,460,459,458,457,456
41,41,41,41,41,41,41,41,41,41,41
849,851,852,852,853,854,854,855,856,857,857
773,773,773,773,773,773,773,773,773,773,773
12,13,13,13,12,12,12,12,11,11,11
558,558,558,558,558,558,558,558,558,558,558
982,983,982,982,981,981,981,980,980,980,979
174,174,174,174,174,174,174,174,174,174,174
249,251,252,253,254,255,255,256,257,258,259
1011,1011,1011,1011,1011,1011,1011,1011,1011,1011,1011
465,465,464,463,462,461,460,459,458,457,456
41,41,41,41,41,41,41,41,41,41,41
849,850,851,852,853,853,854,855,855,856,857
774,774,774,774,774,774,774,774,774,774,774
12,13,13,13,12,12,12,12,12,11,11
558,558,558,558,558,558,558,558,558,558,558
982,983,982,982,982,981,981,981,980,980,979
175,175,175,175,175,175,175,175,175,175,175
249,251,252,252,253,254,255,256,257,257,258
1011,1011,1011,1011,1011,1011,1011,1011,1011,1011,1011
466,466,465,464,463,462,461,460,459,458,457
41,41,41,41,41,41,41,41,41,41,41
848,850,851,851,852,853,854,854,855,856,856
774,774,774,774,774,774,774,774,774,774,774
12,13,13,13,13,12,12,12,12,12,11
557,557,557,557,557,557,557,557,557,557,557
982,983,983,982,982,982,981,981,980,980,980
175,175,175,175,175,175,175,175,175,175,175
248,250,251,252,253,254,254,255,256,257,258
1011,1011,1011,1011,1011,1011,1011,1011,1011,1011,1011
466,466,465,464,463,462,461,461,460,459,458
40,40,40,40,40,40,40,40,40,40,40
848,850,850,851,852,852,853,854,855,855,856
775,775,775,775,775,775,775,775,775,775,775
13,13,13,13,13,12,12,12,12,12,11
556,556,556,556,556,556,556,556,556,556,556
983,983,983,983,982,982,981,981,981,980,980
175,175,175,175,175,175,175,175,175,175,175
248,250,251,251,252,253,254,255,256,256,257
1010,1010,1010,1010,1010,1010,1010,1010,1010,1010,1010
467,467,466,465,464,463,462,461,460,459,458
40,40,40,40,40,40,40,40,40,40,40
847,849,850,851,851,852,853,853,854,855,856
775,775,775,775,775,775,775,775,775,775,775
13,13,13,13,13,13,12,12,12,12,12
556,556,556,556,556,556,556,556,556,556,556
983,984,983,983,982,982,982,981,981,980,980
176,176,176,176,176,176,176,176,176,176,176
247,249,250,251,252,253,253,254,255,256,257
1010,1010,1010,1010,1010,1010,1010,1010,1010,1010,1010
467,467,466,466,465,464,463,462,461,460,459
40,40,40,40,40,40,40,40,40,40,40
847,849,849,850,851,852,852,853,854,854,855
776,776,776,776,776,776,776,776,776,776,776
13,14,13,13,13,13,13,12,12,12,12
555,555,555,555,555,555,555,555,555,555,555
983,984,983,983,983,982,982,981,981,981,980
176,176,176,176,176,176,176,176,176,176,176
247,249,250,250,251,252,253,254,255,255,256
1010,1010,1010,1010,1010,1010,1010,1010,1010,1010,1010
468,468,467,466,465,464,463,462,461,460,459
40,40,40,40,40,40,40,40,40,40,40
846,848,849,850,850,851,852,853,853,854,855
776,776,776,776,776,776,776,776,776,776,776
13,14,13,13,13,13,13,12,12,12,12
555,555,555,555,555,555,555,555,555,555,555
983,984,984,983,983,982,982,982,981,981,981
177,177,177,177,177,177,177,177,177,177,177
246,248,249,250,251,252,252,253,254,255,256
1010,1010,1010,1010,1010,1010,1010,1010,1010,1010,1010
469,469,468,467,466,465,464,463,462,461,460
40,40,40,40,40,40,40,40,40,40,40
846,848,848,849,850,851,851,852,853,854,854
777,777,777,777,777,777,777,777,777,777,777
13,14,14,13,13,13,13,13,12,12,12
554,554,554,554,554,554,554,554,554,554,554
984,984,984,983,983,983,982,982,982,981,981
177,177,177,177,177,177,177,177,177,177,177
246,248,249,249,250,251,252,253,254,254,255
1010,1010,1010,1010,1010,1010,1010,1010,1010,1010,1010
469,469,468,467,466,465,464,463,462,462,461
39,39,39,39,39,39,39,39,39,39,39
846,847,848,849,849,850,851,852,852,853,854
777,777,777,777,777,777,777,777,777,777,777
13,14,14,14,13,13,13,13,12,12,12
554,554,554,554,554,554,554,554,554,554,554
984,984,984,984,983,983,983,982,982,981,981
178,178,178,178,178,178,178,178,178,178,178
245,247,248,249,250,251,251,252,253,254,255
1010,1010,1010,1010,1010,1010,1010,1010,1010,1010,1010
470,470,469,468,467,466,465,464,463,462,461
39,39,39,39,39,39,39,39,39,39,39
845,847,848,848,849,850,850,851,852,853,853
778,778,778,778,778,778,778,778,778,778,778
13,14,14,14,13,13,13,13,13,12,12
553,553,553,553,553,553,553,553,553,553,553
984,985,984,984,984,983,983,982,982,982,981
178,178,178,178,178,178,178,178,178,178,178
245,247,248,248,249,250,251,252,253,253,254
1010,1010,1010,1010,1010,1010,1010,1010,1010,1010,1010
470,470,469,468,468,467,466,465,464,463,462
39,39,39,39,39,39,39,39,39,39,39
845,846,847,848,849,849,850,851,851,852,853
778,778,778,778,778,778,778,778,778,778,778
13,14,14,14,14,13,13,13,13,13,12
552,552,552,552,552,552,552,552,552,552,552
984,985,985,984,984,983,983,983,982,982,981
179,179,179,179,179,179,179,179,179,179,179
244,246,247,248,249,250,250,251,252,253,254
1009,1009,1009,1009,1009,1009,1009,1009,1009,1009,1009
471,471,470,469,468,467,466,465,464,463,462
39,39,39,39,39,39,39,39,39,39,39
844,846,847,847,848,849,850,850,851,852,853
779,779,779,779,779,779,779,779,779,779,779
14,14,14,14,14,14,13,13,13,13,12
552,552,552,552,552,552,552,552,552,552,552
985,985,985,984,984,984,983,983,983,982,982
179,179,179,179,179,179,179,179,179,179,179
244,246,247,247,248,249,250,251,252,252,253
1009,1009,1009,1009,1009,1009,1009,1009,1009,1009,1009
472,472,471,470,469,468,467,466,465,464,463
38,38,38,38,38,38,38,38,38,38,38
844,846,846,847,848,848,849,850,851,851,852
779,779,779,779,779,779,779,779,779,779,779
14,15,14,14,14,14,13,13,13,13,13
551,551,551,551,551,551,551,551,551,551,551
985,985,985,985,984,984,983,983,983,982,982
179,179,179,179,179,179,179,179,179,179,179
243,245,246,247,248,249,249,250,251,252,253
1009,1009,1009,1009,1009,1009,1009,1009,1009,1009,1009
472,472,471,470,469,468,467,466,465,464,463
38,38,38,38,38,38,38,38,38,38,38
843,845,846,847,847,848,849,849,850,851,852
780,780,780,780,780,780,780,780,780,780,780
14,15,14,14,14,14,14,13,13,13,13
551,551,551,551,551,551,551,551,551,551,551
985,986,985,985,984,984,984,983,983,983,982
180,180,180,180,180,180,180,180,180,180,180
243,245,246,246,247,248,249,250,251,251,252
1009,1009,1009,1009,1009,1009,1009,1009,1009,1009,1009
473,473,472,471,470,469,468,467,466,465,464
38,38,38,38,38,38,38,38,38,38,38
843,845,845,846,847,848,848,849,850,850,851
780,780,780,780,780,780,780,780,780,780,780
14,15,15,14,14,14,14,13,13,13,13
550,550,550,550,550,550,550,550,550,550,550
985,986,985,985,985,984,984,984,983,983,982
180,180,180,180,180,180,180,180,180,180,180
242,244,245,246,247,248,248,249,250,251,252
1009,1009,1009,1009,1009,1009,1009,1009,1009,1009,1009
473,473,472,471,470,469,469,468,467,466,465
38,38,38,38,38,38,38,38,38,38,38
842,844,845,846,846,847,848,849,849,850,851
781,781,781,781,781,781,781,781,781,781,781
14,15,15,14,14,14,14,14,13,13,13
549,549,549,549,549,549,549,549,549,549,549
985,986,986,985,985,985,984,984,983,983,983
181,181,181,181,181,181,181,181,181,181,181
242,244,245,245,246,247,248,249,250,250,251
1009,1009,1009,1009,1009,1009,1009,1009,1009,1009,1009
474,474,473,472,471,470,469,468,467,466,465
37,37,37,37,37,37,37,37,37,37,37
842,844,844,845,846,847,847,848,849,850,850
781,781,781,781,781,781,781,781,781,781,781
14,15,15,15,14,14,14,14,14,13,13
549,549,549,549,549,549,549,549,549,549,549
986,986,986,986,985,985,984,984,984,983,983
181,181,181,181,181,181,181,181,181,181,181
241,243,244,245,246,247,247,248,249,250,251
1009,1009,1009,1009,1009,1009,1009,1009,1009,1009,1009
474,474,474,473,472,471,470,469,468,467,466
37,37,37,37,37,37,37,37,37,37,37
842,843,844,845,845,846,847,848,848,849,850
782,782,782,782,782,782,782,782,782,782,782
14,15,15,15,15,14,14,14,14,13,13
548,548,548,548,548,548,548,548,548,548,548
986,986,986,986,985,985,985,984,984,984,983
182,182,182,182,182,182,182,182,182,182,182
241,243,244,244,245,246,247,248,248,249,250
1008,1008,1008,1008,1008,1008,1008,1008,1008,1008,1008
475,475,474,473,472,471,470,469,468,467,466
37,37,37,37,37,37,37,37,37,37,37
841,843,844,844,845,846,846,847,848,849,849
782,782,782,782,782,782,782,782,782,782,782
15,15,15,15,15,14,14,14,14,14,13
548,548,548,548,548,548,548,548,548,548,548
986,987,986,986,986,985,985,984,984,984,983
182,182,182,182,182,182,182,182,182,182,182
240,242,243,244,245,246,246,247,248,249,250
1008,1008,1008,1008,1008,1008,1008,1008,1008,1008,1008
476,476,475,474,473,472,471,470,469,468,467
37,37,37,37,37,37,37,37,37,37,37
841,842,843,844,845,845,846,847,848,848,849
783,783,783,783,783,783,783,783,783,783,783
15,15,15,15,15,15,14,14,14,14,13
547,547,547,547,547,547,547,547,547,547,547
986,987,987,986,986,985,985,985,984,984,984
183,183,183,183,183,183,183,183,183,183,183
240,242,243,243,244,245,246,247,247,248,249
1008,1008,1008,1008,1008,1008,1008,1008,1008,1008,1008
476,476,475,474,473,472,471,470,470,469,468
37,37,37,37,37,37,37,37,37,37,37
840,842,843,843,844,845,846,846,847,848,849
783,783,783,783,783,783,783,783,783,783,783
15,16,15,15,15,15,14,14,14,14,14
546,546,546,546,546,546,546,546,546,546,546
987,987,987,986,986,986,985,985,985,984,984
183,183,183,183,183,183,183,183,183,183,183
239,241,242,243,244,245,245,246,247,248,249
1008,1008,1008,1008,1008,1008,1008,1008,1008,1008,1008
477,477,476,475,474,473,472,471,470,469,468
36,36,36,36,36,36,36,36,36,36,36
840,841,842,843,844,844,845,846,847,847,848
784,784,784,784,784,784,784,784,784,784,784
15,16,16,15,15,15,15,14,14,14,14
546,546,546,546,546,546,546,546,546,546,546
987,987,987,987,986,986,986,985,985,984,984
183,183,183,183,183,183,183,183,183,183,183
239,241,242,242,243,244,245,246,246,247,248
1008,1008,1008,1008,1008,1008,1008,1008,1008,1008,1008
477,477,476,476,475,474,473,472,471,470,469
36,36,36,36,36,36,36,36,36,36,36
839,841,842,842,843,844,845,845,846,847,848
784,784,784,784,784,784,784,784,784,784,784
15,16,16,15,15,15,15,15,14,14,14
545,545,545,545,545,545,545,545,545,545,545
987,988,987,987,987,986,986,985,985,985,984
184,184,184,184,184,184,184,184,184,184,184
238,240,241,242,243,244,244,245,246,247,248
1008,1008,1008,1008,1008,1008,1008,1008,1008,1008,1008
478,478,477,476,475,474,473,472,471,470,469
36,36,36,36,36,36,36,36,36,36,36
839,841,841,842,843,844,844,845,846,846,847
785,785,785,785,785,785,785,785,785,785,785
15,16,16,16,15,15,15,15,14,14,14
545,545,545,545,545,545,545,545,545,545,545
987,988,987,987,987,986,986,986,985,985,985
184,184,184,184,184,184,184,184,184,184,184
238,240,241,241,242,243,244,245,245,246,247
1008,1008,1008,1008,1008,1008,1008,1008,1008,1008,1008
479,479,478,477,476,475,474,473,472,471,470
36,36,36,36,36,36,36,36,36,36,36
838,840,841,842,842,843,844,845,845,846,847
785,785,785,785,785,785,785,785,785,785,785
15,16,16,16,16,15,15,15,15,14,14
544,544,544,544,544,544,544,544,544,544,544
987,988,988,987,987,987,986,986,985,985,985
185,185,185,185,185,185,185,185,185,185,185
237,239,240,241,242,243,243,244,245,246,247
1007,1007,1007,1007,1007,1007,1007,1007,1007,1007,1007
479,479,478,477,476,475,474,473,472,472,471
36,36,36,36,36,36,36,36,36,36,36
838,840,840,841,842,843,843,844,845,846,846
786,786,786,786,786,786,786,786,786,786,786
16,16,16,16,16,15,15,15,15,15,14
544,544,544,544,544,544,544,544,544,544,544
988,988,988,988,987,987,986,986,986,985,985
185,185,185,185,185,185,185,185,185,185,185
237,239,240,240,241,242,243,244,244,245,246
1007,1007,1007,1007,1007,1007,1007,1007,1007,1007,1007
480,480,479,478,477,476,475,474,473,472,471
35,35,35,35,35,35,35,35,35,35,35
837,839,840,841,841,842,843,844,844,845,846
786,786,786,786,786,786,786,786,786,786,786
16,17,16,16,16,16,15,15,15,15,14
543,543,543,543,543,543,543,543,543,543,543
988,988,988,988,987,987,987,986,986,986,985
186,186,186,186,186,186,186,186,186,186,186
236,238,239,240,241,242,242,243,244,245,246
1007,1007,1007,1007,1007,1007,1007,1007,1007,1007,1007
480,480,479,478,477,477,476,475,474,473,472
35,35,35,35,35,35,35,35,35,35,35
837,839,839,840,841,842,842,843,844,845,845
787,787,787,787,787,787,787,787,787,787,787
16,17,16,16,16,16,15,15,15,15,15
542,542,542,542,542,542,542,542,542,542,542
988,989,988,988,988,987,987,987,986,986,985
186,186,186,186,186,186,186,186,186,186,186
236,238,239,239,240,241,242,243,243,244,245
1007,1007,1007,1007,1007,1007,1007,1007,1007,1007,1007
481,481,480,479,478,477,476,475,474,473,472
35,35,35,35,35,35,35,35,35,35,35
837,838,839,840,841,841,842,843,843,844,845
787,787,787,787,787,787,787,787,787,787,787
16,17,17,16,16,16,16,15,15,15,15
542,542,542,542,542,542,542,542,542,542,542
988,989,989,988,988,987,987,987,986,986,986
187,187,187,187,187,187,187,187,187,187,187
235,237,238,239,240,241,241,242,243,244,245
1007,1007,1007,1007,1007,1007,1007,1007,1007,1007,1007
482,482,481,480,479,478,477,476,475,474,473
35,35,35,35,35,35,35,35,35,35,35
836,838,839,839,840,841,842,842,843,844,845
788,788,788,788,788,788,788,788,788,788,788
16,17,17,16,16,16,16,16,15,15,15
541,541,541,541,541,541,541,541,541,541,541
988,989,989,988,988,988,987,987,987,986,986
187,187,187,187,187,187,187,187,187,187,187
235,237,238,238,239,240,241,242,242,243,244
1007,1007,1007,1007,1007,1007,1007,1007,1007,1007,1007
482,482,481,480,479,478,477,476,475,474,473
34,34,34,34,34,34,34,34,34,34,34
836,837,838,839,840,840,841,842,843,843,844
788,788,788,788,788,788,788,788,788,788,788
16,17,17,17,16,16,16,16,15,15,15
541,541,541,541,541,541,541,541,541,541,541
989,989,989,989,988,988,988,987,987,986,986
188,188,188,188,188,188,188,188,188,188,188
234,236,237,238,239,240,240,241,242,243,244
1007,1007,1007,1007,1007,1007,1007,1007,1007,1007,1007
483,483,482,481,480,479,478,477,476,475,474
34,34,34,34,34,34,34,34,34,34,34
835,837,838,838,839,840,841,841,842,843,844
789,789,789,789,789,789,789,789,789,789,789
16,17,17,17,17,16,16,16,16,15,15
540,540,540,540,540,540,540,540,540,540,540
989,990,989,989,988,988,988,987,987,987,986
188,188,188,188,188,188,188,188,188,188,188
234,236,237,237,238,239,240,241,241,242,243
1006,1006,1006,1006,1006,1006,1006,1006,1006,1006,1006
483,483,482,481,480,479,478,478,477,476,475
34,34,34,34,34,34,34,34,34,34,34
835,836,837,838,839,839,840,841,842,842,843
789,789,789,789,789,789,789,789,789,789,789
17,17,17,17,17,16,16,16,16,15,15
539,539,539,539,539,539,539,539,539,539,539
989,990,989,989,989,988,988,988,987,987,987
189,189,189,189,189,189,189,189,189,189,189
233,235,236,237,238,239,239,240,241,242,243
1006,1006,1006,1006,1006,1006,1006,1006,1006,1006,1006
484,484,483,482,481,480,479,478,477,476,475
34,34,34,34,34,34,34,34,34,34,34
834,836,837,838,838,839,840,840,841,842,843
790,790,790,790,790,790,790,790,790,790,790
17,18,17,17,17,17,16,16,16,16,15
539,539,539,539,539,539,539,539,539,539,539
989,990,990,989,989,989,988,988,987,987,987
189,189,189,189,189,189,189,189,189,189,189
233,235,236,236,237,238,239,240,240,241,242
1006,1006,1006,1006,1006,1006,1006,1006,1006,1006,1006
484,484,484,483,482,481,480,479,478,477,476
34,34,34,34,34,34,34,34,34,34,34
834,836,836,837,838,839,839,840,841,842,842
790,790,790,790,790,790,790,790,790,790,790
17,18,17,17,17,17,16,16,16,16,16
538,538,538,538,538,538,538,538,538,538,538
990,990,990,989,989,989,988,988,988,987,987
189,189,189,189,189,189,189,189,189,189,189
232,234,235,236,237,238,238,239,240,241,242
1006,1006,1006,1006,1006,1006,1006,1006,1006,1006,1006
485,485,484,483,482,481,480,479,478,477,476
33,33,33,33,33,33,33,33,33,33,33
833,835,836,837,837,838,839,840,840,841,842
791,791,791,791,791,791,791,791,791,791,791
17,18,18,17,17,17,17,16,16,16,16
538,538,538,538,538,538,538,538,538,538,538
990,990,990,990,989,989,989,988,988,988,987
190,190,190,190,190,190,190,190,190,190,190
232,234,235,235,236,237,238,239,239,240,241
1006,1006,1006,1006,1006,1006,1006,1006,1006,1006,1006
486,486,485,484,483,482,481,480,479,478,477
33,33,33,33,33,33,33,33,33,33,33
833,835,835,836,837,838,838,839,840,841,841
791,791,791,791,791,791,791,791,791,791,791
17,18,18,18,17,17,17,17,16,16,16
537,537,537,537,537,537,537,537,537,537,537
990,991,990,990,990,989,989,989,988,988,987
190,190,190,190,190,190,190,190,190,190,190
231,233,234,235,236,237,237,238,239,240,241
1006,1006,1006,1006,1006,1006,1006,1006,1006,1006,1006
486,486,485,484,483,482,481,480,480,479,478
33,33,33,33,33,33,33,33,33,33,33
832,834,835,836,836,837,838,839,839,840,841
792,792,792,792,792,792,792,792,792,792,792
17,18,18,18,17,17,17,17,16,16,16
536,536,536,536,536,536,536,536,536,536,536
990,991,990,990,990,989,989,989,988,988,988
191,191,191,191,191,191,191,191,191,191,191
231,233,234,234,235,236,237,238,238,239,240
1006,1006,1006,1006,1006,1006,1006,1006,1006,1006,1006
487,487,486,485,484,483,482,481,480,479,478
33,33,33,33,33,33,33,33,33,33,33
832,834,834,835,836,837,837,838,839,840,840
792,792,792,792,792,792,792,792,792,792,792
18,18,18,18,18,17,17,17,17,16,16
536,536,536,536,536,536,536,536,536,536,536
990,991,991,990,990,990,989,989,989,988,988
191,191,191,191,191,191,191,191,191,191,191
230,232,233,234,235,236,236,237,238,239,240
1005,1005,1005,1005,1005,1005,1005,1005,1005,1005,1005
487,487,486,486,485,484,483,482,481,480,479
33,33,33,33,33,33,33,33,33,33,33
832,833,834,835,836,836,837,838,839,839,840
793,793,793,793,793,793,793,793,793,793,793
18,18,18,18,18,17,17,17,17,16,16
535,535,535,535,535,535,535,535,535,535,535
991,991,991,991,990,990,990,989,989,988,988
192,192,192,192,192,192,192,192,192,192,192
230,232,233,233,234,235,236,237,237,238,239
1005,1005,1005,1005,1005,1005,1005,1005,1005,1005,1005
488,488,487,486,485,484,483,482,481,480,479
32,32,32,32,32,32,32,32,32,32,32
831,833,834,834,835,836,837,837,838,839,840
793,793,793,793,793,793,793,793,793,793,793
18,19,18,18,18,18,17,17,17,17,16
535,535,535,535,535,535,535,535,535,535,535
991,991,991,991,990,990,990,989,989,989,988
192,192,192,192,192,192,192,192,192,192,192
230,231,232,233,234,235,235,236,237,238,239
1005,1005,1005,1005,1005,1005,1005,1005,1005,1005,1005
489,489,488,487,486,485,484,483,482,481,480
32,32,32,32,32,32,32,32,32,32,32
831,832,833,834,835,835,836,837,838,838,839
794,794,794,794,794,794,794,794,794,794,794
18,19,19,18,18,18,18,17,17,17,17
534,534,534,534,534,534,534,534,534,534,534
991,992,991,991,991,990,990,990,989,989,989
193,193,193,193,193,193,193,193,193,193,193
229,231,232,232,233,234,235,236,236,237,238
1005,1005,1005,1005,1005,1005,1005,1005,1005,1005,1005
489,489,488,487,486,485,484,483,482,481,481
32,32,32,32,32,32,32,32,32,32,32
830,832,833,833,834,835,836,836,837,838,839
794,794,794,794,794,794,794,794,794,794,794
18,19,19,18,18,18,18,17,17,17,17
534,534,534,534,534,534,534,534,534,534,534
991,992,992,991,991,990,990,990,989,989,989
193,193,193,193,193,193,193,193,193,193,193
229,230,231,232,233,234,234,235,236,237,238
1005,1005,1005,1005,1005,1005,1005,1005,1005,1005,1005
490,490,489,488,487,486,485,484,483,482,481
32,32,32,32,32,32,32,32,32,32,32
830,831,832,833,834,834,835,836,837,837,838
795,795,795,795,795,795,795,795,795,795,795
18,19,19,19,18,18,18,18,17,17,17
533,533,533,533,533,533,533,533,533,533,533
991,992,992,991,991,991,990,990,990,989,989
194,194,194,194,194,194,194,194,194,194,194
228,230,231,231,232,233,234,235,235,236,237
1005,1005,1005,1005,1005,1005,1005,1005,1005,1005,1005
490,490,489,488,487,487,486,485,484,483,482
31,31,31,31,31,31,31,31,31,31,31
829,831,832,832,833,834,835,835,836,837,838
795,795,795,795,795,795,795,795,795,795,795
18,19,19,19,18,18,18,18,17,17,17
532,532,532,532,532,532,532,532,532,532,532
992,992,992,992,991,991,991,990,990,990,989
194,194,194,194,194,194,194,194,194,194,194
228,229,230,231,232,233,233,234,235,236,237
1004,1004,1004,1004,1004,1004,1004,1004,1004,1004,1004
491,491,490,489,488,487,486,485,484,483,482
31,31,31,31,31,31,31,31,31,31,31
829,831,831,832,833,834,834,835,836,837,837
796,796,796,796,796,796,796,796,796,796,796
19,19,19,19,19,18,18,18,18,17,17
532,532,532,532,532,532,532,532,532,532,532
992,992,992,992,991,991,991,990,990,990,989
194,194,194,194,194,194,194,194,194,194,194
227,229,230,230,231,232,233,234,234,235,236
1004,1004,1004,1004,1004,1004,1004,1004,1004,1004,1004
492,492,491,490,489,488,487,486,485,484,483
31,31,31,31,31,31,31,31,31,31,31
828,830,831,832,832,833,834,835,835,836,837
796,796,796,796,796,796,796,796,796,796,796
19,20,19,19,19,19,18,18,18,18,17
531,531,531,531,531,531,531,531,531,531,531
992,993,992,992,992,991,991,991,990,990,990
195,195,195,195,195,195,195,195,195,195,195
227,228,229,230,231,232,232,233,234,235,236
1004,1004,1004,1004,1004,1004,1004,1004,1004,1004,1004
492,492,491,490,489,488,487,486,485,484,483
31,31,31,31,31,31,31,31,31,31,31
828,830,830,831,832,833,833,834,835,836,836
797,797,797,797,797,797,797,797,797,797,797
19,20,19,19,19,19,18,18,18,18,17
531,531,531,531,531,531,531,531,531,531,531
992,993,993,992,992,992,991,991,991,990,990
195,195,195,195,195,195,195,195,195,195,195
226,228,229,229,230,231,232,233,234,234,235
1004,1004,1004,1004,1004,1004,1004,1004,1004,1004,1004
493,493,492,491,490,489,488,487,486,485,484
31,31,31,31,31,31,31,31,31,31,31
827,829,830,831,831,832,833,834,834,835,836
797,797,797,797,797,797,797,797,797,797,797
19,20,20,19,19,19,19,18,18,18,18
530,530,530,530,530,530,530,530,530,530,530
992,993,993,992,992,992,991,991,991,990,990
196,196,196,196,196,196,196,196,196,196,196
226,227,228,229,230,231,231,232,233,234,235
1004,1004,1004,1004,1004,1004,1004,1004,1004,1004,1004
493,493,492,491,490,489,488,488,487,486,485
30,30,30,30,30,30,30,30,30,30,30
827,829,829,830,831,832,832,833,834,835,835
798,798,798,798,798,798,798,798,798,798,798
19,20,20,20,19,19,19,18,18,18,18
529,529,529,529,529,529,529,529,529,529,529
993,993,993,993,992,992,992,991,991,991,990
196,196,196,196,196,196,196,196,196,196,196
225,227,228,228,229,230,231,232,233,233,234
1004,1004,1004,1004,1004,1004,1004,1004,1004,1004,1004
494,494,493,492,491,490,489,488,487,486,485
30,30,30,30,30,30,30,30,30,30,30
826,828,829,830,830,831,832,833,833,834,835
798,798,798,798,798,798,798,798,798,798,798
19,20,20,20,19,19,19,19,18,18,18
529,529,529,529,529,529,529,529,529,529,529
993,993,993,993,992,992,992,991,991,991,990
197,197,197,197,197,197,197,197,197,197,197
225,226,227,228,229,230,230,231,232,233,234
1003,1003,1003,1003,1003,1003,1003,1003,1003,1003,1003
494,494,494,493,492,491,490,489,488,487,486
30,30,30,30,30,30,30,30,30,30,30
826,828,828,829,830,831,832,832,833,834,835
799,799,799,799,799,799,799,799,799,799,799
20,20,20,20,20,19,19,19,19,18,18
528,528,528,528,528,528,528,528,528,528,528
993,994,993,993,993,992,992,992,991,991,991
197,197,197,197,197,197,197,197,197,197,197
224,226,227,228,228,229,230,231,232,232,233
1003,1003,1003,1003,1003,1003,1003,1003,1003,1003,1003
495,495,494,493,492,491,490,489,488,487,486
30,30,30,30,30,30,30,30,30,30,30
826,827,828,829,830,830,831,832,833,833,834
799,799,799,799,799,799,799,799,799,799,799
20,21,20,20,20,19,19,19,19,18,18
528,528,528,528,528,528,528,528,528,528,528
993,994,994,993,993,993,992,992,992,991,991
198,198,198,198,198,198,198,198,198,198,198
224,225,226,227,228,229,229,230,231,232,233
1003,1003,1003,1003,1003,1003,1003,1003,1003,1003,1003
496,496,495,494,493,492,491,490,489,488,487
30,30,30,30,30,30,30,30,30,30,30
825,827,828,828,829,830,831,831,832,833,834
800,800,800,800,800,800,800,800,800,800,800
20,21,20,20,20,20,19,19,19,19,18
527,527,527,527,527,527,527,527,527,527,527
993,994,994,993,993,993,992,992,992,991,991
198,198,198,198,198,198,198,198,198,198,198
223,225,226,227,227,228,229,230,231,231,232
1003,1003,1003,1003,1003,1003,1003,1003,1003,1003,1003
496,496,495,494,493,492,491,490,490,489,488
29,29,29,29,29,29,29,29,29,29,29
825,826,827,828,829,829,830,831,832,832,833
800,800,800,800,800,800,800,800,800,800,800
20,21,21,20,20,20,20,19,19,19,18
526,526,526,526,526,526,526,526,526,526,526
994,994,994,994,993,993,993,992,992,992,991
199,199,199,199,199,199,199,199,199,199,199
223,224,225,226,227,228,228,229,230,231,232
1003,1003,1003,1003,1003,1003,1003,1003,1003,1003,1003
497,497,496,495,494,493,492,491,490,489,488
29,29,29,29,29,29,29,29,29,29,29
824,826,827,827,828,829,830,830,831,832,833
801,801,801,801,801,801,801,801,801,801,801
20,21,21,20,20,20,20,19,19,19,19
526,526,526,526,526,526,526,526,526,526,526
994,994,994,994,994,993,993,993,992,992,991
199,199,199,199,199,199,199,199,199,199,199
222,224,225,226,226,227,228,229,230,230,231
1003,1003,1003,1003,1003,1003,1003,1003,1003,1003,1003
497,497,496,496,495,494,493,492,491,490,489
29,29,29,29,29,29,29,29,29,29,29
824,825,826,827,828,828,829,830,831,831,832
801,801,801,801,801,801,801,801,801,801,801
20,21,21,21,20,20,20,20,19,19,19
525,525,525,525,525,525,525,525,525,525,525
994,995,994,994,994,993,993,993,992,992,992
200,200,200,200,200,200,200,200,200,200,200
222,223,224,225,226,227,227,228,229,230,231
1002,1002,1002,1002,1002,1002,1002,1002,1002,1002,1002
498,498,497,496,495,494,493,492,491,490,489
29,29,29,29,29,29,29,29,29,29,29
823,825,826,826,827,828,829,830,830,831,832
802,802,802,802,802,802,802,802,802,802,802
21,21,21,21,21,20,20,20,19,19,19
525,525,525,525,525,525,525,525,525,525,525
994,995,995,994,994,994,993,993,993,992,992
200,200,200,200,200,200,200,200,200,200,200
221,223,224,225,225,226,227,228,229,229,230
1002,1002,1002,1002,1002,1002,1002,1002,1002,1002,1002
499,499,498,497,496,495,494,493,492,491,490
29,29,29,29,29,29,29,29,29,29,29
823,824,825,826,827,828,828,829,830,831,831
802,802,802,802,802,802,802,802,802,802,802
21,22,21,21,21,20,20,20,20,19,19
524,524,524,524,524,524,524,524,524,524,524
994,995,995,994,994,994,993,993,993,992,992
201,201,201,201,201,201,201,201,201,201,201
221,223,223,224,225,226,226,227,228,229,230
1002,1002,1002,1002,1002,1002,1002,1002,1002,1002,1002
499,499,498,497,496,495,494,493,492,491,491
28,28,28,28,28,28,28,28,28,28,28
822,824,825,826,826,827,828,829,829,830,831
803,803,803,803,803,803,803,803,803,803,803
21,22,21,21,21,21,20,20,20,20,19
524,524,524,524,524,524,524,524,524,524,524
995,995,995,995,994,994,994,993,993,993,992
201,201,201,201,201,201,201,201,201,201,201
220,222,223,224,224,225,226,227,228,228,229
1002,1002,1002,1002,1002,1002,1002,1002,1002,1002,1002
500,500,499,498,497,496,495,494,493,492,491
28,28,28,28,28,28,28,28,28,28,28
822,824,824,825,826,827,827,828,829,830,830
803,803,803,803,803,803,803,803,803,803,803
21,22,22,21,21,21,20,20,20,20,19
523,523,523,523,523,523,523,523,523,523,523
995,995,995,995,995,994,994,994,993,993,993
201,201,201,201,201,201,201,201,201,201,201
220,222,222,223,224,225,226,226,227,228,229
1002,1002,1002,1002,1002,1002,1002,1002,1002,1002,1002
500,500,499,498,497,497,496,495,494,493,492
28,28,28,28,28,28,28,28,28,28,28
821,823,824,825,825,826,827,828,828,829,830
803,803,803,803,803,803,803,803,803,803,803
21,22,22,21,21,21,21,20,20,20,20
522,522,522,522,522,522,522,522,522,522,522
995,996,995,995,995,994,994,994,993,993,993
202,202,202,202,202,202,202,202,202,202,202
219,221,222,223,223,224,225,226,227,227,228
1002,1002,1002,1002,1002,1002,1002,1002,1002,1002,1002
501,501,500,499,498,497,496,495,494,493,492
28,28,28,28,28,28,28,28,28,28,28
821,823,823,824,825,826,826,827,828,829,829
804,804,804,804,804,804,804,804,804,804,804
21,22,22,22,21,21,21,21,20,20,20
522,522,522,522,522,522,522,522,522,522,522
995,996,996,995,995,995,994,994,994,993,993
202,202,202,202,202,202,202,202,202,202,202
219,221,221,222,223,224,225,225,226,227,228
1001,1001,1001,1001,1001,1001,1001,1001,1001,1001,1001
502,502,501,500,499,498,497,496,495,494,493
28,28,28,28,28,28,28,28,28,28,28
820,822,823,824,824,825,826,827,827,828,829
804,804,804,804,804,804,804,804,804,804,804
22,22,22,22,22,21,21,21,20,20,20
521,521,521,521,521,521,521,521,521,521,521
995,996,996,995,995,995,994,994,994,993,993
203,203,203,203,203,203,203,203,203,203,203
218,220,221,222,222,223,224,225,226,226,227
1001,1001,1001,1001,1001,1001,1001,1001,1001,1001,1001
502,502,501,500,499,498,497,496,495,494,493
28,28,28,28,28,28,28,28,28,28,28
820,822,822,823,824,825,825,826,827,828,829
805,805,805,805,805,805,805,805,805,805,805
22,23,22,22,22,21,21,21,21,20,20
521,521,521,521,521,521,521,521,521,521,521
996,996,996,996,995,995,995,994,994,994,993
203,203,203,203,203,203,203,203,203,203,203
218,220,220,221,222,223,224,224,225,226,227
1001,1001,1001,1001,1001,1001,1001,1001,1001,1001,1001
503,503,502,501,500,499,498,497,496,495,494
27,27,27,27,27,27,27,27,27,27,27
819,821,822,823,823,824,825,826,827,827,828
805,805,805,805,805,805,805,805,805,805,805
22,23,22,22,22,22,21,21,21,21,20
520,520,520,520,520,520,520,520,520,520,520
996,996,996,996,995,995,995,995,994,994,994
204,204,204,204,204,204,204,204,204,204,204
217,219,220,221,221,222,223,224,225,225,226
1001,1001,1001,1001,1001,1001,1001,1001,1001,1001,1001
503,503,502,501,500,499,499,498,497,496,495
27,27,27,27,27,27,27,27,27,27,27
819,821,821,822,823,824,825,825,826,827,828
806,806,806,806,806,806,806,806,806,806,806
22,23,23,22,22,22,21,21,21,21,20
519,519,519,519,519,519,519,519,519,519,519
996,997,996,996,996,995,995,995,994,994,994
204,204,204,204,204,204,204,204,204,204,204
217,219,219,220,221,222,223,223,224,225,226
1001,1001,1001,1001,1001,1001,1001,1001,1001,1001,1001
504,504,503,502,501,500,499,498,497,496,495
27,27,27,27,27,27,27,27,27,27,27
818,820,821,822,823,823,824,825,826,826,827
806,806,806,806,806,806,806,806,806,806,806
22,23,23,22,22,22,22,21,21,21,21
519,519,519,519,519,519,519,519,519,519,519
996,997,997,996,996,996,995,995,995,994,994
205,205,205,205,205,205,205,205,205,205,205
216,218,219,220,221,221,222,223,224,225,225
1001,1001,1001,1001,1001,1001,1001,1001,1001,1001,1001
504,505,504,503,502,501,500,499,498,497,496
27,27,27,27,27,27,27,27,27,27,27
818,820,821,821,822,823,824,824,825,826,827
807,807,807,807,807,807,807,807,807,807,807
23,23,23,23,22,22,22,22,21,21,21
518,518,518,518,518,518,518,518,518,518,518
996,997,997,996,996,996,995,995,995,994,994
205,205,205,205,205,205,205,205,205,205,205
216,218,218,219,220,221,222,222,223,224,225
1000,1000,1000,1000,1000,1000,1000,1000,1000,1000,1000
505,505,504,503,502,501,500,499,498,497,496
27,27,27,27,27,27,27,27,27,27,27
818,819,820,821,822,822,823,824,825,825,826
807,807,807,807,807,807,807,807,807,807,807
23,23,23,23,23,22,22,22,21,21,21
518,518,518,518,518,518,518,518,518,518,518
997,997,997,997,996,996,996,995,995,995,994
206,206,206,206,206,206,206,206,206,206,206
215,217,218,219,220,220,221,222,223,224,224
1000,1000,1000,1000,1000,1000,1000,1000,1000,1000,1000
506,506,505,504,503,502,501,500,499,498,497
26,26,26,26,26,26,26,26,26,26,26
817,819,820,820,821,822,823,823,824,825,826
808,808,808,808,808,808,808,808,808,808,808
23,24,23,23,23,22,22,22,22,21,21
517,517,517,517,517,517,517,517,517,517,517
997,997,997,997,996,996,996,996,995,995,995
206,206,206,206,206,206,206,206,206,206,206
215,217,217,218,219,220,221,221,222,223,224
1000,1000,1000,1000,1000,1000,1000,1000,1000,1000,1000
506,506,505,504,503,502,501,500,500,499,498
26,26,26,26,26,26,26,26,26,26,26
817,818,819,820,821,821,822,823,824,825,825
808,808,808,808,808,808,808,808,808,808,808
23,24,23,23,23,23,22,22,22,21,21
516,516,516,516,516,516,516,516,516,516,516
997,998,997,997,997,996,996,996,995,995,995
207,207,207,207,207,207,207,207,207,207,207
214,216,217,218,219,219,220,221,222,223,223
1000,1000,1000,1000,1000,1000,1000,1000,1000,1000,1000
507,507,506,505,504,503,502,501,500,499,498
26,26,26,26,26,26,26,26,26,26,26
816,818,819,819,820,821,822,823,823,824,825
809,809,809,809,809,809,809,809,809,809,809
23,24,24,23,23,23,22,22,22,22,21
516,516,516,516,516,516,516,516,516,516,516
997,998,997,997,997,997,996,996,996,995,995
207,207,207,207,207,207,207,207,207,207,207
214,216,217,217,218,219,220,220,221,222,223
1000,1000,1000,1000,1000,1000,1000,1000,1000,1000,1000
507,507,506,506,505,504,503,502,501,500,499
26,26,26,26,26,26,26,26,26,26,26
816,817,818,819,820,821,821,822,823,824,824
809,809,809,809,809,809,809,809,809,809,809
23,24,24,24,23,23,23,22,22,22,22
515,515,515,515,515,515,515,515,515,515,515
997,998,998,997,997,997,996,996,996,995,995
208,208,208,208,208,208,208,208,208,208,208
213,215,216,217,218,218,219,220,221,222,222
1000,1000,1000,1000,1000,1000,1000,1000,1000,1000,1000
508,508,507,506,505,504,503,502,501,500,499
26,26,26,26,26,26,26,26,26,26,26
815,817,818,818,819,820,821,822,822,823,824
810,810,810,810,810,810,810,810,810,810,810
24,24,24,24,23,23,23,23,22,22,22
515,515,515,515,515,515,515,515,515,515,515
997,998,998,998,997,997,997,996,996,996,995
208,208,208,208,208,208,208,208,208,208,208
213,215,216,216,217,218,219,220,220,221,222
999,999,999,999,999,999,999,999,999,999,999
509,509,508,507,506,505,504,503,502,501,500
25,25,25,25,25,25,25,25,25,25,25
815,816,817,818,819,820,820,821,822,823,823
810,810,810,810,810,810,810,810,810,810,810
24,24,24,24,24,23,23,23,22,22,22
514,514,514,514,514,514,514,514,514,514,514
998,998,998,998,997,997,997,996,996,996,996
209,209,209,209,209,209,209,209,209,209,209
213,214,215,216,217,217,218,219,220,221,221
999,999,999,999,999,999,999,999,999,999,999
509,509,508,507,506,505,504,503,502,501,501
25,25,25,25,25,25,25,25,25,25,25
814,816,817,818,818,819,820,821,821,822,823
811,811,811,811,811,811,811,811,811,811,811
24,25,24,24,24,23,23,23,23,22,22
514,514,514,514,514,514,514,514,514,514,514
998,999,998,998,998,997,997,997,996,996,996
209,209,209,209,209,209,209,209,209,209,209
212,214,215,215,216,217,218,219,219,220,221
999,999,999,999,999,999,999,999,999,999,999
510,510,509,508,507,506,505,504,503,502,501
25,25,25,25,25,25,25,25,25,25,25
814,816,816,817,818,819,819,820,821,822,822
811,811,811,811,811,811,811,811,811,811,811
24,25,25,24,24,24,23,23,23,23,22
513,513,513,513,513,513,513,513,513,513,513
998,999,998,998,998,997,997,997,997,996,996
209,209,209,209,209,209,209,209,209,209,209
212,213,214,215,216,216,217,218,219,220,220
999,999,999,999,999,999,999,999,999,999,999
510,510,509,508,508,507,506,505,504,503,502
25,25,25,25,25,25,25,25,25,25,25
813,815,816,817,817,818,819,820,820,821,822
812,812,812,812,812,812,812,812,812,812,812
24,25,25,24,24,24,24,23,23,23,22
512,512,512,512,512,512,512,512,512,512,512
998,999,999,998,998,998,997,997,997,996,996
210,210,210,210,210,210,210,210,210,210,210
211,213,214,214,215,216,217,218,218,219,220
999,999,999,999,999,999,999,999,999,999,999
511,511,510,509,508,507,506,505,504,503,502
25,25,25,25,25,25,25,25,25,25,25
813,815,815,816,817,818,818,819,820,821,822
812,812,812,812,812,812,812,812,812,812,812
24,25,25,25,24,24,24,23,23,23,23
512,512,512,512,512,512,512,512,512,512,512
998,999,999,998,998,998,998,997,997,997,996
210,210,210,210,210,210,210,210,210,210,210
211,212,213,214,215,216,216,217,218,219,219
998,998,998,998,998,998,998,998,998,998,998
512,512,511,510,509,508,507,506,505,504,503
25,25,25,25,25,25,25,25,25,25,25
812,814,815,816,816,817,818,819,820,820,821
813,813,813,813,813,813,813,813,813,813,813
25,25,25,25,24,24,24,24,23,23,23
511,511,511,511,511,511,511,511,511,511,511
999,999,999,999,998,998,998,997,997,997,997
211,211,211,211,211,211,211,211,211,211,211
210,212,213,213,214,215,216,217,217,218,219
998,998,998,998,998,998,998,998,998,998,998
512,512,511,510,509,508,507,506,505,504,503
24,24,24,24,24,24,24,24,24,24,24
812,814,814,815,816,817,818,818,819,820,821
813,813,813,813,813,813,813,813,813,813,813
25,26,25,25,25,24,24,24,23,23,23
511,511,511,511,511,511,511,511,511,511,511
999,999,999,999,999,998,998,998,997,997,997
211,211,211,211,211,211,211,211,211,211,211
210,211,212,213,214,215,215,216,217,218,219
998,998,998,998,998,998,998,998,998,998,998
513,513,512,511,510,509,508,507,506,505,504
24,24,24,24,24,24,24,24,24,24,24
811,813,814,815,815,816,817,818,819,819,820
814,814,814,814,814,814,814,814,814,814,814
25,26,25,25,25,25,24,24,24,23,23
510,510,510,510,510,510,510,510,510,510,510
999,1000,999,999,999,998,998,998,998,997,997
212,212,212,212,212,212,212,212,212,212,212
209,211,212,213,213,214,215,216,216,217,218
998,998,998,998,998,998,998,998,998,998,998
513,513,512,511,510,509,509,508,507,506,505
24,24,24,24,24,24,24,24,24,24,24
811,813,813,814,815,816,817,817,818,819,820
814,814,814,814,814,814,814,814,814,814,814
25,26,26,25,25,25,24,24,24,24,23
509,509,509,509,509,509,509,509,509,509,509
999,1000,1000,999,999,999,998,998,998,997,997
212,212,212,212,212,212,212,212,212,212,212
209,210,211,212,213,214,214,215,216,217,218
998,998,998,998,998,998,998,998,998,998,998
514,514,513,512,511,510,509,508,507,506,505
24,24,24,24,24,24,24,24,24,24,24
810,812,813,814,815,815,816,817,818,818,819
815,815,815,815,815,815,815,815,815,815,815
25,26,26,25,25,25,25,24,24,24,23
509,509,509,509,509,509,509,509,509,509,509
999,1000,1000,999,999,999,998,998,998,998,997
213,213,213,213,213,213,213,213,213,213,213
208,210,211,212,212,213,214,215,215,216,217
998,998,998,998,998,998,998,998,998,998,998
514,515,514,513,512,511,510,509,508,507,506
24,24,24,24,24,24,24,24,24,24,24
810,812,812,813,814,815,816,816,817,818,819
815,815,815,815,815,815,815,815,815,815,815
26,26,26,26,25,25,25,24,24,24,24
508,508,508,508,508,508,508,508,508,508,508
999,1000,1000,1000,999,999,999,998,998,998,997
213,213,213,213,213,213,213,213,213,213,213
208,210,210,211,212,213,213,214,215,216,217
997,997,997,997,997,997,997,997,997,997,997
515,515,514,513,512,511,510,509,508,507,506
23,23,23,23,23,23,23,23,23,23,23
809,811,812,813,814,814,815,816,817,817,818
815,815,815,815,815,815,815,815,815,815,815
26,26,26,26,26,25,25,25,24,24,24
508,508,508,508,508,508,508,508,508,508,508
1000,1000,1000,1000,999,999,999,999,998,998,998
214,214,214,214,214,214,214,214,214,214,214
207,209,210,211,211,212,213,214,215,215,216
997,997,997,997,997,997,997,997,997,997,997
516,516,515,514,513,512,511,510,509,508,507
23,23,23,23,23,23,23,23,23,23,23
809,811,812,812,813,814,815,815,816,817,818
816,816,816,816,816,816,816,816,816,816,816
26,27,26,26,26,25,25,25,25,24,24
507,507,507,507,507,507,507,507,507,507,507
1000,1001,1000,1000,1000,999,999,999,998,998,998
214,214,214,214,214,214,214,214,214,214,214
207,209,209,210,211,212,212,213,214,215,216
997,997,997,997,997,997,997,997,997,997,997
516,516,515,514,513,512,511,510,510,509,508
23,23,23,23,23,23,23,23,23,23,23
808,810,811,812,813,813,814,815,816,817,817
816,816,816,816,816,816,816,816,816,816,816
26,27,27,26,26,26,25,25,25,24,24
506,506,506,506,506,506,506,506,506,506,506
1000,1001,1000,1000,1000,1000,999,999,999,998,998
215,215,215,215,215,215,215,215,215,215,215
206,208,209,210,210,211,212,213,214,214,215
997,997,997,997,997,997,997,997,997,997,997
517,517,516,515,514,513,512,511,510,509,508
23,23,23,23,23,23,23,23,23,23,23
808,810,811,811,812,813,814,814,815,816,817
817,817,817,817,817,817,817,817,817,817,817
26,27,27,26,26,26,25,25,25,25,24
506,506,506,506,506,506,506,506,506,506,506
1000,1001,1001,1000,1000,1000,999,999,999,999,998
215,215,215,215,215,215,215,215,215,215,215
206,208,208,209,210,211,212,212,213,214,215
997,997,997,997,997,997,997,997,997,997,997
517,517,516,516,515,514,513,512,511,510,509
23,23,23,23,23,23,23,23,23,23,23
808,809,810,811,812,812,813,814,815,816,816
817,817,817,817,817,817,817,817,817,817,817
26,27,27,27,26,26,26,25,25,25,24
505,505,505,505,505,505,505,505,505,505,505
1000,1001,1001,1000,1000,1000,1000,999,999,999,998
216,216,216,216,216,216,216,216,216,216,216
205,207,208,209,210,210,211,212,213,213,214
996,996,996,996,996,996,996,996,996,996,996
518,518,517,516,515,514,513,512,511,510,509
23,23,23,23,23,23,23,23,23,23,23
807,809,810,810,811,812,813,814,814,815,816
818,818,818,818,818,818,818,818,818,818,818
27,27,27,27,26,26,26,26,25,25,25
505,505,505,505,505,505,505,505,505,505,505
1001,1001,1001,1001,1000,1000,1000,999,999,999,999
216,216,216,216,216,216,216,216,216,216,216
205,207,207,208,209,210,211,211,212,213,214
996,996,996,996,996,996,996,996,996,996,996
519,519,518,517,516,515,514,513,512,511,510
22,22,22,22,22,22,22,22,22,22,22
807,808,809,810,811,812,812,813,814,815,815
818,818,818,818,818,818,818,818,818,818,818
27,28,27,27,27,26,26,26,25,25,25
504,504,504,504,504,504,504,504,504,504,504
1001,1001,1001,1001,1001,1000,1000,1000,999,999,999
217,217,217,217,217,217,217,217,217,217,217
204,206,207,208,209,209,210,211,212,212,213
996,996,996,996,996,996,996,996,996,996,996
519,519,518,517,516,515,514,513,512,512,511
22,22,22,22,22,22,22,22,22,22,22
806,808,809,809,810,811,812,813,813,814,815
819,819,819,819,819,819,819,819,819,819,819
27,28,27,27,27,27,26,26,26,25,25
504,504,504,504,504,504,504,504,504,504,504
1001,1002,1001,1001,1001,1000,1000,1000,1000,999,999
217,217,217,217,217,217,217,217,217,217,217
204,206,207,207,208,209,210,210,211,212,213
996,996,996,996,996,996,996,996,996,996,996
520,520,519,518,517,516,515,514,513,512,511
22,22,22,22,22,22,22,22,22,22,22
806,807,808,809,810,811,811,812,813,814,814
819,819,819,819,819,819,819,819,819,819,819
27,28,28,27,27,27,26,26,26,26,25
503,503,503,503,503,503,503,503,503,503,503
1001,1002,1001,1001,1001,1001,1000,1000,1000,999,999
218,218,218,218,218,218,218,218,218,218,218
204,205,206,207,208,208,209,210,211,211,212
996,996,996,996,996,996,996,996,996,996,996
520,520,519,518,518,517,516,515,514,513,512
22,22,22,22,22,22,22,22,22,22,22
805,807,808,808,809,810,811,812,812,813,814
820,820,820,820,820,820,820,820,820,820,820
27,28,28,28,27,27,27,26,26,26,25
502,502,502,502,502,502,502,502,502,502,502
1001,1002,1002,1001,1001,1001,1000,1000,1000,1000,999
218,218,218,218,218,218,218,218,218,218,218
203,205,206,206,207,208,209,209,210,211,212
995,995,995,995,995,995,995,995,995,995,995
521,521,520,519,518,517,516,515,514,513,512
22,22,22,22,22,22,22,22,22,22,22
805,806,807,808,809,810,810,811,812,813,814
820,820,820,820,820,820,820,820,820,820,820
28,28,28,28,27,27,27,26,26,26,26
502,502,502,502,502,502,502,502,502,502,502
1001,1002,1002,1002,1001,1001,1001,1000,1000,1000,999
219,219,219,219,219,219,219,219,219,219,219
203,204,205,206,207,207,208,209,210,211,211
995,995,995,995,995,995,995,995,995,995,995
522,522,521,520,519,518,517,516,515,514,513
22,22,22,22,22,22,22,22,22,22,22
804,806,807,808,808,809,810,811,811,812,813
821,821,821,821,821,821,821,821,821,821,821
28,29,28,28,28,27,27,27,26,26,26
501,501,501,501,501,501,501,501,501,501,501
1002,1002,1002,1002,1001,1001,1001,1001,1000,1000,1000
219,219,219,219,219,219,219,219,219,219,219
202,204,205,205,206,207,208,209,209,210,211
995,995,995,995,995,995,995,995,995,995,995
522,522,521,520,519,518,517,516,515,514,513
21,21,21,21,21,21,21,21,21,21,21
804,805,806,807,808,809,809,810,811,812,813
821,821,821,821,821,821,821,821,821,821,821
28,29,28,28,28,27,27,27,27,26,26
501,501,501,501,501,501,501,501,501,501,501
1002,1002,1002,1002,1002,1001,1001,1001,1000,1000,1000
220,220,220,220,220,220,220,220,220,220,220
202,203,204,205,206,206,207,208,209,210,210
995,995,995,995,995,995,995,995,995,995,995
523,523,522,521,520,519,518,517,516,515,514
21,21,21,21,21,21,21,21,21,21,21
803,805,806,807,807,808,809,810,811,811,812
822,822,822,822,822,822,822,822,822,822,822
28,29,29,28,28,28,27,27,27,26,26
500,500,500,500,500,500,500,500,500,500,500
1002,1003,1002,1002,1002,1001,1001,1001,1001,1000,1000
220,220,220,220,220,220,220,220,220,220,220
201,203,204,204,205,206,207,208,208,209,210
995,995,995,995,995,995,995,995,995,995,995
523,523,522,521,520,519,519,518,517,516,515
21,21,21,21,21,21,21,21,21,21,21
803,805,805,806,807,808,808,809,810,811,812
822,822,822,822,822,822,822,822,822,822,822
28,29,29,28,28,28,28,27,27,27,26
499,499,499,499,499,499,499,499,499,499,499
1002,1003,1003,1002,1002,1002,1001,1001,1001,1001,1000
221,221,221,221,221,221,221,221,221,221,221
201,202,203,204,205,206,206,207,208,209,209
994,994,994,994,994,994,994,994,994,994,994
524,524,523,522,521,520,519,518,517,516,515
21,21,21,21,21,21,21,21,21,21,21
802,804,805,806,806,807,808,809,810,810,811
823,823,823,823,823,823,823,823,823,823,823
29,29,29,29,28,28,28,27,27,27,26
499,499,499,499,499,499,499,499,499,499,499
1002,1003,1003,1002,1002,1002,1002,1001,1001,1001,1000
221,221,221,221,221,221,221,221,221,221,221
200,202,203,204,204,205,206,207,207,208,209
994,994,994,994,994,994,994,994,994,994,994
524,525,524,523,522,521,520,519,518,517,516
21,21,21,21,21,21,21,21,21,21,21
802,804,804,805,806,807,807,808,809,810,811
823,823,823,823,823,823,823,823,823,823,823
29,29,29,29,29,28,28,28,27,27,27
498,498,498,498,498,498,498,498,498,498,498
1002,1003,1003,1003,1002,1002,1002,1001,1001,1001,1001
222,222,222,222,222,222,222,222,222,222,222
200,202,202,203,204,205,205,206,207,208,208
994,994,994,994,994,994,994,994,994,994,994
525,525,524,523,522,521,520,519,518,517,516
21,21,21,21,21,21,21,21,21,21,21
801,803,804,805,805,806,807,808,809,809,810
823,823,823,823,823,823,823,823,823,823,823
29,30,29,29,29,28,28,28,27,27,27
498,498,498,498,498,498,498,498,498,498,498
1003,1003,1003,1003,1002,1002,1002,1002,1001,1001,1001
222,222,222,222,222,222,222,222,222,222,222
199,201,202,203,203,204,205,206,206,207,208
994,994,994,994,994,994,994,994,994,994,994
526,526,525,524,523,522,521,520,519,518,517
20,20,20,20,20,20,20,20,20,20,20
801,803,803,804,805,806,807,807,808,809,810
824,824,824,824,824,824,824,824,824,824,824
29,30,30,29,29,29,28,28,28,27,27
497,497,497,497,497,497,497,497,497,497,497
1003,1003,1003,1003,1003,1002,1002,1002,1002,1001,1001
222,222,222,222,222,222,222,222,222,222,222
199,201,201,202,203,204,204,205,206,207,208
994,994,994,994,994,994,994,994,994,994,994
526,526,525,524,523,522,521,521,520,519,518
20,20,20,20,20,20,20,20,20,20,20
800,802,803,804,804,805,806,807,808,808,809
824,824,824,824,824,824,824,824,824,824,824
29,30,30,29,29,29,28,28,28,28,27
496,496,496,496,496,496,496,496,496,496,496
1003,1004,1003,1003,1003,1003,1002,1002,1002,1001,1001
223,223,223,223,223,223,223,223,223,223,223
198,200,201,202,202,203,204,205,206,206,207
993,993,993,993,993,993,993,993,993,993,993
527,527,526,525,524,523,522,521,520,519,518
20,20,20,20,20,20,20,20,20,20,20
800,802,802,803,804,805,806,806,807,808,809
825,825,825,825,825,825,825,825,825,825,825
30,30,30,30,29,29,29,28,28,28,27
496,496,496,496,496,496,496,496,496,496,496
1003,1004,1004,1003,1003,1003,1002,1002,1002,1002,1001
223,223,223,223,223,223,223,223,223,223,223
198,200,200,201,202,203,203,204,205,206,207
993,993,993,993,993,993,993,993,993,993,993
527,527,527,526,525,524,523,522,521,520,519
20,20,20,20,20,20,20,20,20,20,20
799,801,802,803,803,804,805,806,807,807,808
825,825,825,825,825,825,825,825,825,825,825
30,30,30,30,30,29,29,29,28,28,28
495,495,495,495,495,495,495,495,495,495,495
1003,1004,1004,1003,1003,1003,1003,1002,1002,1002,1001
224,224,224,224,224,224,224,224,224,224,224
197,199,200,201,201,202,203,204,205,205,206
993,993,993,993,993,993,993,993,993,993,993
528,528,527,526,525,524,523,522,521,520,519
20,20,20,20,20,20,20,20,20,20,20
799,801,801,802,803,804,805,805,806,807,808
826,826,826,826,826,826,826,826,826,826,826
30,31,30,30,30,29,29,29,28,28,28
495,495,495,495,495,495,495,495,495,495,495
1003,1004,1004,1004,1003,1003,1003,1002,1002,1002,1002
224,224,224,224,224,224,224,224,224,224,224
197,199,199,200,201,202,203,203,204,205,206
993,993,993,993,993,993,993,993,993,993,993
529,529,528,527,526,525,524,523,522,521,520
20,20,20,20,20,20,20,20,20,20,20
798,800,801,802,803,803,804,805,806,806,807
826,826,826,826,826,826,826,826,826,826,826
30,31,31,30,30,30,29,29,29,28,28
494,494,494,494,494,494,494,494,494,494,494
1004,1004,1004,1004,1003,1003,1003,1003,1002,1002,1002
225,225,225,225,225,225,225,225,225,225,225
197,198,199,200,201,201,202,203,204,204,205
993,993,993,993,993,993,993,993,993,993,993
529,529,528,527,526,525,524,523,522,522,521
19,19,19,19,19,19,19,19,19,19,19
798,800,800,801,802,803,804,804,805,806,807
827,827,827,827,827,827,827,827,827,827,827
30,31,31,30,30,30,29,29,29,29,28
493,493,493,493,493,493,493,493,493,493,493
1004,1004,1004,1004,1004,1003,1003,1003,1003,1002,1002
225,225,225,225,225,225,225,225,225,225,225
196,198,199,199,200,201,202,202,203,204,205
992,992,992,992,992,992,992,992,992,992,992
530,530,529,528,527,526,525,524,523,522,521
19,19,19,19,19,19,19,19,19,19,19
797,799,800,801,802,802,803,804,805,806,806
827,827,827,827,827,827,827,827,827,827,827
31,31,31,31,30,30,30,29,29,29,28
493,493,493,493,493,493,493,493,493,493,493
1004,1005,1004,1004,1004,1004,1003,1003,1003,1002,1002
226,226,226,226,226,226,226,226,226,226,226
196,197,198,199,200,200,201,202,203,203,204
992,992,992,992,992,992,992,992,992,992,992
530,530,529,528,528,527,526,525,524,523,522
19,19,19,19,19,19,19,19,19,19,19
797,799,799,800,801,802,803,803,804,805,806
828,828,828,828,828,828,828,828,828,828,828
31,31,31,31,30,30,30,30,29,29,29
492,492,492,492,492,492,492,492,492,492,492
1004,1005,1005,1004,1004,1004,1003,1003,1003,1003,1002
226,226,226,226,226,226,226,226,226,226,226
195,197,198,198,199,200,201,201,202,203,204
992,992,992,992,992,992,992,992,992,992,992
531,531,530,529,528,527,526,525,524,523,522
19,19,19,19,19,19,19,19,19,19,19
796,798,799,800,801,801,802,803,804,805,805
828,828,828,828,828,828,828,828,828,828,828
31,32,31,31,31,30,30,30,29,29,29
492,492,492,492,492,492,492,492,492,492,492
1004,1005,1005,1004,1004,1004,1004,1003,1003,1003,1002
227,227,227,227,227,227,227,227,227,227,227
195,196,197,198,199,199,200,201,202,203,203
992,992,992,992,992,992,992,992,992,992,992
532,532,531,530,529,528,527,526,525,524,523
19,19,19,19,19,19,19,19,19,19,19
796,798,798,799,800,801,802,802,803,804,805
829,829,829,829,829,829,829,829,829,829,829
31,32,32,31,31,31,30,30,30,29,29
491,491,491,491,491,491,491,491,491,491,491
1004,1005,1005,1005,1004,1004,1004,1003,1003,1003,1003
227,227,227,227,227,227,227,227,227,227,227
194,196,197,197,198,199,200,201,201,202,203
992,992,992,992,992,992,992,992,992,992,992
532,532,531,530,529,528,527,526,525,524,524
19,19,19,19,19,19,19,19,19,19,19
795,797,798,799,800,800,801,802,803,804,804
829,829,829,829,829,829,829,829,829,829,829
31,32,32,31,31,31,30,30,30,29,29
491,491,491,491,491,491,491,491,491,491,491
1005,1005,1005,1005,1004,1004,1004,1004,1003,1003,1003
228,228,228,228,228,228,228,228,228,228,228
194,195,196,197,198,199,199,200,201,202,202
991,991,991,991,991,991,991,991,991,991,991
533,533,532,531,530,529,528,527,526,525,524
18,18,18,18,18,18,18,18,18,18,18
795,797,798,798,799,800,801,802,802,803,804
830,830,830,830,830,830,830,830,830,830,830
32,32,32,32,31,31,31,30,30,30,29
490,490,490,490,490,490,490,490,490,490,490
1005,1005,1005,1005,1005,1004,1004,1004,1004,1003,1003
228,228,228,228,228,228,228,228,228,228,228
193,195,196,197,197,198,199,200,200,201,202
991,991,991,991,991,991,991,991,991,991,991
533,533,532,531,530,530,529,528,527,526,525
18,18,18,18,18,18,18,18,18,18,18
794,796,797,798,799,799,800,801,802,803,803
830,830,830,830,830,830,830,830,830,830,830
32,32,32,32,31,31,31,31,30,30,30
489,489,489,489,489,489,489,489,489,489,489
1005,1006,1005,1005,1005,1005,1004,1004,1004,1003,1003
229,229,229,229,229,229,229,229,229,229,229
193,195,195,196,197,198,198,199,200,201,201
991,991,991,991,991,991,991,991,991,991,991
534,534,533,532,531,530,529,528,527,526,525
18,18,18,18,18,18,18,18,18,18,18
794,796,797,797,798,799,800,801,801,802,803
830,830,830,830,830,830,830,830,830,830,830
32,33,32,32,32,31,31,31,30,30,30
489,489,489,489,489,489,489,489,489,489,489
1005,1006,1005,1005,1005,1005,1004,1004,1004,1004,1003
229,229,229,229,229,229,229,229,229,229,229
192,194,195,196,196,197,198,199,199,200,201
991,991,991,991,991,991,991,991,991,991,991
535,535,534,533,532,531,530,529,528,527,526
18,18,18,18,18,18,18,18,18,18,18
793,795,796,797,798,798,799,800,801,802,802
831,831,831,831,831,831,831,831,831,831,831
32,33,33,32,32,32,31,31,31,30,30
488,488,488,488,488,488,488,488,488,488,488
1005,1006,1006,1005,1005,1005,1005,1004,1004,1004,1004
230,230,230,230,230,230,230,230,230,230,230
192,194,194,195,196,197,197,198,199,200,200
991,991,991,991,991,991,991,991,991,991,991
535,535,534,533,532,531,530,529,528,527,526
18,18,18,18,18,18,18,18,18,18,18
793,795,796,796,797,798,799,800,800,801,802
831,831,831,831,831,831,831,831,831,831,831
32,33,33,32,32,32,31,31,31,30,30
488,488,488,488,488,488,488,488,488,488,488
1005,1006,1006,1006,1005,1005,1005,1004,1004,1004,1004
230,230,230,230,230,230,230,230,230,230,230
191,193,194,195,195,196,197,198,198,199,200
990,990,990,990,990,990,990,990,990,990,990
536,536,535,534,533,532,531,530,529,528,527
18,18,18,18,18,18,18,18,18,18,18
792,794,795,796,797,797,798,799,800,801,801
832,832,832,832,832,832,832,832,832,832,832
33,33,33,33,32,32,32,31,31,31,30
487,487,487,487,487,487,487,487,487,487,487
1005,1006,1006,1006,1005,1005,1005,1005,1004,1004,1004
231,231,231,231,231,231,231,231,231,231,231
191,193,193,194,195,196,196,197,198,199,200
990,990,990,990,990,990,990,990,990,990,990
536,536,535,534,533,532,531,531,530,529,528
17,17,17,17,17,17,17,17,17,17,17
792,794,795,795,796,797,798,799,799,800,801
832,832,832,832,832,832,832,832,832,832,832
33,34,33,33,33,32,32,32,31,31,31
486,486,486,486,486,486,486,486,486,486,486
1006,1006,1006,1006,1006,1005,1005,1005,1005,1004,1004
231,231,231,231,231,231,231,231,231,231,231
191,192,193,194,195,195,196,197,198,198,199
990,990,990,990,990,990,990,990,990,990,990
537,537,536,535,534,533,532,531,530,529,528
17,17,17,17,17,17,17,17,17,17,17
791,793,794,795,796,796,797,798,799,800,800
833,833,833,833,833,833,833,833,833,833,833
33,34,33,33,33,32,32,32,31,31,31
486,486,486,486,486,486,486,486,486,486,486
1006,1007,1006,1006,1006,1005,1005,1005,1005,1004,1004
232,232,232,232,232,232,232,232,232,232,232
190,192,193,193,194,195,196,196,197,198,199
990,990,990,990,990,990,990,990,990,990,990
537,537,537,536,535,534,533,532,531,530,529
17,17,17,17,17,17,17,17,17,17,17
791,793,794,794,795,796,797,798,798,799,800
833,833,833,833,833,833,833,833,833,833,833
33,34,34,33,33,33,32,32,32,31,31
485,485,485,485,485,485,485,485,485,485,485
1006,1007,1006,1006,1006,1006,1005,1005,1005,1005,1004
232,232,232,232,232,232,232,232,232,232,232
190,191,192,193,194,194,195,196,197,197,198
990,990,990,990,990,990,990,990,990,990,990
538,538,537,536,535,534,533,532,531,530,529
17,17,17,17,17,17,17,17,17,17,17
790,792,793,794,795,796,796,797,798,799,800
834,834,834,834,834,834,834,834,834,834,834
33,34,34,33,33,33,32,32,32,31,31
485,485,485,485,485,485,485,485,485,485,485
1006,1007,1007,1006,1006,1006,1006,1005,1005,1005,1004
233,233,233,233,233,233,233,233,233,233,233
189,191,192,192,193,194,195,195,196,197,198
989,989,989,989,989,989,989,989,989,989,989
539,539,538,537,536,535,534,533,532,531,530
17,17,17,17,17,17,17,17,17,17,17
790,792,793,793,794,795,796,797,797,798,799
834,834,834,834,834,834,834,834,834,834,834
34,34,34,34,33,33,33,32,32,32,31
484,484,484,484,484,484,484,484,484,484,484
1006,1007,1007,1006,1006,1006,1006,1005,1005,1005,1005
233,233,233,233,233,233,233,233,233,233,233
189,190,191,192,193,193,194,195,196,196,197
989,989,989,989,989,989,989,989,989,989,989
539,539,538,537,536,535,534,533,532,532,531
17,17,17,17,17,17,17,17,17,17,17
789,791,792,793,794,795,795,796,797,798,799
835,835,835,835,835,835,835,835,835,835,835
34,35,34,34,34,33,33,33,32,32,32
483,483,483,483,483,483,483,483,483,483,483
1006,1007,1007,1007,1006,1006,1006,1006,1005,1005,1005
234,234,234,234,234,234,234,234,234,234,234
188,190,191,191,192,193,194,194,195,196,197
989,989,989,989,989,989,989,989,989,989,989
540,540,539,538,537,536,535,534,533,532,531
17,17,17,17,17,17,17,17,17,17,17
789,791,792,792,793,794,795,796,796,797,798
835,835,835,835,835,835,835,835,835,835,835
34,35,34,34,34,33,33,33,32,32,32
483,483,483,483,483,483,483,483,483,483,483
1007,1007,1007,1007,1007,1006,1006,1006,1006,1005,1005
234,234,234,234,234,234,234,234,234,234,234
188,190,190,191,192,193,193,194,195,196,196
989,989,989,989,989,989,989,989,989,989,989
540,540,539,538,538,537,536,535,534,533,532
16,16,16,16,16,16,16,16,16,16,16
788,790,791,792,793,794,794,795,796,797,798
835,835,835,835,835,835,835,835,835,835,835
34,35,35,34,34,34,33,33,33,32,32
482,482,482,482,482,482,482,482,482,482,482
1007,1007,1007,1007,1007,1006,1006,1006,1006,1005,1005
235,235,235,235,235,235,235,235,235,235,235
187,189,190,191,191,192,193,194,194,195,196
989,989,989,989,989,989,989,989,989,989,989
541,541,540,539,538,537,536,535,534,533,532
16,16,16,16,16,16,16,16,16,16,16
788,790,791,791,792,793,794,795,795,796,797
836,836,836,836,836,836,836,836,836,836,836
35,35,35,35,34,34,33,33,33,32,32
482,482,482,482,482,482,482,482,482,482,482
1007,1008,1007,1007,1007,1007,1006,1006,1006,1006,1005
235,235,235,235,235,235,235,235,235,235,235
187,189,189,190,191,192,192,193,194,195,195
988,988,988,988,988,988,988,988,988,988,988
542,542,541,540,539,538,537,536,535,534,533
16,16,16,16,16,16,16,16,16,16,16
788,789,790,791,792,793,793,794,795,796,797
836,836,836,836,836,836,836,836,836,836,836
35,35,35,35,34,34,34,33,33,33,32
481,481,481,481,481,481,481,481,481,481,481
1007,1008,1007,1007,1007,1007,1006,1006,1006,1006,1005
236,236,236,236,236,236,236,236,236,236,236
186,188,189,190,190,191,192,193,193,194,195
988,988,988,988,988,988,988,988,988,988,988
542,542,541,540,539,538,537,536,535,534,534
16,16,16,16,16,16,16,16,16,16,16
787,789,790,790,791,792,793,794,794,795,796
837,837,837,837,837,837,837,837,837,837,837
35,36,35,35,35,34,34,34,33,33,33
481,481,481,481,481,481,481,481,481,481,481
1007,1008,1008,1007,1007,1007,1007,1006,1006,1006,1006
236,236,236,236,236,236,236,236,236,236,236
186,188,188,189,190,191,191,192,193,194,194
988,988,988,988,988,988,988,988,988,988,988
543,543,542,541,540,539,538,537,536,535,534
16,16,16,16,16,16,16,16,16,16,16
787,788,789,790,791,792,792,793,794,795,796
837,837,837,837,837,837,837,837,837,837,837
35,36,36,35,35,34,34,34,33,33,33
480,480,480,480,480,480,480,480,480,480,480
1007,1008,1008,1008,1007,1007,1007,1007,1006,1006,1006
237,237,237,237,237,237,237,237,237,237,237
185,187,188,189,189,190,191,192,192,193,194
988,988,988,988,988,988,988,988,988,988,988
543,543,542,541,540,540,539,538,537,536,535
16,16,16,16,16,16,16,16,16,16,16
786,788,789,789,790,791,792,793,794,794,795
838,838,838,838,838,838,838,838,838,838,838
35,36,36,35,35,35,34,34,34,33,33
479,479,479,479,479,479,479,479,479,479,479
1007,1008,1008,1008,1007,1007,1007,1007,1006,1006,1006
237,237,237,237,237,237,237,237,237,237,237
185,187,188,188,189,190,191,191,192,193,194
987,987,987,987,987,987,987,987,987,987,987
544,544,543,542,541,540,539,538,537,536,535
16,16,16,16,16,16,16,16,16,16,16
786,787,788,789,790,791,791,792,793,794,795
838,838,838,838,838,838,838,838,838,838,838
36,36,36,36,35,35,35,34,34,34,33
479,479,479,479,479,479,479,479,479,479,479
1008,1008,1008,1008,1008,1007,1007,1007,1007,1006,1006
238,238,238,238,238,238,238,238,238,238,238
185,186,187,188,189,189,190,191,192,192,193
987,987,987,987,987,987,987,987,987,987,987
545,545,544,543,542,541,540,539,538,537,536
15,15,15,15,15,15,15,15,15,15,15
785,787,788,788,789,790,791,792,793,793,794
839,839,839,839,839,839,839,839,839,839,839
36,37,36,36,35,35,35,34,34,34,33
478,478,478,478,478,478,478,478,478,478,478
1008,1008,1008,1008,1008,1008,1007,1007,1007,1007,1006
238,238,238,238,238,238,238,238,238,238,238
184,186,187,187,188,189,190,190,191,192,193
987,987,987,987,987,987,987,987,987,987,987
545,545,544,543,542,541,540,539,538,537,536
15,15,15,15,15,15,15,15,15,15,15
785,786,787,788,789,790,790,791,792,793,794
839,839,839,839,839,839,839,839,839,839,839
36,37,36,36,36,35,35,35,34,34,34
478,478,478,478,478,478,478,478,478,478,478
1008,1009,1008,1008,1008,1008,1007,1007,1007,1007,1006
239,239,239,239,239,239,239,239,239,239,239
184,185,186,187,188,188,189,190,191,191,192
987,987,987,987,987,987,987,987,987,987,987
546,546,545,544,543,542,541,540,539,538,537
15,15,15,15,15,15,15,15,15,15,15
784,786,787,787,788,789,790,791,792,792,793
840,840,840,840,840,840,840,840,840,840,840
36,37,37,36,36,36,35,35,34,34,34
477,477,477,477,477,477,477,477,477,477,477
1008,1009,1009,1008,1008,1008,1008,1007,1007,1007,1007
239,239,239,239,239,239,239,239,239,239,239
183,185,186,186,187,188,189,189,190,191,192
987,987,987,987,987,987,987,987,987,987,987
546,546,545,544,543,542,541,541,540,539,538
15,15,15,15,15,15,15,15,15,15,15
784,785,786,787,788,789,789,790,791,792,793
840,840,840,840,840,840,840,840,840,840,840
37,37,37,36,36,36,35,35,35,34,34
476,476,476,476,476,476,476,476,476,476,476
1008,1009,1009,1008,1008,1008,1008,1007,1007,1007,1007
240,240,240,240,240,240,240,240,240,240,240
183,185,185,186,187,187,188,189,190,190,191
986,986,986,986,986,986,986,986,986,986,986
547,547,546,545,544,543,542,541,540,539,538
15,15,15,15,15,15,15,15,15,15,15
783,785,786,786,787,788,789,790,791,791,792
840,840,840,840,840,840,840,840,840,840,840
37,37,37,37,36,36,36,35,35,35,34
476,476,476,476,476,476,476,476,476,476,476
1008,1009,1009,1009,1008,1008,1008,1008,1007,1007,1007
240,240,240,240,240,240,240,240,240,240,240
182,184,185,186,186,187,188,189,189,190,191
986,986,986,986,986,986,986,986,986,986,986
547,547,547,546,545,544,543,542,541,540,539
15,15,15,15,15,15,15,15,15,15,15
783,784,785,786,787,788,788,789,790,791,792
841,841,841,841,841,841,841,841,841,841,841
37,38,37,37,37,36,36,35,35,35,34
475,475,475,475,475,475,475,475,475,475,475
1008,1009,1009,1009,1008,1008,1008,1008,1008,1007,1007
241,241,241,241,241,241,241,241,241,241,241
182,184,184,185,186,187,187,188,189,190,190
986,986,986,986,986,986,986,986,986,986,986
548,548,547,546,545,544,543,542,541,540,539
14,14,14,14,14,14,14,14,14,14,14
782,784,785,785,786,787,788,789,790,790,791
841,841,841,841,841,841,841,841,841,841,841
37,38,37,37,37,36,36,36,35,35,35
475,475,475,475,475,475,475,475,475,475,475
1009,1009,1009,1009,1009,1008,1008,1008,1008,1007,1007
241,241,241,241,241,241,241,241,241,241,241
181,183,184,185,185,186,187,188,188,189,190
986,986,986,986,986,986,986,986,986,986,986
549,549,548,547,546,545,544,543,542,541,540
14,14,14,14,14,14,14,14,14,14,14
782,783,784,785,786,787,787,788,789,790,791
842,842,842,842,842,842,842,842,842,842,842
37,38,38,37,37,37,36,36,36,35,35
474,474,474,474,474,474,474,474,474,474,474
1009,1009,1009,1009,1009,1009,1008,1008,1008,1008,1007
242,242,242,242,242,242,242,242,242,242,242
181,183,183,184,185,186,186,187,188,189,189
985,985,985,985,985,985,985,985,985,985,985
549,549,548,547,546,545,544,543,543,542,541
14,14,14,14,14,14,14,14,14,14,14
781,783,784,784,785,786,787,788,789,789,790
842,842,842,842,842,842,842,842,842,842,842
38,38,38,38,37,37,36,36,36,35,35
474,474,474,474,474,474,474,474,474,474,474
1009,1010,1009,1009,1009,1009,1008,1008,1008,1008,1007
242,242,242,242,242,242,242,242,242,242,242
181,182,183,184,184,185,186,187,187,188,189
985,985,985,985,985,985,985,985,985,985,985
550,550,549,548,547,546,545,544,543,542,541
14,14,14,14,14,14,14,14,14,14,14
781,782,783,784,785,786,786,787,788,789,790
843,843,843,843,843,843,843,843,843,843,843
38,38,38,38,37,37,37,36,36,36,35
473,473,473,473,473,473,473,473,473,473,473
1009,1010,1010,1009,1009,1009,1009,1008,1008,1008,1008
243,243,243,243,243,243,243,243,243,243,243
180,182,183,183,184,185,185,186,187,188,188
985,985,985,985,985,985,985,985,985,985,985
550,550,549,548,548,547,546,545,544,543,542
14,14,14,14,14,14,14,14,14,14,14
780,782,783,783,784,785,786,787,788,788,789
843,843,843,843,843,843,843,843,843,843,843
38,39,38,38,38,37,37,37,36,36,35
472,472,472,472,472,472,472,472,472,472,472
1009,1010,1010,1009,1009,1009,1009,1009,1008,1008,1008
243,243,243,243,243,243,243,243,243,243,243
180,181,182,183,184,184,185,186,187,187,188
985,985,985,985,985,985,985,985,985,985,985
551,551,550,549,548,547,546,545,544,543,542
14,14,14,14,14,14,14,14,14,14,14
780,781,782,783,784,785,785,786,787,788,789
844,844,844,844,844,844,844,844,844,844,844
38,39,39,38,38,37,37,37,36,36,36
472,472,472,472,472,472,472,472,472,472,472
1009,1010,1010,1010,1009,1009,1009,1009,1008,1008,1008
244,244,244,244,244,244,244,244,244,244,244
179,181,182,182,183,184,185,185,186,187,188
985,985,985,985,985,985,985,985,985,985,985
552,552,551,550,549,548,547,546,545,544,543
14,14,14,14,14,14,14,14,14,14,14
779,781,782,782,783,784,785,786,787,787,788
844,844,844,844,844,844,844,844,844,844,844
39,39,39,38,38,38,37,37,37,36,36
471,471,471,471,471,471,471,471,471,471,471
1009,1010,1010,1010,1009,1009,1009,1009,1009,1008,1008
244,244,244,244,244,244,244,244,244,244,244
179,180,181,182,183,183,184,185,186,186,187
984,984,984,984,984,984,984,984,984,984,984
552,552,551,550,549,548,547,546,545,544,544
14,14,14,14,14,14,14,14,14,14,14
779,780,781,782,783,784,784,785,786,787,788
845,845,845,845,845,845,845,845,845,845,845
39,39,39,39,38,38,38,37,37,36,36
471,471,471,471,471,471,471,471,471,471,471
1010,1010,1010,1010,1010,1009,1009,1009,1009,1008,1008
245,245,245,245,245,245,245,245,245,245,245
178,180,181,181,182,183,184,184,185,186,187
984,984,984,984,984,984,984,984,984,984,984
553,553,552,551,550,549,548,547,546,545,544
13,13,13,13,13,13,13,13,13,13,13
778,780,781,781,782,783,784,785,786,786,787
845,845,845,845,845,845,845,845,845,845,845
39,40,39,39,38,38,38,37,37,37,36
470,470,470,470,470,470,470,470,470,470,470
1010,1010,1010,1010,1010,1010,1009,1009,1009,1009,1008
245,245,245,245,245,245,245,245,245,245,245
178,180,180,181,182,182,183,184,185,185,186
984,984,984,984,984,984,984,984,984,984,984
553,553,552,551,550,550,549,548,547,546,545
13,13,13,13,13,13,13,13,13,13,13
778,779,780,781,782,783,783,784,785,786,787
845,845,845,845,845,845,845,845,845,845,845
39,40,39,39,39,38,38,38,37,37,37
469,469,469,469,469,469,469,469,469,469,469
1010,1011,1010,1010,1010,1010,1009,1009,1009,1009,1009
246,246,246,246,246,246,246,246,246,246,246
177,179,180,181,181,182,183,184,184,185,186
984,984,984,984,984,984,984,984,984,984,984
554,554,553,552,551,550,549,548,547,546,545
13,13,13,13,13,13,13,13,13,13,13
777,779,780,780,781,782,783,784,785,785,786
846,846,846,846,846,846,846,846,846,846,846
39,40,40,39,39,39,38,38,37,37,37
469,469,469,469,469,469,469,469,469,469,469
1010,1011,1011,1010,1010,1010,1010,1009,1009,1009,1009
246,246,246,246,246,246,246,246,246,246,246
177,179,179,180,181,182,182,183,184,185,185
983,983,983,983,983,983,983,983,983,983,983
554,555,554,553,552,551,550,549,548,547,546
13,13,13,13,13,13,13,13,13,13,13
777,778,779,780,781,782,782,783,784,785,786
846,846,846,846,846,846,846,846,846,846,846
40,40,40,40,39,39,38,38,38,37,37
468,468,468,468,468,468,468,468,468,468,468
1010,1011,1011,1010,1010,1010,1010,1010,1009,1009,1009
247,247,247,247,247,247,247,247,247,247,247
176,178,179,180,180,181,182,183,183,184,185
983,983,983,983,983,983,983,983,983,983,983
555,555,554,553,552,551,550,549,548,547,546
13,13,13,13,13,13,13,13,13,13,13
776,778,779,779,780,781,782,783,784,784,785
847,847,847,847,847,847,847,847,847,847,847
40,41,40,40,39,39,39,38,38,38,37
468,468,468,468,468,468,468,468,468,468,468
1010,1011,1011,1011,1010,1010,1010,1010,1009,1009,1009
247,247,247,247,247,247,247,247,247,247,247
176,178,178,179,180,181,181,182,183,184,184
983,983,983,983,983,983,983,983,983,983,983
556,556,555,554,553,552,551,550,549,548,547
13,13,13,13,13,13,13,13,13,13,13
775,777,778,779,780,781,781,782,783,784,785
847,847,847,847,847,847,847,847,847,847,847
40,41,40,40,40,39,39,39,38,38,37
467,467,467,467,467,467,467,467,467,467,467
1010,1011,1011,1011,1010,1010,1010,1010,1010,1009,1009
248,248,248,248,248,248,248,248,248,248,248
176,177,178,179,180,180,181,182,182,183,184
983,983,983,983,983,983,983,983,983,983,983
556,556,555,554,553,552,551,551,550,549,548
13,13,13,13,13,13,13,13,13,13,13
775,777,778,778,779,780,781,782,783,783,784
848,848,848,848,848,848,848,848,848,848,848
40,41,41,40,40,39,39,39,38,38,38
466,466,466,466,466,466,466,466,466,466,466
1010,1011,1011,1011,1011,1010,1010,1010,1010,1009,1009
248,248,248,248,248,248,248,248,248,248,248
175,177,178,178,179,180,181,181,182,183,183
983,983,983,983,983,983,983,983,983,983,983
557,557,556,555,554,553,552,551,550,549,548
12,12,12,12,12,12,12,12,12,12,12
774,776,777,778,779,780,780,781,782,783,784
848,848,848,848,848,848,848,848,848,848,848
41,41,41,40,40,40,39,39,39,38,38
466,466,466,466,466,466,466,466,466,466,466
1011,1011,1011,1011,1011,1011,1010,1010,1010,1010,1009
249,249,249,249,249,249,249,249,249,249,249
175,176,177,178,179,179,180,181,182,182,183
982,982,982,982,982,982,982,982,982,982,982
557,557,557,556,555,554,553,552,551,550,549
12,12,12,12,12,12,12,12,12,12,12
774,776,777,777,778,779,780,781,782,782,783
849,849,849,849,849,849,849,849,849,849,849
41,41,41,41,40,40,40,39,39,38,38
465,465,465,465,465,465,465,465,465,465,465
1011,1012,1011,1011,1011,1011,1010,1010,1010,1010,1010
249,249,249,249,249,249,249,249,249,249,249
174,176,177,177,178,179,180,180,181,182,183
982,982,982,982,982,982,982,982,982,982,982
558,558,557,556,555,554,553,552,551,550,549
12,12,12,12,12,12,12,12,12,12,12
773,775,776,777,778,779,779,780,781,782,783
849,849,849,849,849,849,849,849,849,849,849
41,42,41,41,41,40,40,39,39,39,38
465,465,465,465,465,465,465,465,465,465,465
1011,1012,1011,1011,1011,1011,1011,1010,1010,1010,1010
250,250,250,250,250,250,250,250,250,250,250
174,176,176,177,178,178,179,180,181,181,182
982,982,982,982,982,982,982,982,982,982,982
559,559,558,557,556,555,554,553,552,551,550
12,12,12,12,12,12,12,12,12,12,12
773,775,776,776,777,778,779,780,781,781,782
849,849,849,849,849,849,849,849,849,849,849
41,42,42,41,41,40,40,40,39,39,39
464,464,464,464,464,464,464,464,464,464,464
1011,1012,1012,1011,1011,1011,1011,1010,1010,1010,1010
250,250,250,250,250,250,250,250,250,250,250
173,175,176,177,177,178,179,179,180,181,182
982,982,982,982,982,982,982,982,982,982,982
559,559,558,557,556,555,554,553,552,552,551
12,12,12,12,12,12,12,12,12,12,12
772,774,775,776,777,778,778,779,780,781,782
850,850,850,850,850,850,850,850,850,850,850
42,42,42,41,41,41,40,40,39,39,39
464,464,464,464,464,464,464,464,464,464,464
1011,1012,1012,1011,1011,1011,1011,1011,1010,1010,1010
251,251,251,251,251,251,251,251,251,251,251
173,175,175,176,177,178,178,179,180,180,181
981,981,981,981,981,981,981,981,981,981,981
560,560,559,558,557,556,555,554,553,552,551
12,12,12,12,12,12,12,12,12,12,12
772,774,775,775,776,777,778,779,780,780,781
850,850,850,850,850,850,850,850,850,850,850
42,42,42,42,41,41,40,40,40,39,39
463,463,463,463,463,463,463,463,463,463,463
1011,1012,1012,1012,1011,1011,1011,1011,1011,1010,1010
251,251,251,251,251,251,251,251,251,251,251
172,174,175,176,176,177,178,179,179,180,181
981,981,981,981,981,981,981,981,981,981,981
560,560,559,558,558,557,556,555,554,553,552
12,12,12,12,12,12,12,12,12,12,12
771,773,774,775,776,777,777,778,779,780,781
851,851,851,851,851,851,851,851,851,851,851
42,43,42,42,41,41,41,40,40,40,39
462,462,462,462,462,462,462,462,462,462,462
1011,1012,1012,1012,1012,1011,1011,1011,1011,1010,1010
252,252,252,252,252,252,252,252,252,252,252
172,174,174,175,176,177,177,178,179,180,180
981,981,981,981,981,981,981,981,981,981,981
561,561,560,559,558,557,556,555,554,553,552
12,12,12,12,12,12,12,12,12,12,12
771,773,774,774,775,776,777,778,779,779,780
851,851,851,851,851,851,851,851,851,851,851
42,43,42,42,42,41,41,41,40,40,39
462,462,462,462,462,462,462,462,462,462,462
1012,1012,1012,1012,1012,1011,1011,1011,1011,1011,1010
252,252,252,252,252,252,252,252,252,252,252
172,173,174,175,176,176,177,178,178,179,180
981,981,981,981,981,981,981,981,981,981,981
562,562,561,560,559,558,557,556,555,554,553
11,11,11,11,11,11,11,11,11,11,11
770,772,773,774,775,776,776,777,778,779,780
852,852,852,852,852,852,852,852,852,852,852
42,43,43,42,42,42,41,41,40,40,40
461,461,461,461,461,461,461,461,461,461,461
1012,1012,1012,1012,1012,1012,1011,1011,1011,1011,1010
253,253,253,253,253,253,253,253,253,253,253
171,173,174,174,175,176,177,177,178,179,179
980,980,980,980,980,980,980,980,980,980,980
562,562,561,560,559,558,557,556,555,554,554
11,11,11,11,11,11,11,11,11,11,11
770,772,773,773,774,775,776,777,778,778,779
852,852,852,852,852,852,852,852,852,852,852
43,43,43,43,42,42,41,41,41,40,40
461,461,461,461,461,461,461,461,461,461,461
1012,1013,1012,1012,1012,1012,1012,1011,1011,1011,1011
253,253,253,253,253,253,253,253,253,253,253
171,172,173,174,175,175,176,177,178,178,179
980,980,980,980,980,980,980,980,980,980,980
563,563,562,561,560,559,558,557,556,555,554
11,11,11,11,11,11,11,11,11,11,11
769,771,772,773,774,775,775,776,777,778,779
852,852,852,852,852,852,852,852,852,852,852
43,44,43,43,42,42,42,41,41,40,40
460,460,460,460,460,460,460,460,460,460,460
1012,1013,1012,1012,1012,1012,1012,1011,1011,1011,1011
254,254,254,254,254,254,254,254,254,254,254
170,172,173,173,174,175,176,176,177,178,179
980,980,980,980,980,980,980,980,980,980,980
563,563,562,561,560,559,559,558,557,556,555
11,11,11,11,11,11,11,11,11,11,11
769,771,772,772,773,774,775,776,777,777,778
853,853,853,853,853,853,853,853,853,853,853
43,44,43,43,43,42,42,41,41,41,40
459,459,459,459,459,459,459,459,459,459,459
1012,1013,1013,1012,1012,1012,1012,1012,1011,1011,1011
254,254,254,254,254,254,254,254,254,254,254
170,172,172,173,174,174,175,176,177,177,178
980,980,980,980,980,980,980,980,980,980,980
564,564,563,562,561,560,559,558,557,556,555
11,11,11,11,11,11,11,11,11,11,11
768,770,771,772,773,774,774,775,776,777,778
853,853,853,853,853,853,853,853,853,853,853
43,44,44,43,43,42,42,42,41,41,41
459,459,459,459,459,459,459,459,459,459,459
1012,1013,1013,1013,1012,1012,1012,1012,1011,1011,1011
255,255,255,255,255,255,255,255,255,255,255
169,171,172,173,173,174,175,175,176,177,178
979,979,979,979,979,979,979,979,979,979,979
564,564,564,563,562,561,560,559,558,557,556
11,11,11,11,11,11,11,11,11,11,11
768,770,771,771,772,773,774,775,776,776,777
854,854,854,854,854,854,854,854,854,854,854
44,44,44,43,43,43,42,42,42,41,41
458,458,458,458,458,458,458,458,458,458,458
1012,1013,1013,1013,1012,1012,1012,1012,1012,1011,1011
255,255,255,255,255,255,255,255,255,255,255
169,171,171,172,173,174,174,175,176,176,177
979,979,979,979,979,979,979,979,979,979,979
565,565,564,563,562,561,560,559,558,557,556
11,11,11,11,11,11,11,11,11,11,11
767,769,770,771,772,773,773,774,775,776,777
854,854,854,854,854,854,854,854,854,854,854
44,44,44,44,43,43,43,42,42,41,41
458,458,458,458,458,458,458,458,458,458,458
1012,1013,1013,1013,1013,1012,1012,1012,1012,1012,1011
256,256,256,256,256,256,256,256,256,256,256
169,170,171,172,172,173,174,175,175,176,177
979,979,979,979,979,979,979,979,979,979,979
566,566,565,564,563,562,561,560,559,558,557
11,11,11,11,11,11,11,11,11,11,11
767,769,770,770,771,772,773,774,775,775,776
855,855,855,855,855,855,855,855,855,855,855
44,45,44,44,44,43,43,42,42,42,41
457,457,457,457,457,457,457,457,457,457,457
1013,1013,1013,1013,1013,1012,1012,1012,1012,1012,1011
256,256,256,256,256,256,256,256,256,256,256
168,170,171,171,172,173,173,174,175,176,176
979,979,979,979,979,979,979,979,979,979,979
566,566,565,564,563,562,561,560,560,559,558
10,10,10,10,10,10,10,10,10,10,10
766,768,769,770,771,772,772,773,774,775,776
855,855,855,855,855,855,855,855,855,855,855
44,45,45,44,44,43,43,43,42,42,41
456,456,456,456,456,456,456,456,456,456,456
1013,1013,1013,1013,1013,1013,1012,1012,1012,1012,1012
257,257,257,257,257,257,257,257,257,257,257
168,169,170,171,172,172,173,174,174,175,176
979,979,979,979,979,979,979,979,979,979,979
567,567,566,565,564,563,562,561,560,559,558
10,10,10,10,10,10,10,10,10,10,10
766,768,769,769,770,771,772,773,774,774,775
856,856,856,856,856,856,856,856,856,856,856
45,45,45,44,44,44,43,43,42,42,42
456,456,456,456,456,456,456,456,456,456,456
1013,1014,1013,1013,1013,1013,1013,1012,1012,1012,1012
257,257,257,257,257,257,257,257,257,257,257
167,169,170,170,171,172,173,173,174,175,175
978,978,978,978,978,978,978,978,978,978,978
567,567,566,566,565,564,563,562,561,560,559
10,10,10,10,10,10,10,10,10,10,10
765,767,768,769,770,771,771,772,773,774,775
856,856,856,856,856,856,856,856,856,856,856
45,45,45,45,44,44,43,43,43,42,42
455,455,455,455,455,455,455,455,455,455,455
1013,1014,1013,1013,1013,1013,1013,1012,1012,1012,1012
258,258,258,258,258,258,258,258,258,258,258
167,169,169,170,171,171,172,173,174,174,175
978,978,978,978,978,978,978,978,978,978,978
568,568,567,566,565,564,563,562,561,560,559
10,10,10,10,10,10,10,10,10,10,10
765,767,767,768,769,770,771,772,773,773,774
856,856,856,856,856,856,856,856,856,856,856
45,46,45,45,44,44,44,43,43,43,42
455,455,455,455,455,455,455,455,455,455,455
1013,1014,1014,1013,1013,1013,1013,1013,1012,1012,1012
258,258,258,258,258,258,258,258,258,258,258
166,168,169,169,170,171,172,172,173,174,175
978,978,978,978,978,978,978,978,978,978,978
569,569,568,567,566,565,564,563,562,561,560
10,10,10,10,10,10,10,10,10,10,10
764,766,767,768,769,769,770,771,772,773,774
857,857,857,857,857,857,857,857,857,857,857
45,46,46,45,45,44,44,44,43,43,42
454,454,454,454,454,454,454,454,454,454,454
1013,1014,1014,1014,1013,1013,1013,1013,1013,1012,1012
259,259,259,259,259,259,259,259,259,259,259
166,168,168,169,170,170,171,172,173,173,174
978,978,978,978,978,978,978,978,978,978,978
569,569,568,567,566,565,564,563,562,562,561
10,10,10,10,10,10,10,10,10,10,10
764,766,766,767,768,769,770,771,771,772,773
857,857,857,857,857,857,857,857,857,857,857
46,46,46,45,45,45,44,44,43,43,43
454,454,454,454,454,454,454,454,454,454,454
1013,1014,1014,1014,1013,1013,1013,1013,1013,1012,1012
259,259,259,259,259,259,259,259,259,259,259
165,167,168,169,169,170,171,171,172,173,174
977,977,977,977,977,977,977,977,977,977,977
570,570,569,568,567,566,565,564,563,562,561
10,10,10,10,10,10,10,10,10,10,10
763,765,766,767,768,768,769,770,771,772,773
858,858,858,858,858,858,858,858,858,858,858
46,46,46,46,45,45,44,44,44,43,43
453,453,453,453,453,453,453,453,453,453,453
1013,1014,1014,1014,1014,1013,1013,1013,1013,1013,1012
260,260,260,260,260,260,260,260,260,260,260
165,167,167,168,169,170,170,171,172,172,173
977,977,977,977,977,977,977,977,977,977,977
570,570,569,568,567,567,566,565,564,563,562
10,10,10,10,10,10,10,10,10,10,10
763,765,765,766,767,768,769,770,770,771,772
858,858,858,858,858,858,858,858,858,858,858
46,47,46,46,45,45,45,44,44,44,43
452,452,452,452,452,452,452,452,452,452,452
1013,1014,1014,1014,1014,1013,1013,1013,1013,1013,1012
260,260,260,260,260,260,260,260,260,260,260
165,166,167,168,168,169,170,171,171,172,173
977,977,977,977,977,977,977,977,977,977,977
571,571,570,569,568,567,566,565,564,563,562
9,9,9,9,9,9,9,9,9,9,9
762,764,765,766,767,767,768,769,770,771,772
859,859,859,859,859,859,859,859,859,859,859
46,47,46,46,46,45,45,45,44,44,43
452,452,452,452,452,452,452,452,452,452,452
1014,1014,1014,1014,1014,1014,1013,1013,1013,1013,1013
261,261,261,261,261,261,261,261,261,261,261
164,166,167,167,168,169,169,170,171,172,172
977,977,977,977,977,977,977,977,977,977,977
571,572,571,570,569,568,567,566,565,564,563
9,9,9,9,9,9,9,9,9,9,9
762,764,764,765,766,767,768,769,769,770,771
859,859,859,859,859,859,859,859,859,859,859
47,47,47,46,46,46,45,45,44,44,44
451,451,451,451,451,451,451,451,451,451,451
1014,1015,1014,1014,1014,1014,1014,1013,1013,1013,1013
262,262,262,262,262,262,262,262,262,262,262
164,165,166,167,168,168,169,170,170,171,172
976,976,976,976,976,976,976,976,976,976,976
572,572,571,570,569,568,567,566,565,564,563
9,9,9,9,9,9,9,9,9,9,9
761,763,764,765,766,766,767,768,769,770,771
859,859,859,859,859,859,859,859,859,859,859
47,47,47,47,46,46,45,45,45,44,44
451,451,451,451,451,451,451,451,451,451,451
1014,1015,1014,1014,1014,1014,1014,1013,1013,1013,1013
262,262,262,262,262,262,262,262,262,262,262
163,165,166,166,167,168,169,169,170,171,171
976,976,976,976,976,976,976,976,976,976,976
573,573,572,571,570,569,568,567,566,565,564
9,9,9,9,9,9,9,9,9,9,9
761,763,763,764,765,766,767,768,768,769,770
860,860,860,860,860,860,860,860,860,860,860
47,48,47,47,46,46,46,45,45,44,44
450,450,450,450,450,450,450,450,450,450,450
1014,1015,1015,1014,1014,1014,1014,1014,1013,1013,1013
263,263,263,263,263,263,263,263,263,263,263
163,165,165,166,167,167,168,169,170,170,171
976,976,976,976,976,976,976,976,976,976,976
573,573,572,571,570,569,568,568,567,566,565
9,9,9,9,9,9,9,9,9,9,9
760,762,763,764,765,765,766,767,768,769,770
860,860,860,860,860,860,860,860,860,860,860
47,48,47,47,47,46,46,45,45,45,44
449,449,449,449,449,449,449,449,449,449,449
1014,1015,1015,1014,1014,1014,1014,1014,1013,1013,1013
263,263,263,263,263,263,263,263,263,263,263
162,164,165,166,166,167,168,168,169,170,171
976,976,976,976,976,976,976,976,976,976,976
574,574,573,572,571,570,569,568,567,566,565
9,9,9,9,9,9,9,9,9,9,9
760,762,762,763,764,765,766,767,767,768,769
861,861,861,861,861,861,861,861,861,861,861
48,48,48,47,47,47,46,46,45,45,45
449,449,449,449,449,449,449,449,449,449,449
1014,1015,1015,1015,1014,1014,1014,1014,1014,1013,1013
264,264,264,264,264,264,264,264,264,264,264
162,164,164,165,166,167,167,168,169,169,170
975,975,975,975,975,975,975,975,975,975,975
574,574,573,573,572,571,570,569,568,567,566
9,9,9,9,9,9,9,9,9,9,9
759,761,762,763,764,764,765,766,767,768,769
861,861,861,861,861,861,861,861,861,861,861
48,48,48,48,47,47,46,46,46,45,45
448,448,448,448,448,448,448,448,448,448,448
1014,1015,1015,1015,1015,1014,1014,1014,1014,1014,1013
264,264,264,264,264,264,264,264,264,264,264
162,163,164,165,165,166,167,168,168,169,170
975,975,975,975,975,975,975,975,975,975,975
575,575,574,573,572,571,570,569,568,567,566
9,9,9,9,9,9,9,9,9,9,9
759,760,761,762,763,764,765,766,766,767,768
862,862,862,862,862,862,862,862,862,862,862
48,49,48,48,47,47,47,46,46,45,45
448,448,448,448,448,448,448,448,448,448,448
1014,1015,1015,1015,1015,1014,1014,1014,1014,1014,1013
265,265,265,265,265,265,265,265,265,265,265
161,163,164,164,165,166,166,167,168,169,169
975,975,975,975,975,975,975,975,975,975,975
576,576,575,574,573,572,571,570,569,568,567
9,9,9,9,9,9,9,9,9,9,9
758,760,761,762,763,763,764,765,766,767,768
862,862,862,862,862,862,862,862,862,862,862
48,49,48,48,48,47,47,46,46,46,45
447,447,447,447,447,447,447,447,447,447,447
1014,1015,1015,1015,1015,1015,1014,1014,1014,1014,1014
265,265,265,265,265,265,265,265,265,265,265
161,162,163,164,165,165,166,167,167,168,169
975,975,975,975,975,975,975,975,975,975,975
576,576,575,574,573,572,571,570,569,569,568
8,8,8,8,8,8,8,8,8,8,8
758,759,760,761,762,763,764,765,765,766,767
862,862,862,862,862,862,862,862,862,862,862
49,49,49,48,48,47,47,47,46,46,46
447,447,447,447,447,447,447,447,447,447,447
1015,1015,1015,1015,1015,1015,1014,1014,1014,1014,1014
266,266,266,266,266,266,266,266,266,266,266
160,162,163,163,164,165,166,166,167,168,168
974,974,974,974,974,974,974,974,974,974,974
577,577,576,575,574,573,572,571,570,569,568
8,8,8,8,8,8,8,8,8,8,8
757,759,760,761,761,762,763,764,765,766,767
863,863,863,863,863,863,863,863,863,863,863
49,49,49,49,48,48,47,47,47,46,46
446,446,446,446,446,446,446,446,446,446,446
1015,1016,1015,1015,1015,1015,1015,1014,1014,1014,1014
266,266,266,266,266,266,266,266,266,266,266
160,162,162,163,164,164,165,166,167,167,168
974,974,974,974,974,974,974,974,974,974,974
577,577,576,575,575,574,573,572,571,570,569
8,8,8,8,8,8,8,8,8,8,8
757,758,759,760,761,762,763,763,764,765,766
863,863,863,863,863,863,863,863,863,863,863
49,50,49,49,48,48,48,47,47,46,46
445,445,445,445,445,445,445,445,445,445,445
1015,1016,1015,1015,1015,1015,1015,1015,1014,1014,1014
267,267,267,267,267,267,267,267,267,267,267
159,161,162,163,163,164,165,165,166,167,168
974,974,974,974,974,974,974,974,974,974,974
578,578,577,576,575,574,573,572,571,570,569
8,8,8,8,8,8,8,8,8,8,8
756,758,759,760,760,761,762,763,764,765,766
864,864,864,864,864,864,864,864,864,864,864
49,50,49,49,49,48,48,47,47,47,46
445,445,445,445,445,445,445,445,445,445,445
1015,1016,1016,1015,1015,1015,1015,1015,1014,1014,1014
267,267,267,267,267,267,267,267,267,267,267
159,161,161,162,163,164,164,165,166,166,167
974,974,974,974,974,974,974,974,974,974,974
578,579,578,577,576,575,574,573,572,571,570
8,8,8,8,8,8,8,8,8,8,8
756,757,758,759,760,761,762,762,763,764,765
864,864,864,864,864,864,864,864,864,864,864
50,50,50,49,49,48,48,48,47,47,46
444,444,444,444,444,444,444,444,444,444,444
1015,1016,1016,1015,1015,1015,1015,1015,1015,1014,1014
268,268,268,268,268,268,268,268,268,268,268
159,160,161,162,162,163,164,165,165,166,167
973,973,973,973,973,973,973,973,973,973,973
579,579,578,577,576,575,574,573,572,571,571
8,8,8,8,8,8,8,8,8,8,8
755,757,758,759,759,760,761,762,763,764,764
865,865,865,865,865,865,865,865,865,865,865
50,50,50,50,49,49,48,48,48,47,47
444,444,444,444,444,444,444,444,444,444,444
1015,1016,1016,1016,1015,1015,1015,1015,1015,1014,1014
268,268,268,268,268,268,268,268,268,268,268
158,160,161,161,162,163,163,164,165,166,166
973,973,973,973,973,973,973,973,973,973,973
580,580,579,578,577,576,575,574,573,572,571
8,8,8,8,8,8,8,8,8,8,8
755,756,757,758,759,760,761,761,762,763,764
865,865,865,865,865,865,865,865,865,865,865
50,51,50,50,49,49,49,48,48,47,47
443,443,443,443,443,443,443,443,443,443,443
1015,1016,1016,1016,1016,1015,1015,1015,1015,1015,1014
269,269,269,269,269,269,269,269,269,269,269
158,159,160,161,162,162,163,164,164,165,166
973,973,973,973,973,973,973,973,973,973,973
580,580,579,578,577,576,576,575,574,573,572
8,8,8,8,8,8,8,8,8,8,8
754,756,757,758,758,759,760,761,762,763,763
865,865,865,865,865,865,865,865,865,865,865
50,51,50,50,50,49,49,48,48,48,47
442,442,442,442,442,442,442,442,442,442,442
1015,1016,1016,1016,1016,1015,1015,1015,1015,1015,1015
269,269,269,269,269,269,269,269,269,269,269
157,159,160,160,161,162,163,163,164,165,165
973,973,973,973,973,973,973,973,973,973,973
581,581,580,579,578,577,576,575,574,573,572
8,8,8,8,8,8,8,8,8,8,8
753,755,756,757,758,759,760,760,761,762,763
866,866,866,866,866,866,866,866,866,866,866
51,51,51,50,50,49,49,49,48,48,47
442,442,442,442,442,442,442,442,442,442,442
1015,1016,1016,1016,1016,1016,1015,1015,1015,1015,1015
270,270,270,270,270,270,270,270,270,270,270
157,159,159,160,161,161,162,163,164,164,165
972,972,972,972,972,972,972,972,972,972,972
581,581,581,580,579,578,577,576,575,574,573
8,8,8,8,8,8,8,8,8,8,8
753,755,756,757,757,758,759,760,761,762,762
866,866,866,866,866,866,866,866,866,866,866
51,51,51,51,50,50,49,49,49,48,48
441,441,441,441,441,441,441,441,441,441,441
1016,1016,1016,1016,1016,1016,1015,1015,1015,1015,1015
270,270,270,270,270,270,270,270,270,270,270
156,158,159,160,160,161,162,162,163,164,164
972,972,972,972,972,972,972,972,972,972,972
582,582,581,580,579,578,577,576,575,574,573
7,7,7,7,7,7,7,7,7,7,7
752,754,755,756,757,758,759,759,760,761,762
867,867,867,867,867,867,867,867,867,867,867
51,52,51,51,50,50,50,49,49,48,48
441,441,441,441,441,441,441,441,441,441,441
1016,1016,1016,1016,1016,1016,1016,1015,1015,1015,1015
271,271,271,271,271,271,271,271,271,271,271
156,158,158,159,160,161,161,162,163,163,164
972,972,972,972,972,972,972,972,972,972,972
583,583,582,581,580,579,578,577,576,575,574
7,7,7,7,7,7,7,7,7,7,7
752,754,755,755,756,757,758,759,760,761,761
867,867,867,867,867,867,867,867,867,867,867
51,52,52,51,51,50,50,49,49,49,48
440,440,440,440,440,440,440,440,440,440,440
1016,1017,1016,1016,1016,1016,1016,1016,1015,1015,1015
271,271,271,271,271,271,271,271,271,271,271
156,157,158,159,159,160,161,162,162,163,164
972,972,972,972,972,972,972,972,972,972,972
583,583,582,581,580,579,578,577,577,576,575
7,7,7,7,7,7,7,7,7,7,7
751,753,754,755,756,757,757,758,759,760,761
868,868,868,868,868,868,868,868,868,868,868
52,52,52,51,51,51,50,50,49,49,48
440,440,440,440,440,440,440,440,440,440,440
1016,1017,1017,1016,1016,1016,1016,1016,1015,1015,1015
272,272,272,272,272,272,272,272,272,272,272
155,157,158,158,159,160,160,161,162,162,163
971,971,971,971,971,971,971,971,971,971,971
584,584,583,582,581,580,579,578,577,576,575
7,7,7,7,7,7,7,7,7,7,7
751,753,754,754,755,756,757,758,759,760,760
868,868,868,868,868,868,868,868,868,868,868
52,52,52,52,51,51,50,50,50,49,49
439,439,439,439,439,439,439,439,439,439,439
1016,1017,1017,1016,1016,1016,1016,1016,1016,1015,1015
272,272,272,272,272,272,272,272,272,272,272
155,156,157,158,159,159,160,161,161,162,163
971,971,971,971,971,971,971,971,971,971,971
584,584,583,582,582,581,580,579,578,577,576
7,7,7,7,7,7,7,7,7,7,7
750,752,753,754,755,756,756,757,758,759,760
868,868,868,868,868,868,868,868,868,868,868
52,53,52,52,51,51,51,50,50,49,49
438,438,438,438,438,438,438,438,438,438,438
1016,1017,1017,1017,1016,1016,1016,1016,1016,1016,1015
273,273,273,273,273,273,273,273,273,273,273
154,156,157,157,158,159,160,160,161,162,162
971,971,971,971,971,971,971,971,971,971,971
585,585,584,583,582,581,580,579,578,577,576
7,7,7,7,7,7,7,7,7,7,7
750,752,753,753,754,755,756,757,758,758,759
869,869,869,869,869,869,869,869,869,869,869
52,53,53,52,52,51,51,50,50,50,49
438,438,438,438,438,438,438,438,438,438,438
1016,1017,1017,1017,1016,1016,1016,1016,1016,1016,1015
273,273,273,273,273,273,273,273,273,273,273
154,156,156,157,158,158,159,160,160,161,162
970,970,970,970,970,970,970,970,970,970,970
585,586,585,584,583,582,581,580,579,578,577
7,7,7,7,7,7,7,7,7,7,7
749,751,752,753,754,755,755,756,757,758,759
869,869,869,869,869,869,869,869,869,869,869
53,53,53,52,52,52,51,51,50,50,49
437,437,437,437,437,437,437,437,437,437,437
1016,1017,1017,1017,1017,1016,1016,1016,1016,1016,1016
274,274,274,274,274,274,274,274,274,274,274
154,155,156,157,157,158,159,159,160,161,161
970,970,970,970,970,970,970,970,970,970,970
586,586,585,584,583,582,581,580,579,578,578
7,7,7,7,7,7,7,7,7,7,7
749,751,752,752,753,754,755,756,757,757,758
870,870,870,870,870,870,870,870,870,870,870
53,53,53,53,52,52,51,51,51,50,50
437,437,437,437,437,437,437,437,437,437,437
1016,1017,1017,1017,1017,1017,1016,1016,1016,1016,1016
274,274,274,274,274,274,274,274,274,274,274
153,155,155,156,157,158,158,159,160,160,161
970,970,970,970,970,970,970,970,970,970,970
587,587,586,585,584,583,582,581,580,579,578
7,7,7,7,7,7,7,7,7,7,7
748,750,751,752,753,754,754,755,756,757,758
870,870,870,870,870,870,870,870,870,870,870
53,54,53,53,52,52,52,51,51,50,50
436,436,436,436,436,436,436,436,436,436,436
1016,1017,1017,1017,1017,1017,1016,1016,1016,1016,1016
275,275,275,275,275,275,275,275,275,275,275
153,154,155,156,156,157,158,159,159,160,161
970,970,970,970,970,970,970,970,970,970,970
587,587,586,585,584,583,583,582,581,580,579
7,7,7,7,7,7,7,7,7,7,7
748,750,750,751,752,753,754,755,756,756,757
871,871,871,871,871,871,871,871,871,871,871
53,54,54,53,53,52,52,51,51,51,50
435,435,435,435,435,435,435,435,435,435,435
1017,1017,1017,1017,1017,1017,1017,1016,1016,1016,1016
276,276,276,276,276,276,276,276,276,276,276
152,154,155,155,156,157,157,158,159,159,160
969,969,969,969,969,969,969,969,969,969,969
588,588,587,586,585,584,583,582,581,580,579
6,6,6,6,6,6,6,6,6,6,6
747,749,750,751,752,752,753,754,755,756,757
871,871,871,871,871,871,871,871,871,871,871
54,54,54,53,53,53,52,52,51,51,50
435,435,435,435,435,435,435,435,435,435,435
1017,1017,1017,1017,1017,1017,1017,1016,1016,1016,1016
276,276,276,276,276,276,276,276,276,276,276
152,154,154,155,156,156,157,158,158,159,160
969,969,969,969,969,969,969,969,969,969,969
588,588,588,587,586,585,584,583,582,581,580
6,6,6,6,6,6,6,6,6,6,6
747,749,749,750,751,752,753,754,755,755,756
871,871,871,871,871,871,871,871,871,871,871
54,55,54,54,53,53,52,52,52,51,51
434,434,434,434,434,434,434,434,434,434,434
1017,1018,1017,1017,1017,1017,1017,1017,1016,1016,1016
277,277,277,277,277,277,277,277,277,277,277
151,153,154,154,155,156,157,157,158,159,159
969,969,969,969,969,969,969,969,969,969,969
589,589,588,587,586,585,584,583,582,581,580
6,6,6,6,6,6,6,6,6,6,6
746,748,749,750,751,751,752,753,754,755,756
872,872,872,872,872,872,872,872,872,872,872
54,55,54,54,53,53,53,52,52,51,51
434,434,434,434,434,434,434,434,434,434,434
1017,1018,1018,1017,1017,1017,1017,1017,1017,1016,1016
277,277,277,277,277,277,277,277,277,277,277
151,153,153,154,155,155,156,157,158,158,159
969,969,969,969,969,969,969,969,969,969,969
590,590,589,588,587,586,585,584,583,582,581
6,6,6,6,6,6,6,6,6,6,6
746,748,748,749,750,751,752,753,753,754,755
872,872,872,872,872,872,872,872,872,872,872
54,55,55,54,54,53,53,52,52,52,51
433,433,433,433,433,433,433,433,433,433,433
1017,1018,1018,1017,1017,1017,1017,1017,1017,1016,1016
278,278,278,278,278,278,278,278,278,278,278
151,152,153,154,154,155,156,156,157,158,158
968,968,968,968,968,968,968,968,968,968,968
590,590,589,588,587,586,585,584,584,583,582
6,6,6,6,6,6,6,6,6,6,6
745,747,748,749,750,750,751,752,753,754,755
873,873,873,873,873,873,873,873,873,873,873
55,55,55,54,54,54,53,53,52,52,51
433,433,433,433,433,433,433,433,433,433,433
1017,1018,1018,1018,1017,1017,1017,1017,1017,1017,1016
278,278,278,278,278,278,278,278,278,278,278
150,152,153,153,154,155,155,156,157,157,158
968,968,968,968,968,968,968,968,968,968,968
591,591,590,589,588,587,586,585,584,583,582
6,6,6,6,6,6,6,6,6,6,6
745,746,747,748,749,750,751,752,752,753,754
873,873,873,873,873,873,873,873,873,873,873
55,56,55,55,54,54,53,53,53,52,52
432,432,432,432,432,432,432,432,432,432,432
1017,1018,1018,1018,1017,1017,1017,1017,1017,1017,1017
279,279,279,279,279,279,279,279,279,279,279
150,151,152,153,153,154,155,156,156,157,158
968,968,968,968,968,968,968,968,968,968,968
591,591,590,589,589,588,587,586,585,584,583
6,6,6,6,6,6,6,6,6,6,6
744,746,747,748,749,749,750,751,752,753,754
873,873,873,873,873,873,873,873,873,873,873
55,56,55,55,55,54,54,53,53,52,52
431,431,431,431,431,431,431,431,431,431,431
1017,1018,1018,1018,1018,1017,1017,1017,1017,1017,1017
279,279,279,279,279,279,279,279,279,279,279
149,151,152,152,153,154,154,155,156,157,157
968,968,968,968,968,968,968,968,968,968,968
592,592,591,590,589,588,587,586,585,584,583
6,6,6,6,6,6,6,6,6,6,6
744,745,746,747,748,749,750,751,751,752,753
874,874,874,874,874,874,874,874,874,874,874
56,56,56,55,55,54,54,54,53,53,52
431,431,431,431,431,431,431,431,431,431,431
1017,1018,1018,1018,1018,1018,1017,1017,1017,1017,1017
280,280,280,280,280,280,280,280,280,280,280
149,151,151,152,153,153,154,155,155,156,157
967,967,967,967,967,967,967,967,967,967,967
592,593,592,591,590,589,588,587,586,585,584
6,6,6,6,6,6,6,6,6,6,6
743,745,746,747,747,748,749,750,751,752,753
874,874,874,874,874,874,874,874,874,874,874
56,56,56,56,55,55,54,54,53,53,53
430,430,430,430,430,430,430,430,430,430,430
1017,1018,1018,1018,1018,1018,1017,1017,1017,1017,1017
280,280,280,280,280,280,280,280,280,280,280
148,150,151,152,152,153,154,154,155,156,156
967,967,967,967,967,967,967,967,967,967,967
593,593,592,591,590,589,588,587,586,585,585
6,6,6,6,6,6,6,6,6,6,6
743,744,745,746,747,748,749,750,750,751,752
875,875,875,875,875,875,875,875,875,875,875
56,57,56,56,55,55,54,54,54,53,53
430,430,430,430,430,430,430,430,430,430,430
1017,1018,1018,1018,1018,1018,1018,1017,1017,1017,1017
281,281,281,281,281,281,281,281,281,281,281
148,150,150,151,152,152,153,154,155,155,156
967,967,967,967,967,967,967,967,967,967,967
594,594,593,592,591,590,589,588,587,586,585
5,5,5,5,5,5,5,5,5,5,5
742,744,745,746,746,747,748,749,750,751,752
875,875,875,875,875,875,875,875,875,875,875
56,57,56,56,56,55,55,54,54,53,53
429,429,429,429,429,429,429,429,429,429,429
1018,1018,1018,1018,1018,1018,1018,1018,1017,1017,1017
281,281,281,281,281,281,281,281,281,281,281
148,149,150,151,151,152,153,153,154,155,156
967,967,967,967,967,967,967,967,967,967,967
594,594,593,592,591,590,590,589,588,587,586
5,5,5,5,5,5,5,5,5,5,5
741,743,744,745,746,747,748,748,749,750,751
876,876,876,876,876,876,876,876,876,876,876
57,57,57,56,56,55,55,55,54,54,53
428,428,428,428,428,428,428,428,428,428,428
1018,1019,1018,1018,1018,1018,1018,1018,1017,1017,1017
282,282,282,282,282,282,282,282,282,282,282
147,149,150,150,151,152,152,153,154,154,155
966,966,966,966,966,966,966,966,966,966,966
595,595,594,593,592,591,590,589,588,587,586
5,5,5,5,5,5,5,5,5,5,5
741,743,744,745,745,746,747,748,749,750,751
876,876,876,876,876,876,876,876,876,876,876
57,57,57,57,56,56,55,55,54,54,54
428,428,428,428,428,428,428,428,428,428,428
1018,1019,1018,1018,1018,1018,1018,1018,1018,1017,1017
282,282,282,282,282,282,282,282,282,282,282
147,149,149,150,151,151,152,153,153,154,155
966,966,966,966,966,966,966,966,966,966,966
595,595,594,594,593,592,591,590,589,588,587
5,5,5,5,5,5,5,5,5,5,5
740,742,743,744,745,746,747,747,748,749,750
876,876,876,876,876,876,876,876,876,876,876
57,58,57,57,56,56,56,55,55,54,54
427,427,427,427,427,427,427,427,427,427,427
1018,1019,1019,1018,1018,1018,1018,1018,1018,1017,1017
283,283,283,283,283,283,283,283,283,283,283
146,148,149,149,150,151,152,152,153,154,154
966,966,966,966,966,966,966,966,966,966,966
596,596,595,594,593,592,591,590,589,588,587
5,5,5,5,5,5,5,5,5,5,5
740,742,743,743,744,745,746,747,748,749,749
877,877,877,877,877,877,877,877,877,877,877
57,58,58,57,57,56,56,55,55,54,54
427,427,427,427,427,427,427,427,427,427,427
1018,1019,1019,1018,1018,1018,1018,1018,1018,1018,1017
283,283,283,283,283,283,283,283,283,283,283
146,148,148,149,150,150,151,152,152,153,154
965,965,965,965,965,965,965,965,965,965,965
597,597,596,595,594,593,592,591,590,589,588
5,5,5,5,5,5,5,5,5,5,5
739,741,742,743,744,745,746,746,747,748,749
877,877,877,877,877,877,877,877,877,877,877
58,58,58,57,57,57,56,56,55,55,54
426,426,426,426,426,426,426,426,426,426,426
1018,1019,1019,1019,1018,1018,1018,1018,1018,1018,1018
284,284,284,284,284,284,284,284,284,284,284
146,147,148,149,149,150,151,151,152,153,153
965,965,965,965,965,965,965,965,965,965,965
597,597,596,595,594,593,592,591,591,590,589
5,5,5,5,5,5,5,5,5,5,5
739,741,742,742,743,744,745,746,747,748,748
878,878,878,878,878,878,878,878,878,878,878
58,59,58,58,57,57,56,56,55,55,55
426,426,426,426,426,426,426,426,426,426,426
1018,1019,1019,1019,1019,1018,1018,1018,1018,1018,1018
284,284,284,284,284,284,284,284,284,284,284
145,147,148,148,149,150,150,151,152,152,153
965,965,965,965,965,965,965,965,965,965,965
598,598,597,596,595,594,593,592,591,590,589
5,5,5,5,5,5,5,5,5,5,5
738,740,741,742,743,744,744,745,746,747,748
878,878,878,878,878,878,878,878,878,878,878
58,59,58,58,57,57,57,56,56,55,55
425,425,425,425,425,425,425,425,425,425,425
1018,1019,1019,1019,1019,1018,1018,1018,1018,1018,1018
285,285,285,285,285,285,285,285,285,285,285
145,146,147,148,148,149,150,151,151,152,153
965,965,965,965,965,965,965,965,965,965,965
598,598,597,596,595,595,594,593,592,591,590
5,5,5,5,5,5,5,5,5,5,5
738,740,740,741,742,743,744,745,746,747,747
878,878,878,878,878,878,878,878,878,878,878
59,59,59,58,58,57,57,56,56,56,55
424,424,424,424,424,424,424,424,424,424,424
1018,1019,1019,1019,1019,1019,1018,1018,1018,1018,1018
286,286,286,286,286,286,286,286,286,286,286
144,146,147,147,148,149,149,150,151,151,152
964,964,964,964,964,964,964,964,964,964,964
599,599,598,597,596,595,594,593,592,591,590
5,5,5,5,5,5,5,5,5,5,5
737,739,740,741,742,743,743,744,745,746,747
879,879,879,879,879,879,879,879,879,879,879
59,59,59,58,58,58,57,57,56,56,55
424,424,424,424,424,424,424,424,424,424,424
1018,1019,1019,1019,1019,1019,1018,1018,1018,1018,1018
286,286,286,286,286,286,286,286,286,286,286
144,146,146,147,148,148,149,150,150,151,152
964,964,964,964,964,964,964,964,964,964,964
599,600,599,598,597,596,595,594,593,592,591
5,5,5,5,5,5,5,5,5,5,5
737,739,739,740,741,742,743,744,745,745,746
879,879,879,879,879,879,879,879,879,879,879
59,60,59,59,58,58,57,57,57,56,56
423,423,423,423,423,423,423,423,423,423,423
1018,1019,1019,1019,1019,1019,1019,1018,1018,1018,1018
287,287,287,287,287,287,287,287,287,287,287
144,145,146,147,147,148,149,149,150,151,151
964,964,964,964,964,964,964,964,964,964,964
600,600,599,598,597,596,595,594,593,592,592
5,5,5,5,5,5,5,5,5,5,5
736,738,739,740,741,742,742,743,744,745,746
880,880,880,880,880,880,880,880,880,880,880
59,60,59,59,59,58,58,57,57,56,56
423,423,423,423,423,423,423,423,423,423,423
1019,1019,1019,1019,1019,1019,1019,1019,1018,1018,1018
287,287,287,287,287,287,287,287,287,287,287
143,145,145,146,147,147,148,149,150,150,151
963,963,963,963,963,963,963,963,963,963,963
601,601,600,599,598,597,596,595,594,593,592
4,4,4,4,4,4,4,4,4,4,4
736,738,738,739,740,741,742,743,744,744,745
880,880,880,880,880,880,880,880,880,880,880
60,60,60,59,59,58,58,58,57,57,56
422,422,422,422,422,422,422,422,422,422,422
1019,1019,1019,1019,1019,1019,1019,1019,1018,1018,1018
288,288,288,288,288,288,288,288,288,288,288
143,144,145,146,146,147,148,148,149,150,150
963,963,963,963,963,963,963,963,963,963,963
601,601,600,599,598,597,596,596,595,594,593
4,4,4,4,4,4,4,4,4,4,4
735,737,738,739,740,740,741,742,743,744,745
880,880,880,880,880,880,880,880,880,880,880
60,60,60,60,59,59,58,58,57,57,56
422,422,422,422,422,422,422,422,422,422,422
1019,1020,1019,1019,1019,1019,1019,1019,1019,1018,1018
288,288,288,288,288,288,288,288,288,288,288
142,144,145,145,146,147,147,148,149,149,150
963,963,963,963,963,963,963,963,963,963,963
602,602,601,600,599,598,597,596,595,594,593
4,4,4,4,4,4,4,4,4,4,4
735,736,737,738,739,740,741,742,743,743,744
881,881,881,881,881,881,881,881,881,881,881
60,61,60,60,59,59,58,58,58,57,57
421,421,421,421,421,421,421,421,421,421,421
1019,1020,1019,1019,1019,1019,1019,1019,1019,1019,1018
289,289,289,289,289,289,289,289,289,289,289
142,144,144,145,146,146,147,148,148,149,150
963,963,963,963,963,963,963,963,963,963,963
602,602,601,601,600,599,598,597,596,595,594
4,4,4,4,4,4,4,4,4,4,4
734,736,737,738,739,739,740,741,742,743,744
881,881,881,881,881,881,881,881,881,881,881
60,61,61,60,60,59,59,58,58,57,57
420,420,420,420,420,420,420,420,420,420,420
1019,1020,1020,1019,1019,1019,1019,1019,1019,1019,1018
289,289,289,289,289,289,289,289,289,289,289
141,143,144,145,145,146,147,147,148,149,149
962,962,962,962,962,962,962,962,962,962,962
603,603,602,601,600,599,598,597,596,595,594
4,4,4,4,4,4,4,4,4,4,4
734,735,736,737,738,739,740,741,741,742,743
882,882,882,882,882,882,882,882,882,882,882
61,61,61,60,60,59,59,59,58,58,57
420,420,420,420,420,420,420,420,420,420,420
1019,1020,1020,1020,1019,1019,1019,1019,1019,1019,1019
290,290,290,290,290,290,290,290,290,290,290
141,143,143,144,145,145,146,147,147,148,149
962,962,962,962,962,962,962,962,962,962,962
604,604,603,602,601,600,599,598,597,596,595
4,4,4,4,4,4,4,4,4,4,4
733,735,736,737,737,738,739,740,741,742,743
882,882,882,882,882,882,882,882,882,882,882
61,62,61,61,60,60,59,59,58,58,58
419,419,419,419,419,419,419,419,419,419,419
1019,1020,1020,1020,1019,1019,1019,1019,1019,1019,1019
290,290,290,290,290,290,290,290,290,290,290
141,142,143,144,144,145,146,146,147,148,148
962,962,962,962,962,962,962,962,962,962,962
604,604,603,602,601,600,599,598,597,597,596
4,4,4,4,4,4,4,4,4,4,4
732,734,735,736,737,738,739,740,740,741,742
883,883,883,883,883,883,883,883,883,883,883
61,62,61,61,60,60,60,59,59,58,58
419,419,419,419,419,419,419,419,419,419,419
1019,1020,1020,1020,1020,1019,1019,1019,1019,1019,1019
291,291,291,291,291,291,291,291,291,291,291
140,142,143,143,144,145,145,146,147,147,148
962,962,962,962,962,962,962,962,962,962,962
605,605,604,603,602,601,600,599,598,597,596
4,4,4,4,4,4,4,4,4,4,4
732,734,735,736,736,737,738,739,740,741,742
883,883,883,883,883,883,883,883,883,883,883
62,62,62,61,61,60,60,59,59,59,58
418,418,418,418,418,418,418,418,418,418,418
1019,1020,1020,1020,1020,1019,1019,1019,1019,1019,1019
291,291,291,291,291,291,291,291,291,291,291
140,142,142,143,144,144,145,146,146,147,148
961,961,961,961,961,961,961,961,961,961,961
605,605,604,603,602,602,601,600,599,598,597
4,4,4,4,4,4,4,4,4,4,4
731,733,734,735,736,737,738,738,739,740,741
883,883,883,883,883,883,883,883,883,883,883
62,62,62,61,61,61,60,60,59,59,58
417,417,417,417,417,417,417,417,417,417,417
1019,1020,1020,1020,1020,1020,1019,1019,1019,1019,1019
292,292,292,292,292,292,292,292,292,292,292
139,141,142,142,143,144,144,145,146,146,147
961,961,961,961,961,961,961,961,961,961,961
606,606,605,604,603,602,601,600,599,598,597
4,4,4,4,4,4,4,4,4,4,4
731,733,734,734,735,736,737,738,739,740,741
884,884,884,884,884,884,884,884,884,884,884
62,63,62,62,61,61,60,60,60,59,59
417,417,417,417,417,417,417,417,417,417,417
1019,1020,1020,1020,1020,1020,1020,1019,1019,1019,1019
292,292,292,292,292,292,292,292,292,292,292
139,141,141,142,143,143,144,145,145,146,147
961,961,961,961,961,961,961,961,961,961,961
606,606,606,605,604,603,602,601,600,599,598
4,4,4,4,4,4,4,4,4,4,4
730,732,733,734,735,736,737,737,738,739,740
884,884,884,884,884,884,884,884,884,884,884
62,63,63,62,62,61,61,60,60,59,59
416,416,416,416,416,416,416,416,416,416,416
1019,1020,1020,1020,1020,1020,1020,1019,1019,1019,1019
293,293,293,293,293,293,293,293,293,293,293
139,140,141,142,142,143,144,144,145,146,146
960,960,960,960,960,960,960,960,960,960,960
607,607,606,605,604,603,602,601,600,599,598
4,4,4,4,4,4,4,4,4,4,4
730,732,733,733,734,735,736,737,738,739,739
885,885,885,885,885,885,885,885,885,885,885
63,63,63,62,62,61,61,61,60,60,59
416,416,416,416,416,416,416,416,416,416,416
1019,1020,1020,1020,1020,1020,1020,1020,1019,1019,1019
293,293,293,293,293,293,293,293,293,293,293
138,140,141,141,142,143,143,144,145,145,146
960,960,960,960,960,960,960,960,960,960,960
608,608,607,606,605,604,603,602,601,600,599
4,4,4,4,4,4,4,4,4,4,4
729,731,732,733,734,735,735,736,737,738,739
885,885,885,885,885,885,885,885,885,885,885
63,64,63,63,62,62,61,61,60,60,59
415,415,415,415,415,415,415,415,415,415,415
1020,1020,1020,1020,1020,1020,1020,1020,1020,1019,1019
294,294,294,294,294,294,294,294,294,294,294
138,140,140,141,142,142,143,144,144,145,146
960,960,960,960,960,960,960,960,960,960,960
608,608,607,606,605,604,603,603,602,601,600
3,3,3,3,3,3,3,3,3,3,3
729,731,731,732,733,734,735,736,737,738,738
885,885,885,885,885,885,885,885,885,885,885
63,64,63,63,62,62,62,61,61,60,60
415,415,415,415,415,415,415,415,415,415,415
1020,1020,1020,1020,1020,1020,1020,1020,1020,1019,1019
295,295,295,295,295,295,295,295,295,295,295
137,139,140,140,141,142,142,143,144,144,145
960,960,960,960,960,960,960,960,960,960,960
609,609,608,607,606,605,604,603,602,601,600
3,3,3,3,3,3,3,3,3,3,3
728,730,731,732,733,734,734,735,736,737,738
886,886,886,886,886,886,886,886,886,886,886
64,64,64,63,63,62,62,61,61,60,60
414,414,414,414,414,414,414,414,414,414,414
1020,1021,1020,1020,1020,1020,1020,1020,1020,1020,1019
295,295,295,295,295,295,295,295,295,295,295
137,139,139,140,141,141,142,143,143,144,145
959,959,959,959,959,959,959,959,959,959,959
609,609,608,607,607,606,605,604,603,602,601
3,3,3,3,3,3,3,3,3,3,3
728,730,730,731,732,733,734,735,736,737,737
886,886,886,886,886,886,886,886,886,886,886
64,64,64,63,63,63,62,62,61,61,60
413,413,413,413,413,413,413,413,413,413,413
1020,1021,1021,1020,1020,1020,1020,1020,1020,1020,1019
296,296,296,296,296,296,296,296,296,296,296
137,138,139,140,140,141,142,142,143,144,144
959,959,959,959,959,959,959,959,959,959,959
610,610,609,608,607,606,605,604,603,602,601
3,3,3,3,3,3,3,3,3,3,3
727,729,730,731,732,733,733,734,735,736,737
887,887,887,887,887,887,887,887,887,887,887
64,65,64,64,63,63,62,62,61,61,61
413,413,413,413,413,413,413,413,413,413,413
1020,1021,1021,1020,1020,1020,1020,1020,1020,1020,1020
296,296,296,296,296,296,296,296,296,296,296
136,138,139,139,140,141,141,142,143,143,144
959,959,959,959,959,959,959,959,959,959,959
610,611,610,609,608,607,606,605,604,603,602
3,3,3,3,3,3,3,3,3,3,3
727,728,729,730,731,732,733,734,735,735,736
887,887,887,887,887,887,887,887,887,887,887
64,65,64,64,64,63,63,62,62,61,61
412,412,412,412,412,412,412,412,412,412,412
1020,1021,1021,1021,1020,1020,1020,1020,1020,1020,1020
297,297,297,297,297,297,297,297,297,297,297
136,138,138,139,139,140,141,141,142,143,143
958,958,958,958,958,958,958,958,958,958,958
611,611,610,609,608,607,606,605,604,604,603
3,3,3,3,3,3,3,3,3,3,3
726,728,729,730,731,731,732,733,734,735,736
887,887,887,887,887,887,887,887,887,887,887
65,65,65,64,64,63,63,62,62,62,61
412,412,412,412,412,412,412,412,412,412,412
1020,1021,1021,1021,1020,1020,1020,1020,1020,1020,1020
297,297,297,297,297,297,297,297,297,297,297
135,137,138,138,139,140,140,141,142,142,143
958,958,958,958,958,958,958,958,958,958,958
612,612,611,610,609,608,607,606,605,604,603
3,3,3,3,3,3,3,3,3,3,3
726,727,728,729,730,731,732,733,734,734,735
888,888,888,888,888,888,888,888,888,888,888
65,66,65,65,64,64,63,63,62,62,61
411,411,411,411,411,411,411,411,411,411,411
1020,1021,1021,1021,1021,1020,1020,1020,1020,1020,1020
298,298,298,298,298,298,298,298,298,298,298
135,137,137,138,139,139,140,141,141,142,143
958,958,958,958,958,958,958,958,958,958,958
612,612,611,610,609,608,608,607,606,605,604
3,3,3,3,3,3,3,3,3,3,3
725,727,728,729,729,730,731,732,733,734,735
888,888,888,888,888,888,888,888,888,888,888
65,66,65,65,64,64,63,63,63,62,62
411,411,411,411,411,411,411,411,411,411,411
1020,1021,1021,1021,1021,1021,1020,1020,1020,1020,1020
298,298,298,298,298,298,298,298,298,298,298
135,136,137,138,138,139,140,140,141,142,142
958,958,958,958,958,958,958,958,958,958,958
613,613,612,611,610,609,608,607,606,605,604
3,3,3,3,3,3,3,3,3,3,3
724,726,727,728,729,730,731,732,732,733,734
889,889,889,889,889,889,889,889,889,889,889
66,66,66,65,65,64,64,63,63,62,62
410,410,410,410,410,410,410,410,410,410,410
1020,1021,1021,1021,1021,1021,1020,1020,1020,1020,1020
299,299,299,299,299,299,299,299,299,299,299
134,136,137,137,138,139,139,140,141,141,142
957,957,957,957,957,957,957,957,957,957,957
613,613,612,612,611,610,609,608,607,606,605
3,3,3,3,3,3,3,3,3,3,3
724,726,727,728,728,729,730,731,732,733,734
889,889,889,889,889,889,889,889,889,889,889
66,66,66,65,65,65,64,64,63,63,62
409,409,409,409,409,409,409,409,409,409,409
1020,1021,1021,1021,1021,1021,1021,1020,1020,1020,1020
299,299,299,299,299,299,299,299,299,299,299
134,136,136,137,137,138,139,139,140,141,141
957,957,957,957,957,957,957,957,957,957,957
614,614,613,612,611,610,609,608,607,606,605
3,3,3,3,3,3,3,3,3,3,3
723,725,726,727,728,729,730,731,731,732,733
889,889,889,889,889,889,889,889,889,889,889
66,67,66,66,65,65,64,64,63,63,62
409,409,409,409,409,409,409,409,409,409,409
1020,1021,1021,1021,1021,1021,1021,1020,1020,1020,1020
300,300,300,300,300,300,300,300,300,300,300
133,135,136,136,137,138,138,139,140,140,141
957,957,957,957,957,957,957,957,957,957,957
615,615,614,613,612,611,610,609,608,607,606
3,3,3,3,3,3,3,3,3,3,3
723,725,726,726,727,728,729,730,731,732,733
890,890,890,890,890,890,890,890,890,890,890
66,67,67,66,66,65,65,64,64,63,63
408,408,408,408,408,408,408,408,408,408,408
1020,1021,1021,1021,1021,1021,1021,1021,1020,1020,1020
300,300,300,300,300,300,300,300,300,300,300
133,135,135,136,137,137,138,139,139,140,141
956,956,956,956,956,956,956,956,956,956,956
615,615,614,613,612,611,610,609,609,608,607
3,3,3,3,3,3,3,3,3,3,3
722,724,725,726,727,728,729,729,730,731,732
890,890,890,890,890,890,890,890,890,890,890
67,67,67,66,66,65,65,64,64,64,63
408,408,408,408,408,408,408,408,408,408,408
1020,1021,1021,1021,1021,1021,1021,1021,1021,1020,1020
301,301,301,301,301,301,301,301,301,301,301
133,134,135,136,136,137,138,138,139,140,140
956,956,956,956,956,956,956,956,956,956,956
616,616,615,614,613,612,611,610,609,608,607
3,3,3,3,3,3,3,3,3,3,3
722,724,725,725,726,727,728,729,730,731,732
891,891,891,891,891,891,891,891,891,891,891
67,68,67,67,66,66,65,65,64,64,63
407,407,407,407,407,407,407,407,407,407,407
1020,1021,1021,1021,1021,1021,1021,1021,1021,1020,1020
301,301,301,301,301,301,301,301,301,301,301
132,134,135,135,136,137,137,138,138,139,140
956,956,956,956,956,956,956,956,956,956,956
616,616,615,614,613,613,612,611,610,609,608
2,2,2,2,2,2,2,2,2,2,2
721,723,724,725,726,727,728,728,729,730,731
891,891,891,891,891,891,891,891,891,891,891
67,68,67,67,66,66,65,65,65,64,64
406,406,406,406,406,406,406,406,406,406,406
1021,1021,1021,1021,1021,1021,1021,1021,1021,1021,1020
302,302,302,302,302,302,302,302,302,302,302
132,134,134,135,135,136,137,137,138,139,139
956,956,956,956,956,956,956,956,956,956,956
617,617,616,615,614,613,612,611,610,609,608
2,2,2,2,2,2,2,2,2,2,2
721,723,723,724,725,726,727,728,729,730,730
891,891,891,891,891,891,891,891,891,891,891
68,68,68,67,67,66,66,65,65,64,64
406,406,406,406,406,406,406,406,406,406,406
1021,1022,1021,1021,1021,1021,1021,1021,1021,1021,1020
303,303,303,303,303,303,303,303,303,303,303
131,133,134,134,135,136,136,137,138,138,139
955,955,955,955,955,955,955,955,955,955,955
617,617,616,616,615,614,613,612,611,610,609
2,2,2,2,2,2,2,2,2,2,2
720,722,723,724,725,726,726,727,728,729,730
892,892,892,892,892,892,892,892,892,892,892
68,68,68,67,67,67,66,66,65,65,64
405,405,405,405,405,405,405,405,405,405,405
1021,1022,1021,1021,1021,1021,1021,1021,1021,1021,1021
303,303,303,303,303,303,303,303,303,303,303
131,133,133,134,135,135,136,137,137,138,139
955,955,955,955,955,955,955,955,955,955,955
618,618,617,616,615,614,613,612,611,610,610
2,2,2,2,2,2,2,2,2,2,2
720,722,722,723,724,725,726,727,728,729,729
892,892,892,892,892,892,892,892,892,892,892
68,69,68,68,67,67,66,66,65,65,64
405,405,405,405,405,405,405,405,405,405,405
1021,1022,1022,1021,1021,1021,1021,1021,1021,1021,1021
304,304,304,304,304,304,304,304,304,304,304
131,132,133,134,134,135,136,136,137,138,138
955,955,955,955,955,955,955,955,955,955,955
619,619,618,617,616,615,614,613,612,611,610
2,2,2,2,2,2,2,2,2,2,2
719,721,722,723,724,724,725,726,727,728,729
893,893,893,893,893,893,893,893,893,893,893
69,69,69,68,68,67,67,66,66,65,65
404,404,404,404,404,404,404,404,404,404,404
1021,1022,1022,1021,1021,1021,1021,1021,1021,1021,1021
304,304,304,304,304,304,304,304,304,304,304
130,132,133,133,134,135,135,136,136,137,138
954,954,954,954,954,954,954,954,954,954,954
619,619,618,617,616,615,614,614,613,612,611
2,2,2,2,2,2,2,2,2,2,2
719,720,721,722,723,724,725,726,727,727,728
893,893,893,893,893,893,893,893,893,893,893
69,69,69,68,68,67,67,66,66,66,65
404,404,404,404,404,404,404,404,404,404,404
1021,1022,1022,1022,1021,1021,1021,1021,1021,1021,1021
305,305,305,305,305,305,305,305,305,305,305
130,132,132,133,133,134,135,135,136,137,137
954,954,954,954,954,954,954,954,954,954,954
620,620,619,618,617,616,615,614,613,612,611
2,2,2,2,2,2,2,2,2,2,2
718,720,721,722,723,723,724,725,726,727,728
893,893,893,893,893,893,893,893,893,893,893
69,70,69,69,68,68,67,67,66,66,65
403,403,403,403,403,403,403,403,403,403,403
1021,1022,1022,1022,1022,1021,1021,1021,1021,1021,1021
305,305,305,305,305,305,305,305,305,305,305
130,131,132,132,133,134,134,135,136,136,137
954,954,954,954,954,954,954,954,954,954,954
620,620,619,618,617,617,616,615,614,613,612
2,2,2,2,2,2,2,2,2,2,2
717,719,720,721,722,723,724,725,726,726,727
894,894,894,894,894,894,894,894,894,894,894
69,70,69,69,68,68,68,67,67,66,66
402,402,402,402,402,402,402,402,402,402,402
1021,1022,1022,1022,1022,1021,1021,1021,1021,1021,1021
306,306,306,306,306,306,306,306,306,306,306
129,131,131,132,133,133,134,135,135,136,137
953,953,953,953,953,953,953,953,953,953,953
621,621,620,619,618,617,616,615,614,613,612
2,2,2,2,2,2,2,2,2,2,2
717,719,720,721,721,722,723,724,725,726,727
894,894,894,894,894,894,894,894,894,894,894
70,70,70,69,69,68,68,67,67,66,66
402,402,402,402,402,402,402,402,402,402,402
1021,1022,1022,1022,1022,1022,1021,1021,1021,1021,1021
306,306,306,306,306,306,306,306,306,306,306
129,130,131,132,132,133,134,134,135,136,136
953,953,953,953,953,953,953,953,953,953,953
621,621,621,620,619,618,617,616,615,614,613
2,2,2,2,2,2,2,2,2,2,2
716,718,719,720,721,722,723,724,724,725,726
894,894,894,894,894,894,894,894,894,894,894
70,71,70,70,69,69,68,68,67,67,66
401,401,401,401,401,401,401,401,401,401,401
1021,1022,1022,1022,1022,1022,1021,1021,1021,1021,1021
307,307,307,307,307,307,307,307,307,307,307
128,130,131,131,132,133,133,134,134,135,136
953,953,953,953,953,953,953,953,953,953,953
622,622,621,620,619,618,617,616,615,614,614
2,2,2,2,2,2,2,2,2,2,2
716,718,719,720,720,721,722,723,724,725,726
895,895,895,895,895,895,895,895,895,895,895
70,71,70,70,69,69,68,68,67,67,66
401,401,401,401,401,401,401,401,401,401,401
1021,1022,1022,1022,1022,1022,1022,1021,1021,1021,1021
307,307,307,307,307,307,307,307,307,307,307
128,130,130,131,132,132,133,133,134,135,135
953,953,953,953,953,953,953,953,953,953,953
623,623,622,621,620,619,618,617,616,615,614
2,2,2,2,2,2,2,2,2,2,2
715,717,718,719,720,721,722,722,723,724,725
895,895,895,895,895,895,895,895,895,895,895
71,71,71,70,70,69,69,68,68,67,67
400,400,400,400,400,400,400,400,400,400,400
1021,1022,1022,1022,1022,1022,1022,1022,1021,1021,1021
308,308,308,308,308,308,308,308,308,308,308
128,129,130,130,131,132,132,133,134,134,135
952,952,952,952,952,952,952,952,952,952,952
623,623,622,621,620,619,618,618,617,616,615
2,2,2,2,2,2,2,2,2,2,2
715,717,718,718,719,720,721,722,723,724,725
896,896,896,896,896,896,896,896,896,896,896
71,71,71,70,70,69,69,68,68,68,67
400,400,400,400,400,400,400,400,400,400,400
1021,1022,1022,1022,1022,1022,1022,1022,1021,1021,1021
308,308,308,308,308,308,308,308,308,308,308
127,129,129,130,131,131,132,133,133,134,135
952,952,952,952,952,952,952,952,952,952,952
624,624,623,622,621,620,619,618,617,616,615
2,2,2,2,2,2,2,2,2,2,2
714,716,717,718,719,720,721,721,722,723,724
896,896,896,896,896,896,896,896,896,896,896
71,72,71,71,70,70,69,69,68,68,67
399,399,399,399,399,399,399,399,399,399,399
1021,1022,1022,1022,1022,1022,1022,1022,1022,1021,1021
309,309,309,309,309,309,309,309,309,309,309
127,128,129,130,130,131,132,132,133,134,134
952,952,952,952,952,952,952,952,952,952,952
624,624,623,622,622,621,620,619,618,617,616
2,2,2,2,2,2,2,2,2,2,2
714,716,716,717,718,719,720,721,722,723,724
896,896,896,896,896,896,896,896,896,896,896
71,72,72,71,71,70,70,69,69,68,68
398,398,398,398,398,398,398,398,398,398,398
1021,1022,1022,1022,1022,1022,1022,1022,1022,1021,1021
310,310,310,310,310,310,310,310,310,310,310
126,128,129,129,130,131,131,132,133,133,134
951,951,951,951,951,951,951,951,951,951,951
625,625,624,623,622,621,620,619,618,617,616
2,2,2,2,2,2,2,2,2,2,2
713,715,716,717,718,719,719,720,721,722,723
897,897,897,897,897,897,897,897,897,897,897
72,72,72,71,71,70,70,69,69,68,68
398,398,398,398,398,398,398,398,398,398,398
1021,1022,1022,1022,1022,1022,1022,1022,1022,1022,1021
310,310,310,310,310,310,310,310,310,310,310
126,128,128,129,130,130,131,131,132,133,133
951,951,951,951,951,951,951,951,951,951,951
625,626,625,624,623,622,621,620,619,618,617
2,2,2,2,2,2,2,2,2,2,2
713,714,715,716,717,718,719,720,721,722,722
897,897,897,897,897,897,897,897,897,897,897
72,73,72,72,71,71,70,70,69,69,68
397,397,397,397,397,397,397,397,397,397,397
1021,1022,1022,1022,1022,1022,1022,1022,1022,1022,1022
311,311,311,311,311,311,311,311,311,311,311
126,127,128,129,129,130,130,131,132,132,133
951,951,951,951,951,951,951,951,951,951,951
626,626,625,624,623,622,621,620,619,619,618
2,2,2,2,2,2,2,2,2,2,2
712,714,715,716,717,717,718,719,720,721,722
898,898,898,898,898,898,898,898,898,898,898
72,73,72,72,71,71,70,70,69,69,69
397,397,397,397,397,397,397,397,397,397,397
1022,1022,1022,1022,1022,1022,1022,1022,1022,1022,1022
311,311,311,311,311,311,311,311,311,311,311
125,127,127,128,129,129,130,131,131,132,133
950,950,950,950,950,950,950,950,950,950,950
627,627,626,625,624,623,622,621,620,619,618
1,1,1,1,1,1,1,1,1,1,1
712,713,714,715,716,717,718,719,720,720,721
898,898,898,898,898,898,898,898,898,898,898
73,73,73,72,72,71,71,70,70,69,69
396,396,396,396,396,396,396,396,396,396,396
1022,1022,1022,1022,1022,1022,1022,1022,1022,1022,1022
312,312,312,312,312,312,312,312,312,312,312
125,126,127,128,128,129,130,130,131,132,132
950,950,950,950,950,950,950,950,950,950,950
627,627,626,625,624,623,623,622,621,620,619
1,1,1,1,1,1,1,1,1,1,1
711,713,714,715,716,716,717,718,719,720,721
898,898,898,898,898,898,898,898,898,898,898
73,74,73,73,72,72,71,71,70,70,69
396,396,396,396,396,396,396,396,396,396,396
1022,1023,1022,1022,1022,1022,1022,1022,1022,1022,1022
312,312,312,312,312,312,312,312,312,312,312
124,126,127,127,128,129,129,130,131,131,132
950,950,950,950,950,950,950,950,950,950,950
628,628,627,626,625,624,623,622,621,620,619
1,1,1,1,1,1,1,1,1,1,1
710,712,713,714,715,716,717,718,719,719,720
899,899,899,899,899,899,899,899,899,899,899
73,74,73,73,72,72,71,71,70,70,69
395,395,395,395,395,395,395,395,395,395,395
1022,1023,1023,1022,1022,1022,1022,1022,1022,1022,1022
313,313,313,313,313,313,313,313,313,313,313
124,126,126,127,128,128,129,130,130,131,131
950,950,950,950,950,950,950,950,950,950,950
628,628,627,626,626,625,624,623,622,621,620
1,1,1,1,1,1,1,1,1,1,1
710,712,713,714,714,715,716,717,718,719,720
899,899,899,899,899,899,899,899,899,899,899
74,74,74,73,73,72,72,71,71,70,70
394,394,394,394,394,394,394,394,394,394,394
1022,1023,1023,1022,1022,1022,1022,1022,1022,1022,1022
313,313,313,313,313,313,313,313,313,313,313
124,125,126,127,127,128,128,129,130,130,131
949,949,949,949,949,949,949,949,949,949,949
629,629,628,627,626,625,624,623,622,621,620
1,1,1,1,1,1,1,1,1,1,1
709,711,712,713,714,715,716,717,717,718,719
900,900,900,900,900,900,900,900,900,900,900
74,74,74,73,73,72,72,71,71,70,70
394,394,394,394,394,394,394,394,394,394,394
1022,1023,1023,1023,1022,1022,1022,1022,1022,1022,1022
314,314,314,314,314,314,314,314,314,314,314
123,125,126,126,127,127,128,129,129,130,131
949,949,949,949,949,949,949,949,949,949,949
629,630,629,628,627,626,625,624,623,622,621
1,1,1,1,1,1,1,1,1,1,1
709,711,712,712,713,714,715,716,717,718,719
900,900,900,900,900,900,900,900,900,900,900
74,75,74,74,73,73,72,72,71,71,70
393,393,393,393,393,393,393,393,393,393,393
1022,1023,1023,1023,1022,1022,1022,1022,1022,1022,1022
314,314,314,314,314,314,314,314,314,314,314
123,125,125,126,126,127,128,128,129,130,130
949,949,949,949,949,949,949,949,949,949,949
630,630,629,628,627,626,625,624,624,623,622
1,1,1,1,1,1,1,1,1,1,1
708,710,711,712,713,714,715,715,716,717,718
900,900,900,900,900,900,900,900,900,900,900
75,75,75,74,74,73,73,72,72,71,71
393,393,393,393,393,393,393,393,393,393,393
1022,1023,1023,1023,1023,1022,1022,1022,1022,1022,1022
315,315,315,315,315,315,315,315,315,315,315
123,124,125,125,126,127,127,128,129,129,130
948,948,948,948,948,948,948,948,948,948,948
631,631,630,629,628,627,626,625,624,623,622
1,1,1,1,1,1,1,1,1,1,1
708,710,711,711,712,713,714,715,716,717,718
901,901,901,901,901,901,901,901,901,901,901
75,75,75,74,74,73,73,72,72,71,71
392,392,392,392,392,392,392,392,392,392,392
1022,1023,1023,1023,1023,1023,1022,1022,1022,1022,1022
316,316,316,316,316,316,316,316,316,316,316
122,124,124,125,126,126,127,128,128,129,129
948,948,948,948,948,948,948,948,948,948,948
631,631,630,629,628,627,627,626,625,624,623
1,1,1,1,1,1,1,1,1,1,1
707,709,710,711,712,713,714,714,715,716,717
901,901,901,901,901,901,901,901,901,901,901
75,76,75,75,74,74,73,73,72,72,71
392,392,392,392,392,392,392,392,392,392,392
1022,1023,1023,1023,1023,1023,1022,1022,1022,1022,1022
316,316,316,316,316,316,316,316,316,316,316
122,123,124,125,125,126,127,127,128,128,129
948,948,948,948,948,948,948,948,948,948,948
632,632,631,630,629,628,627,626,625,624,623
1,1,1,1,1,1,1,1,1,1,1
707,709,709,710,711,712,713,714,715,716,717
901,901,901,901,901,901,901,901,901,901,901
75,76,75,75,74,74,73,73,72,72,71
391,391,391,391,391,391,391,391,391,391,391
1022,1023,1023,1023,1023,1023,1023,1022,1022,1022,1022
317,317,317,317,317,317,317,317,317,317,317
121,123,124,124,125,126,126,127,127,128,129
947,947,947,947,947,947,947,947,947,947,947
632,632,631,631,630,629,628,627,626,625,624
1,1,1,1,1,1,1,1,1,1,1
706,708,709,710,711,712,712,713,714,715,716
902,902,902,902,902,902,902,902,902,902,902
76,76,76,75,75,74,74,73,73,72,72
390,390,390,390,390,390,390,390,390,390,390
1022,1023,1023,1023,1023,1023,1023,1022,1022,1022,1022
317,317,317,317,317,317,317,317,317,317,317
121,123,123,124,125,125,126,126,127,128,128
947,947,947,947,947,947,947,947,947,947,947
633,633,632,631,630,629,628,627,626,625,624
1,1,1,1,1,1,1,1,1,1,1
706,707,708,709,710,711,712,713,714,715,715
902,902,902,902,902,902,902,902,902,902,902
76,77,76,76,75,75,74,74,73,73,72
390,390,390,390,390,390,390,390,390,390,390
1022,1023,1023,1023,1023,1023,1023,1023,1022,1022,1022
318,318,318,318,318,318,318,318,318,318,318
121,122,123,123,124,125,125,126,127,127,128
947,947,947,947,947,947,947,947,947,947,947
633,634,633,632,631,630,629,628,627,626,625
1,1,1,1,1,1,1,1,1,1,1
705,707,708,709,710,710,711,712,713,714,715
903,903,903,903,903,903,903,903,903,903,903
76,77,76,76,75,75,74,74,73,73,72
389,389,389,389,389,389,389,389,389,389,389
1022,1023,1023,1023,1023,1023,1023,1023,1023,1022,1022
318,318,318,318,318,318,318,318,318,318,318
120,122,122,123,124,124,125,126,126,127,128
946,946,946,946,946,946,946,946,946,946,946
634,634,633,632,631,630,629,628,628,627,626
1,1,1,1,1,1,1,1,1,1,1
704,706,707,708,709,710,711,712,713,713,714
903,903,903,903,903,903,903,903,903,903,903
77,77,77,76,76,75,75,74,74,73,73
389,389,389,389,389,389,389,389,389,389,389
1022,1023,1023,1023,1023,1023,1023,1023,1023,1022,1022
319,319,319,319,319,319,319,319,319,319,319
120,121,122,123,123,124,125,125,126,127,127
946,946,946,946,946,946,946,946,946,946,946
635,635,634,633,632,631,630,629,628,627,626
1,1,1,1,1,1,1,1,1,1,1
704,706,707,708,708,709,710,711,712,713,714
903,903,903,903,903,903,903,903,903,903,903
77,78,77,76,76,75,75,74,74,73,73
388,388,388,388,388,388,388,388,388,388,388
1022,1023,1023,1023,1023,1023,1023,1023,1023,1023,1022
319,319,319,319,319,319,319,319,319,319,319
119,121,122,122,123,124,124,125,125,126,127
946,946,946,946,946,946,946,946,946,946,946
635,635,634,633,632,631,631,630,629,628,627
1,1,1,1,1,1,1,1,1,1,1
703,705,706,707,708,709,710,711,711,712,713
904,904,904,904,904,904,904,904,904,904,904
77,78,77,77,76,76,75,75,74,74,73
388,388,388,388,388,388,388,388,388,388,388
1022,1023,1023,1023,1023,1023,1023,1023,1023,1023,1023
320,320,320,320,320,320,320,320,320,320,320
119,121,121,122,123,123,124,124,125,126,126
946,946,946,946,946,946,946,946,946,946,946
636,636,635,634,633,632,631,630,629,628,627
1,1,1,1,1,1,1,1,1,1,1
703,705,706,706,707,708,709,710,711,712,713
904,904,904,904,904,904,904,904,904,904,904
78,78,78,77,77,76,76,75,75,74,74
387,387,387,387,387,387,387,387,387,387,387
1022,1023,1023,1023,1023,1023,1023,1023,1023,1023,1023
320,320,320,320,320,320,320,320,320,320,320
119,120,121,122,122,123,123,124,125,125,126
945,945,945,945,945,945,945,945,945,945,945
636,636,635,635,634,633,632,631,630,629,628
1,1,1,1,1,1,1,1,1,1,1
702,704,705,706,707,708,709,710,710,711,712
904,904,904,904,904,904,904,904,904,904,904
78,78,78,77,77,76,76,75,75,74,74
386,386,386,386,386,386,386,386,386,386,386
1022,1023,1023,1023,1023,1023,1023,1023,1023,1023,1023
321,321,321,321,321,321,321,321,321,321,321
118,120,121,121,122,122,123,124,124,125,126
945,945,945,945,945,945,945,945,945,945,945
637,637,636,635,634,633,632,631,630,629,629
1,1,1,1,1,1,1,1,1,1,1
702,704,705,705,706,707,708,709,710,711,712
905,905,905,905,905,905,905,905,905,905,905
78,79,78,78,77,77,76,76,75,75,74
386,386,386,386,386,386,386,386,386,386,386
1022,1023,1023,1023,1023,1023,1023,1023,1023,1023,1023
322,322,322,322,322,322,322,322,322,322,322
118,120,120,121,121,122,123,123,124,125,125
945,945,945,945,945,945,945,945,945,945,945
637,638,637,636,635,634,633,632,631,630,629
1,1,1,1,1,1,1,1,1,1,1
701,703,704,705,706,707,708,708,709,710,711
905,905,905,905,905,905,905,905,905,905,905
79,79,79,78,78,77,77,76,76,75,75
385,385,385,385,385,385,385,385,385,385,385
1022,1023,1023,1023,1023,1023,1023,1023,1023,1023,1023
322,322,322,322,322,322,322,322,322,322,322
118,119,120,120,121,122,122,123,124,124,125
944,944,944,944,944,944,944,944,944,944,944
638,638,637,636,635,634,633,632,632,631,630
1,1,1,1,1,1,1,1,1,1,1
701,703,703,704,705,706,707,708,709,710,711
906,906,906,906,906,906,906,906,906,906,906
79,79,79,78,78,77,77,76,76,75,75
385,385,385,385,385,385,385,385,385,385,385
1022,1023,1023,1023,1023,1023,1023,1023,1023,1023,1023
323,323,323,323,323,323,323,323,323,323,323
117,119,119,120,121,121,122,123,123,124,124
944,944,944,944,944,944,944,944,944,944,944
639,639,638,637,636,635,634,633,632,631,630
1,1,1,1,1,1,1,1,1,1,1
700,702,703,704,705,706,706,707,708,709,710
906,906,906,906,906,906,906,906,906,906,906
79,80,79,79,78,78,77,77,76,76,75
384,384,384,384,384,384,384,384,384,384,384
1022,1023,1023,1023,1023,1023,1023,1023,1023,1023,1023
323,323,323,323,323,323,323,323,323,323,323
117,118,119,120,120,121,122,122,123,123,124
944,944,944,944,944,944,944,944,944,944,944
639,639,638,637,636,636,635,634,633,632,631
0,0,0,0,0,0,0,0,0,0,0
700,701,702,703,704,705,706,707,708,709,709
906,906,906,906,906,906,906,906,906,906,906
80,80,79,79,78,78,77,77,76,76,75
384,384,384,384,384,384,384,384,384,384,384
1023,1023,1023,1023,1023,1023,1023,1023,1023,1023,1023
324,324,324,324,324,324,324,324,324,324,324
116,118,119,119,120,121,121,122,122,123,124
943,943,943,943,943,943,943,943,943,943,943
640,640,639,638,637,636,635,634,633,632,631
0,0,0,0,0,0,0,0,0,0,0
699,701,702,703,704,704,705,706,707,708,709
907,907,907,907,907,907,907,907,907,907,907
80,80,80,79,79,78,78,77,77,76,76
383,383,383,383,383,383,383,383,383,383,383
1023,1023,1023,1023,1023,1023,1023,1023,1023,1023,1023
324,324,324,324,324,324,324,324,324,324,324
116,118,118,119,120,120,121,121,122,123,123
943,943,943,943,943,943,943,943,943,943,943
640,640,639,639,638,637,636,635,634,633,632
0,0,0,0,0,0,0,0,0,0,0
698,700,701,702,703,704,705,706,707,707,708
907,907,907,907,907,907,907,907,907,907,907
80,81,80,80,79,79,78,78,77,77,76
382,382,382,382,382,382,382,382,382,382,382
1023,1023,1023,1023,1023,1023,1023,1023,1023,1023,1023
325,325,325,325,325,325,325,325,325,325,325
116,117,118,119,119,120,120,121,122,122,123
943,943,943,943,943,943,943,943,943,943,943
641,641,640,639,638,637,636,635,634,633,633
0,0,0,0,0,0,0,0,0,0,0
698,700,701,702,702,703,704,705,706,707,708
907,907,907,907,907,907,907,907,907,907,907
80,81,80,80,79,79,78,78,77,77,76
382,382,382,382,382,382,382,382,382,382,382
1023,1023,1023,1023,1023,1023,1023,1023,1023,1023,1023
325,325,325,325,325,325,325,325,325,325,325
115,117,118,118,119,119,120,121,121,122,123
942,942,942,942,942,942,942,942,942,942,942
641,642,641,640,639,638,637,636,635,634,633
0,0,0,0,0,0,0,0,0,0,0
697,699,700,701,702,703,704,705,706,706,707
908,908,908,908,908,908,908,908,908,908,908
81,81,81,80,80,79,79,78,78,77,77
381,381,381,381,381,381,381,381,381,381,381
1023,1023,1023,1023,1023,1023,1023,1023,1023,1023,1023
326,326,326,326,326,326,326,326,326,326,326
115,117,117,118,118,119,120,120,121,122,122
942,942,942,942,942,942,942,942,942,942,942
642,642,641,640,639,638,637,636,636,635,634
0,0,0,0,0,0,0,0,0,0,0
697,699,700,700,701,702,703,704,705,706,707
908,908,908,908,908,908,908,908,908,908,908
81,82,81,81,80,80,79,78,78,77,77
381,381,381,381,381,381,381,381,381,381,381
1023,1023,1023,1023,1023,1023,1023,1023,1023,1023,1023
326,326,326,326,326,326,326,326,326,326,326
115,116,117,117,118,119,119,120,121,121,122
942,942,942,942,942,942,942,942,942,942,942
643,643,642,641,640,639,638,637,636,635,634
0,0,0,0,0,0,0,0,0,0,0
696,698,699,700,701,702,703,704,704,705,706
909,909,909,909,909,909,909,909,909,909,909
81,82,81,81,80,80,79,79,78,78,77
380,380,380,380,380,380,380,380,380,380,380
1023,1023,1023,1023,1023,1023,1023,1023,1023,1023,1023
327,327,327,327,327,327,327,327,327,327,327
114,116,116,117,118,118,119,120,120,121,121
941,941,941,941,941,941,941,941,941,941,941
643,643,642,641,640,639,639,638,637,636,635
0,0,0,0,0,0,0,0,0,0,0
696,698,698,699,700,701,702,703,704,705,706
909,909,909,909,909,909,909,909,909,909,909
82,82,82,81,81,80,80,79,79,78,78
380,380,380,380,380,380,380,380,380,380,380
1023,1023,1023,1023,1023,1023,1023,1023,1023,1023,1023
328,328,328,328,328,328,328,328,328,328,328
114,115,116,117,117,118,119,119,120,120,121
941,941,941,941,941,941,941,941,941,941,941
644,644,643,642,641,640,639,638,637,636,635
0,0,0,0,0,0,0,0,0,0,0
695,697,698,699,700,701,702,702,703,704,705
909,909,909,909,909,909,909,909,909,909,909
82,83,82,82,81,80,80,79,79,78,78
379,379,379,379,379,379,379,379,379,379,379
1023,1023,1023,1023,1023,1023,1023,1023,1023,1023,1023
328,328,328,328,328,328,328,328,328,328,328
113,115,116,116,117,118,118,119,119,120,121
941,941,941,941,941,941,941,941,941,941,941
644,644,643,643,642,641,640,639,638,637,636
0,0,0,0,0,0,0,0,0,0,0
695,696,697,698,699,700,701,702,703,704,705
910,910,910,910,910,910,910,910,910,910,910
82,83,82,82,81,81,80,80,79,79,78
378,378,378,378,378,378,378,378,378,378,378
1023,1023,1023,1023,1023,1023,1023,1023,1023,1023,1023
329,329,329,329,329,329,329,329,329,329,329
113,115,115,116,117,117,118,118,119,120,120
940,940,940,940,940,940,940,940,940,940,940
645,645,644,643,642,641,640,639,638,637,637
0,0,0,0,0,0,0,0,0,0,0
694,696,697,698,699,700,700,701,702,703,704
910,910,910,910,910,910,910,910,910,910,910
83,83,83,82,82,81,81,80,80,79,79
378,378,378,378,378,378,378,378,378,378,378
1023,1023,1023,1023,1023,1023,1023,1023,1023,1023,1023
329,329,329,329,329,329,329,329,329,329,329
113,114,115,116,116,117,117,118,119,119,120
940,940,940,940,940,940,940,940,940,940,940
645,646,645,644,643,642,641,640,639,638,637
0,0,0,0,0,0,0,0,0,0,0
693,695,696,697,698,699,700,701,702,703,703
910,910,910,910,910,910,910,910,910,910,910
83,84,83,82,82,81,81,80,80,79,79
377,377,377,377,377,377,377,377,377,377,377
1023,1023,1023,1023,1023,1023,1023,1023,1023,1023,1023
330,330,330,330,330,330,330,330,330,330,330
112,114,115,115,116,116,117,118,118,119,119
940,940,940,940,940,940,940,940,940,940,940
646,646,645,644,643,642,641,640,640,639,638
0,0,0,0,0,0,0,0,0,0,0
693,695,696,697,698,698,699,700,701,702,703
911,911,911,911,911,911,911,911,911,911,911
83,84,83,83,82,82,81,81,80,80,79
377,377,377,377,377,377,377,377,377,377,377
1023,1023,1023,1023,1023,1023,1023,1023,1023,1023,1023
330,330,330,330,330,330,330,330,330,330,330
112,114,114,115,115,116,117,117,118,118,119
939,939,939,939,939,939,939,939,939,939,939
647,647,646,645,644,643,642,641,640,639,638
0,0,0,0,0,0,0,0,0,0,0
692,694,695,696,697,698,699,700,701,701,702
911,911,911,911,911,911,911,911,911,911,911
84,84,84,83,83,82,82,81,80,80,79
376,376,376,376,376,376,376,376,376,376,376
1023,1023,1023,1023,1023,1023,1023,1023,1023,1023,1023
331,331,331,331,331,331,331,331,331,331,331
112,113,114,114,115,116,116,117,118,118,119
939,939,939,939,939,939,939,939,939,939,939
647,647,646,645,644,643,643,642,641,640,639
0,0,0,0,0,0,0,0,0,0,0
692,694,695,696,696,697,698,699,700,701,702
912,912,912,912,912,912,912,912,912,912,912
84,84,84,83,83,82,82,81,81,80,80
376,376,376,376,376,376,376,376,376,376,376
1023,1023,1023,1023,1023,1023,1023,1023,1023,1023,1023
331,331,331,331,331,331,331,331,331,331,331
111,113,113,114,115,115,116,117,117,118,118
939,939,939,939,939,939,939,939,939,939,939
648,648,647,646,645,644,643,642,641,640,639
0,0,0,0,0,0,0,0,0,0,0
691,693,694,695,696,697,698,699,699,700,701
912,912,912,912,912,912,912,912,912,912,912
84,85,84,84,83,83,82,82,81,81,80
375,375,375,375,375,375,375,375,375,375,375
1023,1023,1023,1023,1023,1023,1023,1023,1023,1023,1023
332,332,332,332,332,332,332,332,332,332,332
111,113,113,114,114,115,116,116,117,117,118
939,939,939,939,939,939,939,939,939,939,939
648,648,647,646,646,645,644,643,642,641,640
0,0,0,0,0,0,0,0,0,0,0
691,693,694,694,695,696,697,698,699,700,701
912,912,912,912,912,912,912,912,912,912,912
85,85,85,84,84,83,82,82,81,81,80
374,374,374,374,374,374,374,374,374,374,374
1023,1023,1023,1023,1023,1023,1023,1023,1023,1023,1023
333,333,333,333,333,333,333,333,333,333,333
111,112,113,113,114,115,115,116,116,117,118
938,938,938,938,938,938,938,938,938,938,938
649,649,648,647,646,645,644,643,642,641,641
0,0,0,0,0,0,0,0,0,0,0
690,692,693,694,695,696,697,697,698,699,700
913,913,913,913,913,913,913,913,913,913,913
85,85,85,84,84,83,83,82,82,81,81
374,374,374,374,374,374,374,374,374,374,374
1023,1023,1023,1023,1023,1023,1023,1023,1023,1023,1023
333,333,333,333,333,333,333,333,333,333,333
110,112,112,113,114,114,115,115,116,117,117
938,938,938,938,938,938,938,938,938,938,938
649,649,649,648,647,646,645,644,643,642,641
0,0,0,0,0,0,0,0,0,0,0
690,692,692,693,694,695,696,697,698,699,700
913,913,913,913,913,913,913,913,913,913,913
85,86,85,85,84,84,83,83,82,82,81
373,373,373,373,373,373,373,373,373,373,373
1023,1023,1023,1023,1023,1023,1023,1023,1023,1023,1023
334,334,334,334,334,334,334,334,334,334,334
110,111,112,113,113,114,114,115,116,116,117
938,938,938,938,938,938,938,938,938,938,938
650,650,649,648,647,646,645,644,644,643,642
0,0,0,0,0,0,0,0,0,0,0
689,691,692,693,694,695,695,696,697,698,699
913,913,913,913,913,913,913,913,913,913,913
86,86,86,85,85,84,83,83,82,82,81
373,373,373,373,373,373,373,373,373,373,373
1023,1023,1023,1023,1023,1023,1023,1023,1023,1023,1023
334,334,334,334,334,334,334,334,334,334,334
109,111,112,112,113,113,114,115,115,116,116
937,937,937,937,937,937,937,937,937,937,937
651,651,650,649,648,647,646,645,644,643,642
0,0,0,0,0,0,0,0,0,0,0
689,690,691,692,693,694,695,696,697,698,699
914,914,914,914,914,914,914,914,914,914,914
86,86,86,85,85,84,84,83,83,82,82
372,372,372,372,372,372,372,372,372,372,372
1023,1023,1023,1023,1023,1023,1023,1023,1023,1023,1023
335,335,335,335,335,335,335,335,335,335,335
109,111,111,112,112,113,114,114,115,116,116
937,937,937,937,937,937,937,937,937,937,937
651,651,650,649,648,647,647,646,645,644,643
0,0,0,0,0,0,0,0,0,0,0
688,690,691,692,693,693,694,695,696,697,698
914,914,914,914,914,914,914,914,914,914,914
86,87,86,86,85,85,84,84,83,83,82
372,372,372,372,372,372,372,372,372,372,372
1023,1023,1023,1023,1023,1023,1023,1023,1023,1023,1023
335,335,335,335,335,335,335,335,335,335,335
109,110,111,112,112,113,113,114,115,115,116
937,937,937,937,937,937,937,937,937,937,937
652,652,651,650,649,648,647,646,645,644,643
0,0,0,0,0,0,0,0,0,0,0
687,689,690,691,692,693,694,695,696,697,697
914,914,914,914,914,914,914,914,914,914,914
87,87,87,86,85,85,84,84,83,83,82
371,371,371,371,371,371,371,371,371,371,371
1023,1023,1023,1023,1023,1023,1023,1023,1023,1023,1023
336,336,336,336,336,336,336,336,336,336,336
108,110,111,111,112,112,113,114,114,115,115
936,936,936,936,936,936,936,936,936,936,936
652,652,651,650,650,649,648,647,646,645,644
0,0,0,0,0,0,0,0,0,0,0
687,689,690,691,691,692,693,694,695,696,697
915,915,915,915,915,915,915,915,915,915,915
87,87,87,86,86,85,85,84,84,83,83
370,370,370,370,370,370,370,370,370,370,370
1023,1023,1023,1023,1023,1023,1023,1023,1023,1023,1023
336,336,336,336,336,336,336,336,336,336,336
108,110,110,111,111,112,113,113,114,114,115
936,936,936,936,936,936,936,936,936,936,936
653,653,652,651,650,649,648,647,646,645,645
0,0,0,0,0,0,0,0,0,0,0
686,688,689,690,691,692,693,694,695,695,696
915,915,915,915,915,915,915,915,915,915,915
87,88,87,87,86,86,85,85,84,83,83
370,370,370,370,370,370,370,370,370,370,370
1023,1023,1023,1023,1023,1023,1023,1023,1023,1023,1023
337,337,337,337,337,337,337,337,337,337,337
108,109,110,110,111,112,112,113,113,114,115
936,936,936,936,936,936,936,936,936,936,936
653,653,653,652,651,650,649,648,647,646,645
0,0,0,0,0,0,0,0,0,0,0
686,688,689,689,690,691,692,693,694,695,696
916,916,916,916,916,916,916,916,916,916,916
88,88,88,87,86,86,85,85,84,84,83
369,369,369,369,369,369,369,369,369,369,369
1023,1023,1023,1023,1023,1023,1023,1023,1023,1023,1023
338,338,338,338,338,338,338,338,338,338,338
107,109,109,110,111,111,112,112,113,114,114
935,935,935,935,935,935,935,935,935,935,935
654,654,653,652,651,650,649,648,648,647,646
0,0,0,0,0,0,0,0,0,0,0
685,687,688,689,690,691,692,693,693,694,695
916,916,916,916,916,916,916,916,916,916,916
88,88,88,87,87,86,86,85,85,84,84
369,369,369,369,369,369,369,369,369,369,369
1023,1023,1023,1023,1023,1023,1023,1023,1023,1023,1023
338,338,338,338,338,338,338,338,338,338,338
107,108,109,110,110,111,111,112,113,113,114
935,935,935,935,935,935,935,935,935,935,935
655,655,654,653,652,651,650,649,648,647,646
0,0,0,0,0,0,0,0,0,0,0
685,687,687,688,689,690,691,692,693,694,695
916,916,916,916,916,916,916,916,916,916,916
88,89,88,88,87,87,86,86,85,84,84
368,368,368,368,368,368,368,368,368,368,368
1023,1023,1023,1023,1023,1023,1023,1023,1023,1023,1023
339,339,339,339,339,339,339,339,339,339,339
107,108,109,109,110,111,111,112,112,113,114
935,935,935,935,935,935,935,935,935,935,935
655,655,654,653,652,651,651,650,649,648,647
0,0,0,0,0,0,0,0,0,0,0
684,686,687,688,689,690,691,691,692,693,694
917,917,917,917,917,917,917,917,917,917,917
89,89,89,88,87,87,86,86,85,85,84
368,368,368,368,368,368,368,368,368,368,368
1023,1023,1023,1023,1023,1023,1023,1023,1023,1023,1023
339,339,339,339,339,339,339,339,339,339,339
106,108,108,109,110,110,111,111,112,113,113
934,934,934,934,934,934,934,934,934,934,934
656,656,655,654,653,652,651,650,649,648,647
0,0,0,0,0,0,0,0,0,0,0
684,685,686,687,688,689,690,691,692,693,694
917,917,917,917,917,917,917,917,917,917,917
89,89,89,88,88,87,87,86,86,85,85
367,367,367,367,367,367,367,367,367,367,367
1023,1023,1023,1023,1023,1023,1023,1023,1023,1023,1023
340,340,340,340,340,340,340,340,340,340,340
106,107,108,109,109,110,110,111,112,112,113
934,934,934,934,934,934,934,934,934,934,934
656,656,655,654,654,653,652,651,650,649,648
0,0,0,0,0,0,0,0,0,0,0
683,685,686,687,688,689,689,690,691,692,693
917,917,917,917,917,917,917,917,917,917,917
89,90,89,89,88,88,87,86,86,85,85
367,367,367,367,367,367,367,367,367,367,367
1023,1023,1023,1023,1023,1023,1023,1023,1023,1023,1023
340,340,340,340,340,340,340,340,340,340,340
105,107,108,108,109,109,110,111,111,112,112
934,934,934,934,934,934,934,934,934,934,934
657,657,656,655,654,653,652,651,650,649,648
0,0,0,0,0,0,0,0,0,0,0
682,684,685,686,687,688,689,690,691,692,692
918,918,918,918,918,918,918,918,918,918,918
90,90,90,89,88,88,87,87,86,86,85
366,366,366,366,366,366,366,366,366,366,366
1023,1023,1023,1023,1023,1023,1023,1023,1023,1023,1023
341,341,341,341,341,341,341,341,341,341,341
105,107,107,108,108,109,110,110,111,111,112
933,933,933,933,933,933,933,933,933,933,933
657,657,656,656,655,654,653,652,651,650,649
0,0,0,0,0,0,0,0,0,0,0
682,684,685,686,687,687,688,689,690,691,692
918,918,918,918,918,918,918,918,918,918,918
90,90,90,89,89,88,88,87,87,86,86
365,365,365,365,365,365,365,365,365,365,365
1023,1023,1023,1023,1023,1023,1023,1023,1023,1023,1023
341,341,341,341,341,341,341,341,341,341,341
105,106,107,108,108,109,109,110,110,111,112
933,933,933,933,933,933,933,933,933,933,933
658,658,657,656,655,654,653,652,651,651,650
0,0,0,0,0,0,0,0,0,0,0
681,683,684,685,686,687,688,689,690,690,691
918,918,918,918,918,918,918,918,918,918,918
90,91,90,90,89,89,88,87,87,86,86
365,365,365,365,365,365,365,365,365,365,365
1023,1023,1023,1023,1023,1023,1023,1023,1023,1023,1023
342,342,342,342,342,342,342,342,342,342,342
104,106,107,107,108,108,109,110,110,111,111
933,933,933,933,933,933,933,933,933,933,933
658,659,658,657,656,655,654,653,652,651,650
0,0,0,0,0,0,0,0,0,0,0
681,683,684,684,685,686,687,688,689,690,691
919,919,919,919,919,919,919,919,919,919,919
91,91,91,90,89,89,88,88,87,87,86
364,364,364,364,364,364,364,364,364,364,364
1023,1023,1023,1023,1023,1023,1023,1023,1023,1023,1023
343,343,343,343,343,343,343,343,343,343,343
104,106,106,107,107,108,109,109,110,110,111
932,932,932,932,932,932,932,932,932,932,932
659,659,658,657,656,655,654,654,653,652,651
0,0,0,0,0,0,0,0,0,0,0
680,682,683,684,685,686,687,688,688,689,690
919,919,919,919,919,919,919,919,919,919,919
91,91,91,90,90,89,89,88,88,87,87
364,364,364,364,364,364,364,364,364,364,364
1023,1023,1023,1023,1023,1023,1023,1023,1023,1023,1023
343,343,343,343,343,343,343,343,343,343,343
104,105,106,106,107,108,108,109,109,110,111
932,932,932,932,932,932,932,932,932,932,932
660,660,659,658,657,656,655,654,653,652,651
0,0,0,0,0,0,0,0,0,0,0
680,682,682,683,684,685,686,687,688,689,690
920,920,920,920,920,920,920,920,920,920,920
91,92,91,91,90,90,89,88,88,87,87
363,363,363,363,363,363,363,363,363,363,363
1023,1023,1023,1023,1023,1023,1023,1023,1023,1023,1023
344,344,344,344,344,344,344,344,344,344,344
103,105,105,106,107,107,108,108,109,110,110
932,932,932,932,932,932,932,932,932,932,932
660,660,659,658,657,657,656,655,654,653,652
0,0,0,0,0,0,0,0,0,0,0
679,681,682,683,684,685,686,686,687,688,689
920,920,920,920,920,920,920,920,920,920,920
92,92,92,91,90,90,89,89,88,88,87
363,363,363,363,363,363,363,363,363,363,363
1023,1023,1023,1023,1023,1023,1023,1023,1023,1023,1023
344,344,344,344,344,344,344,344,344,344,344
103,105,105,106,106,107,107,108,109,109,110
931,931,931,931,931,931,931,931,931,931,931
661,661,660,659,658,657,656,655,654,653,652
0,0,0,0,0,0,0,0,0,0,0
679,680,681,682,683,684,685,686,687,688,689
920,920,920,920,920,920,920,920,920,920,920
92,92,92,91,91,90,90,89,89,88,87
362,362,362,362,362,362,362,362,362,362,362
1023,1023,1023,1023,1023,1023,1023,1023,1023,1023,1023
345,345,345,345,345,345,345,345,345,345,345
103,104,105,105,106,107,107,108,108,109,109
931,931,931,931,931,931,931,931,931,931,931
661,661,660,660,659,658,657,656,655,654,653
0,0,0,0,0,0,0,0,0,0,0
678,680,681,682,683,684,684,685,686,687,688
921,921,921,921,921,921,921,921,921,921,921
92,93,92,92,91,91,90,89,89,88,88
361,361,361,361,361,361,361,361,361,361,361
1023,1023,1023,1023,1023,1023,1023,1023,1023,1023,1023
345,345,345,345,345,345,345,345,345,345,345
102,104,104,105,106,106,107,107,108,109,109
931,931,931,931,931,931,931,931,931,931,931
662,662,661,660,659,658,657,656,655,655,654
0,0,0,0,0,0,0,0,0,0,0
677,679,680,681,682,683,684,685,686,687,688
921,921,921,921,921,921,921,921,921,921,921
93,93,93,92,91,91,90,90,89,89,88
361,361,361,361,361,361,361,361,361,361,361
1023,1023,1023,1023,1023,1023,1023,1023,1023,1023,1023
346,346,346,346,346,346,346,346,346,346,346
102,103,104,105,105,106,106,107,108,108,109
930,930,930,930,930,930,930,930,930,930,930
662,662,662,661,660,659,658,657,656,655,654
0,0,0,0,0,0,0,0,0,0,0
677,679,680,681,682,682,683,684,685,686,687
921,921,921,921,921,921,921,921,921,921,921
93,93,93,92,92,91,91,90,90,89,88
360,360,360,360,360,360,360,360,360,360,360
1023,1023,1023,1023,1023,1023,1023,1023,1023,1023,1023
346,346,346,346,346,346,346,346,346,346,346
102,103,104,104,105,105,106,107,107,108,108
930,930,930,930,930,930,930,930,930,930,930
663,663,662,661,660,659,658,658,657,656,655
0,0,0,0,0,0,0,0,0,0,0
676,678,679,680,681,682,683,684,685,686,686
922,922,922,922,922,922,922,922,922,922,922
93,94,93,93,92,92,91,90,90,89,89
360,360,360,360,360,360,360,360,360,360,360
1023,1023,1023,1023,1023,1023,1023,1023,1023,1023,1023
347,347,347,347,347,347,347,347,347,347,347
101,103,103,104,105,105,106,106,107,107,108
930,930,930,930,930,930,930,930,930,930,930
664,664,663,662,661,660,659,658,657,656,655
0,0,0,0,0,0,0,0,0,0,0
676,678,679,679,680,681,682,683,684,685,686
922,922,922,922,922,922,922,922,922,922,922
94,94,94,93,92,92,91,91,90,90,89
359,359,359,359,359,359,359,359,359,359,359
1023,1023,1023,1023,1023,1023,1023,1023,1023,1023,1023
348,348,348,348,348,348,348,348,348,348,348
101,102,103,104,104,105,105,106,107,107,108
929,929,929,929,929,929,929,929,929,929,929
664,664,663,662,661,660,660,659,658,657,656
0,0,0,0,0,0,0,0,0,0,0
675,677,678,679,680,681,682,683,683,684,685
922,922,922,922,922,922,922,922,922,922,922
94,94,94,93,93,92,92,91,91,90,89
359,359,359,359,359,359,359,359,359,359,359
1023,1023,1023,1023,1023,1023,1023,1023,1023,1023,1023
348,348,348,348,348,348,348,348,348,348,348
100,102,103,103,104,104,105,106,106,107,107
929,929,929,929,929,929,929,929,929,929,929
665,665,664,663,662,661,660,659,658,657,656
0,0,0,0,0,0,0,0,0,0,0
675,677,677,678,679,680,681,682,683,684,685
923,923,923,923,923,923,923,923,923,923,923
94,95,94,94,93,93,92,91,91,90,90
358,358,358,358,358,358,358,358,358,358,358
1023,1023,1023,1023,1023,1023,1023,1023,1023,1023,1023
349,349,349,349,349,349,349,349,349,349,349
100,102,102,103,103,104,105,105,106,106,107
929,929,929,929,929,929,929,929,929,929,929
665,665,664,663,663,662,661,660,659,658,657
0,0,0,0,0,0,0,0,0,0,0
674,676,677,678,679,680,681,681,682,683,684
923,923,923,923,923,923,923,923,923,923,923
95,95,95,94,93,93,92,92,91,91,90
357,357,357,357,357,357,357,357,357,357,357
1023,1023,1023,1023,1023,1023,1023,1023,1023,1023,1023
349,349,349,349,349,349,349,349,349,349,349
100,101,102,103,103,104,104,105,105,106,107
928,928,928,928,928,928,928,928,928,928,928
666,666,665,664,663,662,661,660,659,658,658
0,0,0,0,0,0,0,0,0,0,0
674,675,676,677,678,679,680,681,682,683,684
923,923,923,923,923,923,923,923,923,923,923
95,95,95,94,94,93,93,92,92,91,90
357,357,357,357,357,357,357,357,357,357,357
1023,1023,1023,1023,1023,1023,1023,1023,1023,1023,1023
350,350,350,350,350,350,350,350,350,350,350
99,101,102,102,103,103,104,104,105,106,106
928,928,928,928,928,928,928,928,928,928,928
666,666,666,665,664,663,662,661,660,659,658
0,0,0,0,0,0,0,0,0,0,0
673,675,676,677,678,679,679,680,681,682,683
924,924,924,924,924,924,924,924,924,924,924
95,96,95,95,94,94,93,92,92,91,91
356,356,356,356,356,356,356,356,356,356,356
1023,1023,1023,1023,1023,1023,1023,1023,1023,1023,1023
350,350,350,350,350,350,350,350,350,350,350
99,101,101,102,102,103,104,104,105,105,106
927,927,927,927,927,927,927,927,927,927,927
667,667,666,665,664,663,662,661,661,660,659
0,0,0,0,0,0,0,0,0,0,0
672,674,675,676,677,678,679,680,681,682,683
924,924,924,924,924,924,924,924,924,924,924
96,96,96,95,94,94,93,93,92,92,91
356,356,356,356,356,356,356,356,356,356,356
1023,1023,1023,1023,1023,1023,1023,1023,1023,1023,1023
351,351,351,351,351,351,351,351,351,351,351
99,100,101,101,102,103,103,104,104,105,106
927,927,927,927,927,927,927,927,927,927,927
667,668,667,666,665,664,663,662,661,660,659
0,0,0,0,0,0,0,0,0,0,0
672,674,675,676,677,677,678,679,680,681,682
924,924,924,924,924,924,924,924,924,924,924
96,96,96,95,95,94,94,93,93,92,91
355,355,355,355,355,355,355,355,355,355,355
1023,1023,1023,1023,1023,1023,1023,1023,1023,1023,1023
351,351,351,351,351,351,351,351,351,351,351
98,100,101,101,102,102,103,103,104,105,105
927,927,927,927,927,927,927,927,927,927,927
668,668,667,666,665,664,664,663,662,661,660
0,0,0,0,0,0,0,0,0,0,0
671,673,674,675,676,677,678,679,680,681,681
925,925,925,925,925,925,925,925,925,925,925
96,97,96,96,95,95,94,93,93,92,92
355,355,355,355,355,355,355,355,355,355,355
1023,1023,1023,1023,1023,1023,1023,1023,1023,1023,1023
352,352,352,352,352,352,352,352,352,352,352
98,100,100,101,101,102,102,103,104,104,105
926,926,926,926,926,926,926,926,926,926,926
669,669,668,667,666,665,664,663,662,661,660
0,0,0,0,0,0,0,0,0,0,0
671,673,674,674,675,676,677,678,679,680,681
925,925,925,925,925,925,925,925,925,925,925
97,97,97,96,95,95,94,94,93,93,92
354,354,354,354,354,354,354,354,354,354,354
1023,1023,1023,1023,1023,1023,1023,1023,1023,1023,1023
353,353,353,353,353,353,353,353,353,353,353
98,99,100,100,101,102,102,103,103,104,104
926,926,926,926,926,926,926,926,926,926,926
669,669,668,667,666,666,665,664,663,662,661
0,0,0,0,0,0,0,0,0,0,0
670,672,673,674,675,676,677,678,678,679,680
925,925,925,925,925,925,925,925,925,925,925
97,98,97,96,96,95,95,94,94,93,92
354,354,354,354,354,354,354,354,354,354,354
1023,1023,1023,1023,1023,1023,1023,1023,1023,1023,1023
353,353,353,353,353,353,353,353,353,353,353
97,99,99,100,101,101,102,102,103,104,104
926,926,926,926,926,926,926,926,926,926,926
670,670,669,668,667,666,665,664,663,662,662
0,0,0,0,0,0,0,0,0,0,0
670,672,672,673,674,675,676,677,678,679,680
926,926,926,926,926,926,926,926,926,926,926
97,98,97,97,96,96,95,94,94,93,93
353,353,353,353,353,353,353,353,353,353,353
1023,1023,1023,1023,1023,1023,1023,1023,1023,1023,1023
354,354,354,354,354,354,354,354,354,354,354
97,99,99,100,100,101,101,102,103,103,104
925,925,925,925,925,925,925,925,925,925,925
670,670,669,669,668,667,666,665,664,663,662
0,0,0,0,0,0,0,0,0,0,0
669,671,672,673,674,675,676,676,677,678,679
926,926,926,926,926,926,926,926,926,926,926
98,98,98,97,97,96,95,95,94,94,93
352,352,352,352,352,352,352,352,352,352,352
1023,1023,1023,1023,1023,1023,1023,1023,1023,1023,1023
354,354,354,354,354,354,354,354,354,354,354
97,98,99,99,100,101,101,102,102,103,103
925,925,925,925,925,925,925,925,925,925,925
671,671,670,669,668,667,666,665,664,664,663
0,0,0,0,0,0,0,0,0,0,0
668,670,671,672,673,674,675,676,677,678,679
927,927,927,927,927,927,927,927,927,927,927
98,99,98,97,97,96,96,95,95,94,93
352,352,352,352,352,352,352,352,352,352,352
1023,1023,1023,1023,1023,1023,1023,1023,1023,1023,1023
355,355,355,355,355,355,355,355,355,355,355
96,98,98,99,100,100,101,101,102,102,103
925,925,925,925,925,925,925,925,925,925,925
671,671,671,670,669,668,667,666,665,664,663
0,0,0,0,0,0,0,0,0,0,0
668,670,671,672,673,674,674,675,676,677,678
927,927,927,927,927,927,927,927,927,927,927
98,99,98,98,97,97,96,96,95,94,94
351,351,351,351,351,351,351,351,351,351,351
1023,1023,1023,1023,1023,1023,1023,1023,1023,1023,1023
355,355,355,355,355,355,355,355,355,355,355
96,98,98,99,99,100,100,101,102,102,103
924,924,924,924,924,924,924,924,924,924,924
672,672,671,670,669,668,667,667,666,665,664
0,0,0,0,0,0,0,0,0,0,0
667,669,670,671,672,673,674,675,676,677,678
927,927,927,927,927,927,927,927,927,927,927
99,99,99,98,98,97,96,96,95,95,94
351,351,351,351,351,351,351,351,351,351,351
1023,1023,1023,1023,1023,1023,1023,1023,1023,1023,1023
356,356,356,356,356,356,356,356,356,356,356
96,97,98,98,99,99,100,101,101,102,102
924,924,924,924,924,924,924,924,924,924,924
673,673,672,671,670,669,668,667,666,665,664
0,0,0,0,0,0,0,0,0,0,0
667,669,670,671,671,672,673,674,675,676,677
928,928,928,928,928,928,928,928,928,928,928
99,100,99,98,98,97,97,96,96,95,95
350,350,350,350,350,350,350,350,350,350,350
1023,1023,1023,1023,1023,1023,1023,1023,1023,1023,1023
356,356,356,356,356,356,356,356,356,356,356
95,97,97,98,99,99,100,100,101,101,102
924,924,924,924,924,924,924,924,924,924,924
673,673,672,671,670,669,669,668,667,666,665
0,0,0,0,0,0,0,0,0,0,0
666,668,669,670,671,672,673,674,675,675,676
928,928,928,928,928,928,928,928,928,928,928
100,100,99,99,98,98,97,97,96,95,95
350,350,350,350,350,350,350,350,350,350,350
1023,1023,1023,1023,1023,1023,1023,1023,1023,1023,1023
357,357,357,357,357,357,357,357,357,357,357
95,97,97,98,98,99,99,100,100,101,102
923,923,923,923,923,923,923,923,923,923,923
674,674,673,672,671,670,669,668,667,666,665
0,0,0,0,0,0,0,0,0,0,0
666,668,669,669,670,671,672,673,674,675,676
928,928,928,928,928,928,928,928,928,928,928
100,100,100,99,99,98,97,97,96,96,95
349,349,349,349,349,349,349,349,349,349,349
1023,1023,1023,1023,1023,1023,1023,1023,1023,1023,1023
358,358,358,358,358,358,358,358,358,358,358
95,96,97,97,98,98,99,100,100,101,101
923,923,923,923,923,923,923,923,923,923,923
674,674,673,672,672,671,670,669,668,667,666
0,0,0,0,0,0,0,0,0,0,0
665,667,668,669,670,671,672,673,673,674,675
929,929,929,929,929,929,929,929,929,929,929
100,101,100,99,99,98,98,97,97,96,96
349,349,349,349,349,349,349,349,349,349,349
1023,1023,1023,1023,1023,1023,1023,1023,1023,1023,1023
358,358,358,358,358,358,358,358,358,358,358
94,96,96,97,98,98,99,99,100,100,101
923,923,923,923,923,923,923,923,923,923,923
675,675,674,673,672,671,670,669,668,667,667
0,0,0,0,0,0,0,0,0,0,0
665,666,667,668,669,670,671,672,673,674,675
929,929,929,929,929,929,929,929,929,929,929
101,101,100,100,99,99,98,98,97,96,96
348,348,348,348,348,348,348,348,348,348,348
1023,1023,1023,1023,1023,1023,1023,1023,1023,1023,1023
359,359,359,359,359,359,359,359,359,359,359
94,95,96,97,97,98,98,99,99,100,101
922,922,922,922,922,922,922,922,922,922,922
675,675,674,674,673,672,671,670,669,668,667
0,0,0,0,0,0,0,0,0,0,0
664,666,667,668,669,670,671,671,672,673,674
929,929,929,929,929,929,929,929,929,929,929
101,101,101,100,100,99,98,98,97,97,96
347,347,347,347,347,347,347,347,347,347,347
1023,1023,1023,1023,1023,1023,1023,1023,1023,1023,1023
359,359,359,359,359,359,359,359,359,359,359
94,95,96,96,97,97,98,99,99,100,100
922,922,922,922,922,922,922,922,922,922,922
676,676,675,674,673,672,671,670,670,669,668
0,0,0,0,0,0,0,0,0,0,0
663,665,666,667,668,669,670,671,672,673,674
930,930,930,930,930,930,930,930,930,930,930
101,102,101,101,100,99,99,98,98,97,97
347,347,347,347,347,347,347,347,347,347,347
1023,1023,1023,1023,1023,1023,1023,1023,1023,1023,1023
360,360,360,360,360,360,360,360,360,360,360
93,95,95,96,96,97,98,98,99,99,100
922,922,922,922,922,922,922,922,922,922,922
676,677,676,675,674,673,672,671,670,669,668
0,0,0,0,0,0,0,0,0,0,0
663,665,666,667,668,668,669,670,671,672,673
930,930,930,930,930,930,930,930,930,930,930
102,102,101,101,100,100,99,99,98,97,97
346,346,346,346,346,346,346,346,346,346,346
1023,1023,1023,1023,1023,1023,1023,1023,1023,1023,1023
360,360,360,360,360,360,360,360,360,360,360
93,94,95,96,96,97,97,98,98,99,100
921,921,921,921,921,921,921,921,921,921,921
677,677,676,675,674,673,672,672,671,670,669
0,0,0,0,0,0,0,0,0,0,0
662,664,665,666,667,668,669,670,671,672,672
930,930,930,930,930,930,930,930,930,930,930
102,102,102,101,101,100,100,99,98,98,97
346,346,346,346,346,346,346,346,346,346,346
1023,1023,1023,1023,1023,1023,1023,1023,1023,1023,1023
361,361,361,361,361,361,361,361,361,361,361
93,94,95,95,96,96,97,97,98,99,99
921,921,921,921,921,921,921,921,921,921,921
678,678,677,676,675,674,673,672,671,670,669
0,0,0,0,0,0,0,0,0,0,0
662,664,665,666,666,667,668,669,670,671,672
931,931,931,931,931,931,931,931,931,931,931
102,103,102,102,101,100,100,99,99,98,98
345,345,345,345,345,345,345,345,345,345,345
1023,1023,1023,1023,1023,1023,1023,1023,1023,1023,1023
362,362,362,362,362,362,362,362,362,362,362
92,94,94,95,95,96,97,97,98,98,99
920,920,920,920,920,920,920,920,920,920,920
678,678,677,676,675,675,674,673,672,671,670
0,0,0,0,0,0,0,0,0,0,0
661,663,664,665,666,667,668,669,670,670,671
931,931,931,931,931,931,931,931,931,931,931
103,103,103,102,101,101,100,100,99,99,98
345,345,345,345,345,345,345,345,345,345,345
1023,1023,1023,1023,1023,1023,1023,1023,1023,1023,1023
362,362,362,362,362,362,362,362,362,362,362
92,93,94,95,95,96,96,97,97,98,98
920,920,920,920,920,920,920,920,920,920,920
679,679,678,677,676,675,674,673,672,671,671
0,0,0,0,0,0,0,0,0,0,0
661,663,663,664,665,666,667,668,669,670,671
931,931,931,931,931,931,931,931,931,931,931
103,103,103,102,102,101,101,100,99,99,98
344,344,344,344,344,344,344,344,344,344,344
1023,1023,1023,1023,1023,1023,1023,1023,1023,1023,1023
363,363,363,363,363,363,363,363,363,363,363
92,93,94,94,95,95,96,96,97,98,98
920,920,920,920,920,920,920,920,920,920,920
679,679,678,677,677,676,675,674,673,672,671
0,0,0,0,0,0,0,0,0,0,0
660,662,663,664,665,666,667,668,668,669,670
932,932,932,932,932,932,932,932,932,932,932
103,104,103,103,102,101,101,100,100,99,99
344,344,344,344,344,344,344,344,344,344,344
1023,1023,1023,1023,1023,1023,1023,1023,1023,1023,1023
363,363,363,363,363,363,363,363,363,363,363
91,93,93,94,94,95,96,96,97,97,98
919,919,919,919,919,919,919,919,919,919,919
680,680,679,678,677,676,675,674,673,673,672
0,0,0,0,0,0,0,0,0,0,0
659,661,662,663,664,665,666,667,668,669,670
932,932,932,932,932,932,932,932,932,932,932
104,104,104,103,102,102,101,101,100,100,99
343,343,343,343,343,343,343,343,343,343,343
1023,1023,1023,1023,1023,1023,1023,1023,1023,1023,1023
364,364,364,364,364,364,364,364,364,364,364
91,92,93,94,94,95,95,96,96,97,97
919,919,919,919,919,919,919,919,919,919,919
680,680,679,679,678,677,676,675,674,673,672
0,0,0,0,0,0,0,0,0,0,0
659,661,662,663,664,665,665,666,667,668,669
932,932,932,932,932,932,932,932,932,932,932
104,105,104,103,103,102,102,101,100,100,99
342,342,342,342,342,342,342,342,342,342,342
1023,1023,1023,1023,1023,1023,1023,1023,1023,1023,1023
364,364,364,364,364,364,364,364,364,364,364
91,92,93,93,94,94,95,95,96,97,97
919,919,919,919,919,919,919,919,919,919,919
681,681,680,679,678,677,676,675,675,674,673
0,0,0,0,0,0,0,0,0,0,0
658,660,661,662,663,664,665,666,667,668,669
933,933,933,933,933,933,933,933,933,933,933
104,105,104,104,103,103,102,101,101,100,100
342,342,342,342,342,342,342,342,342,342,342
1023,1023,1023,1023,1023,1023,1023,1023,1023,1023,1023
365,365,365,365,365,365,365,365,365,365,365
90,92,92,93,93,94,95,95,96,96,97
918,918,918,918,918,918,918,918,918,918,918
681,682,681,680,679,678,677,676,675,674,673
0,0,0,0,0,0,0,0,0,0,0
658,660,661,662,662,663,664,665,666,667,668
933,933,933,933,933,933,933,933,933,933,933
105,105,105,104,103,103,102,102,101,101,100
341,341,341,341,341,341,341,341,341,341,341
1023,1023,1023,1023,1023,1023,1023,1023,1023,1023,1023
365,365,365,365,365,365,365,365,365,365,365
90,91,92,93,93,94,94,95,95,96,96
918,918,918,918,918,918,918,918,918,918,918
682,682,681,680,679,678,678,677,676,675,674
0,0,0,0,0,0,0,0,0,0,0
657,659,660,661,662,663,664,665,666,667,667
933,933,933,933,933,933,933,933,933,933,933
105,106,105,104,104,103,103,102,102,101,100
341,341,341,341,341,341,341,341,341,341,341
1023,1023,1023,1023,1023,1023,1023,1023,1023,1023,1023
366,366,366,366,366,366,366,366,366,366,366
90,91,92,92,93,93,94,94,95,96,96
918,918,918,918,918,918,918,918,918,918,918
683,683,682,681,680,679,678,677,676,675,674
0,0,0,0,0,0,0,0,0,0,0
657,659,660,660,661,662,663,664,665,666,667
934,934,934,934,934,934,934,934,934,934,934
106,106,105,105,104,104,103,102,102,101,101
340,340,340,340,340,340,340,340,340,340,340
1023,1023,1023,1023,1023,1023,1023,1023,1023,1023,1023
367,367,367,367,367,367,367,367,367,367,367
89,91,91,92,92,93,94,94,95,95,96
917,917,917,917,917,917,917,917,917,917,917
683,683,682,681,680,680,679,678,677,676,675
0,0,0,0,0,0,0,0,0,0,0
656,658,659,660,661,662,663,664,664,665,666
934,934,934,934,934,934,934,934,934,934,934
106,106,106,105,105,104,103,103,102,102,101
340,340,340,340,340,340,340,340,340,340,340
1023,1023,1023,1023,1023,1023,1023,1023,1023,1023,1023
367,367,367,367,367,367,367,367,367,367,367
89,90,91,92,92,93,93,94,94,95,95
917,917,917,917,917,917,917,917,917,917,917
684,684,683,682,681,680,679,678,677,676,676
0,0,0,0,0,0,0,0,0,0,0
656,657,658,659,660,661,662,663,664,665,666
934,934,934,934,934,934,934,934,934,934,934
106,107,106,105,105,104,104,103,103,102,101
339,339,339,339,339,339,339,339,339,339,339
1023,1023,1023,1023,1023,1023,1023,1023,1023,1023,1023
368,368,368,368,368,368,368,368,368,368,368
89,90,91,91,92,92,93,93,94,94,95
917,917,917,917,917,917,917,917,917,917,917
684,684,683,682,682,681,680,679,678,677,676
0,0,0,0,0,0,0,0,0,0,0
655,657,658,659,660,661,662,662,663,664,665
935,935,935,935,935,935,935,935,935,935,935
107,107,106,106,105,105,104,104,103,102,102
339,339,339,339,339,339,339,339,339,339,339
1023,1023,1023,1023,1023,1023,1023,1023,1023,1023,1023
368,368,368,368,368,368,368,368,368,368,368
88,90,90,91,91,92,92,93,94,94,95
916,916,916,916,916,916,916,916,916,916,916
685,685,684,683,682,681,680,679,678,678,677
0,0,0,0,0,0,0,0,0,0,0
654,656,657,658,659,660,661,662,663,664,665
935,935,935,935,935,935,935,935,935,935,935
107,107,107,106,106,105,104,104,103,103,102
338,338,338,338,338,338,338,338,338,338,338
1023,1023,1023,1023,1023,1023,1023,1023,1023,1023,1023
369,369,369,369,369,369,369,369,369,369,369
88,89,90,91,91,92,92,93,93,94,94
916,916,916,916,916,916,916,916,916,916,916
685,685,685,684,683,682,681,680,679,678,677
0,0,0,0,0,0,0,0,0,0,0
654,656,657,658,659,659,660,661,662,663,664
935,935,935,935,935,935,935,935,935,935,935
107,108,107,107,106,105,105,104,104,103,102
337,337,337,337,337,337,337,337,337,337,337
1023,1023,1023,1023,1023,1023,1023,1023,1023,1023,1023
369,369,369,369,369,369,369,369,369,369,369
88,89,90,90,91,91,92,92,93,93,94
915,915,915,915,915,915,915,915,915,915,915
686,686,685,684,683,682,681,681,680,679,678
0,0,0,0,0,0,0,0,0,0,0
653,655,656,657,658,659,660,661,662,663,664
936,936,936,936,936,936,936,936,936,936,936
108,108,108,107,106,106,105,105,104,103,103
337,337,337,337,337,337,337,337,337,337,337
1023,1023,1023,1023,1023,1023,1023,1023,1023,1023,1023
370,370,370,370,370,370,370,370,370,370,370
87,89,89,90,90,91,91,92,93,93,94
915,915,915,915,915,915,915,915,915,915,915
686,687,686,685,684,683,682,681,680,679,678
0,0,0,0,0,0,0,0,0,0,0
653,655,656,656,657,658,659,660,661,662,663
936,936,936,936,936,936,936,936,936,936,936
108,108,108,107,107,106,106,105,104,104,103
336,336,336,336,336,336,336,336,336,336,336
1023,1023,1023,1023,1023,1023,1023,1023,1023,1023,1023
371,371,371,371,371,371,371,371,371,371,371
87,88,89,90,90,91,91,92,92,93,93
915,915,915,915,915,915,915,915,915,915,915
687,687,686,685,684,683,683,682,681,680,679
0,0,0,0,0,0,0,0,0,0,0
652,654,655,656,657,658,659,660,661,661,662
936,936,936,936,936,936,936,936,936,936,936
108,109,108,108,107,106,106,105,105,104,104
336,336,336,336,336,336,336,336,336,336,336
1023,1023,1023,1023,1023,1023,1023,1023,1023,1023,1023
371,371,371,371,371,371,371,371,371,371,371
87,88,89,89,90,90,91,91,92,92,93
914,914,914,914,914,914,914,914,914,914,914
688,688,687,686,685,684,683,682,681,680,679
0,0,0,0,0,0,0,0,0,0,0
652,654,654,655,656,657,658,659,660,661,662
937,937,937,937,937,937,937,937,937,937,937
109,109,109,108,107,107,106,106,105,104,104
335,335,335,335,335,335,335,335,335,335,335
1023,1023,1023,1023,1023,1023,1023,1023,1023,1023,1023
372,372,372,372,372,372,372,372,372,372,372
86,88,88,89,89,90,90,91,92,92,93
914,914,914,914,914,914,914,914,914,914,914
688,688,687,686,685,685,684,683,682,681,680
0,0,0,0,0,0,0,0,0,0,0
651,653,654,655,656,657,658,658,659,660,661
937,937,937,937,937,937,937,937,937,937,937
109,110,109,108,108,107,107,106,105,105,104
335,335,335,335,335,335,335,335,335,335,335
1023,1023,1023,1023,1023,1023,1023,1023,1023,1023,1023
372,372,372,372,372,372,372,372,372,372,372
86,87,88,89,89,90,90,91,91,92,92
914,914,914,914,914,914,914,914,914,914,914
689,689,688,687,686,685,684,683,682,681,681
0,0,0,0,0,0,0,0,0,0,0
650,652,653,654,655,656,657,658,659,660,661
937,937,937,937,937,937,937,937,937,937,937
110,110,109,109,108,108,107,106,106,105,105
334,334,334,334,334,334,334,334,334,334,334
1023,1023,1023,1023,1023,1023,1023,1023,1023,1023,1023
373,373,373,373,373,373,373,373,373,373,373
86,87,88,88,89,89,90,90,91,91,92
913,913,913,913,913,913,913,913,913,913,913
689,689,688,687,687,686,685,684,683,682,681
0,0,0,0,0,0,0,0,0,0,0
650,652,653,654,655,656,656,657,658,659,660
938,938,938,938,938,938,938,938,938,938,938
110,110,110,109,108,108,107,107,106,106,105
334,334,334,334,334,334,334,334,334,334,334
1023,1023,1023,1023,1023,1023,1023,1023,1023,1023,1023
373,373,373,373,373,373,373,373,373,373,373
85,87,87,88,88,89,89,90,91,91,92
913,913,913,913,913,913,913,913,913,913,913
690,690,689,688,687,686,685,684,683,683,682
0,0,0,0,0,0,0,0,0,0,0
649,651,652,653,654,655,656,657,658,659,660
938,938,938,938,938,938,938,938,938,938,938
110,111,110,109,109,108,108,107,106,106,105
333,333,333,333,333,333,333,333,333,333,333
1023,1023,1023,1023,1023,1023,1023,1023,1023,1023,1023
374,374,374,374,374,374,374,374,374,374,374
85,86,87,88,88,89,89,90,90,91,91
913,913,913,913,913,913,913,913,913,913,913
690,690,689,689,688,687,686,685,684,683,682
0,0,0,0,0,0,0,0,0,0,0
649,651,652,653,653,654,655,656,657,658,659
938,938,938,938,938,938,938,938,938,938,938
111,111,110,110,109,109,108,107,107,106,106
332,332,332,332,332,332,332,332,332,332,332
1023,1023,1023,1023,1023,1023,1023,1023,1023,1023,1023
375,375,375,375,375,375,375,375,375,375,375
85,86,87,87,88,88,89,89,90,90,91
912,912,912,912,912,912,912,912,912,912,912
691,691,690,689,688,687,686,686,685,684,683
0,0,0,0,0,0,0,0,0,0,0
648,650,651,652,653,654,655,656,657,658,658
939,939,939,939,939,939,939,939,939,939,939
111,111,111,110,110,109,108,108,107,107,106
332,332,332,332,332,332,332,332,332,332,332
1023,1023,1023,1023,1023,1023,1023,1023,1023,1023,1023
375,375,375,375,375,375,375,375,375,375,375
84,86,86,87,87,88,88,89,90,90,91
912,912,912,912,912,912,912,912,912,912,912
691,691,691,690,689,688,687,686,685,684,683
0,0,0,0,0,0,0,0,0,0,0
648,650,650,651,652,653,654,655,656,657,658
939,939,939,939,939,939,939,939,939,939,939
111,112,111,111,110,109,109,108,108,107,106
331,331,331,331,331,331,331,331,331,331,331
1023,1023,1023,1023,1023,1023,1023,1023,1023,1023,1023
376,376,376,376,376,376,376,376,376,376,376
84,85,86,87,87,88,88,89,89,90,90
911,911,911,911,911,911,911,911,911,911,911
692,692,691,690,689,688,688,687,686,685,684
0,0,0,0,0,0,0,0,0,0,0
647,649,650,651,652,653,654,655,655,656,657
939,939,939,939,939,939,939,939,939,939,939
112,112,112,111,110,110,109,109,108,107,107
331,331,331,331,331,331,331,331,331,331,331
1023,1023,1023,1023,1023,1023,1023,1023,1023,1023,1023
376,376,376,376,376,376,376,376,376,376,376
84,85,86,86,87,87,88,88,89,89,90
911,911,911,911,911,911,911,911,911,911,911
693,693,692,691,690,689,688,687,686,685,684
0,0,0,0,0,0,0,0,0,0,0
646,648,649,650,651,652,653,654,655,656,657
940,940,940,940,940,940,940,940,940,940,940
112,112,112,111,111,110,109,109,108,108,107
330,330,330,330,330,330,330,330,330,330,330
1023,1023,1023,1023,1023,1023,1023,1023,1023,1023,1023
377,377,377,377,377,377,377,377,377,377,377
83,85,85,86,86,87,87,88,89,89,90
911,911,911,911,911,911,911,911,911,911,911
693,693,692,691,690,690,689,688,687,686,685
0,0,0,0,0,0,0,0,0,0,0
646,648,649,650,651,652,652,653,654,655,656
940,940,940,940,940,940,940,940,940,940,940
112,113,112,112,111,110,110,109,109,108,107
330,330,330,330,330,330,330,330,330,330,330
1023,1023,1023,1023,1023,1023,1023,1023,1023,1023,1023
377,377,377,377,377,377,377,377,377,377,377
83,85,85,86,86,87,87,88,88,89,89
910,910,910,910,910,910,910,910,910,910,910
694,694,693,692,691,690,689,688,687,686,686
0,0,0,0,0,0,0,0,0,0,0
645,647,648,649,650,651,652,653,654,655,656
940,940,940,940,940,940,940,940,940,940,940
113,113,113,112,111,111,110,110,109,108,108
329,329,329,329,329,329,329,329,329,329,329
1023,1023,1023,1023,1023,1023,1023,1023,1023,1023,1023
378,378,378,378,378,378,378,378,378,378,378
83,84,85,85,86,86,87,87,88,88,89
910,910,910,910,910,910,910,910,910,910,910
694,694,693,692,692,691,690,689,688,687,686
0,0,0,0,0,0,0,0,0,0,0
645,647,648,649,649,650,651,652,653,654,655
941,941,941,941,941,941,941,941,941,941,941
113,114,113,112,112,111,111,110,109,109,108
329,329,329,329,329,329,329,329,329,329,329
1023,1023,1023,1023,1023,1023,1023,1023,1023,1023,1023
379,379,379,379,379,379,379,379,379,379,379
82,84,84,85,85,86,87,87,88,88,89
910,910,910,910,910,910,910,910,910,910,910
695,695,694,693,692,691,690,689,688,688,687
0,0,0,0,0,0,0,0,0,0,0
644,646,647,648,649,650,651,652,653,654,654
941,941,941,941,941,941,941,941,941,941,941
114,114,113,113,112,112,111,110,110,109,109
328,328,328,328,328,328,328,328,328,328,328
1023,1023,1023,1023,1023,1023,1023,1023,1023,1023,1023
379,379,379,379,379,379,379,379,379,379,379
82,84,84,85,85,86,86,87,87,88,88
909,909,909,909,909,909,909,909,909,909,909
695,695,694,694,693,692,691,690,689,688,687
0,0,0,0,0,0,0,0,0,0,0
644,646,646,647,648,649,650,651,652,653,654
941,941,941,941,941,941,941,941,941,941,941
114,114,114,113,113,112,111,111,110,110,109
327,327,327,327,327,327,327,327,327,327,327
1023,1023,1023,1023,1023,1023,1023,1023,1023,1023,1023
380,380,380,380,380,380,380,380,380,380,380
82,83,84,84,85,85,86,86,87,87,88
909,909,909,909,909,909,909,909,909,909,909
696,696,695,694,693,692,691,690,690,689,688
0,0,0,0,0,0,0,0,0,0,0
643,645,646,647,648,649,650,651,652,652,653
941,941,941,941,941,941,941,941,941,941,941
114,115,114,113,113,112,112,111,110,110,109
327,327,327,327,327,327,327,327,327,327,327
1023,1023,1023,1023,1023,1023,1023,1023,1023,1023,1023
380,380,380,380,380,380,380,380,380,380,380
81,83,83,84,84,85,86,86,87,87,88
909,909,909,909,909,909,909,909,909,909,909
696,696,696,695,694,693,692,691,690,689,688
0,0,0,0,0,0,0,0,0,0,0
642,644,645,646,647,648,649,650,651,652,653
942,942,942,942,942,942,942,942,942,942,942
115,115,114,114,113,113,112,111,111,110,110
326,326,326,326,326,326,326,326,326,326,326
1023,1023,1023,1023,1023,1023,1023,1023,1023,1023,1023
381,381,381,381,381,381,381,381,381,381,381
81,83,83,84,84,85,85,86,86,87,87
908,908,908,908,908,908,908,908,908,908,908
697,697,696,695,694,693,692,692,691,690,689
0,0,0,0,0,0,0,0,0,0,0
642,644,645,646,647,648,649,649,650,651,652
942,942,942,942,942,942,942,942,942,942,942
115,115,115,114,114,113,112,112,111,111,110
326,326,326,326,326,326,326,326,326,326,326
1023,1023,1023,1023,1023,1023,1023,1023,1023,1023,1023
381,381,381,381,381,381,381,381,381,381,381
81,82,83,83,84,84,85,85,86,86,87
908,908,908,908,908,908,908,908,908,908,908
697,698,697,696,695,694,693,692,691,690,689
0,0,0,0,0,0,0,0,0,0,0
641,643,644,645,646,647,648,649,650,651,652
942,942,942,942,942,942,942,942,942,942,942
115,116,115,115,114,113,113,112,112,111,110
325,325,325,325,325,325,325,325,325,325,325
1023,1023,1023,1023,1023,1023,1023,1023,1023,1023,1023
382,382,382,382,382,382,382,382,382,382,382
80,82,82,83,84,84,85,85,86,86,87
907,907,907,907,907,907,907,907,907,907,907
698,698,697,696,695,694,694,693,692,691,690
0,0,0,0,0,0,0,0,0,0,0
641,643,644,645,646,646,647,648,649,650,651
943,943,943,943,943,943,943,943,943,943,943
116,116,116,115,114,114,113,113,112,111,111
325,325,325,325,325,325,325,325,325,325,325
1023,1023,1023,1023,1023,1023,1023,1023,1023,1023,1023
383,383,383,383,383,383,383,383,383,383,383
80,82,82,83,83,84,84,85,85,86,86
907,907,907,907,907,907,907,907,907,907,907
699,699,698,697,696,695,694,693,692,691,691
0,0,0,0,0,0,0,0,0,0,0
640,642,643,644,645,646,647,648,649,650,651
943,943,943,943,943,943,943,943,943,943,943
116,117,116,115,115,114,114,113,112,112,111
324,324,324,324,324,324,324,324,324,324,324
1023,1023,1023,1023,1023,1023,1023,1023,1023,1023,1023
383,383,383,383,383,383,383,383,383,383,383
80,81,82,82,83,83,84,84,85,86,86
907,907,907,907,907,907,907,907,907,907,907
699,699,698,697,696,696,695,694,693,692,691
0,0,0,0,0,0,0,0,0,0,0
640,642,643,643,644,645,646,647,648,649,650
943,943,943,943,943,943,943,943,943,943,943
117,117,116,116,115,114,114,113,113,112,111
324,324,324,324,324,324,324,324,324,324,324
1023,1023,1023,1023,1023,1023,1023,1023,1023,1023,1023
384,384,384,384,384,384,384,384,384,384,384
79,81,81,82,83,83,84,84,85,85,86
906,906,906,906,906,906,906,906,906,906,906
700,700,699,698,697,696,695,694,693,693,692
0,0,0,0,0,0,0,0,0,0,0
639,641,642,643,644,645,646,647,648,648,649
944,944,944,944,944,944,944,944,944,944,944
117,117,117,116,115,115,114,114,113,112,112
323,323,323,323,323,323,323,323,323,323,323
1022,1023,1023,1023,1023,1023,1023,1023,1023,1023,1023
384,384,384,384,384,384,384,384,384,384,384
79,81,81,82,82,83,83,84,84,85,85
906,906,906,906,906,906,906,906,906,906,906
700,700,699,698,698,697,696,695,694,693,692
1,1,1,1,1,1,1,1,1,1,1
638,640,641,642,643,644,645,646,647,648,649
944,944,944,944,944,944,944,944,944,944,944
117,118,117,116,116,115,115,114,113,113,112
323,323,323,323,323,323,323,323,323,323,323
1022,1023,1023,1023,1023,1023,1023,1023,1023,1023,1023
385,385,385,385,385,385,385,385,385,385,385
79,80,81,81,82,82,83,83,84,85,85
906,906,906,906,906,906,906,906,906,906,906
701,701,700,699,698,697,696,695,695,694,693
1,1,1,1,1,1,1,1,1,1,1
638,640,641,642,643,644,645,645,646,647,648
944,944,944,944,944,944,944,944,944,944,944
118,118,117,117,116,116,115,114,114,113,113
322,322,322,322,322,322,322,322,322,322,322
1022,1023,1023,1023,1023,1023,1023,1023,1023,1023,1023
385,385,385,385,385,385,385,385,385,385,385
79,80,81,81,82,82,83,83,84,84,85
905,905,905,905,905,905,905,905,905,905,905
701,701,700,700,699,698,697,696,695,694,693
1,1,1,1,1,1,1,1,1,1,1
637,639,640,641,642,643,644,645,646,647,648
945,945,945,945,945,945,945,945,945,945,945
118,118,118,117,117,116,115,115,114,114,113
321,321,321,321,321,321,321,321,321,321,321
1022,1023,1023,1023,1023,1023,1023,1023,1023,1023,1023
386,386,386,386,386,386,386,386,386,386,386
78,80,80,81,81,82,82,83,83,84,84
905,905,905,905,905,905,905,905,905,905,905
702,702,701,700,699,698,697,697,696,695,694
1,1,1,1,1,1,1,1,1,1,1
637,639,640,641,642,642,643,644,645,646,647
945,945,945,945,945,945,945,945,945,945,945
118,119,118,118,117,116,116,115,115,114,113
321,321,321,321,321,321,321,321,321,321,321
1022,1023,1023,1023,1023,1023,1023,1023,1023,1023,1023
387,387,387,387,387,387,387,387,387,387,387
78,79,80,80,81,81,82,83,83,84,84
904,904,904,904,904,904,904,904,904,904,904
702,702,702,701,700,699,698,697,696,695,694
1,1,1,1,1,1,1,1,1,1,1
636,638,639,640,641,642,643,644,645,646,647
945,945,945,945,945,945,945,945,945,945,945
119,119,119,118,117,117,116,116,115,114,114
320,320,320,320,320,320,320,320,320,320,320
1022,1023,1023,1023,1023,1023,1023,1023,1023,1023,1023
387,387,387,387,387,387,387,387,387,387,387
78,79,80,80,81,81,82,82,83,83,84
904,904,904,904,904,904,904,904,904,904,904
703,703,702,701,700,699,699,698,697,696,695
1,1,1,1,1,1,1,1,1,1,1
636,638,639,639,640,641,642,643,644,645,646
946,946,946,946,946,946,946,946,946,946,946
119,120,119,118,118,117,116,116,115,115,114
320,320,320,320,320,320,320,320,320,320,320
1022,1023,1023,1023,1023,1023,1023,1023,1023,1023,1023
388,388,388,388,388,388,388,388,388,388,388
77,79,79,80,80,81,81,82,82,83,83
904,904,904,904,904,904,904,904,904,904,904
703,704,703,702,701,700,699,698,697,696,695
1,1,1,1,1,1,1,1,1,1,1
635,637,638,639,640,641,642,643,644,644,645
946,946,946,946,946,946,946,946,946,946,946
120,120,119,119,118,117,117,116,116,115,114
319,319,319,319,319,319,319,319,319,319,319
1022,1023,1023,1023,1023,1023,1023,1023,1023,1023,1023
388,388,388,388,388,388,388,388,388,388,388
77,78,79,79,80,81,81,82,82,83,83
903,903,903,903,903,903,903,903,903,903,903
704,704,703,702,701,701,700,699,698,697,696
1,1,1,1,1,1,1,1,1,1,1
634,636,637,638,639,640,641,642,643,644,645
946,946,946,946,946,946,946,946,946,946,946
120,120,120,119,118,118,117,117,116,115,115
319,319,319,319,319,319,319,319,319,319,319
1022,1023,1023,1023,1023,1023,1023,1023,1023,1023,1023
389,389,389,389,389,389,389,389,389,389,389
77,78,79,79,80,80,81,81,82,82,83
903,903,903,903,903,903,903,903,903,903,903
705,705,704,703,702,701,700,699,698,697,697
1,1,1,1,1,1,1,1,1,1,1
634,636,637,638,639,640,641,641,642,643,644
947,947,947,947,947,947,947,947,947,947,947
120,121,120,119,119,118,118,117,116,116,115
318,318,318,318,318,318,318,318,318,318,318
1022,1023,1023,1023,1023,1023,1023,1023,1023,1023,1023
389,389,389,389,389,389,389,389,389,389,389
76,78,78,79,79,80,80,81,81,82,82
902,902,902,902,902,902,902,902,902,902,902
705,705,704,703,703,702,701,700,699,698,697
1,1,1,1,1,1,1,1,1,1,1
633,635,636,637,638,639,640,641,642,643,644
947,947,947,947,947,947,947,947,947,947,947
121,121,120,120,119,119,118,117,117,116,116
318,318,318,318,318,318,318,318,318,318,318
1022,1023,1023,1023,1023,1023,1023,1023,1023,1023,1023
390,390,390,390,390,390,390,390,390,390,390
76,78,78,79,79,80,80,81,81,82,82
902,902,902,902,902,902,902,902,902,902,902
706,706,705,704,703,702,701,700,699,699,698
1,1,1,1,1,1,1,1,1,1,1
633,635,636,637,638,638,639,640,641,642,643
947,947,947,947,947,947,947,947,947,947,947
121,121,121,120,120,119,118,118,117,117,116
317,317,317,317,317,317,317,317,317,317,317
1022,1023,1023,1023,1023,1023,1023,1023,1023,1023,1023
391,391,391,391,391,391,391,391,391,391,391
76,77,78,78,79,79,80,80,81,81,82
902,902,902,902,902,902,902,902,902,902,902
706,706,705,705,704,703,702,701,700,699,698
1,1,1,1,1,1,1,1,1,1,1
632,634,635,636,637,638,639,640,641,642,643
947,947,947,947,947,947,947,947,947,947,947
121,122,121,121,120,119,119,118,118,117,116
317,317,317,317,317,317,317,317,317,317,317
1022,1023,1023,1023,1023,1023,1023,1023,1023,1023,1023
391,391,391,391,391,391,391,391,391,391,391
75,77,77,78,78,79,79,80,80,81,82
901,901,901,901,901,901,901,901,901,901,901
707,707,706,705,704,703,702,701,701,700,699
1,1,1,1,1,1,1,1,1,1,1
632,634,635,635,636,637,638,639,640,641,642
948,948,948,948,948,948,948,948,948,948,948
122,122,122,121,120,120,119,118,118,117,117
316,316,316,316,316,316,316,316,316,316,316
1022,1023,1023,1023,1023,1023,1023,1023,1023,1023,1023
392,392,392,392,392,392,392,392,392,392,392
75,77,77,78,78,79,79,80,80,81,81
901,901,901,901,901,901,901,901,901,901,901
707,707,707,706,705,704,703,702,701,700,699
1,1,1,1,1,1,1,1,1,1,1
631,633,634,635,636,637,638,639,640,640,641
948,948,948,948,948,948,948,948,948,948,948
122,123,122,121,121,120,119,119,118,118,117
315,315,315,315,315,315,315,315,315,315,315
1022,1023,1023,1023,1023,1023,1023,1023,1023,1023,1023
392,392,392,392,392,392,392,392,392,392,392
75,76,77,77,78,78,79,79,80,80,81
901,901,901,901,901,901,901,901,901,901,901
708,708,707,706,705,704,703,703,702,701,700
1,1,1,1,1,1,1,1,1,1,1
630,632,633,634,635,636,637,638,639,640,641
948,948,948,948,948,948,948,948,948,948,948
123,123,122,122,121,120,120,119,119,118,117
315,315,315,315,315,315,315,315,315,315,315
1022,1023,1023,1023,1023,1023,1023,1023,1023,1023,1023
393,393,393,393,393,393,393,393,393,393,393
74,76,76,77,78,78,79,79,80,80,81
900,900,900,900,900,900,900,900,900,900,900
708,708,708,707,706,705,704,703,702,701,700
1,1,1,1,1,1,1,1,1,1,1
630,632,633,634,635,636,637,637,638,639,640
949,949,949,949,949,949,949,949,949,949,949
123,123,123,122,121,121,120,120,119,118,118
314,314,314,314,314,314,314,314,314,314,314
1022,1023,1023,1023,1023,1023,1023,1023,1023,1023,1023
393,393,393,393,393,393,393,393,393,393,393
74,76,76,77,77,78,78,79,79,80,80
900,900,900,900,900,900,900,900,900,900,900
709,709,708,707,706,705,705,704,703,702,701
1,1,1,1,1,1,1,1,1,1,1
629,631,632,633,634,635,636,637,638,639,640
949,949,949,949,949,949,949,949,949,949,949
123,124,123,122,122,121,121,120,119,119,118
314,314,314,314,314,314,314,314,314,314,314
1022,1023,1023,1023,1023,1023,1023,1023,1023,1023,1023
394,394,394,394,394,394,394,394,394,394,394
74,75,76,76,77,77,78,78,79,79,80
899,899,899,899,899,899,899,899,899,899,899
709,710,709,708,707,706,705,704,703,702,702
1,1,1,1,1,1,1,1,1,1,1
629,631,632,633,634,634,635,636,637,638,639
949,949,949,949,949,949,949,949,949,949,949
124,124,124,123,122,122,121,120,120,119,119
313,313,313,313,313,313,313,313,313,313,313
1022,1023,1023,1023,1023,1023,1023,1023,1023,1023,1023
395,395,395,395,395,395,395,395,395,395,395
74,75,76,76,77,77,78,78,79,79,80
899,899,899,899,899,899,899,899,899,899,899
710,710,709,708,707,707,706,705,704,703,702
1,1,1,1,1,1,1,1,1,1,1
628,630,631,632,633,634,635,636,637,638,639
950,950,950,950,950,950,950,950,950,950,950
124,125,124,123,123,122,121,121,120,120,119
313,313,313,313,313,313,313,313,313,313,313
1022,1023,1023,1023,1023,1023,1023,1023,1023,1023,1023
395,395,395,395,395,395,395,395,395,395,395
73,75,75,76,76,77,77,78,78,79,79
899,899,899,899,899,899,899,899,899,899,899
711,711,710,709,708,707,706,705,704,704,703
1,1,1,1,1,1,1,1,1,1,1
628,630,631,631,632,633,634,635,636,637,638
950,950,950,950,950,950,950,950,950,950,950
125,125,124,124,123,122,122,121,121,120,119
312,312,312,312,312,312,312,312,312,312,312
1022,1023,1023,1023,1023,1023,1023,1023,1023,1023,1023
396,396,396,396,396,396,396,396,396,396,396
73,74,75,75,76,76,77,77,78,78,79
898,898,898,898,898,898,898,898,898,898,898
711,711,710,709,709,708,707,706,705,704,703
1,1,1,1,1,1,1,1,1,1,1
627,629,630,631,632,633,634,635,636,636,637
950,950,950,950,950,950,950,950,950,950,950
125,125,125,124,123,123,122,122,121,120,120
312,312,312,312,312,312,312,312,312,312,312
1022,1023,1023,1023,1023,1023,1023,1023,1023,1023,1023
396,396,396,396,396,396,396,396,396,396,396
73,74,75,75,76,76,77,77,78,78,79
898,898,898,898,898,898,898,898,898,898,898
712,712,711,710,709,708,707,706,706,705,704
1,1,1,1,1,1,1,1,1,1,1
626,628,629,630,631,632,633,634,635,636,637
951,951,951,951,951,951,951,951,951,951,951
125,126,125,124,124,123,123,122,121,121,120
311,311,311,311,311,311,311,311,311,311,311
1022,1023,1023,1023,1023,1023,1023,1023,1023,1023,1023
397,397,397,397,397,397,397,397,397,397,397
72,74,74,75,75,76,76,77,77,78,78
898,898,898,898,898,898,898,898,898,898,898
712,712,711,711,710,709,708,707,706,705,704
2,2,2,2,2,2,2,2,2,2,2
626,628,629,630,631,632,633,633,634,635,636
951,951,951,951,951,951,951,951,951,951,951
126,126,125,125,124,124,123,122,122,121,120
311,311,311,311,311,311,311,311,311,311,311
1021,1023,1023,1023,1023,1023,1023,1023,1023,1023,1023
397,397,397,397,397,397,397,397,397,397,397
72,74,74,75,75,76,76,77,77,78,78
897,897,897,897,897,897,897,897,897,897,897
713,713,712,711,710,709,708,707,707,706,705
2,2,2,2,2,2,2,2,2,2,2
625,627,628,629,630,631,632,633,634,635,636
951,951,951,951,951,951,951,951,951,951,951
126,126,126,125,125,124,123,123,122,121,121
310,310,310,310,310,310,310,310,310,310,310
1021,1022,1023,1023,1023,1023,1023,1023,1023,1023,1023
398,398,398,398,398,398,398,398,398,398,398
72,73,74,74,75,75,76,76,77,77,78
897,897,897,897,897,897,897,897,897,897,897
713,713,712,712,711,710,709,708,707,706,705
2,2,2,2,2,2,2,2,2,2,2
625,627,628,629,630,630,631,632,633,634,635
951,951,951,951,951,951,951,951,951,951,951
126,127,126,126,125,124,124,123,122,122,121
309,309,309,309,309,309,309,309,309,309,309
1021,1022,1023,1023,1023,1023,1023,1023,1023,1023,1023
399,399,399,399,399,399,399,399,399,399,399
71,73,73,74,74,75,75,76,76,77,77
896,896,896,896,896,896,896,896,896,896,896
714,714,713,712,711,710,709,709,708,707,706
2,2,2,2,2,2,2,2,2,2,2
624,626,627,628,629,630,631,632,633,634,635
952,952,952,952,952,952,952,952,952,952,952
127,127,127,126,125,125,124,123,123,122,122
309,309,309,309,309,309,309,309,309,309,309
1021,1022,1022,1023,1023,1023,1023,1023,1023,1023,1023
399,399,399,399,399,399,399,399,399,399,399
71,73,73,74,74,75,75,76,76,77,77
896,896,896,896,896,896,896,896,896,896,896
714,714,714,713,712,711,710,709,708,707,706
2,2,2,2,2,2,2,2,2,2,2
624,626,626,627,628,629,630,631,632,633,634
952,952,952,952,952,952,952,952,952,952,952
127,128,127,126,126,125,124,124,123,123,122
308,308,308,308,308,308,308,308,308,308,308
1021,1022,1022,1023,1023,1023,1023,1023,1023,1023,1023
400,400,400,400,400,400,400,400,400,400,400
71,72,73,73,74,74,75,75,76,76,77
896,896,896,896,896,896,896,896,896,896,896
715,715,714,713,712,711,711,710,709,708,707
2,2,2,2,2,2,2,2,2,2,2
623,625,626,627,628,629,630,631,632,632,633
952,952,952,952,952,952,952,952,952,952,952
128,128,127,127,126,125,125,124,124,123,122
308,308,308,308,308,308,308,308,308,308,308
1021,1022,1022,1022,1023,1023,1023,1023,1023,1023,1023
400,400,400,400,400,400,400,400,400,400,400
71,72,73,73,74,74,75,75,76,76,77
895,895,895,895,895,895,895,895,895,895,895
715,716,715,714,713,712,711,710,709,708,708
2,2,2,2,2,2,2,2,2,2,2
622,624,625,626,627,628,629,630,631,632,633
953,953,953,953,953,953,953,953,953,953,953
128,128,128,127,126,126,125,125,124,123,123
307,307,307,307,307,307,307,307,307,307,307
1021,1022,1022,1022,1022,1023,1023,1023,1023,1023,1023
401,401,401,401,401,401,401,401,401,401,401
70,72,72,73,73,74,74,75,75,76,76
895,895,895,895,895,895,895,895,895,895,895
716,716,715,714,713,713,712,711,710,709,708
2,2,2,2,2,2,2,2,2,2,2
622,624,625,626,627,628,629,629,630,631,632
953,953,953,953,953,953,953,953,953,953,953
128,129,128,127,127,126,126,125,124,124,123
307,307,307,307,307,307,307,307,307,307,307
1021,1022,1022,1022,1022,1023,1023,1023,1023,1023,1023
401,401,401,401,401,401,401,401,401,401,401
70,71,72,72,73,73,74,74,75,75,76
894,894,894,894,894,894,894,894,894,894,894
717,717,716,715,714,713,712,711,710,710,709
2,2,2,2,2,2,2,2,2,2,2
621,623,624,625,626,627,628,629,630,631,632
953,953,953,953,953,953,953,953,953,953,953
129,129,129,128,127,127,126,125,125,124,123
306,306,306,306,306,306,306,306,306,306,306
1021,1022,1022,1022,1022,1022,1023,1023,1023,1023,1023
402,402,402,402,402,402,402,402,402,402,402
70,71,72,72,73,73,74,74,75,75,76
894,894,894,894,894,894,894,894,894,894,894
717,717,716,715,715,714,713,712,711,710,709
2,2,2,2,2,2,2,2,2,2,2
621,623,624,625,625,626,627,628,629,630,631
954,954,954,954,954,954,954,954,954,954,954
129,130,129,128,128,127,126,126,125,124,124
306,306,306,306,306,306,306,306,306,306,306
1021,1022,1022,1022,1022,1022,1023,1023,1023,1023,1023
403,403,403,403,403,403,403,403,403,403,403
69,71,71,72,72,73,73,74,74,75,75
894,894,894,894,894,894,894,894,894,894,894
718,718,717,716,715,714,713,712,711,711,710
2,2,2,2,2,2,2,2,2,2,2
620,622,623,624,625,626,627,628,629,630,631
954,954,954,954,954,954,954,954,954,954,954
130,130,129,129,128,127,127,126,125,125,124
305,305,305,305,305,305,305,305,305,305,305
1021,1022,1022,1022,1022,1022,1022,1023,1023,1023,1023
403,403,403,403,403,403,403,403,403,403,403
69,71,71,72,72,72,73,73,74,74,75
893,893,893,893,893,893,893,893,893,893,893
718,718,717,716,716,715,714,713,712,711,710
2,2,2,2,2,2,2,2,2,2,2
620,622,622,623,624,625,626,627,628,629,630
954,954,954,954,954,954,954,954,954,954,954
130,130,130,129,128,128,127,127,126,125,125
305,305,305,305,305,305,305,305,305,305,305
1021,1022,1022,1022,1022,1022,1022,1022,1023,1023,1023
404,404,404,404,404,404,404,404,404,404,404
69,70,71,71,72,72,73,73,74,74,75
893,893,893,893,893,893,893,893,893,893,893
719,719,718,717,716,715,714,713,713,712,711
2,2,2,2,2,2,2,2,2,2,2
619,621,622,623,624,625,626,627,628,628,629
954,954,954,954,954,954,954,954,954,954,954
130,131,130,129,129,128,128,127,126,126,125
304,304,304,304,304,304,304,304,304,304,304
1021,1022,1022,1022,1022,1022,1022,1022,1023,1023,1023
404,404,404,404,404,404,404,404,404,404,404
68,70,70,71,71,72,72,73,73,74,74
892,892,892,892,892,892,892,892,892,892,892
719,719,718,718,717,716,715,714,713,712,711
2,2,2,2,2,2,2,2,2,2,2
618,620,621,622,623,624,625,626,627,628,629
955,955,955,955,955,955,955,955,955,955,955
131,131,130,130,129,129,128,127,127,126,125
304,304,304,304,304,304,304,304,304,304,304
1021,1022,1022,1022,1022,1022,1022,1022,1022,1023,1023
405,405,405,405,405,405,405,405,405,405,405
68,70,70,71,71,72,72,73,73,74,74
892,892,892,892,892,892,892,892,892,892,892
720,720,719,718,717,716,715,715,714,713,712
2,2,2,2,2,2,2,2,2,2,2
618,620,621,622,623,624,625,625,626,627,628
955,955,955,955,955,955,955,955,955,955,955
131,132,131,130,130,129,128,128,127,126,126
303,303,303,303,303,303,303,303,303,303,303
1021,1022,1022,1022,1022,1022,1022,1022,1022,1022,1023
405,405,405,405,405,405,405,405,405,405,405
68,69,70,70,71,71,72,72,73,73,74
892,892,892,892,892,892,892,892,892,892,892
720,720,720,719,718,717,716,715,714,713,712
2,2,2,2,2,2,2,2,2,2,2
617,619,620,621,622,623,624,625,626,627,628
955,955,955,955,955,955,955,955,955,955,955
132,132,131,131,130,129,129,128,127,127,126
302,302,302,302,302,302,302,302,302,302,302
1021,1022,1022,1022,1022,1022,1022,1022,1022,1022,1023
406,406,406,406,406,406,406,406,406,406,406
68,69,70,70,71,71,71,72,72,73,73
891,891,891,891,891,891,891,891,891,891,891
721,721,720,719,718,717,717,716,715,714,713
2,2,2,2,2,2,2,2,2,2,2
617,619,620,621,621,622,623,624,625,626,627
956,956,956,956,956,956,956,956,956,956,956
132,132,132,131,130,130,129,128,128,127,127
302,302,302,302,302,302,302,302,302,302,302
1021,1022,1022,1022,1022,1022,1022,1022,1022,1022,1022
407,407,407,407,407,407,407,407,407,407,407
67,69,69,70,70,71,71,72,72,73,73
891,891,891,891,891,891,891,891,891,891,891
721,721,721,720,719,718,717,716,715,714,714
2,2,2,2,2,2,2,2,2,2,2
616,618,619,620,621,622,623,624,625,626,627
956,956,956,956,956,956,956,956,956,956,956
132,133,132,131,131,130,129,129,128,128,127
301,301,301,301,301,301,301,301,301,301,301
1020,1022,1022,1022,1022,1022,1022,1022,1022,1022,1022
407,407,407,407,407,407,407,407,407,407,407
67,68,69,69,70,70,71,71,72,72,73
890,890,890,890,890,890,890,890,890,890,890
722,722,721,720,719,718,718,717,716,715,714
3,3,3,3,3,3,3,3,3,3,3
616,617,618,619,620,621,622,623,624,625,626
956,956,956,956,956,956,956,956,956,956,956
133,133,132,132,131,131,130,129,129,128,127
301,301,301,301,301,301,301,301,301,301,301
1020,1022,1022,1022,1022,1022,1022,1022,1022,1022,1022
408,408,408,408,408,408,408,408,408,408,408
67,68,69,69,70,70,71,71,72,72,73
890,890,890,890,890,890,890,890,890,890,890
722,723,722,721,720,719,718,717,716,715,715
3,3,3,3,3,3,3,3,3,3,3
615,617,618,619,620,621,622,623,624,624,625
956,956,956,956,956,956,956,956,956,956,956
133,133,133,132,132,131,130,130,129,128,128
300,300,300,300,300,300,300,300,300,300,300
1020,1021,1022,1022,1022,1022,1022,1022,1022,1022,1022
408,408,408,408,408,408,408,408,408,408,408
66,68,68,69,69,70,70,71,71,72,72
890,890,890,890,890,890,890,890,890,890,890
723,723,722,721,720,720,719,718,717,716,715
3,3,3,3,3,3,3,3,3,3,3
614,616,617,618,619,620,621,622,623,624,625
957,957,957,957,957,957,957,957,957,957,957
134,134,133,133,132,131,131,130,129,129,128
300,300,300,300,300,300,300,300,300,300,300
1020,1021,1021,1022,1022,1022,1022,1022,1022,1022,1022
409,409,409,409,409,409,409,409,409,409,409
66,68,68,69,69,70,70,70,71,71,72
889,889,889,889,889,889,889,889,889,889,889
723,724,723,722,721,720,719,718,717,717,716
3,3,3,3,3,3,3,3,3,3,3
614,616,617,618,619,620,620,621,622,623,624
957,957,957,957,957,957,957,957,957,957,957
134,134,134,133,132,132,131,130,130,129,128
299,299,299,299,299,299,299,299,299,299,299
1020,1021,1021,1022,1022,1022,1022,1022,1022,1022,1022
409,409,409,409,409,409,409,409,409,409,409
66,67,68,68,69,69,70,70,71,71,72
889,889,889,889,889,889,889,889,889,889,889
724,724,723,722,722,721,720,719,718,717,716
3,3,3,3,3,3,3,3,3,3,3
613,615,616,617,618,619,620,621,622,623,624
957,957,957,957,957,957,957,957,957,957,957
134,135,134,133,133,132,131,131,130,130,129
299,299,299,299,299,299,299,299,299,299,299
1020,1021,1021,1021,1022,1022,1022,1022,1022,1022,1022
410,410,410,410,410,410,410,410,410,410,410
66,67,67,68,68,69,69,70,70,71,71
888,888,888,888,888,888,888,888,888,888,888
725,725,724,723,722,721,720,719,719,718,717
3,3,3,3,3,3,3,3,3,3,3
613,615,616,616,617,618,619,620,621,622,623
958,958,958,958,958,958,958,958,958,958,958
135,135,134,134,133,132,132,131,131,130,129
298,298,298,298,298,298,298,298,298,298,298
1020,1021,1021,1021,1022,1022,1022,1022,1022,1022,1022
411,411,411,411,411,411,411,411,411,411,411
65,67,67,68,68,69,69,70,70,71,71
888,888,888,888,888,888,888,888,888,888,888
725,725,724,723,723,722,721,720,719,718,717
3,3,3,3,3,3,3,3,3,3,3
612,614,615,616,617,618,619,620,621,622,623
958,958,958,958,958,958,958,958,958,958,958
135,135,135,134,134,133,132,132,131,130,130
298,298,298,298,298,298,298,298,298,298,298
1020,1021,1021,1021,1021,1022,1022,1022,1022,1022,1022
411,411,411,411,411,411,411,411,411,411,411
65,66,67,67,68,68,69,69,70,70,71
888,888,888,888,888,888,888,888,888,888,888
726,726,725,724,723,722,721,720,720,719,718
3,3,3,3,3,3,3,3,3,3,3
612,613,614,615,616,617,618,619,620,621,622
958,958,958,958,958,958,958,958,958,958,958
136,136,135,135,134,133,133,132,131,131,130
297,297,297,297,297,297,297,297,297,297,297
1020,1021,1021,1021,1021,1021,1022,1022,1022,1022,1022
412,412,412,412,412,412,412,412,412,412,412
65,66,67,67,68,68,69,69,69,70,70
887,887,887,887,887,887,887,887,887,887,887
726,726,725,725,724,723,722,721,720,719,718
3,3,3,3,3,3,3,3,3,3,3
611,613,614,615,616,617,618,619,619,620,621
958,958,958,958,958,958,958,958,958,958,958
136,136,136,135,134,134,133,132,132,131,130
297,297,297,297,297,297,297,297,297,297,297
1020,1021,1021,1021,1021,1021,1022,1022,1022,1022,1022
412,412,412,412,412,412,412,412,412,412,412
64,66,66,67,67,68,68,69,69,70,70
887,887,887,887,887,887,887,887,887,887,887
727,727,726,725,724,723,722,722,721,720,719
3,3,3,3,3,3,3,3,3,3,3
610,612,613,614,615,616,617,618,619,620,621
959,959,959,959,959,959,959,959,959,959,959
136,137,136,135,135,134,133,133,132,131,131
296,296,296,296,296,296,296,296,296,296,296
1020,1021,1021,1021,1021,1021,1021,1022,1022,1022,1022
413,413,413,413,413,413,413,413,413,413,413
64,66,66,67,67,67,68,68,69,69,70
886,886,886,886,886,886,886,886,886,886,886
727,727,726,726,725,724,723,722,721,720,719
3,3,3,3,3,3,3,3,3,3,3
610,612,613,614,615,615,616,617,618,619,620
959,959,959,959,959,959,959,959,959,959,959
137,137,136,136,135,134,134,133,133,132,131
295,295,295,295,295,295,295,295,295,295,295
1020,1021,1021,1021,1021,1021,1021,1022,1022,1022,1022
414,414,414,414,414,414,414,414,414,414,414
64,65,66,66,67,67,68,68,69,69,70
886,886,886,886,886,886,886,886,886,886,886
728,728,727,726,725,724,724,723,722,721,720
3,3,3,3,3,3,3,3,3,3,3
609,611,612,613,614,615,616,617,618,619,620
959,959,959,959,959,959,959,959,959,959,959
137,137,137,136,136,135,134,134,133,132,132
295,295,295,295,295,295,295,295,295,295,295
1020,1021,1021,1021,1021,1021,1021,1021,1022,1022,1022
414,414,414,414,414,414,414,414,414,414,414
64,65,65,66,66,67,67,68,68,69,69
886,886,886,886,886,886,886,886,886,886,886
728,728,728,727,726,725,724,723,722,721,721
3,3,3,3,3,3,3,3,3,3,3
609,611,612,612,613,614,615,616,617,618,619
960,960,960,960,960,960,960,960,960,960,960
138,138,137,137,136,135,135,134,133,133,132
294,294,294,294,294,294,294,294,294,294,294
1020,1021,1021,1021,1021,1021,1021,1021,1021,1022,1022
415,415,415,415,415,415,415,415,415,415,415
63,65,65,66,66,67,67,68,68,68,69
885,885,885,885,885,885,885,885,885,885,885
729,729,728,727,726,725,725,724,723,722,721
3,3,3,3,3,3,3,3,3,3,3
608,610,611,612,613,614,615,616,617,618,618
960,960,960,960,960,960,960,960,960,960,960
138,138,138,137,136,136,135,134,134,133,132
294,294,294,294,294,294,294,294,294,294,294
1020,1021,1021,1021,1021,1021,1021,1021,1021,1022,1022
415,415,415,415,415,415,415,415,415,415,415
63,64,65,65,66,66,67,67,68,68,69
885,885,885,885,885,885,885,885,885,885,885
729,730,729,728,727,726,725,724,723,722,722
4,4,4,4,4,4,4,4,4,4,4
607,609,610,611,612,613,614,615,616,617,618
960,960,960,960,960,960,960,960,960,960,960
138,139,138,137,137,136,135,135,134,133,133
293,293,293,293,293,293,293,293,293,293,293
1019,1021,1021,1021,1021,1021,1021,1021,1021,1021,1022
416,416,416,416,416,416,416,416,416,416,416
63,64,65,65,66,66,66,67,67,68,68
884,884,884,884,884,884,884,884,884,884,884
730,730,729,728,727,727,726,725,724,723,722
4,4,4,4,4,4,4,4,4,4,4
607,609,610,611,612,613,614,615,615,616,617
960,960,960,960,960,960,960,960,960,960,960
139,139,138,138,137,136,136,135,134,134,133
293,293,293,293,293,293,293,293,293,293,293
1019,1020,1021,1021,1021,1021,1021,1021,1021,1021,1021
416,416,416,416,416,416,416,416,416,416,416
62,64,64,65,65,66,66,67,67,68,68
884,884,884,884,884,884,884,884,884,884,884
730,731,730,729,728,727,726,725,724,724,723
4,4,4,4,4,4,4,4,4,4,4
606,608,609,610,611,612,613,614,615,616,617
961,961,961,961,961,961,961,961,961,961,961
139,139,139,138,138,137,136,136,135,134,134
292,292,292,292,292,292,292,292,292,292,292
1019,1020,1021,1021,1021,1021,1021,1021,1021,1021,1021
417,417,417,417,417,417,417,417,417,417,417
62,64,64,64,65,65,66,66,67,67,68
884,884,884,884,884,884,884,884,884,884,884
731,731,730,729,728,728,727,726,725,724,723
4,4,4,4,4,4,4,4,4,4,4
606,608,609,610,611,611,612,613,614,615,616
961,961,961,961,961,961,961,961,961,961,961
140,140,139,139,138,137,137,136,135,135,134
292,292,292,292,292,292,292,292,292,292,292
1019,1020,1020,1021,1021,1021,1021,1021,1021,1021,1021
418,418,418,418,418,418,418,418,418,418,418
62,63,64,64,65,65,66,66,67,67,68
883,883,883,883,883,883,883,883,883,883,883
732,732,731,730,729,728,727,726,726,725,724
4,4,4,4,4,4,4,4,4,4,4
605,607,608,609,610,611,612,613,614,615,616
961,961,961,961,961,961,961,961,961,961,961
140,140,140,139,138,138,137,136,136,135,134
291,291,291,291,291,291,291,291,291,291,291
1019,1020,1020,1021,1021,1021,1021,1021,1021,1021,1021
418,418,418,418,418,418,418,418,418,418,418
62,63,63,64,64,65,65,66,66,67,67
883,883,883,883,883,883,883,883,883,883,883
732,732,731,730,730,729,728,727,726,725,724
4,4,4,4,4,4,4,4,4,4,4
605,607,607,608,609,610,611,612,613,614,615
962,962,962,962,962,962,962,962,962,962,962
140,141,140,139,139,138,137,137,136,135,135
291,291,291,291,291,291,291,291,291,291,291
1019,1020,1020,1020,1021,1021,1021,1021,1021,1021,1021
419,419,419,419,419,419,419,419,419,419,419
61,63,63,64,64,65,65,66,66,66,67
882,882,882,882,882,882,882,882,882,882,882
733,733,732,731,730,729,728,727,727,726,725
4,4,4,4,4,4,4,4,4,4,4
604,606,607,608,609,610,611,612,613,614,614
962,962,962,962,962,962,962,962,962,962,962
141,141,140,140,139,138,138,137,136,136,135
290,290,290,290,290,290,290,290,290,290,290
1019,1020,1020,1020,1020,1021,1021,1021,1021,1021,1021
419,419,419,419,419,419,419,419,419,419,419
61,62,63,63,64,64,65,65,66,66,67
882,882,882,882,882,882,882,882,882,882,882
733,733,732,731,731,730,729,728,727,726,725
4,4,4,4,4,4,4,4,4,4,4
603,605,606,607,608,609,610,611,612,613,614
962,962,962,962,962,962,962,962,962,962,962
141,142,141,140,140,139,138,138,137,136,136
290,290,290,290,290,290,290,290,290,290,290
1019,1020,1020,1020,1020,1021,1021,1021,1021,1021,1021
420,420,420,420,420,420,420,420,420,420,420
61,62,63,63,64,64,64,65,65,66,66
882,882,882,882,882,882,882,882,882,882,882
734,734,733,732,731,730,729,729,728,727,726
4,4,4,4,4,4,4,4,4,4,4
603,605,606,607,608,609,610,610,611,612,613
962,962,962,962,962,962,962,962,962,962,962
142,142,141,141,140,139,139,138,137,137,136
289,289,289,289,289,289,289,289,289,289,289
1019,1020,1020,1020,1020,1020,1021,1021,1021,1021,1021
420,420,420,420,420,420,420,420,420,420,420
60,62,62,63,63,64,64,65,65,66,66
881,881,881,881,881,881,881,881,881,881,881
734,734,733,733,732,731,730,729,728,727,726
4,4,4,4,4,4,4,4,4,4,4
602,604,605,606,607,608,609,610,611,612,613
963,963,963,963,963,963,963,963,963,963,963
142,142,142,141,140,140,139,138,138,137,136
289,289,289,289,289,289,289,289,289,289,289
1019,1020,1020,1020,1020,1020,1020,1021,1021,1021,1021
421,421,421,421,421,421,421,421,421,421,421
60,62,62,63,63,63,64,64,65,65,66
881,881,881,881,881,881,881,881,881,881,881
735,735,734,733,732,731,730,730,729,728,727
4,4,4,4,4,4,4,4,4,4,4
602,604,605,606,606,607,608,609,610,611,612
963,963,963,963,963,963,963,963,963,963,963
142,143,142,141,141,140,139,139,138,137,137
288,288,288,288,288,288,288,288,288,288,288
1019,1020,1020,1020,1020,1020,1020,1021,1021,1021,1021
422,422,422,422,422,422,422,422,422,422,422
60,61,62,62,63,63,64,64,65,65,65
880,880,880,880,880,880,880,880,880,880,880
735,735,734,734,733,732,731,730,729,728,728
4,4,4,4,4,4,4,4,4,4,4
601,603,604,605,606,607,608,609,610,611,612
963,963,963,963,963,963,963,963,963,963,963
143,143,142,142,141,140,140,139,138,138,137
288,288,288,288,288,288,288,288,288,288,288
1019,1020,1020,1020,1020,1020,1020,1020,1021,1021,1021
422,422,422,422,422,422,422,422,422,422,422
60,61,61,62,62,63,63,64,64,65,65
880,880,880,880,880,880,880,880,880,880,880
736,736,735,734,733,732,732,731,730,729,728
4,4,4,4,4,4,4,4,4,4,4
601,602,603,604,605,606,607,608,609,610,611
964,964,964,964,964,964,964,964,964,964,964
143,144,143,142,142,141,140,140,139,138,138
287,287,287,287,287,287,287,287,287,287,287
1018,1020,1020,1020,1020,1020,1020,1020,1021,1021,1021
423,423,423,423,423,423,423,423,423,423,423
59,61,61,62,62,63,63,64,64,64,65
880,880,880,880,880,880,880,880,880,880,880
736,736,736,735,734,733,732,731,730,729,729
5,5,5,5,5,5,5,5,5,5,5
600,602,603,604,605,606,607,608,609,609,610
964,964,964,964,964,964,964,964,964,964,964
144,144,143,143,142,141,141,140,139,139,138
286,286,286,286,286,286,286,286,286,286,286
1018,1020,1020,1020,1020,1020,1020,1020,1020,1021,1021
423,423,423,423,423,423,423,423,423,423,423
59,60,61,61,62,62,63,63,64,64,65
879,879,879,879,879,879,879,879,879,879,879
737,737,736,735,734,733,733,732,731,730,729
5,5,5,5,5,5,5,5,5,5,5
599,601,602,603,604,605,606,607,608,609,610
964,964,964,964,964,964,964,964,964,964,964
144,144,144,143,142,142,141,140,140,139,138
286,286,286,286,286,286,286,286,286,286,286
1018,1019,1020,1020,1020,1020,1020,1020,1020,1020,1021
424,424,424,424,424,424,424,424,424,424,424
59,60,61,61,62,62,62,63,63,64,64
879,879,879,879,879,879,879,879,879,879,879
737,737,737,736,735,734,733,732,731,731,730
5,5,5,5,5,5,5,5,5,5,5
599,601,602,603,604,605,605,606,607,608,609
964,964,964,964,964,964,964,964,964,964,964
144,145,144,143,143,142,141,141,140,139,139
285,285,285,285,285,285,285,285,285,285,285
1018,1019,1020,1020,1020,1020,1020,1020,1020,1020,1021
425,425,425,425,425,425,425,425,425,425,425
58,60,60,61,61,62,62,63,63,64,64
878,878,878,878,878,878,878,878,878,878,878
738,738,737,736,735,735,734,733,732,731,730
5,5,5,5,5,5,5,5,5,5,5
598,600,601,602,603,604,605,606,607,608,609
965,965,965,965,965,965,965,965,965,965,965
145,145,145,144,143,143,142,141,141,140,139
285,285,285,285,285,285,285,285,285,285,285
1018,1019,1019,1020,1020,1020,1020,1020,1020,1020,1020
425,425,425,425,425,425,425,425,425,425,425
58,60,60,61,61,61,62,62,63,63,64
878,878,878,878,878,878,878,878,878,878,878
738,739,738,737,736,735,734,733,732,732,731
5,5,5,5,5,5,5,5,5,5,5
598,600,601,601,602,603,604,605,606,607,608
965,965,965,965,965,965,965,965,965,965,965
145,146,145,144,144,143,142,142,141,140,140
284,284,284,284,284,284,284,284,284,284,284
1018,1019,1019,1019,1020,1020,1020,1020,1020,1020,1020
426,426,426,426,426,426,426,426,426,426,426
58,59,60,60,61,61,62,62,63,63,63
878,878,878,878,878,878,878,878,878,878,878
739,739,738,737,736,736,735,734,733,732,731
5,5,5,5,5,5,5,5,5,5,5
597,599,600,601,602,603,604,605,606,607,608
965,965,965,965,965,965,965,965,965,965,965
146,146,145,145,144,143,143,142,141,141,140
284,284,284,284,284,284,284,284,284,284,284
1018,1019,1019,1019,1020,1020,1020,1020,1020,1020,1020
426,426,426,426,426,426,426,426,426,426,426
58,59,60,60,60,61,61,62,62,63,63
877,877,877,877,877,877,877,877,877,877,877
739,740,739,738,737,736,735,734,734,733,732
5,5,5,5,5,5,5,5,5,5,5
596,598,599,600,601,602,603,604,605,606,607
965,965,965,965,965,965,965,965,965,965,965
146,146,146,145,144,144,143,142,142,141,140
283,283,283,283,283,283,283,283,283,283,283
1018,1019,1019,1019,1019,1020,1020,1020,1020,1020,1020
427,427,427,427,427,427,427,427,427,427,427
57,59,59,60,60,61,61,62,62,62,63
877,877,877,877,877,877,877,877,877,877,877
740,740,739,738,738,737,736,735,734,733,732
5,5,5,5,5,5,5,5,5,5,5
596,598,599,600,601,602,603,604,604,605,606
966,966,966,966,966,966,966,966,966,966,966
147,147,146,145,145,144,143,143,142,141,141
283,283,283,283,283,283,283,283,283,283,283
1018,1019,1019,1019,1019,1020,1020,1020,1020,1020,1020
427,427,427,427,427,427,427,427,427,427,427
57,59,59,59,60,60,61,61,62,62,63
876,876,876,876,876,876,876,876,876,876,876
741,741,740,739,738,737,736,735,735,734,733
5,5,5,5,5,5,5,5,5,5,5
595,597,598,599,600,601,602,603,604,605,606
966,966,966,966,966,966,966,966,966,966,966
147,147,147,146,145,145,144,143,143,142,141
282,282,282,282,282,282,282,282,282,282,282
1018,1019,1019,1019,1019,1019,1020,1020,1020,1020,1020
428,428,428,428,428,428,428,428,428,428,428
57,58,59,59,60,60,61,61,61,62,62
876,876,876,876,876,876,876,876,876,876,876
741,741,740,739,739,738,737,736,735,734,733
5,5,5,5,5,5,5,5,5,5,5
595,597,598,599,600,600,601,602,603,604,605
966,966,966,966,966,966,966,966,966,966,966
147,148,147,146,146,145,144,144,143,142,142
282,282,282,282,282,282,282,282,282,282,282
1018,1019,1019,1019,1019,1019,1019,1020,1020,1020,1020
429,429,429,429,429,429,429,429,429,429,429
57,58,58,59,59,60,60,61,61,62,62
875,875,875,875,875,875,875,875,875,875,875
742,742,741,740,739,738,737,737,736,735,734
5,5,5,5,5,5,5,5,5,5,5
594,596,597,598,599,600,601,602,603,604,605
967,967,967,967,967,967,967,967,967,967,967
148,148,147,147,146,145,145,144,143,143,142
281,281,281,281,281,281,281,281,281,281,281
1018,1019,1019,1019,1019,1019,1019,1020,1020,1020,1020
429,429,429,429,429,429,429,429,429,429,429
56,58,58,59,59,60,60,60,61,61,62
875,875,875,875,875,875,875,875,875,875,875
742,742,741,740,740,739,738,737,736,735,734
5,5,5,5,5,5,5,5,5,5,5
594,595,596,597,598,599,600,601,602,603,604
967,967,967,967,967,967,967,967,967,967,967
148,148,148,147,146,146,145,144,144,143,142
281,281,281,281,281,281,281,281,281,281,281
1017,1019,1019,1019,1019,1019,1019,1019,1020,1020,1020
430,430,430,430,430,430,430,430,430,430,430
56,57,58,58,59,59,60,60,61,61,62
875,875,875,875,875,875,875,875,875,875,875
743,743,742,741,740,739,738,738,737,736,735
6,6,6,6,6,6,6,6,6,6,6
593,595,596,597,598,599,600,601,602,603,603
967,967,967,967,967,967,967,967,967,967,967
149,149,148,148,147,146,146,145,144,143,143
280,280,280,280,280,280,280,280,280,280,280
1017,1019,1019,1019,1019,1019,1019,1019,1020,1020,1020
430,430,430,430,430,430,430,430,430,430,430
56,57,58,58,59,59,59,60,60,61,61
874,874,874,874,874,874,874,874,874,874,874
743,743,742,742,741,740,739,738,737,736,735
6,6,6,6,6,6,6,6,6,6,6
592,594,595,596,597,598,599,600,601,602,603
967,967,967,967,967,967,967,967,967,967,967
149,149,149,148,147,147,146,145,145,144,143
280,280,280,280,280,280,280,280,280,280,280
1017,1018,1019,1019,1019,1019,1019,1019,1019,1020,1020
431,431,431,431,431,431,431,431,431,431,431
56,57,57,58,58,59,59,60,60,61,61
874,874,874,874,874,874,874,874,874,874,874
744,744,743,742,741,740,739,739,738,737,736
6,6,6,6,6,6,6,6,6,6,6
592,594,595,596,597,598,599,599,600,601,602
968,968,968,968,968,968,968,968,968,968,968
149,150,149,148,148,147,146,146,145,144,144
279,279,279,279,279,279,279,279,279,279,279
1017,1018,1018,1019,1019,1019,1019,1019,1019,1019,1020
432,432,432,432,432,432,432,432,432,432,432
55,57,57,58,58,58,59,59,60,60,61
873,873,873,873,873,873,873,873,873,873,873
744,744,743,743,742,741,740,739,738,737,737
6,6,6,6,6,6,6,6,6,6,6
591,593,594,595,596,597,598,599,600,601,602
968,968,968,968,968,968,968,968,968,968,968
150,150,149,149,148,147,147,146,145,145,144
279,279,279,279,279,279,279,279,279,279,279
1017,1018,1018,1019,1019,1019,1019,1019,1019,1019,1020
432,432,432,432,432,432,432,432,432,432,432
55,56,57,57,58,58,59,59,60,60,60
873,873,873,873,873,873,873,873,873,873,873
745,745,744,743,742,741,741,740,739,738,737
6,6,6,6,6,6,6,6,6,6,6
591,593,594,594,595,596,597,598,599,600,601
968,968,968,968,968,968,968,968,968,968,968
150,151,150,149,149,148,147,146,146,145,144
278,278,278,278,278,278,278,278,278,278,278
1017,1018,1018,1018,1019,1019,1019,1019,1019,1019,1019
433,433,433,433,433,433,433,433,433,433,433
55,56,57,57,57,58,58,59,59,60,60
873,873,873,873,873,873,873,873,873,873,873
745,745,745,744,743,742,741,740,739,738,738
6,6,6,6,6,6,6,6,6,6,6
590,592,593,594,595,596,597,598,599,600,601
968,968,968,968,968,968,968,968,968,968,968
151,151,150,150,149,148,148,147,146,146,145
278,278,278,278,278,278,278,278,278,278,278
1017,1018,1018,1018,1019,1019,1019,1019,1019,1019,1019
433,433,433,433,433,433,433,433,433,433,433
54,56,56,57,57,58,58,59,59,59,60
872,872,872,872,872,872,872,872,872,872,872
746,746,745,744,743,742,742,741,740,739,738
6,6,6,6,6,6,6,6,6,6,6
589,591,592,593,594,595,596,597,598,599,600
969,969,969,969,969,969,969,969,969,969,969
151,151,151,150,149,149,148,147,147,146,145
277,277,277,277,277,277,277,277,277,277,277
1017,1018,1018,1018,1018,1019,1019,1019,1019,1019,1019
434,434,434,434,434,434,434,434,434,434,434
54,56,56,56,57,57,58,58,59,59,60
872,872,872,872,872,872,872,872,872,872,872
746,746,746,745,744,743,742,741,740,740,739
6,6,6,6,6,6,6,6,6,6,6
589,591,592,593,594,595,596,597,598,598,599
969,969,969,969,969,969,969,969,969,969,969
151,152,151,150,150,149,148,148,147,146,146
276,276,276,276,276,276,276,276,276,276,276
1017,1018,1018,1018,1018,1018,1019,1019,1019,1019,1019
434,434,434,434,434,434,434,434,434,434,434
54,55,56,56,57,57,58,58,58,59,59
871,871,871,871,871,871,871,871,871,871,871
747,747,746,745,744,744,743,742,741,740,739
6,6,6,6,6,6,6,6,6,6,6
588,590,591,592,593,594,595,596,597,598,599
969,969,969,969,969,969,969,969,969,969,969
152,152,152,151,150,149,149,148,147,147,146
276,276,276,276,276,276,276,276,276,276,276
1017,1018,1018,1018,1018,1018,1019,1019,1019,1019,1019
435,435,435,435,435,435,435,435,435,435,435
54,55,56,56,56,57,57,58,58,59,59
871,871,871,871,871,871,871,871,871,871,871
747,747,747,746,745,744,743,742,741,741,740
6,6,6,6,6,6,6,6,6,6,6
588,590,591,592,593,593,594,595,596,597,598
969,969,969,969,969,969,969,969,969,969,969
152,153,152,151,151,150,149,149,148,147,147
275,275,275,275,275,275,275,275,275,275,275
1017,1018,1018,1018,1018,1018,1018,1019,1019,1019,1019
436,436,436,436,436,436,436,436,436,436,436
53,55,55,56,56,57,57,57,58,58,59
870,870,870,870,870,870,870,870,870,870,870
748,748,747,746,745,745,744,743,742,741,740
7,7,7,7,7,7,7,7,7,7,7
587,589,590,591,592,593,594,595,596,597,598
970,970,970,970,970,970,970,970,970,970,970
153,153,152,152,151,150,150,149,148,148,147
275,275,275,275,275,275,275,275,275,275,275
1016,1018,1018,1018,1018,1018,1018,1019,1019,1019,1019
436,436,436,436,436,436,436,436,436,436,436
53,55,55,55,56,56,57,57,58,58,58
870,870,870,870,870,870,870,870,870,870,870
748,749,748,747,746,745,744,743,743,742,741
7,7,7,7,7,7,7,7,7,7,7
587,589,589,590,591,592,593,594,595,596,597
970,970,970,970,970,970,970,970,970,970,970
153,153,153,152,151,151,150,149,149,148,147
274,274,274,274,274,274,274,274,274,274,274
1016,1017,1018,1018,1018,1018,1018,1018,1019,1019,1019
437,437,437,437,437,437,437,437,437,437,437
53,54,55,55,56,56,56,57,57,58,58
870,870,870,870,870,870,870,870,870,870,870
749,749,748,747,746,746,745,744,743,742,741
7,7,7,7,7,7,7,7,7,7,7
586,588,589,590,591,592,593,594,595,596,596
970,970,970,970,970,970,970,970,970,970,970
154,154,153,153,152,151,150,150,149,148,148
274,274,274,274,274,274,274,274,274,274,274
1016,1017,1018,1018,1018,1018,1018,1018,1018,1019,1019
437,437,437,437,437,437,437,437,437,437,437
53,54,54,55,55,56,56,57,57,58,58
869,869,869,869,869,869,869,869,869,869,869
749,750,749,748,747,746,745,744,744,743,742
7,7,7,7,7,7,7,7,7,7,7
585,587,588,589,590,591,592,593,594,595,596
971,971,971,971,971,971,971,971,971,971,971
154,154,154,153,152,152,151,150,150,149,148
273,273,273,273,273,273,273,273,273,273,273
1016,1017,1017,1018,1018,1018,1018,1018,1018,1019,1019
438,438,438,438,438,438,438,438,438,438,438
52,54,54,55,55,55,56,56,57,57,58
869,869,869,869,869,869,869,869,869,869,869
750,750,749,748,748,747,746,745,744,743,742
7,7,7,7,7,7,7,7,7,7,7
585,587,588,589,590,591,592,592,593,594,595
971,971,971,971,971,971,971,971,971,971,971
154,155,154,153,153,152,151,151,150,149,149
273,273,273,273,273,273,273,273,273,273,273
1016,1017,1017,1018,1018,1018,1018,1018,1018,1018,1019
438,438,438,438,438,438,438,438,438,438,438
52,53,54,54,55,55,56,56,57,57,57
868,868,868,868,868,868,868,868,868,868,868
750,751,750,749,748,747,746,745,745,744,743
7,7,7,7,7,7,7,7,7,7,7
584,586,587,588,589,590,591,592,593,594,595
971,971,971,971,971,971,971,971,971,971,971
155,155,154,154,153,152,152,151,150,150,149
272,272,272,272,272,272,272,272,272,272,272
1016,1017,1017,1017,1018,1018,1018,1018,1018,1018,1018
439,439,439,439,439,439,439,439,439,439,439
52,53,54,54,55,55,55,56,56,57,57
868,868,868,868,868,868,868,868,868,868,868
751,751,750,749,749,748,747,746,745,744,743
7,7,7,7,7,7,7,7,7,7,7
584,586,587,587,588,589,590,591,592,593,594
971,971,971,971,971,971,971,971,971,971,971
155,156,155,154,154,153,152,151,151,150,149
272,272,272,272,272,272,272,272,272,272,272
1016,1017,1017,1017,1017,1018,1018,1018,1018,1018,1018
440,440,440,440,440,440,440,440,440,440,440
52,53,53,54,54,55,55,56,56,56,57
868,868,868,868,868,868,868,868,868,868,868
752,752,751,750,749,748,747,747,746,745,744
7,7,7,7,7,7,7,7,7,7,7
583,585,586,587,588,589,590,591,592,593,594
972,972,972,972,972,972,972,972,972,972,972
156,156,155,155,154,153,153,152,151,151,150
271,271,271,271,271,271,271,271,271,271,271
1016,1017,1017,1017,1017,1018,1018,1018,1018,1018,1018
440,440,440,440,440,440,440,440,440,440,440
51,53,53,54,54,54,55,55,56,56,57
867,867,867,867,867,867,867,867,867,867,867
752,752,751,750,750,749,748,747,746,745,744
7,7,7,7,7,7,7,7,7,7,7
582,584,585,586,587,588,589,590,591,592,593
972,972,972,972,972,972,972,972,972,972,972
156,156,156,155,154,154,153,152,152,151,150
271,271,271,271,271,271,271,271,271,271,271
1016,1017,1017,1017,1017,1017,1018,1018,1018,1018,1018
441,441,441,441,441,441,441,441,441,441,441
51,52,53,53,54,54,55,55,55,56,56
867,867,867,867,867,867,867,867,867,867,867
753,753,752,751,750,749,748,748,747,746,745
7,7,7,7,7,7,7,7,7,7,7
582,584,585,586,587,588,589,590,591,591,592
972,972,972,972,972,972,972,972,972,972,972
157,157,156,155,155,154,153,153,152,151,151
270,270,270,270,270,270,270,270,270,270,270
1016,1017,1017,1017,1017,1017,1018,1018,1018,1018,1018
441,441,441,441,441,441,441,441,441,441,441
51,52,53,53,53,54,54,55,55,56,56
866,866,866,866,866,866,866,866,866,866,866
753,753,752,752,751,750,749,748,747,746,746
8,8,8,8,8,8,8,8,8,8,8
581,583,584,585,586,587,588,589,590,591,592
972,972,972,972,972,972,972,972,972,972,972
157,157,157,156,155,155,154,153,152,152,151
270,270,270,270,270,270,270,270,270,270,270
1015,1017,1017,1017,1017,1017,1017,1018,1018,1018,1018
442,442,442,442,442,442,442,442,442,442,442
51,52,52,53,53,54,54,55,55,55,56
866,866,866,866,866,866,866,866,866,866,866
754,754,753,752,751,750,749,749,748,747,746
8,8,8,8,8,8,8,8,8,8,8
581,583,584,585,586,586,587,588,589,590,591
973,973,973,973,973,973,973,973,973,973,973
157,158,157,156,156,155,154,154,153,152,151
269,269,269,269,269,269,269,269,269,269,269
1015,1016,1017,1017,1017,1017,1017,1017,1018,1018,1018
443,443,443,443,443,443,443,443,443,443,443
50,52,52,53,53,53,54,54,55,55,56
865,865,865,865,865,865,865,865,865,865,865
754,754,753,753,752,751,750,749,748,747,747
8,8,8,8,8,8,8,8,8,8,8
580,582,583,584,585,586,587,588,589,590,591
973,973,973,973,973,973,973,973,973,973,973
158,158,157,157,156,155,155,154,153,153,152
269,269,269,269,269,269,269,269,269,269,269
1015,1016,1017,1017,1017,1017,1017,1017,1018,1018,1018
443,443,443,443,443,443,443,443,443,443,443
50,51,52,52,53,53,54,54,54,55,55
865,865,865,865,865,865,865,865,865,865,865
755,755,754,753,752,751,751,750,749,748,747
8,8,8,8,8,8,8,8,8,8,8
580,582,582,583,584,585,586,587,588,589,590
973,973,973,973,973,973,973,973,973,973,973
158,159,158,157,156,156,155,154,154,153,152
268,268,268,268,268,268,268,268,268,268,268
1015,1016,1016,1017,1017,1017,1017,1017,1017,1018,1018
444,444,444,444,444,444,444,444,444,444,444
50,51,52,52,52,53,53,54,54,55,55
865,865,865,865,865,865,865,865,865,865,865
755,755,754,754,753,752,751,750,749,748,748
8,8,8,8,8,8,8,8,8,8,8
579,581,582,583,584,585,586,587,588,589,590
973,973,973,973,973,973,973,973,973,973,973
159,159,158,158,157,156,156,155,154,153,153
268,268,268,268,268,268,268,268,268,268,268
1015,1016,1016,1017,1017,1017,1017,1017,1017,1018,1018
444,444,444,444,444,444,444,444,444,444,444
50,51,51,52,52,53,53,53,54,54,55
864,864,864,864,864,864,864,864,864,864,864
756,756,755,754,753,752,752,751,750,749,748
8,8,8,8,8,8,8,8,8,8,8
578,580,581,582,583,584,585,586,587,588,589
974,974,974,974,974,974,974,974,974,974,974
159,159,159,158,157,157,156,155,155,154,153
267,267,267,267,267,267,267,267,267,267,267
1015,1016,1016,1016,1017,1017,1017,1017,1017,1017,1018
445,445,445,445,445,445,445,445,445,445,445
49,51,51,51,52,52,53,53,54,54,54
864,864,864,864,864,864,864,864,864,864,864
756,756,755,755,754,753,752,751,750,750,749
8,8,8,8,8,8,8,8,8,8,8
578,580,581,582,583,584,585,585,586,587,588
974,974,974,974,974,974,974,974,974,974,974
160,160,159,158,158,157,156,156,155,154,154
267,267,267,267,267,267,267,267,267,267,267
1015,1016,1016,1016,1016,1017,1017,1017,1017,1017,1017
445,445,445,445,445,445,445,445,445,445,445
49,50,51,51,52,52,53,53,53,54,54
863,863,863,863,863,863,863,863,863,863,863
757,757,756,755,754,753,753,752,751,750,749
8,8,8,8,8,8,8,8,8,8,8
577,579,580,581,582,583,584,585,586,587,588
974,974,974,974,974,974,974,974,974,974,974
160,160,160,159,158,157,157,156,155,155,154
266,266,266,266,266,266,266,266,266,266,266
1015,1016,1016,1016,1016,1017,1017,1017,1017,1017,1017
446,446,446,446,446,446,446,446,446,446,446
49,50,51,51,51,52,52,53,53,54,54
863,863,863,863,863,863,863,863,863,863,863
757,757,757,756,755,754,753,752,751,751,750
8,8,8,8,8,8,8,8,8,8,8
577,579,580,580,581,582,583,584,585,586,587
974,974,974,974,974,974,974,974,974,974,974
160,161,160,159,159,158,157,157,156,155,154
266,266,266,266,266,266,266,266,266,266,266
1015,1016,1016,1016,1016,1016,1017,1017,1017,1017,1017
447,447,447,447,447,447,447,447,447,447,447
48,50,50,51,51,52,52,52,53,53,54
862,862,862,862,862,862,862,862,862,862,862
758,758,757,756,755,754,754,753,752,751,750
8,8,8,8,8,8,8,8,8,8,8
576,578,579,580,581,582,583,584,585,586,587
975,975,975,975,975,975,975,975,975,975,975
161,161,160,160,159,158,158,157,156,156,155
265,265,265,265,265,265,265,265,265,265,265
1014,1016,1016,1016,1016,1016,1017,1017,1017,1017,1017
447,447,447,447,447,447,447,447,447,447,447
48,50,50,50,51,51,52,52,53,53,53
862,862,862,862,862,862,862,862,862,862,862
758,758,758,757,756,755,754,753,752,752,751
9,9,9,9,9,9,9,9,9,9,9
575,577,578,579,580,581,582,583,584,585,586
975,975,975,975,975,975,975,975,975,975,975
161,162,161,160,159,159,158,157,157,156,155
265,265,265,265,265,265,265,265,265,265,265
1014,1016,1016,1016,1016,1016,1016,1017,1017,1017,1017
448,448,448,448,448,448,448,448,448,448,448
48,49,50,50,51,51,51,52,52,53,53
862,862,862,862,862,862,862,862,862,862,862
759,759,758,757,756,756,755,754,753,752,751
9,9,9,9,9,9,9,9,9,9,9
575,577,578,579,580,581,582,583,584,584,585
975,975,975,975,975,975,975,975,975,975,975
162,162,161,161,160,159,158,158,157,156,156
264,264,264,264,264,264,264,264,264,264,264
1014,1015,1016,1016,1016,1016,1016,1016,1017,1017,1017
448,448,448,448,448,448,448,448,448,448,448
48,49,50,50,50,51,51,52,52,52,53
861,861,861,861,861,861,861,861,861,861,861
759,759,759,758,757,756,755,754,753,753,752
9,9,9,9,9,9,9,9,9,9,9
574,576,577,578,579,580,581,582,583,584,585
975,975,975,975,975,975,975,975,975,975,975
162,162,162,161,160,160,159,158,158,157,156
263,263,263,263,263,263,263,263,263,263,263
1014,1015,1015,1016,1016,1016,1016,1016,1017,1017,1017
449,449,449,449,449,449,449,449,449,449,449
47,49,49,50,50,51,51,51,52,52,53
861,861,861,861,861,861,861,861,861,861,861
760,760,759,758,757,757,756,755,754,753,752
9,9,9,9,9,9,9,9,9,9,9
574,576,577,578,579,579,580,581,582,583,584
976,976,976,976,976,976,976,976,976,976,976
163,163,162,161,161,160,159,159,158,157,157
263,263,263,263,263,263,263,263,263,263,263
1014,1015,1015,1016,1016,1016,1016,1016,1016,1017,1017
450,450,450,450,450,450,450,450,450,450,450
47,49,49,49,50,50,51,51,52,52,52
860,860,860,860,860,860,860,860,860,860,860
760,760,760,759,758,757,756,755,755,754,753
9,9,9,9,9,9,9,9,9,9,9
573,575,576,577,578,579,580,581,582,583,584
976,976,976,976,976,976,976,976,976,976,976
163,163,163,162,161,160,160,159,158,158,157
262,262,262,262,262,262,262,262,262,262,262
1014,1015,1015,1015,1016,1016,1016,1016,1016,1016,1017
450,450,450,450,450,450,450,450,450,450,450
47,48,49,49,50,50,50,51,51,52,52
860,860,860,860,860,860,860,860,860,860,860
761,761,760,759,758,758,757,756,755,754,753
9,9,9,9,9,9,9,9,9,9,9
573,574,575,576,577,578,579,580,581,582,583
976,976,976,976,976,976,976,976,976,976,976
163,164,163,162,162,161,160,159,159,158,157
262,262,262,262,262,262,262,262,262,262,262
1014,1015,1015,1015,1016,1016,1016,1016,1016,1016,1017
451,451,451,451,451,451,451,451,451,451,451
47,48,49,49,49,50,50,51,51,51,52
859,859,859,859,859,859,859,859,859,859,859
761,761,761,760,759,758,757,756,756,755,754
9,9,9,9,9,9,9,9,9,9,9
572,574,575,576,577,578,579,580,581,582,583
976,976,976,976,976,976,976,976,976,976,976
164,164,163,163,162,161,161,160,159,159,158
261,261,261,261,261,261,261,261,261,261,261
1014,1015,1015,1015,1015,1016,1016,1016,1016,1016,1016
451,451,451,451,451,451,451,451,451,451,451
46,48,48,49,49,50,50,50,51,51,52
859,859,859,859,859,859,859,859,859,859,859
762,762,761,760,759,759,758,757,756,755,754
9,9,9,9,9,9,9,9,9,9,9
571,573,574,575,576,577,578,579,580,581,582
977,977,977,977,977,977,977,977,977,977,977
164,165,164,163,162,162,161,160,160,159,158
261,261,261,261,261,261,261,261,261,261,261
1014,1015,1015,1015,1015,1015,1016,1016,1016,1016,1016
452,452,452,452,452,452,452,452,452,452,452
46,48,48,48,49,49,50,50,51,51,51
859,859,859,859,859,859,859,859,859,859,859
762,763,762,761,760,759,758,757,757,756,755
10,10,10,10,10,10,10,10,10,10,10
571,573,574,575,576,577,578,578,579,580,581
977,977,977,977,977,977,977,977,977,977,977
165,165,164,164,163,162,161,161,160,159,159
260,260,260,260,260,260,260,260,260,260,260
1013,1015,1015,1015,1015,1015,1016,1016,1016,1016,1016
453,453,453,453,453,453,453,453,453,453,453
46,47,48,48,49,49,49,50,50,51,51
858,858,858,858,858,858,858,858,858,858,858
763,763,762,761,761,760,759,758,757,756,755
10,10,10,10,10,10,10,10,10,10,10
570,572,573,574,575,576,577,578,579,580,581
977,977,977,977,977,977,977,977,977,977,977
165,165,165,164,163,163,162,161,160,160,159
260,260,260,260,260,260,260,260,260,260,260
1013,1015,1015,1015,1015,1015,1015,1016,1016,1016,1016
453,453,453,453,453,453,453,453,453,453,453
46,47,48,48,48,49,49,50,50,50,51
858,858,858,858,858,858,858,858,858,858,858
763,764,763,762,761,760,759,758,758,757,756
10,10,10,10,10,10,10,10,10,10,10
570,572,573,573,574,575,576,577,578,579,580
977,977,977,977,977,977,977,977,977,977,977
166,166,165,164,164,163,162,162,161,160,160
259,259,259,259,259,259,259,259,259,259,259
1013,1014,1015,1015,1015,1015,1015,1016,1016,1016,1016
454,454,454,454,454,454,454,454,454,454,454
46,47,47,48,48,49,49,49,50,50,51
857,857,857,857,857,857,857,857,857,857,857
764,764,763,762,762,761,760,759,758,757,756
10,10,10,10,10,10,10,10,10,10,10
569,571,572,573,574,575,576,577,578,579,580
978,978,978,978,978,978,978,978,978,978,978
166,166,166,165,164,163,163,162,161,161,160
259,259,259,259,259,259,259,259,259,259,259
1013,1014,1014,1015,1015,1015,1015,1015,1016,1016,1016
454,454,454,454,454,454,454,454,454,454,454
45,47,47,47,48,48,49,49,50,50,50
857,857,857,857,857,857,857,857,857,857,857
764,765,764,763,762,761,760,760,759,758,757
10,10,10,10,10,10,10,10,10,10,10
568,570,571,572,573,574,575,576,577,578,579
978,978,978,978,978,978,978,978,978,978,978
166,167,166,165,165,164,163,162,162,161,160
258,258,258,258,258,258,258,258,258,258,258
1013,1014,1014,1015,1015,1015,1015,1015,1015,1016,1016
455,455,455,455,455,455,455,455,455,455,455
45,46,47,47,48,48,48,49,49,50,50
856,856,856,856,856,856,856,856,856,856,856
765,765,764,763,763,762,761,760,759,758,757
10,10,10,10,10,10,10,10,10,10,10
568,570,571,572,573,574,575,576,577,577,578
978,978,978,978,978,978,978,978,978,978,978
167,167,166,166,165,164,164,163,162,162,161
258,258,258,258,258,258,258,258,258,258,258
1013,1014,1014,1014,1015,1015,1015,1015,1015,1016,1016
455,455,455,455,455,455,455,455,455,455,455
45,46,47,47,47,48,48,49,49,49,50
856,856,856,856,856,856,856,856,856,856,856
765,766,765,764,763,762,761,761,760,759,758
10,10,10,10,10,10,10,10,10,10,10
567,569,570,571,572,573,574,575,576,577,578
978,978,978,978,978,978,978,978,978,978,978
167,168,167,166,165,165,164,163,163,162,161
257,257,257,257,257,257,257,257,257,257,257
1013,1014,1014,1014,1015,1015,1015,1015,1015,1015,1016
456,456,456,456,456,456,456,456,456,456,456
45,46,46,47,47,48,48,48,49,49,50
855,855,855,855,855,855,855,855,855,855,855
766,766,765,764,764,763,762,761,760,759,759
10,10,10,10,10,10,10,10,10,10,10
567,569,570,571,572,572,573,574,575,576,577
979,979,979,979,979,979,979,979,979,979,979
168,168,167,167,166,165,164,164,163,162,162
257,257,257,257,257,257,257,257,257,257,257
1013,1014,1014,1014,1014,1015,1015,1015,1015,1015,1015
457,457,457,457,457,457,457,457,457,457,457
44,46,46,46,47,47,48,48,49,49,49
855,855,855,855,855,855,855,855,855,855,855
766,767,766,765,764,763,762,762,761,760,759
10,10,10,10,10,10,10,10,10,10,10
566,568,569,570,571,572,573,574,575,576,577
979,979,979,979,979,979,979,979,979,979,979
168,168,168,167,166,166,165,164,163,163,162
256,256,256,256,256,256,256,256,256,256,256
1012,1014,1014,1014,1014,1014,1015,1015,1015,1015,1015
457,457,457,457,457,457,457,457,457,457,457
44,45,46,46,47,47,47,48,48,49,49
855,855,855,855,855,855,855,855,855,855,855
767,767,766,765,765,764,763,762,761,760,760
11,11,11,11,11,11,11,11,11,11,11
566,567,568,569,570,571,572,573,574,575,576
979,979,979,979,979,979,979,979,979,979,979
169,169,168,167,167,166,165,165,164,163,163
256,256,256,256,256,256,256,256,256,256,256
1012,1014,1014,1014,1014,1014,1015,1015,1015,1015,1015
458,458,458,458,458,458,458,458,458,458,458
44,45,46,46,46,47,47,48,48,48,49
854,854,854,854,854,854,854,854,854,854,854
767,768,767,766,765,764,763,763,762,761,760
11,11,11,11,11,11,11,11,11,11,11
565,567,568,569,570,571,572,573,574,575,576
979,979,979,979,979,979,979,979,979,979,979
169,169,169,168,167,166,166,165,164,164,163
255,255,255,255,255,255,255,255,255,255,255
1012,1013,1014,1014,1014,1014,1014,1015,1015,1015,1015
458,458,458,458,458,458,458,458,458,458,458
44,45,45,46,46,47,47,47,48,48,49
854,854,854,854,854,854,854,854,854,854,854
768,768,767,766,766,765,764,763,762,761,761
11,11,11,11,11,11,11,11,11,11,11
564,566,567,568,569,570,571,572,573,574,575
980,980,980,980,980,980,980,980,980,980,980
169,170,169,168,168,167,166,166,165,164,163
255,255,255,255,255,255,255,255,255,255,255
1012,1013,1014,1014,1014,1014,1014,1014,1015,1015,1015
459,459,459,459,459,459,459,459,459,459,459
43,45,45,46,46,46,47,47,48,48,48
853,853,853,853,853,853,853,853,853,853,853
768,769,768,767,766,765,764,764,763,762,761
11,11,11,11,11,11,11,11,11,11,11
564,566,567,568,569,570,571,571,572,573,574
980,980,980,980,980,980,980,980,980,980,980
170,170,170,169,168,167,167,166,165,165,164
254,254,254,254,254,254,254,254,254,254,254
1012,1013,1013,1014,1014,1014,1014,1014,1015,1015,1015
460,460,460,460,460,460,460,460,460,460,460
43,44,45,45,46,46,46,47,47,48,48
853,853,853,853,853,853,853,853,853,853,853
769,769,768,767,767,766,765,764,763,762,762
11,11,11,11,11,11,11,11,11,11,11
563,565,566,567,568,569,570,571,572,573,574
980,980,980,980,980,980,980,980,980,980,980
170,171,170,169,169,168,167,166,166,165,164
254,254,254,254,254,254,254,254,254,254,254
1012,1013,1013,1013,1014,1014,1014,1014,1014,1015,1015
460,460,460,460,460,460,460,460,460,460,460
43,44,45,45,45,46,46,47,47,47,48
852,852,852,852,852,852,852,852,852,852,852
770,770,769,768,767,766,765,765,764,763,762
11,11,11,11,11,11,11,11,11,11,11
563,565,566,566,567,568,569,570,571,572,573
980,980,980,980,980,980,980,980,980,980,980
171,171,170,170,169,168,168,167,166,165,165
253,253,253,253,253,253,253,253,253,253,253
1012,1013,1013,1013,1014,1014,1014,1014,1014,1015,1015
461,461,461,461,461,461,461,461,461,461,461
43,44,44,45,45,46,46,46,47,47,48
852,852,852,852,852,852,852,852,852,852,852
770,770,769,769,768,767,766,765,764,763,763
11,11,11,11,11,11,11,11,11,11,11
562,564,565,566,567,568,569,570,571,572,573
980,980,980,980,980,980,980,980,980,980,980
171,172,171,170,169,169,168,167,167,166,165
253,253,253,253,253,253,253,253,253,253,253
1012,1013,1013,1013,1013,1014,1014,1014,1014,1014,1015
461,461,461,461,461,461,461,461,461,461,461
42,44,44,45,45,45,46,46,47,47,47
852,852,852,852,852,852,852,852,852,852,852
771,771,770,769,768,767,767,766,765,764,763
11,11,11,11,11,11,11,11,11,11,11
561,563,564,565,566,567,568,569,570,571,572
981,981,981,981,981,981,981,981,981,981,981
172,172,171,171,170,169,168,168,167,166,166
252,252,252,252,252,252,252,252,252,252,252
1011,1013,1013,1013,1013,1014,1014,1014,1014,1014,1014
462,462,462,462,462,462,462,462,462,462,462
42,44,44,44,45,45,46,46,46,47,47
851,851,851,851,851,851,851,851,851,851,851
771,771,770,770,769,768,767,766,765,765,764
12,12,12,12,12,12,12,12,12,12,12
561,563,564,565,566,567,568,569,570,570,571
981,981,981,981,981,981,981,981,981,981,981
172,172,172,171,170,170,169,168,167,167,166
252,252,252,252,252,252,252,252,252,252,252
1011,1013,1013,1013,1013,1013,1014,1014,1014,1014,1014
462,462,462,462,462,462,462,462,462,462,462
42,43,44,44,44,45,45,46,46,46,47
851,851,851,851,851,851,851,851,851,851,851
772,772,771,770,769,768,768,767,766,765,764
12,12,12,12,12,12,12,12,12,12,12
560,562,563,564,565,566,567,568,569,570,571
981,981,981,981,981,981,981,981,981,981,981
173,173,172,171,171,170,169,169,168,167,166
251,251,251,251,251,251,251,251,251,251,251
1011,1012,1013,1013,1013,1013,1013,1014,1014,1014,1014
463,463,463,463,463,463,463,463,463,463,463
42,43,43,44,44,45,45,45,46,46,47
850,850,850,850,850,850,850,850,850,850,850
772,772,771,771,770,769,768,767,766,766,765
12,12,12,12,12,12,12,12,12,12,12
560,562,563,564,564,565,566,567,568,569,570
981,981,981,981,981,981,981,981,981,981,981
173,173,173,172,171,170,170,169,168,168,167
251,251,251,251,251,251,251,251,251,251,251
1011,1012,1013,1013,1013,1013,1013,1014,1014,1014,1014
464,464,464,464,464,464,464,464,464,464,464
41,43,43,44,44,44,45,45,46,46,46
850,850,850,850,850,850,850,850,850,850,850
773,773,772,771,770,769,769,768,767,766,765
12,12,12,12,12,12,12,12,12,12,12
559,561,562,563,564,565,566,567,568,569,570
982,982,982,982,982,982,982,982,982,982,982
173,174,173,172,172,171,170,169,169,168,167
250,250,250,250,250,250,250,250,250,250,250
1011,1012,1012,1013,1013,1013,1013,1013,1014,1014,1014
464,464,464,464,464,464,464,464,464,464,464
41,43,43,43,44,44,45,45,45,46,46
849,849,849,849,849,849,849,849,849,849,849
773,773,772,772,771,770,769,768,767,767,766
12,12,12,12,12,12,12,12,12,12,12
558,560,561,562,563,564,565,566,567,568,569
982,982,982,982,982,982,982,982,982,982,982
174,174,173,173,172,171,171,170,169,168,168
250,250,250,250,250,250,250,250,250,250,250
1011,1012,1012,1012,1013,1013,1013,1013,1014,1014,1014
465,465,465,465,465,465,465,465,465,465,465
41,42,43,43,44,44,44,45,45,45,46
849,849,849,849,849,849,849,849,849,849,849
774,774,773,772,771,770,770,769,768,767,766
12,12,12,12,12,12,12,12,12,12,12
558,560,561,562,563,564,565,566,567,568,568
982,982,982,982,982,982,982,982,982,982,982
174,175,174,173,172,172,171,170,170,169,168
249,249,249,249,249,249,249,249,249,249,249
1011,1012,1012,1012,1013,1013,1013,1013,1013,1014,1014
465,465,465,465,465,465,465,465,465,465,465
41,42,43,43,43,44,44,44,45,45,46
848,848,848,848,848,848,848,848,848,848,848
774,774,773,773,772,771,770,769,768,768,767
12,12,12,12,12,12,12,12,12,12,12
557,559,560,561,562,563,564,565,566,567,568
982,982,982,982,982,982,982,982,982,982,982
175,175,174,174,173,172,171,171,170,169,169
249,249,249,249,249,249,249,249,249,249,249
1011,1012,1012,1012,1012,1013,1013,1013,1013,1013,1014
466,466,466,466,466,466,466,466,466,466,466
41,42,42,43,43,43,44,44,45,45,45
848,848,848,848,848,848,848,848,848,848,848
775,775,774,773,772,771,771,770,769,768,767
12,12,12,12,12,12,12,12,12,12,12
557,559,560,561,562,563,563,564,565,566,567
983,983,983,983,983,983,983,983,983,983,983
175,176,175,174,173,173,172,171,170,170,169
248,248,248,248,248,248,248,248,248,248,248
1010,1012,1012,1012,1012,1013,1013,1013,1013,1013,1014
467,467,467,467,467,467,467,467,467,467,467
40,42,42,42,43,43,44,44,44,45,45
848,848,848,848,848,848,848,848,848,848,848
775,775,774,774,773,772,771,770,769,769,768
13,13,13,13,13,13,13,13,13,13,13
556,558,559,560,561,562,563,564,565,566,567
983,983,983,983,983,983,983,983,983,983,983
176,176,175,175,174,173,172,172,171,170,169
248,248,248,248,248,248,248,248,248,248,248
1010,1012,1012,1012,1012,1012,1013,1013,1013,1013,1013
467,467,467,467,467,467,467,467,467,467,467
40,41,42,42,43,43,43,44,44,45,45
847,847,847,847,847,847,847,847,847,847,847
776,776,775,774,773,772,772,771,770,769,768
13,13,13,13,13,13,13,13,13,13,13
556,558,558,559,560,561,562,563,564,565,566
983,983,983,983,983,983,983,983,983,983,983
176,176,176,175,174,173,173,172,171,171,170
247,247,247,247,247,247,247,247,247,247,247
1010,1011,1012,1012,1012,1012,1012,1013,1013,1013,1013
468,468,468,468,468,468,468,468,468,468,468
40,41,42,42,42,43,43,44,44,44,45
847,847,847,847,847,847,847,847,847,847,847
776,776,775,775,774,773,772,771,770,770,769
13,13,13,13,13,13,13,13,13,13,13
555,557,558,559,560,561,562,563,564,565,566
983,983,983,983,983,983,983,983,983,983,983
177,177,176,175,175,174,173,172,172,171,170
247,247,247,247,247,247,247,247,247,247,247
1010,1011,1011,1012,1012,1012,1012,1013,1013,1013,1013
468,468,468,468,468,468,468,468,468,468,468
40,41,41,42,42,43,43,43,44,44,44
846,846,846,846,846,846,846,846,846,846,846
777,777,776,775,774,773,773,772,771,770,769
13,13,13,13,13,13,13,13,13,13,13
554,556,557,558,559,560,561,562,563,564,565
984,984,984,984,984,984,984,984,984,984,984
177,177,177,176,175,174,174,173,172,171,171
246,246,246,246,246,246,246,246,246,246,246
1010,1011,1011,1012,1012,1012,1012,1012,1013,1013,1013
469,469,469,469,469,469,469,469,469,469,469
39,41,41,42,42,42,43,43,43,44,44
846,846,846,846,846,846,846,846,846,846,846
777,777,776,776,775,774,773,772,771,771,770
13,13,13,13,13,13,13,13,13,13,13
554,556,557,558,559,560,561,562,562,563,564
984,984,984,984,984,984,984,984,984,984,984
177,178,177,176,176,175,174,173,173,172,171
246,246,246,246,246,246,246,246,246,246,246
1010,1011,1011,1011,1012,1012,1012,1012,1013,1013,1013
470,470,470,470,470,470,470,470,470,470,470
39,41,41,41,42,42,42,43,43,44,44
845,845,845,845,845,845,845,845,845,845,845
778,778,777,776,775,774,774,773,772,771,770
13,13,13,13,13,13,13,13,13,13,13
553,555,556,557,558,559,560,561,562,563,564
984,984,984,984,984,984,984,984,984,984,984
178,178,177,177,176,175,175,174,173,172,172
245,245,245,245,245,245,245,245,245,245,245
1010,1011,1011,1011,1012,1012,1012,1012,1012,1013,1013
470,470,470,470,470,470,470,470,470,470,470
39,40,41,41,41,42,42,43,43,43,44
845,845,845,845,845,845,845,845,845,845,845
778,778,777,777,776,775,774,773,772,772,771
13,13,13,13,13,13,13,13,13,13,13
553,555,556,556,557,558,559,560,561,562,563
984,984,984,984,984,984,984,984,984,984,984
178,179,178,177,176,176,175,174,174,173,172
245,245,245,245,245,245,245,245,245,245,245
1010,1011,1011,1011,1011,1012,1012,1012,1012,1012,1013
471,471,471,471,471,471,471,471,471,471,471
39,40,40,41,41,42,42,42,43,43,43
844,844,844,844,844,844,844,844,844,844,844
779,779,778,777,776,775,775,774,773,772,771
14,14,14,14,14,14,14,14,14,14,14
552,554,555,556,557,558,559,560,561,562,563
984,984,984,984,984,984,984,984,984,984,984
179,179,178,178,177,176,175,175,174,173,173
244,244,244,244,244,244,244,244,244,244,244
1009,1011,1011,1011,1011,1011,1012,1012,1012,1012,1013
471,471,471,471,471,471,471,471,471,471,471
38,40,40,41,41,41,42,42,42,43,43
844,844,844,844,844,844,844,844,844,844,844
779,779,778,778,777,776,775,774,774,773,772
14,14,14,14,14,14,14,14,14,14,14
551,553,554,555,556,557,558,559,560,561,562
985,985,985,985,985,985,985,985,985,985,985
179,180,179,178,177,177,176,175,174,174,173
244,244,244,244,244,244,244,244,244,244,244
1009,1010,1011,1011,1011,1011,1012,1012,1012,1012,1012
472,472,472,472,472,472,472,472,472,472,472
38,40,40,40,41,41,41,42,42,43,43
844,844,844,844,844,844,844,844,844,844,844
780,780,779,778,777,776,776,775,774,773,772
14,14,14,14,14,14,14,14,14,14,14
551,553,554,555,556,557,558,559,560,561,561
985,985,985,985,985,985,985,985,985,985,985
180,180,179,179,178,177,176,176,175,174,173
243,243,243,243,243,243,243,243,243,243,243
1009,1010,1011,1011,1011,1011,1011,1012,1012,1012,1012
472,472,472,472,472,472,472,472,472,472,472
38,39,40,40,41,41,41,42,42,42,43
843,843,843,843,843,843,843,843,843,843,843
780,780,779,779,778,777,776,775,775,774,773
14,14,14,14,14,14,14,14,14,14,14
550,552,553,554,555,556,557,558,559,560,561
985,985,985,985,985,985,985,985,985,985,985
180,180,180,179,178,177,177,176,175,175,174
243,243,243,243,243,243,243,243,243,243,243
1009,1010,1010,1011,1011,1011,1011,1012,1012,1012,1012
473,473,473,473,473,473,473,473,473,473,473
38,39,40,40,40,41,41,41,42,42,43
843,843,843,843,843,843,843,843,843,843,843
781,781,780,779,778,778,777,776,775,774,773
14,14,14,14,14,14,14,14,14,14,14
550,552,553,554,555,555,556,557,558,559,560
985,985,985,985,985,985,985,985,985,985,985
181,181,180,179,179,178,177,176,176,175,174
242,242,242,242,242,242,242,242,242,242,242
1009,1010,1010,1011,1011,1011,1011,1011,1012,1012,1012
474,474,474,474,474,474,474,474,474,474,474
38,39,39,40,40,40,41,41,42,42,42
842,842,842,842,842,842,842,842,842,842,842
781,781,780,780,779,778,777,776,776,775,774
14,14,14,14,14,14,14,14,14,14,14
549,551,552,553,554,555,556,557,558,559,560
986,986,986,986,986,986,986,986,986,986,986
181,181,181,180,179,178,178,177,176,175,175
242,242,242,242,242,242,242,242,242,242,242
1009,1010,1010,1010,1011,1011,1011,1011,1011,1012,1012
474,474,474,474,474,474,474,474,474,474,474
37,39,39,39,40,40,41,41,41,42,42
842,842,842,842,842,842,842,842,842,842,842
782,782,781,780,779,779,778,777,776,775,774
14,14,14,14,14,14,14,14,14,14,14
548,550,551,552,553,554,555,556,557,558,559
986,986,986,986,986,986,986,986,986,986,986
181,182,181,180,180,179,178,177,177,176,175
241,241,241,241,241,241,241,241,241,241,241
1009,1010,1010,1010,1010,1011,1011,1011,1011,1012,1012
475,475,475,475,475,475,475,475,475,475,475
37,38,39,39,40,40,40,41,41,41,42
841,841,841,841,841,841,841,841,841,841,841
782,782,781,781,780,779,778,777,777,776,775
15,15,15,15,15,15,15,15,15,15,15
548,550,551,552,553,554,555,556,557,558,559
986,986,986,986,986,986,986,986,986,986,986
182,182,181,181,180,179,179,178,177,176,176
241,241,241,241,241,241,241,241,241,241,241
1008,1010,1010,1010,1010,1011,1011,1011,1011,1011,1012
475,475,475,475,475,475,475,475,475,475,475
37,38,39,39,39,40,40,40,41,41,42
841,841,841,841,841,841,841,841,841,841,841
783,783,782,781,780,780,779,778,777,776,775
15,15,15,15,15,15,15,15,15,15,15
547,549,550,551,552,553,554,555,556,557,558
986,986,986,986,986,986,986,986,986,986,986
182,183,182,181,180,180,179,178,178,177,176
240,240,240,240,240,240,240,240,240,240,240
1008,1009,1010,1010,1010,1010,1011,1011,1011,1011,1012
476,476,476,476,476,476,476,476,476,476,476
37,38,38,39,39,40,40,40,41,41,41
840,840,840,840,840,840,840,840,840,840,840
783,783,782,782,781,780,779,778,778,777,776
15,15,15,15,15,15,15,15,15,15,15
547,549,550,551,552,553,554,554,555,556,557
986,986,986,986,986,986,986,986,986,986,986
183,183,182,182,181,180,179,179,178,177,177
240,240,240,240,240,240,240,240,240,240,240
1008,1009,1010,1010,1010,1010,1010,1011,1011,1011,1011
477,477,477,477,477,477,477,477,477,477,477
36,38,38,39,39,39,40,40,40,41,41
840,840,840,840,840,840,840,840,840,840,840
784,784,783,782,781,781,780,779,778,777,776
15,15,15,15,15,15,15,15,15,15,15
546,548,549,550,551,552,553,554,555,556,557
987,987,987,987,987,987,987,987,987,987,987
183,184,183,182,181,181,180,179,178,178,177
239,239,239,239,239,239,239,239,239,239,239
1008,1009,1009,1010,1010,1010,1010,1011,1011,1011,1011
477,477,477,477,477,477,477,477,477,477,477
36,38,38,38,39,39,39,40,40,41,41
839,839,839,839,839,839,839,839,839,839,839
784,784,783,783,782,781,780,779,779,778,777
15,15,15,15,15,15,15,15,15,15,15
546,548,548,549,550,551,552,553,554,555,556
987,987,987,987,987,987,987,987,987,987,987
184,184,183,183,182,181,180,180,179,178,177
239,239,239,239,239,239,239,239,239,239,239
1008,1009,1009,1010,1010,1010,1010,1010,1011,1011,1011
478,478,478,478,478,478,478,478,478,478,478
36,37,38,38,38,39,39,40,40,40,41
839,839,839,839,839,839,839,839,839,839,839
785,785,784,783,782,782,781,780,779,778,777
15,15,15,15,15,15,15,15,15,15,15
545,547,548,549,550,551,552,553,554,555,556
987,987,987,987,987,987,987,987,987,987,987
184,184,184,183,182,182,181,180,179,179,178
238,238,238,238,238,238,238,238,238,238,238
1008,1009,1009,1009,1010,1010,1010,1010,1011,1011,1011
478,478,478,478,478,478,478,478,478,478,478
36,37,38,38,38,39,39,39,40,40,40
839,839,839,839,839,839,839,839,839,839,839
785,785,784,784,783,782,781,780,780,779,778
15,15,15,15,15,15,15,15,15,15,15
544,546,547,548,549,550,551,552,553,554,555
987,987,987,987,987,987,987,987,987,987,987
185,185,184,183,183,182,181,180,180,179,178
238,238,238,238,238,238,238,238,238,238,238
1008,1009,1009,1009,1009,1010,1010,1010,1010,1011,1011
479,479,479,479,479,479,479,479,479,479,479
36,37,37,38,38,38,39,39,39,40,40
838,838,838,838,838,838,838,838,838,838,838
786,786,785,784,783,783,782,781,780,779,778
16,16,16,16,16,16,16,16,16,16,16
544,546,547,548,549,550,551,552,552,553,554
988,988,988,988,988,988,988,988,988,988,988
185,185,185,184,183,182,182,181,180,179,179
237,237,237,237,237,237,237,237,237,237,237
1007,1009,1009,1009,1009,1010,1010,1010,1010,1010,1011
479,479,479,479,479,479,479,479,479,479,479
35,37,37,37,38,38,39,39,39,40,40
838,838,838,838,838,838,838,838,838,838,838
786,786,785,785,784,783,782,781,781,780,779
16,16,16,16,16,16,16,16,16,16,16
543,545,546,547,548,549,550,551,552,553,554
988,988,988,988,988,988,988,988,988,988,988
186,186,185,184,184,183,182,181,181,180,179
237,237,237,237,237,237,237,237,237,237,237
1007,1008,1009,1009,1009,1009,1010,1010,1010,1010,1011
480,480,480,480,480,480,480,480,480,480,480
35,37,37,37,38,38,38,39,39,39,40
837,837,837,837,837,837,837,837,837,837,837
787,787,786,785,784,784,783,782,781,780,779
16,16,16,16,16,16,16,16,16,16,16
543,545,546,547,547,548,549,550,551,552,553
988,988,988,988,988,988,988,988,988,988,988
186,186,186,185,184,183,183,182,181,180,180
236,236,236,236,236,236,236,236,236,236,236
1007,1008,1009,1009,1009,1009,1010,1010,1010,1010,1010
481,481,481,481,481,481,481,481,481,481,481
35,36,37,37,37,38,38,38,39,39,40
837,837,837,837,837,837,837,837,837,837,837
787,787,786,786,785,784,783,782,782,781,780
16,16,16,16,16,16,16,16,16,16,16
542,544,545,546,547,548,549,550,551,552,553
988,988,988,988,988,988,988,988,988,988,988
186,187,186,185,185,184,183,182,182,181,180
236,236,236,236,236,236,236,236,236,236,236
1007,1008,1008,1009,1009,1009,1009,1010,1010,1010,1010
481,481,481,481,481,481,481,481,481,481,481
35,36,36,37,37,38,38,38,39,39,39
836,836,836,836,836,836,836,836,836,836,836
788,788,787,786,785,785,784,783,782,781,780
16,16,16,16,16,16,16,16,16,16,16
541,543,544,545,546,547,548,549,550,551,552
988,988,988,988,988,988,988,988,988,988,988
187,187,186,186,185,184,183,183,182,181,181
235,235,235,235,235,235,235,235,235,235,235
1007,1008,1008,1009,1009,1009,1009,1009,1010,1010,1010
482,482,482,482,482,482,482,482,482,482,482
35,36,36,37,37,37,38,38,38,39,39
836,836,836,836,836,836,836,836,836,836,836
788,788,787,787,786,785,784,783,783,782,781
16,16,16,16,16,16,16,16,16,16,16
541,543,544,545,546,547,548,549,550,551,551
989,989,989,989,989,989,989,989,989,989,989
187,188,187,186,185,185,184,183,182,182,181
235,235,235,235,235,235,235,235,235,235,235
1007,1008,1008,1008,1009,1009,1009,1009,1010,1010,1010
482,482,482,482,482,482,482,482,482,482,482
34,36,36,36,37,37,37,38,38,39,39
835,835,835,835,835,835,835,835,835,835,835
789,789,788,787,786,786,785,784,783,782,781
16,16,16,16,16,16,16,16,16,16,16
540,542,543,544,545,546,547,548,549,550,551
989,989,989,989,989,989,989,989,989,989,989
188,188,187,187,186,185,184,184,183,182,181
234,234,234,234,234,234,234,234,234,234,234
1007,1008,1008,1008,1008,1009,1009,1009,1009,1010,1010
483,483,483,483,483,483,483,483,483,483,483
34,35,36,36,36,37,37,38,38,38,39
835,835,835,835,835,835,835,835,835,835,835
789,789,788,788,787,786,785,784,784,783,782
17,17,17,17,17,17,17,17,17,17,17
540,542,543,544,545,545,546,547,548,549,550
989,989,989,989,989,989,989,989,989,989,989
188,189,188,187,186,186,185,184,183,183,182
234,234,234,234,234,234,234,234,234,234,234
1006,1008,1008,1008,1008,1009,1009,1009,1009,1010,1010
484,484,484,484,484,484,484,484,484,484,484
34,35,36,36,36,37,37,37,38,38,38
834,834,834,834,834,834,834,834,834,834,834
790,790,789,788,787,787,786,785,784,783,782
17,17,17,17,17,17,17,17,17,17,17
539,541,542,543,544,545,546,547,548,549,550
989,989,989,989,989,989,989,989,989,989,989
189,189,188,188,187,186,185,185,184,183,182
233,233,233,233,233,233,233,233,233,233,233
1006,1007,1008,1008,1008,1008,1009,1009,1009,1009,1010
484,484,484,484,484,484,484,484,484,484,484
34,35,35,36,36,36,37,37,37,38,38
834,834,834,834,834,834,834,834,834,834,834
790,790,789,789,788,787,786,785,785,784,783
17,17,17,17,17,17,17,17,17,17,17
539,540,541,542,543,544,545,546,547,548,549
989,989,989,989,989,989,989,989,989,989,989
189,189,189,188,187,186,186,185,184,184,183
233,233,233,233,233,233,233,233,233,233,233
1006,1007,1008,1008,1008,1008,1009,1009,1009,1009,1009
485,485,485,485,485,485,485,485,485,485,485
33,35,35,35,36,36,37,37,37,38,38
834,834,834,834,834,834,834,834,834,834,834
791,791,790,789,788,788,787,786,785,784,783
17,17,17,17,17,17,17,17,17,17,17
538,540,541,542,543,544,545,546,547,548,549
990,990,990,990,990,990,990,990,990,990,990
190,190,189,188,188,187,186,185,185,184,183
232,232,232,232,232,232,232,232,232,232,232
1006,1007,1007,1008,1008,1008,1008,1009,1009,1009,1009
485,485,485,485,485,485,485,485,485,485,485
33,35,35,35,36,36,36,37,37,37,38
833,833,833,833,833,833,833,833,833,833,833
791,791,790,790,789,788,787,786,786,785,784
17,17,17,17,17,17,17,17,17,17,17
537,539,540,541,542,543,544,545,546,547,548
990,990,990,990,990,990,990,990,990,990,990
190,190,190,189,188,187,187,186,185,184,184
232,232,232,232,232,232,232,232,232,232,232
1006,1007,1007,1007,1008,1008,1008,1008,1009,1009,1009
486,486,486,486,486,486,486,486,486,486,486
33,34,35,35,35,36,36,36,37,37,38
833,833,833,833,833,833,833,833,833,833,833
792,792,791,790,789,789,788,787,786,785,784
17,17,17,17,17,17,17,17,17,17,17
537,539,540,541,542,543,544,544,545,546,547
990,990,990,990,990,990,990,990,990,990,990
191,191,190,189,189,188,187,186,186,185,184
231,231,231,231,231,231,231,231,231,231,231
1006,1007,1007,1007,1008,1008,1008,1008,1009,1009,1009
487,487,487,487,487,487,487,487,487,487,487
33,34,35,35,35,36,36,36,37,37,37
832,832,832,832,832,832,832,832,832,832,832
792,792,791,791,790,789,788,787,787,786,785
17,17,17,17,17,17,17,17,17,17,17
536,538,539,540,541,542,543,544,545,546,547
990,990,990,990,990,990,990,990,990,990,990
191,191,191,190,189,188,188,187,186,185,185
231,231,231,231,231,231,231,231,231,231,231
1005,1007,1007,1007,1007,1008,1008,1008,1008,1009,1009
487,487,487,487,487,487,487,487,487,487,487
33,34,34,35,35,35,36,36,36,37,37
832,832,832,832,832,832,832,832,832,832,832
793,793,792,791,790,790,789,788,787,786,785
18,18,18,18,18,18,18,18,18,18,18
536,538,538,539,540,541,542,543,544,545,546
990,990,990,990,990,990,990,990,990,990,990
192,192,191,190,190,189,188,187,187,186,185
230,230,230,230,230,230,230,230,230,230,230
1005,1007,1007,1007,1007,1008,1008,1008,1008,1009,1009
488,488,488,488,488,488,488,488,488,488,488
32,34,34,34,35,35,35,36,36,37,37
831,831,831,831,831,831,831,831,831,831,831
793,793,792,792,791,790,789,788,788,787,786
18,18,18,18,18,18,18,18,18,18,18
535,537,538,539,540,541,542,543,544,545,546
991,991,991,991,991,991,991,991,991,991,991
192,192,191,191,190,189,188,188,187,186,185
230,230,230,230,230,230,230,230,230,230,230
1005,1006,1007,1007,1007,1007,1008,1008,1008,1008,1009
488,488,488,488,488,488,488,488,488,488,488
32,34,34,34,35,35,35,36,36,36,37
831,831,831,831,831,831,831,831,831,831,831
794,794,793,792,791,790,790,789,788,787,786
18,18,18,18,18,18,18,18,18,18,18
534,536,537,538,539,540,541,542,543,544,545
991,991,991,991,991,991,991,991,991,991,991
192,193,192,191,190,190,189,188,187,187,186
229,229,229,229,229,229,229,229,229,229,229
1005,1006,1006,1007,1007,1007,1007,1008,1008,1008,1008
489,489,489,489,489,489,489,489,489,489,489
32,33,34,34,34,35,35,35,36,36,36
830,830,830,830,830,830,830,830,830,830,830
794,794,793,793,792,791,790,789,789,788,787
18,18,18,18,18,18,18,18,18,18,18
534,536,537,538,539,540,541,542,543,543,544
991,991,991,991,991,991,991,991,991,991,991
193,193,192,192,191,190,189,189,188,187,186
229,229,229,229,229,229,229,229,229,229,229
1005,1006,1006,1007,1007,1007,1007,1008,1008,1008,1008
489,489,489,489,489,489,489,489,489,489,489
32,33,33,34,34,34,35,35,36,36,36
830,830,830,830,830,830,830,830,830,830,830
795,795,794,793,792,791,791,790,789,788,787
18,18,18,18,18,18,18,18,18,18,18
533,535,536,537,538,539,540,541,542,543,544
991,991,991,991,991,991,991,991,991,991,991
193,194,193,192,191,191,190,189,188,188,187
228,228,228,228,228,228,228,228,228,228,228
1005,1006,1006,1006,1007,1007,1007,1007,1008,1008,1008
490,490,490,490,490,490,490,490,490,490,490
32,33,33,34,34,34,35,35,35,36,36
829,829,829,829,829,829,829,829,829,829,829
795,795,794,794,793,792,791,790,790,789,788
18,18,18,18,18,18,18,18,18,18,18
533,535,536,537,537,538,539,540,541,542,543
992,992,992,992,992,992,992,992,992,992,992
194,194,193,193,192,191,190,190,189,188,187
228,228,228,228,228,228,228,228,228,228,228
1004,1006,1006,1006,1007,1007,1007,1007,1008,1008,1008
491,491,491,491,491,491,491,491,491,491,491
31,33,33,33,34,34,34,35,35,35,36
829,829,829,829,829,829,829,829,829,829,829
795,796,795,794,793,792,792,791,790,789,788
19,19,19,19,19,19,19,19,19,19,19
532,534,535,536,537,538,539,540,541,542,543
992,992,992,992,992,992,992,992,992,992,992
194,195,194,193,192,192,191,190,189,189,188
227,227,227,227,227,227,227,227,227,227,227
1004,1006,1006,1006,1006,1007,1007,1007,1007,1008,1008
491,491,491,491,491,491,491,491,491,491,491
31,33,33,33,34,34,34,35,35,35,36
828,828,828,828,828,828,828,828,828,828,828
796,796,795,795,794,793,792,791,791,790,789
19,19,19,19,19,19,19,19,19,19,19
531,533,534,535,536,537,538,539,540,541,542
992,992,992,992,992,992,992,992,992,992,992
195,195,194,193,193,192,191,190,190,189,188
227,227,227,227,227,227,227,227,227,227,227
1004,1005,1006,1006,1006,1006,1007,1007,1007,1007,1008
492,492,492,492,492,492,492,492,492,492,492
31,32,33,33,33,34,34,34,35,35,35
828,828,828,828,828,828,828,828,828,828,828
796,797,796,795,794,793,793,792,791,790,789
19,19,19,19,19,19,19,19,19,19,19
531,533,534,535,536,537,538,539,540,541,541
992,992,992,992,992,992,992,992,992,992,992
195,195,195,194,193,192,192,191,190,189,189
226,226,226,226,226,226,226,226,226,226,226
1004,1005,1006,1006,1006,1006,1007,1007,1007,1007,1008
492,492,492,492,492,492,492,492,492,492,492
31,32,32,33,33,33,34,34,34,35,35
828,828,828,828,828,828,828,828,828,828,828
797,797,796,796,795,794,793,792,792,791,790
19,19,19,19,19,19,19,19,19,19,19
530,532,533,534,535,536,537,538,539,540,541
992,992,992,992,992,992,992,992,992,992,992
196,196,195,194,194,193,192,191,191,190,189
226,226,226,226,226,226,226,226,226,226,226
1004,1005,1005,1006,1006,1006,1006,1007,1007,1007,1007
493,493,493,493,493,493,493,493,493,493,493
31,32,32,33,33,33,34,34,34,35,35
827,827,827,827,827,827,827,827,827,827,827
797,798,797,796,795,794,794,793,792,791,790
19,19,19,19,19,19,19,19,19,19,19
530,532,533,534,535,535,536,537,538,539,540
993,993,993,993,993,993,993,993,993,993,993
196,196,196,195,194,193,193,192,191,190,190
225,225,225,225,225,225,225,225,225,225,225
1004,1005,1005,1005,1006,1006,1006,1007,1007,1007,1007
494,494,494,494,494,494,494,494,494,494,494
30,32,32,32,33,33,33,34,34,34,35
827,827,827,827,827,827,827,827,827,827,827
798,798,797,797,796,795,794,793,793,792,791
19,19,19,19,19,19,19,19,19,19,19
529,531,532,533,534,535,536,537,538,539,540
993,993,993,993,993,993,993,993,993,993,993
197,197,196,195,195,194,193,192,192,191,190
225,225,225,225,225,225,225,225,225,225,225
1004,1005,1005,1005,1006,1006,1006,1006,1007,1007,1007
494,494,494,494,494,494,494,494,494,494,494
30,31,32,32,32,33,33,34,34,34,35
826,826,826,826,826,826,826,826,826,826,826
798,799,798,797,796,795,795,794,793,792,791
20,20,20,20,20,20,20,20,20,20,20
529,530,531,532,533,534,535,536,537,538,539
993,993,993,993,993,993,993,993,993,993,993
197,197,197,196,195,194,194,193,192,191,190
224,224,224,224,224,224,224,224,224,224,224
1003,1005,1005,1005,1005,1006,1006,1006,1006,1007,1007
495,495,495,495,495,495,495,495,495,495,495
30,31,32,32,32,33,33,33,34,34,34
826,826,826,826,826,826,826,826,826,826,826
799,799,798,798,797,796,795,794,793,793,792
20,20,20,20,20,20,20,20,20,20,20
528,530,531,532,533,534,535,536,537,538,539
993,993,993,993,993,993,993,993,993,993,993
198,198,197,196,195,195,194,193,192,192,191
224,224,224,224,224,224,224,224,224,224,224
1003,1004,1005,1005,1005,1006,1006,1006,1006,1007,1007
495,495,495,495,495,495,495,495,495,495,495
30,31,31,32,32,32,33,33,33,34,34
825,825,825,825,825,825,825,825,825,825,825
799,800,799,798,797,796,796,795,794,793,792
20,20,20,20,20,20,20,20,20,20,20
527,529,530,531,532,533,534,535,536,537,538
993,993,993,993,993,993,993,993,993,993,993
198,198,197,197,196,195,194,194,193,192,191
223,223,223,223,223,223,223,223,223,223,223
1003,1004,1005,1005,1005,1005,1006,1006,1006,1006,1007
496,496,496,496,496,496,496,496,496,496,496
30,31,31,32,32,32,33,33,33,34,34
825,825,825,825,825,825,825,825,825,825,825
800,800,799,798,798,797,796,795,794,794,793
20,20,20,20,20,20,20,20,20,20,20
527,529,530,531,532,533,534,534,535,536,537
994,994,994,994,994,994,994,994,994,994,994
198,199,198,197,196,196,195,194,193,193,192
223,223,223,223,223,223,223,223,223,223,223
1003,1004,1004,1005,1005,1005,1005,1006,1006,1006,1006
497,497,497,497,497,497,497,497,497,497,497
29,31,31,31,32,32,32,33,33,33,34
824,824,824,824,824,824,824,824,824,824,824
800,801,800,799,798,797,797,796,795,794,793
20,20,20,20,20,20,20,20,20,20,20
526,528,529,530,531,532,533,534,535,536,537
994,994,994,994,994,994,994,994,994,994,994
199,199,198,198,197,196,195,195,194,193,192
222,222,222,222,222,222,222,222,222,222,222
1003,1004,1004,1005,1005,1005,1005,1006,1006,1006,1006
497,497,497,497,497,497,497,497,497,497,497
29,30,31,31,31,32,32,32,33,33,33
824,824,824,824,824,824,824,824,824,824,824
801,801,800,799,799,798,797,796,795,795,794
20,20,20,20,20,20,20,20,20,20,20
526,528,528,529,530,531,532,533,534,535,536
994,994,994,994,994,994,994,994,994,994,994
199,200,199,198,197,197,196,195,194,194,193
222,222,222,222,222,222,222,222,222,222,222
1003,1004,1004,1004,1005,1005,1005,1005,1006,1006,1006
498,498,498,498,498,498,498,498,498,498,498
29,30,31,31,31,32,32,32,33,33,33
823,823,823,823,823,823,823,823,823,823,823
801,802,801,800,799,798,798,797,796,795,794
21,21,21,21,21,21,21,21,21,21,21
525,527,528,529,530,531,532,533,534,535,536
994,994,994,994,994,994,994,994,994,994,994
200,200,199,199,198,197,196,196,195,194,193
221,221,221,221,221,221,221,221,221,221,221
1002,1004,1004,1004,1004,1005,1005,1005,1006,1006,1006
498,498,498,498,498,498,498,498,498,498,498
29,30,30,31,31,31,32,32,32,33,33
823,823,823,823,823,823,823,823,823,823,823
802,802,801,800,800,799,798,797,796,796,795
21,21,21,21,21,21,21,21,21,21,21
524,526,527,528,529,530,531,532,533,534,535
994,994,994,994,994,994,994,994,994,994,994
200,201,200,199,198,198,197,196,195,194,194
221,221,221,221,221,221,221,221,221,221,221
1002,1003,1004,1004,1004,1005,1005,1005,1005,1006,1006
499,499,499,499,499,499,499,499,499,499,499
29,30,30,31,31,31,32,32,32,33,33
822,822,822,822,822,822,822,822,822,822,822
802,803,802,801,800,799,799,798,797,796,795
21,21,21,21,21,21,21,21,21,21,21
524,526,527,528,529,530,531,532,533,533,534
995,995,995,995,995,995,995,995,995,995,995
201,201,200,199,199,198,197,196,196,195,194
220,220,220,220,220,220,220,220,220,220,220
1002,1003,1004,1004,1004,1004,1005,1005,1005,1005,1006
500,500,500,500,500,500,500,500,500,500,500
28,30,30,30,31,31,31,32,32,32,33
822,822,822,822,822,822,822,822,822,822,822
803,803,802,801,801,800,799,798,797,797,796
21,21,21,21,21,21,21,21,21,21,21
523,525,526,527,528,529,530,531,532,533,534
995,995,995,995,995,995,995,995,995,995,995
201,201,201,200,199,198,198,197,196,195,195
220,220,220,220,220,220,220,220,220,220,220
1002,1003,1003,1004,1004,1004,1004,1005,1005,1005,1006
500,500,500,500,500,500,500,500,500,500,500
28,30,30,30,30,31,31,31,32,32,32
822,822,822,822,822,822,822,822,822,822,822
803,803,803,802,801,800,800,799,798,797,796
21,21,21,21,21,21,21,21,21,21,21
523,525,526,527,527,528,529,530,531,532,533
995,995,995,995,995,995,995,995,995,995,995
202,202,201,200,200,199,198,197,197,196,195
219,219,219,219,219,219,219,219,219,219,219
1002,1003,1003,1004,1004,1004,1004,1005,1005,1005,1005
501,501,501,501,501,501,501,501,501,501,501
28,29,30,30,30,31,31,31,32,32,32
821,821,821,821,821,821,821,821,821,821,821
804,804,803,802,802,801,800,799,798,798,797
21,21,21,21,21,21,21,21,21,21,21
522,524,525,526,527,528,529,530,531,532,533
995,995,995,995,995,995,995,995,995,995,995
202,202,202,201,200,199,199,198,197,196,196
219,219,219,219,219,219,219,219,219,219,219
1002,1003,1003,1003,1004,1004,1004,1004,1005,1005,1005
501,501,501,501,501,501,501,501,501,501,501
28,29,29,30,30,30,31,31,31,32,32
821,821,821,821,821,821,821,821,821,821,821
804,804,804,803,802,801,800,800,799,798,797
22,22,22,22,22,22,22,22,22,22,22
521,523,524,525,526,527,528,529,530,531,532
995,995,995,995,995,995,995,995,995,995,995
203,203,202,201,201,200,199,198,198,197,196
219,219,219,219,219,219,219,219,219,219,219
1001,1003,1003,1003,1003,1004,1004,1004,1005,1005,1005
502,502,502,502,502,502,502,502,502,502,502
28,29,29,30,30,30,31,31,31,32,32
820,820,820,820,820,820,820,820,820,820,820
805,805,804,803,803,802,801,800,799,799,798
22,22,22,22,22,22,22,22,22,22,22
521,523,524,525,526,527,528,529,530,531,531
995,995,995,995,995,995,995,995,995,995,995
203,203,203,202,201,200,200,199,198,197,196
218,218,218,218,218,218,218,218,218,218,218
1001,1002,1003,1003,1003,1004,1004,1004,1004,1005,1005
502,502,502,502,502,502,502,502,502,502,502
27,29,29,29,30,30,30,31,31,31,32
820,820,820,820,820,820,820,820,820,820,820
805,805,805,804,803,802,801,801,800,799,798
22,22,22,22,22,22,22,22,22,22,22
520,522,523,524,525,526,527,528,529,530,531
996,996,996,996,996,996,996,996,996,996,996
204,204,203,202,202,201,200,199,198,198,197
218,218,218,218,218,218,218,218,218,218,218
1001,1002,1003,1003,1003,1003,1004,1004,1004,1004,1005
503,503,503,503,503,503,503,503,503,503,503
27,29,29,29,29,30,30,30,31,31,31
819,819,819,819,819,819,819,819,819,819,819
806,806,805,804,804,803,802,801,800,800,799
22,22,22,22,22,22,22,22,22,22,22
520,522,523,524,525,525,526,527,528,529,530
996,996,996,996,996,996,996,996,996,996,996
204,204,204,203,202,201,200,200,199,198,197
217,217,217,217,217,217,217,217,217,217,217
1001,1002,1002,1003,1003,1003,1004,1004,1004,1004,1005
504,504,504,504,504,504,504,504,504,504,504
27,28,29,29,29,30,30,30,31,31,31
819,819,819,819,819,819,819,819,819,819,819
806,806,806,805,804,803,802,802,801,800,799
22,22,22,22,22,22,22,22,22,22,22
519,521,522,523,524,525,526,527,528,529,530
996,996,996,996,996,996,996,996,996,996,996
205,205,204,203,202,202,201,200,199,199,198
217,217,217,217,217,217,217,217,217,217,217
1001,1002,1002,1003,1003,1003,1003,1004,1004,1004,1004
504,504,504,504,504,504,504,504,504,504,504
27,28,28,29,29,29,30,30,30,31,31
818,818,818,818,818,818,818,818,818,818,818
807,807,806,805,805,804,803,802,801,801,800
22,22,22,22,22,22,22,22,22,22,22
518,520,521,522,523,524,525,526,527,528,529
996,996,996,996,996,996,996,996,996,996,996
205,205,204,204,203,202,201,201,200,199,198
216,216,216,216,216,216,216,216,216,216,216
1000,1002,1002,1002,1003,1003,1003,1003,1004,1004,1004
505,505,505,505,505,505,505,505,505,505,505
27,28,28,29,29,29,30,30,30,31,31
818,818,818,818,818,818,818,818,818,818,818
807,807,807,806,805,804,803,803,802,801,800
23,23,23,23,23,23,23,23,23,23,23
518,520,521,522,523,524,525,526,527,528,529
996,996,996,996,996,996,996,996,996,996,996
205,206,205,204,203,203,202,201,200,200,199
216,216,216,216,216,216,216,216,216,216,216
1000,1002,1002,1002,1002,1003,1003,1003,1004,1004,1004
505,505,505,505,505,505,505,505,505,505,505
26,28,28,28,29,29,29,30,30,30,31
817,817,817,817,817,817,817,817,817,817,817
808,808,807,806,805,805,804,803,802,802,801
23,23,23,23,23,23,23,23,23,23,23
517,519,520,521,522,523,524,525,526,527,528
997,997,997,997,997,997,997,997,997,997,997
206,206,205,205,204,203,202,202,201,200,199
215,215,215,215,215,215,215,215,215,215,215
1000,1001,1002,1002,1002,1003,1003,1003,1003,1004,1004
506,506,506,506,506,506,506,506,506,506,506
26,28,28,28,29,29,29,29,30,30,30
817,817,817,817,817,817,817,817,817,817,817
808,808,808,807,806,805,804,804,803,802,801
23,23,23,23,23,23,23,23,23,23,23
517,519,520,521,522,523,524,524,525,526,527
997,997,997,997,997,997,997,997,997,997,997
206,207,206,205,204,204,203,202,201,201,200
215,215,215,215,215,215,215,215,215,215,215
1000,1001,1002,1002,1002,1002,1003,1003,1003,1003,1004
507,507,507,507,507,507,507,507,507,507,507
26,27,28,28,28,29,29,29,30,30,30
816,816,816,816,816,816,816,816,816,816,816
809,809,808,807,806,806,805,804,803,802,802
23,23,23,23,23,23,23,23,23,23,23
516,518,519,520,521,522,523,524,525,526,527
997,997,997,997,997,997,997,997,997,997,997
207,207,206,206,205,204,203,203,202,201,200
214,214,214,214,214,214,214,214,214,214,214
1000,1001,1001,1002,1002,1002,1002,1003,1003,1003,1004
507,507,507,507,507,507,507,507,507,507,507
26,27,28,28,28,28,29,29,29,30,30
816,816,816,816,816,816,816,816,816,816,816
809,809,808,808,807,806,805,805,804,803,802
23,23,23,23,23,23,23,23,23,23,23
516,518,518,519,520,521,522,523,524,525,526
997,997,997,997,997,997,997,997,997,997,997
207,208,207,206,205,205,204,203,202,201,201
214,214,214,214,214,214,214,214,214,214,214
1000,1001,1001,1001,1002,1002,1002,1003,1003,1003,1003
508,508,508,508,508,508,508,508,508,508,508
26,27,27,28,28,28,29,29,29,30,30
815,815,815,815,815,815,815,815,815,815,815
810,810,809,808,807,807,806,805,804,803,803
23,23,23,23,23,23,23,23,23,23,23
515,517,518,519,520,521,522,523,524,525,526
997,997,997,997,997,997,997,997,997,997,997
208,208,207,207,206,205,204,203,203,202,201
213,213,213,213,213,213,213,213,213,213,213
999,1001,1001,1001,1002,1002,1002,1002,1003,1003,1003
508,508,508,508,508,508,508,508,508,508,508
26,27,27,27,28,28,28,29,29,29,30
815,815,815,815,815,815,815,815,815,815,815
810,810,809,809,808,807,806,806,805,804,803
24,24,24,24,24,24,24,24,24,24,24
514,516,517,518,519,520,521,522,523,524,525
998,998,998,998,998,998,998,998,998,998,998
208,209,208,207,206,205,205,204,203,202,202
213,213,213,213,213,213,213,213,213,213,213
999,1001,1001,1001,1001,1002,1002,1002,1003,1003,1003
509,509,509,509,509,509,509,509,509,509,509
25,27,27,27,28,28,28,29,29,29,29
814,814,814,814,814,814,814,814,814,814,814
811,811,810,809,808,808,807,806,805,804,804
24,24,24,24,24,24,24,24,24,24,24
514,516,517,518,519,520,521,522,522,523,524
998,998,998,998,998,998,998,998,998,998,998
209,209,208,207,207,206,205,204,204,203,202
212,212,212,212,212,212,212,212,212,212,212
999,1000,1001,1001,1001,1002,1002,1002,1002,1003,1003
510,510,510,510,510,510,510,510,510,510,510
25,26,27,27,27,28,28,28,29,29,29
814,814,814,814,814,814,814,814,814,814,814
811,811,810,810,809,808,807,806,806,805,804
24,24,24,24,24,24,24,24,24,24,24
513,515,516,517,518,519,520,521,522,523,524
998,998,998,998,998,998,998,998,998,998,998
209,210,209,208,207,206,206,205,204,203,203
212,212,212,212,212,212,212,212,212,212,212
999,1000,1000,1001,1001,1001,1002,1002,1002,1002,1003
510,510,510,510,510,510,510,510,510,510,510
25,26,27,27,27,27,28,28,28,29,29
813,813,813,813,813,813,813,813,813,813,813
811,812,811,810,809,809,808,807,806,805,805
24,24,24,24,24,24,24,24,24,24,24
513,515,516,516,517,518,519,520,521,522,523
998,998,998,998,998,998,998,998,998,998,998
210,210,209,208,208,207,206,205,205,204,203
211,211,211,211,211,211,211,211,211,211,211
999,1000,1000,1001,1001,1001,1001,1002,1002,1002,1003
511,511,511,511,511,511,511,511,511,511,511
25,26,26,27,27,27,28,28,28,29,29
813,813,813,813,813,813,813,813,813,813,813
812,812,811,811,810,809,808,807,807,806,805
24,24,24,24,24,24,24,24,24,24,24
512,514,515,516,517,518,519,520,521,522,523
998,998,998,998,998,998,998,998,998,998,998
210,210,210,209,208,207,207,206,205,204,203
211,211,211,211,211,211,211,211,211,211,211
999,1000,1000,1000,1001,1001,1001,1002,1002,1002,1002
511,511,511,511,511,511,511,511,511,511,511
25,26,26,27,27,27,27,28,28,28,29
813,813,813,813,813,813,813,813,813,813,813
812,813,812,811,810,809,809,808,807,806,806
25,25,25,25,25,25,25,25,25,25,25
511,513,514,515,516,517,518,519,520,521,522
998,998,998,998,998,998,998,998,998,998,998
211,211,210,209,209,208,207,206,205,205,204
210,210,210,210,210,210,210,210,210,210,210
998,1000,1000,1000,1001,1001,1001,1001,1002,1002,1002
512,512,512,512,512,512,512,512,512,512,512
24,26,26,26,27,27,27,28,28,28,28
812,812,812,812,812,812,812,812,812,812,812
813,813,812,812,811,810,809,808,808,807,806
25,25,25,25,25,25,25,25,25,25,25
511,513,514,515,516,517,518,519,520,521,521
999,999,999,999,999,999,999,999,999,999,999
211,211,211,210,209,208,208,207,206,205,204
210,210,210,210,210,210,210,210,210,210,210
998,999,1000,1000,1000,1001,1001,1001,1002,1002,1002
512,512,512,512,512,512,512,512,512,512,512
24,26,26,26,26,27,27,27,28,28,28
812,812,812,812,812,812,812,812,812,812,812
813,814,813,812,811,810,810,809,808,807,807
25,25,25,25,25,25,25,25,25,25,25
510,512,513,514,515,516,517,518,519,520,521
999,999,999,999,999,999,999,999,999,999,999
212,212,211,210,210,209,208,207,206,206,205
209,209,209,209,209,209,209,209,209,209,209
998,999,1000,1000,1000,1000,1001,1001,1001,1002,1002
513,513,513,513,513,513,513,513,513,513,513
24,25,26,26,26,27,27,27,27,28,28
811,811,811,811,811,811,811,811,811,811,811
814,814,813,813,812,811,810,809,809,808,807
25,25,25,25,25,25,25,25,25,25,25
510,512,513,514,515,515,516,517,518,519,520
999,999,999,999,999,999,999,999,999,999,999
212,212,212,211,210,209,208,208,207,206,205
209,209,209,209,209,209,209,209,209,209,209
998,999,999,1000,1000,1000,1001,1001,1001,1001,1002
514,514,514,514,514,514,514,514,514,514,514
24,25,25,26,26,26,27,27,27,28,28
811,811,811,811,811,811,811,811,811,811,811
814,815,814,813,812,811,811,810,809,808,807
25,25,25,25,25,25,25,25,25,25,25
509,511,512,513,514,515,516,517,518,519,520
999,999,999,999,999,999,999,999,999,999,999
213,213,212,211,210,210,209,208,207,207,206
208,208,208,208,208,208,208,208,208,208,208
998,999,999,1000,1000,1000,1000,1001,1001,1001,1002
514,514,514,514,514,514,514,514,514,514,514
24,25,25,26,26,26,26,27,27,27,28
810,810,810,810,810,810,810,810,810,810,810
815,815,814,813,813,812,811,810,810,809,808
25,25,25,25,25,25,25,25,25,25,25
508,510,511,512,513,514,515,516,517,518,519
999,999,999,999,999,999,999,999,999,999,999
213,213,213,212,211,210,209,209,208,207,206
208,208,208,208,208,208,208,208,208,208,208
997,999,999,999,1000,1000,1000,1001,1001,1001,1001
515,515,515,515,515,515,515,515,515,515,515
24,25,25,25,26,26,26,27,27,27,28
810,810,810,810,810,810,810,810,810,810,810
815,815,815,814,813,812,812,811,810,809,808
26,26,26,26,26,26,26,26,26,26,26
508,510,511,512,513,514,515,516,517,518,519
1000,1000,1000,1000,1000,1000,1000,1000,1000,1000,1000
214,214,213,212,211,211,210,209,208,208,207
207,207,207,207,207,207,207,207,207,207,207
997,999,999,999,999,1000,1000,1000,1001,1001,1001
515,515,515,515,515,515,515,515,515,515,515
23,25,25,25,26,26,26,26,27,27,27
809,809,809,809,809,809,809,809,809,809,809
816,816,815,814,814,813,812,811,810,810,809
26,26,26,26,26,26,26,26,26,26,26
507,509,510,511,512,513,514,515,516,517,518
1000,1000,1000,1000,1000,1000,1000,1000,1000,1000,1000
214,214,213,213,212,211,210,210,209,208,207
207,207,207,207,207,207,207,207,207,207,207
997,998,999,999,999,1000,1000,1000,1000,1001,1001
516,516,516,516,516,516,516,516,516,516,516
23,24,25,25,25,26,26,26,27,27,27
809,809,809,809,809,809,809,809,809,809,809
816,816,816,815,814,813,813,812,811,810,809
26,26,26,26,26,26,26,26,26,26,26
507,509,510,511,512,513,513,514,515,516,517
1000,1000,1000,1000,1000,1000,1000,1000,1000,1000,1000
215,215,214,213,212,212,211,210,209,209,208
207,207,207,207,207,207,207,207,207,207,207
997,998,998,999,999,999,1000,1000,1000,1001,1001
517,517,517,517,517,517,517,517,517,517,517
23,24,25,25,25,25,26,26,26,27,27
808,808,808,808,808,808,808,808,808,808,808
817,817,816,815,815,814,813,812,811,811,810
26,26,26,26,26,26,26,26,26,26,26
506,508,509,510,511,512,513,514,515,516,517
1000,1000,1000,1000,1000,1000,1000,1000,1000,1000,1000
215,215,214,214,213,212,211,211,210,209,208
206,206,206,206,206,206,206,206,206,206,206
997,998,998,999,999,999,999,1000,1000,1000,1001
517,517,517,517,517,517,517,517,517,517,517
23,24,24,25,25,25,26,26,26,26,27
808,808,808,808,808,808,808,808,808,808,808
817,817,817,816,815,814,813,813,812,811,810
26,26,26,26,26,26,26,26,26,26,26
506,507,508,509,510,511,512,513,514,515,516
1000,1000,1000,1000,1000,1000,1000,1000,1000,1000,1000
215,216,215,214,213,213,212,211,210,209,209
206,206,206,206,206,206,206,206,206,206,206
996,998,998,998,999,999,999,1000,1000,1000,1000
518,518,518,518,518,518,518,518,518,518,518
23,24,24,25,25,25,25,26,26,26,27
807,807,807,807,807,807,807,807,807,807,807
818,818,817,816,816,815,814,813,812,812,811
27,27,27,27,27,27,27,27,27,27,27
505,507,508,509,510,511,512,513,514,515,516
1000,1000,1000,1000,1000,1000,1000,1000,1000,1000,1000
216,216,215,215,214,213,212,211,211,210,209
205,205,205,205,205,205,205,205,205,205,205
996,998,998,998,999,999,999,999,1000,1000,1000
518,518,518,518,518,518,518,518,518,518,518
22,24,24,24,25,25,25,26,26,26,26
807,807,807,807,807,807,807,807,807,807,807
818,818,818,817,816,815,814,814,813,812,811
27,27,27,27,27,27,27,27,27,27,27
504,506,507,508,509,510,511,512,513,514,515
1001,1001,1001,1001,1001,1001,1001,1001,1001,1001,1001
216,217,216,215,214,214,213,212,211,210,210
205,205,205,205,205,205,205,205,205,205,205
996,997,998,998,998,999,999,999,1000,1000,1000
519,519,519,519,519,519,519,519,519,519,519
22,24,24,24,24,25,25,25,26,26,26
806,806,806,806,806,806,806,806,806,806,806
819,819,818,817,816,816,815,814,813,813,812
27,27,27,27,27,27,27,27,27,27,27
504,506,507,508,509,510,511,512,512,513,514
1001,1001,1001,1001,1001,1001,1001,1001,1001,1001,1001
217,217,216,216,215,214,213,212,212,211,210
204,204,204,204,204,204,204,204,204,204,204
996,997,998,998,998,998,999,999,999,1000,1000
520,520,520,520,520,520,520,520,520,520,520
22,23,24,24,24,25,25,25,25,26,26
806,806,806,806,806,806,806,806,806,806,806
819,819,819,818,817,816,815,815,814,813,812
27,27,27,27,27,27,27,27,27,27,27
503,505,506,507,508,509,510,511,512,513,514
1001,1001,1001,1001,1001,1001,1001,1001,1001,1001,1001
217,218,217,216,215,214,214,213,212,211,211
204,204,204,204,204,204,204,204,204,204,204
996,997,997,998,998,998,999,999,999,999,1000
520,520,520,520,520,520,520,520,520,520,520
22,23,24,24,24,24,25,25,25,26,26
805,805,805,805,805,805,805,805,805,805,805
820,820,819,818,817,817,816,815,814,814,813
27,27,27,27,27,27,27,27,27,27,27
503,505,506,506,507,508,509,510,511,512,513
1001,1001,1001,1001,1001,1001,1001,1001,1001,1001,1001
218,218,217,217,216,215,214,213,213,212,211
203,203,203,203,203,203,203,203,203,203,203
996,997,997,997,998,998,998,999,999,999,1000
521,521,521,521,521,521,521,521,521,521,521
22,23,23,24,24,24,24,25,25,25,26
805,805,805,805,805,805,805,805,805,805,805
820,820,819,819,818,817,816,816,815,814,813
28,28,28,28,28,28,28,28,28,28,28
502,504,505,506,507,508,509,510,511,512,513
1001,1001,1001,1001,1001,1001,1001,1001,1001,1001,1001
218,219,218,217,216,215,215,214,213,212,212
203,203,203,203,203,203,203,203,203,203,203
995,997,997,997,998,998,998,999,999,999,999
521,521,521,521,521,521,521,521,521,521,521
22,23,23,23,24,24,24,25,25,25,25
804,804,804,804,804,804,804,804,804,804,804
820,821,820,819,818,818,817,816,815,814,814
28,28,28,28,28,28,28,28,28,28,28
501,503,504,505,506,507,508,509,510,511,512
1001,1001,1001,1001,1001,1001,1001,1001,1001,1001,1001
219,219,218,218,217,216,215,214,214,213,212
202,202,202,202,202,202,202,202,202,202,202
995,996,997,997,997,998,998,998,999,999,999
522,522,522,522,522,522,522,522,522,522,522
21,23,23,23,24,24,24,24,25,25,25
804,804,804,804,804,804,804,804,804,804,804
821,821,820,820,819,818,817,817,816,815,814
28,28,28,28,28,28,28,28,28,28,28
501,503,504,505,506,507,508,509,510,511,511
1002,1002,1002,1002,1002,1002,1002,1002,1002,1002,1002
219,220,219,218,217,216,216,215,214,213,212
202,202,202,202,202,202,202,202,202,202,202
995,996,997,997,997,998,998,998,998,999,999
522,522,522,522,522,522,522,522,522,522,522
21,23,23,23,23,24,24,24,25,25,25
803,803,803,803,803,803,803,803,803,803,803
821,822,821,820,819,819,818,817,816,815,815
28,28,28,28,28,28,28,28,28,28,28
500,502,503,504,505,506,507,508,509,510,511
1002,1002,1002,1002,1002,1002,1002,1002,1002,1002,1002
220,220,219,218,218,217,216,215,215,214,213
201,201,201,201,201,201,201,201,201,201,201
995,996,996,997,997,997,998,998,998,999,999
523,523,523,523,523,523,523,523,523,523,523
21,22,23,23,23,24,24,24,24,25,25
803,803,803,803,803,803,803,803,803,803,803
822,822,821,821,820,819,818,817,817,816,815
28,28,28,28,28,28,28,28,28,28,28
500,502,503,504,505,505,506,507,508,509,510
1002,1002,1002,1002,1002,1002,1002,1002,1002,1002,1002
220,221,220,219,218,217,217,216,215,214,213
201,201,201,201,201,201,201,201,201,201,201
995,996,996,997,997,997,997,998,998,998,999
524,524,524,524,524,524,524,524,524,524,524
21,22,22,23,23,23,24,24,24,24,25
802,802,802,802,802,802,802,802,802,802,802
822,823,822,821,820,819,819,818,817,816,816
29,29,29,29,29,29,29,29,29,29,29
499,501,502,503,504,505,506,507,508,509,510
1002,1002,1002,1002,1002,1002,1002,1002,1002,1002,1002
221,221,220,219,219,218,217,216,215,215,214
200,200,200,200,200,200,200,200,200,200,200
994,996,996,996,997,997,997,998,998,998,998
524,524,524,524,524,524,524,524,524,524,524
21,22,22,23,23,23,23,24,24,24,25
802,802,802,802,802,802,802,802,802,802,802
823,823,822,821,821,820,819,818,818,817,816
29,29,29,29,29,29,29,29,29,29,29
498,500,501,502,503,504,505,506,507,508,509
1002,1002,1002,1002,1002,1002,1002,1002,1002,1002,1002
221,222,221,220,219,218,218,217,216,215,214
200,200,200,200,200,200,200,200,200,200,200
994,995,996,996,996,997,997,997,998,998,998
525,525,525,525,525,525,525,525,525,525,525
21,22,22,22,23,23,23,24,24,24,24
801,801,801,801,801,801,801,801,801,801,801
823,824,823,822,821,820,820,819,818,817,817
29,29,29,29,29,29,29,29,29,29,29
498,500,501,502,503,504,505,506,507,508,509
1002,1002,1002,1002,1002,1002,1002,1002,1002,1002,1002
222,222,221,220,220,219,218,217,216,216,215
199,199,199,199,199,199,199,199,199,199,199
994,995,996,996,996,997,997,997,998,998,998
525,525,525,525,525,525,525,525,525,525,525
20,22,22,22,23,23,23,23,24,24,24
801,801,801,801,801,801,801,801,801,801,801
824,824,823,822,822,821,820,819,819,818,817
29,29,29,29,29,29,29,29,29,29,29
497,499,500,501,502,503,504,505,506,507,508
1003,1003,1003,1003,1003,1003,1003,1003,1003,1003,1003
222,222,222,221,220,219,219,218,217,216,215
199,199,199,199,199,199,199,199,199,199,199
994,995,995,996,996,996,997,997,997,998,998
526,526,526,526,526,526,526,526,526,526,526
20,22,22,22,22,23,23,23,23,24,24
800,800,800,800,800,800,800,800,800,800,800
824,824,824,823,822,821,821,820,819,818,818
29,29,29,29,29,29,29,29,29,29,29
497,499,500,501,502,503,503,504,505,506,507
1003,1003,1003,1003,1003,1003,1003,1003,1003,1003,1003
223,223,222,221,221,220,219,218,217,217,216
199,199,199,199,199,199,199,199,199,199,199
994,995,995,996,996,996,997,997,997,997,998
527,527,527,527,527,527,527,527,527,527,527
20,21,22,22,22,22,23,23,23,24,24
800,800,800,800,800,800,800,800,800,800,800
825,825,824,823,823,822,821,820,820,819,818
30,30,30,30,30,30,30,30,30,30,30
496,498,499,500,501,502,503,504,505,506,507
1003,1003,1003,1003,1003,1003,1003,1003,1003,1003,1003
223,223,223,222,221,220,219,219,218,217,216
198,198,198,198,198,198,198,198,198,198,198
993,995,995,995,996,996,996,997,997,997,998
527,527,527,527,527,527,527,527,527,527,527
20,21,21,22,22,22,23,23,23,23,24
800,800,800,800,800,800,800,800,800,800,800
825,825,825,824,823,822,822,821,820,819,818
30,30,30,30,30,30,30,30,30,30,30
496,497,498,499,500,501,502,503,504,505,506
1003,1003,1003,1003,1003,1003,1003,1003,1003,1003,1003
224,224,223,222,222,221,220,219,218,218,217
198,198,198,198,198,198,198,198,198,198,198
993,995,995,995,995,996,996,996,997,997,997
528,528,528,528,528,528,528,528,528,528,528
20,21,21,22,22,22,22,23,23,23,24
799,799,799,799,799,799,799,799,799,799,799
826,826,825,824,824,823,822,821,820,820,819
30,30,30,30,30,30,30,30,30,30,30
495,497,498,499,500,501,502,503,504,505,506
1003,1003,1003,1003,1003,1003,1003,1003,1003,1003,1003
224,224,224,223,222,221,220,220,219,218,217
197,197,197,197,197,197,197,197,197,197,197
993,994,995,995,995,996,996,996,997,997,997
528,528,528,528,528,528,528,528,528,528,528
20,21,21,21,22,22,22,23,23,23,23
799,799,799,799,799,799,799,799,799,799,799
826,826,826,825,824,823,822,822,821,820,819
30,30,30,30,30,30,30,30,30,30,30
494,496,497,498,499,500,501,502,503,504,505
1003,1003,1003,1003,1003,1003,1003,1003,1003,1003,1003
225,225,224,223,223,222,221,220,219,219,218
197,197,197,197,197,197,197,197,197,197,197
993,994,994,995,995,995,996,996,996,997,997
529,529,529,529,529,529,529,529,529,529,529
19,21,21,21,22,22,22,22,23,23,23
798,798,798,798,798,798,798,798,798,798,798
827,827,826,825,824,824,823,822,821,821,820
30,30,30,30,30,30,30,30,30,30,30
494,496,497,498,499,500,501,502,502,503,504
1004,1004,1004,1004,1004,1004,1004,1004,1004,1004,1004
225,225,225,224,223,222,221,221,220,219,218
196,196,196,196,196,196,196,196,196,196,196
993,994,994,995,995,995,996,996,996,996,997
530,530,530,530,530,530,530,530,530,530,530
19,21,21,21,21,22,22,22,22,23,23
798,798,798,798,798,798,798,798,798,798,798
827,827,826,826,825,824,823,823,822,821,820
31,31,31,31,31,31,31,31,31,31,31
493,495,496,497,498,499,500,501,502,503,504
1004,1004,1004,1004,1004,1004,1004,1004,1004,1004,1004
226,226,225,224,223,223,222,221,220,220,219
196,196,196,196,196,196,196,196,196,196,196
992,994,994,994,995,995,995,996,996,996,997
530,530,530,530,530,530,530,530,530,530,530
19,20,21,21,21,21,22,22,22,23,23
797,797,797,797,797,797,797,797,797,797,797
827,828,827,826,825,825,824,823,822,822,821
31,31,31,31,31,31,31,31,31,31,31
493,495,496,496,497,498,499,500,501,502,503
1004,1004,1004,1004,1004,1004,1004,1004,1004,1004,1004
226,226,226,225,224,223,222,222,221,220,219
195,195,195,195,195,195,195,195,195,195,195
992,994,994,994,994,995,995,995,996,996,996
531,531,531,531,531,531,531,531,531,531,531
19,20,20,21,21,21,22,22,22,22,23
797,797,797,797,797,797,797,797,797,797,797
828,828,827,827,826,825,824,824,823,822,821
31,31,31,31,31,31,31,31,31,31,31
492,494,495,496,497,498,499,500,501,502,503
1004,1004,1004,1004,1004,1004,1004,1004,1004,1004,1004
227,227,226,225,224,224,223,222,221,220,220
195,195,195,195,195,195,195,195,195,195,195
992,993,994,994,994,995,995,995,996,996,996
531,531,531,531,531,531,531,531,531,531,531
19,20,20,21,21,21,21,22,22,22,22
796,796,796,796,796,796,796,796,796,796,796
828,829,828,827,826,826,825,824,823,823,822
31,31,31,31,31,31,31,31,31,31,31
491,493,494,495,496,497,498,499,500,501,502
1004,1004,1004,1004,1004,1004,1004,1004,1004,1004,1004
227,227,227,226,225,224,223,223,222,221,220
194,194,194,194,194,194,194,194,194,194,194
992,993,993,994,994,994,995,995,995,996,996
532,532,532,532,532,532,532,532,532,532,532
19,20,20,20,21,21,21,21,22,22,22
796,796,796,796,796,796,796,796,796,796,796
829,829,828,828,827,826,825,825,824,823,822
31,31,31,31,31,31,31,31,31,31,31
491,493,494,495,496,497,498,499,500,500,501
1004,1004,1004,1004,1004,1004,1004,1004,1004,1004,1004
228,228,227,226,225,225,224,223,222,221,221
194,194,194,194,194,194,194,194,194,194,194
992,993,993,994,994,994,995,995,995,996,996
532,532,532,532,532,532,532,532,532,532,532
18,20,20,20,21,21,21,21,22,22,22
795,795,795,795,795,795,795,795,795,795,795
829,830,829,828,827,827,826,825,824,823,823
32,32,32,32,32,32,32,32,32,32,32
490,492,493,494,495,496,497,498,499,500,501
1005,1005,1005,1005,1005,1005,1005,1005,1005,1005,1005
228,228,228,227,226,225,224,224,223,222,221
193,193,193,193,193,193,193,193,193,193,193
991,993,993,993,994,994,994,995,995,995,996
533,533,533,533,533,533,533,533,533,533,533
18,20,20,20,20,21,21,21,21,22,22
795,795,795,795,795,795,795,795,795,795,795
830,830,829,828,828,827,826,825,825,824,823
32,32,32,32,32,32,32,32,32,32,32
490,492,493,494,494,495,496,497,498,499,500
1005,1005,1005,1005,1005,1005,1005,1005,1005,1005,1005
229,229,228,227,226,226,225,224,223,222,222
193,193,193,193,193,193,193,193,193,193,193
991,992,993,993,993,994,994,994,995,995,995
534,534,534,534,534,534,534,534,534,534,534
18,19,20,20,20,20,21,21,21,22,22
794,794,794,794,794,794,794,794,794,794,794
830,830,830,829,828,827,827,826,825,824,824
32,32,32,32,32,32,32,32,32,32,32
489,491,492,493,494,495,496,497,498,499,500
1005,1005,1005,1005,1005,1005,1005,1005,1005,1005,1005
229,229,229,228,227,226,225,224,224,223,222
193,193,193,193,193,193,193,193,193,193,193
991,992,993,993,993,994,994,994,995,995,995
534,534,534,534,534,534,534,534,534,534,534
18,19,20,20,20,20,21,21,21,21,22
794,794,794,794,794,794,794,794,794,794,794
831,831,830,829,829,828,827,826,826,825,824
32,32,32,32,32,32,32,32,32,32,32
488,490,491,492,493,494,495,496,497,498,499
1005,1005,1005,1005,1005,1005,1005,1005,1005,1005,1005
230,230,229,228,227,227,226,225,224,223,223
192,192,192,192,192,192,192,192,192,192,192
991,992,992,993,993,993,994,994,994,995,995
535,535,535,535,535,535,535,535,535,535,535
18,19,19,20,20,20,20,21,21,21,21
793,793,793,793,793,793,793,793,793,793,793
831,831,831,830,829,828,828,827,826,825,825
32,32,32,32,32,32,32,32,32,32,32
488,490,491,492,493,494,495,496,497,498,499
1005,1005,1005,1005,1005,1005,1005,1005,1005,1005,1005
230,230,229,229,228,227,226,225,225,224,223
192,192,192,192,192,192,192,192,192,192,192
991,992,992,993,993,993,994,994,994,995,995
535,535,535,535,535,535,535,535,535,535,535
18,19,19,19,20,20,20,21,21,21,21
793,793,793,793,793,793,793,793,793,793,793
832,832,831,830,830,829,828,827,827,826,825
33,33,33,33,33,33,33,33,33,33,33
487,489,490,491,492,493,494,495,496,497,498
1005,1005,1005,1005,1005,1005,1005,1005,1005,1005,1005
231,231,230,229,228,228,227,226,225,224,224
191,191,191,191,191,191,191,191,191,191,191
990,992,992,992,993,993,993,994,994,994,995
536,536,536,536,536,536,536,536,536,536,536
18,19,19,19,20,20,20,20,21,21,21
792,792,792,792,792,792,792,792,792,792,792
832,832,832,831,830,829,829,828,827,826,825
33,33,33,33,33,33,33,33,33,33,33
487,489,490,491,492,493,493,494,495,496,497
1006,1006,1006,1006,1006,1006,1006,1006,1006,1006,1006
231,231,230,230,229,228,227,226,226,225,224
191,191,191,191,191,191,191,191,191,191,191
990,991,992,992,992,993,993,993,994,994,994
537,537,537,537,537,537,537,537,537,537,537
17,19,19,19,19,20,20,20,20,21,21
792,792,792,792,792,792,792,792,792,792,792
833,833,832,831,831,830,829,828,827,827,826
33,33,33,33,33,33,33,33,33,33,33
486,488,489,490,491,492,493,494,495,496,497
1006,1006,1006,1006,1006,1006,1006,1006,1006,1006,1006
232,232,231,230,229,229,228,227,226,225,225
190,190,190,190,190,190,190,190,190,190,190
990,991,992,992,992,993,993,993,994,994,994
537,537,537,537,537,537,537,537,537,537,537
17,18,19,19,19,19,20,20,20,21,21
791,791,791,791,791,791,791,791,791,791,791
833,833,832,832,831,830,829,829,828,827,826
33,33,33,33,33,33,33,33,33,33,33
486,487,488,489,490,491,492,493,494,495,496
1006,1006,1006,1006,1006,1006,1006,1006,1006,1006,1006
232,232,231,231,230,229,228,227,227,226,225
190,190,190,190,190,190,190,190,190,190,190
990,991,991,992,992,992,993,993,993,994,994
538,538,538,538,538,538,538,538,538,538,538
17,18,19,19,19,19,20,20,20,20,21
791,791,791,791,791,791,791,791,791,791,791
833,834,833,832,831,831,830,829,828,828,827
33,33,33,33,33,33,33,33,33,33,33
485,487,488,489,490,491,492,493,494,495,496
1006,1006,1006,1006,1006,1006,1006,1006,1006,1006,1006
233,233,232,231,230,230,229,228,227,226,226
189,189,189,189,189,189,189,189,189,189,189
989,991,991,992,992,992,993,993,993,994,994
538,538,538,538,538,538,538,538,538,538,538
17,18,18,19,19,19,19,20,20,20,20
790,790,790,790,790,790,790,790,790,790,790
834,834,833,833,832,831,830,830,829,828,827
34,34,34,34,34,34,34,34,34,34,34
484,486,487,488,489,490,491,492,493,494,495
1006,1006,1006,1006,1006,1006,1006,1006,1006,1006,1006
233,233,232,232,231,230,229,228,228,227,226
189,189,189,189,189,189,189,189,189,189,189
989,991,991,991,992,992,992,993,993,993,994
539,539,539,539,539,539,539,539,539,539,539
17,18,18,19,19,19,19,20,20,20,20
790,790,790,790,790,790,790,790,790,790,790
834,835,834,833,832,832,831,830,829,829,828
34,34,34,34,34,34,34,34,34,34,34
484,486,487,488,489,490,491,491,492,493,494
1006,1006,1006,1006,1006,1006,1006,1006,1006,1006,1006
234,234,233,232,231,231,230,229,228,227,226
188,188,188,188,188,188,188,188,188,188,188
989,990,991,991,991,992,992,992,993,993,993
540,540,540,540,540,540,540,540,540,540,540
17,18,18,18,19,19,19,19,20,20,20
789,789,789,789,789,789,789,789,789,789,789
835,835,834,834,833,832,831,831,830,829,828
34,34,34,34,34,34,34,34,34,34,34
483,485,486,487,488,489,490,491,492,493,494
1006,1006,1006,1006,1006,1006,1006,1006,1006,1006,1006
234,234,233,233,232,231,230,229,229,228,227
188,188,188,188,188,188,188,188,188,188,188
989,990,991,991,991,992,992,992,993,993,993
540,540,540,540,540,540,540,540,540,540,540
16,18,18,18,18,19,19,19,19,20,20
789,789,789,789,789,789,789,789,789,789,789
835,836,835,834,833,833,832,831,830,830,829
34,34,34,34,34,34,34,34,34,34,34
483,485,486,486,487,488,489,490,491,492,493
1007,1007,1007,1007,1007,1007,1007,1007,1007,1007,1007
235,235,234,233,232,231,231,230,229,228,227
187,187,187,187,187,187,187,187,187,187,187
989,990,990,991,991,991,992,992,992,993,993
541,541,541,541,541,541,541,541,541,541,541
16,18,18,18,18,19,19,19,19,20,20
788,788,788,788,788,788,788,788,788,788,788
836,836,835,834,834,833,832,831,831,830,829
34,34,34,34,34,34,34,34,34,34,34
482,484,485,486,487,488,489,490,491,492,493
1007,1007,1007,1007,1007,1007,1007,1007,1007,1007,1007
235,235,234,234,233,232,231,230,230,229,228
187,187,187,187,187,187,187,187,187,187,187
988,990,990,990,991,991,992,992,992,993,993
541,541,541,541,541,541,541,541,541,541,541
16,17,18,18,18,18,19,19,19,19,20
788,788,788,788,788,788,788,788,788,788,788
836,836,836,835,834,833,833,832,831,830,830
35,35,35,35,35,35,35,35,35,35,35
481,483,484,485,486,487,488,489,490,491,492
1007,1007,1007,1007,1007,1007,1007,1007,1007,1007,1007
236,236,235,234,233,232,232,231,230,229,228
187,187,187,187,187,187,187,187,187,187,187
988,990,990,990,991,991,991,992,992,992,993
542,542,542,542,542,542,542,542,542,542,542
16,17,17,18,18,18,19,19,19,19,20
787,787,787,787,787,787,787,787,787,787,787
837,837,836,835,835,834,833,832,832,831,830
35,35,35,35,35,35,35,35,35,35,35
481,483,484,485,486,487,488,489,490,490,491
1007,1007,1007,1007,1007,1007,1007,1007,1007,1007,1007
236,236,235,235,234,233,232,231,231,230,229
186,186,186,186,186,186,186,186,186,186,186
988,989,990,990,990,991,991,991,992,992,992
542,542,542,542,542,542,542,542,542,542,542
16,17,17,18,18,18,18,19,19,19,19
787,787,787,787,787,787,787,787,787,787,787
837,837,837,836,835,834,834,833,832,831,831
35,35,35,35,35,35,35,35,35,35,35
480,482,483,484,485,486,487,488,489,490,491
1007,1007,1007,1007,1007,1007,1007,1007,1007,1007,1007
237,237,236,235,234,233,233,232,231,230,229
186,186,186,186,186,186,186,186,186,186,186
988,989,989,990,990,991,991,991,992,992,992
543,543,543,543,543,543,543,543,543,543,543
16,17,17,17,18,18,18,18,19,19,19
786,786,786,786,786,786,786,786,786,786,786
838,838,837,836,836,835,834,833,833,832,831
35,35,35,35,35,35,35,35,35,35,35
480,482,483,484,484,485,486,487,488,489,490
1007,1007,1007,1007,1007,1007,1007,1007,1007,1007,1007
237,237,236,236,235,234,233,232,232,231,230
185,185,185,185,185,185,185,185,185,185,185
988,989,989,990,990,990,991,991,991,992,992
544,544,544,544,544,544,544,544,544,544,544
16,17,17,17,18,18,18,18,19,19,19
786,786,786,786,786,786,786,786,786,786,786
838,838,838,837,836,835,835,834,833,832,832
36,36,36,36,36,36,36,36,36,36,36
479,481,482,483,484,485,486,487,488,489,490
1008,1008,1008,1008,1008,1008,1008,1008,1008,1008,1008
238,238,237,236,235,234,234,233,232,231,230
185,185,185,185,185,185,185,185,185,185,185
987,989,989,989,990,990,990,991,991,991,992
544,544,544,544,544,544,544,544,544,544,544
15,17,17,17,17,18,18,18,18,19,19
785,785,785,785,785,785,785,785,785,785,785
838,839,838,837,836,836,835,834,833,833,832
36,36,36,36,36,36,36,36,36,36,36
478,480,481,482,483,484,485,486,487,488,489
1008,1008,1008,1008,1008,1008,1008,1008,1008,1008,1008
238,238,237,237,236,235,234,233,233,232,231
184,184,184,184,184,184,184,184,184,184,184
987,988,989,989,990,990,990,991,991,991,992
545,545,545,545,545,545,545,545,545,545,545
15,17,17,17,17,17,18,18,18,18,19
785,785,785,785,785,785,785,785,785,785,785
839,839,838,838,837,836,835,835,834,833,832
36,36,36,36,36,36,36,36,36,36,36
478,480,481,482,483,484,485,486,487,488,489
1008,1008,1008,1008,1008,1008,1008,1008,1008,1008,1008
239,239,238,237,236,235,235,234,233,232,231
184,184,184,184,184,184,184,184,184,184,184
987,988,989,989,989,990,990,990,991,991,991
545,545,545,545,545,545,545,545,545,545,545
15,16,17,17,17,17,18,18,18,18,19
784,784,784,784,784,784,784,784,784,784,784
839,840,839,838,837,837,836,835,834,834,833
36,36,36,36,36,36,36,36,36,36,36
477,479,480,481,482,483,484,485,486,487,488
1008,1008,1008,1008,1008,1008,1008,1008,1008,1008,1008
239,239,238,238,237,236,235,234,234,233,232
183,183,183,183,183,183,183,183,183,183,183
987,988,988,989,989,989,990,990,991,991,991
546,546,546,546,546,546,546,546,546,546,546
15,16,16,17,17,17,17,18,18,18,18
784,784,784,784,784,784,784,784,784,784,784
840,840,839,839,838,837,836,836,835,834,833
36,36,36,36,36,36,36,36,36,36,36
477,479,480,481,482,483,483,484,485,486,487
1008,1008,1008,1008,1008,1008,1008,1008,1008,1008,1008
240,240,239,238,237,236,236,235,234,233,232
183,183,183,183,183,183,183,183,183,183,183
986,988,988,989,989,989,990,990,990,991,991
547,547,547,547,547,547,547,547,547,547,547
15,16,16,17,17,17,17,18,18,18,18
783,783,783,783,783,783,783,783,783,783,783
840,841,840,839,838,838,837,836,835,835,834
37,37,37,37,37,37,37,37,37,37,37
476,478,479,480,481,482,483,484,485,486,487
1008,1008,1008,1008,1008,1008,1008,1008,1008,1008,1008
240,240,239,239,238,237,236,235,234,234,233
183,183,183,183,183,183,183,183,183,183,183
986,988,988,988,989,989,989,990,990,990,991
547,547,547,547,547,547,547,547,547,547,547
15,16,16,16,17,17,17,17,18,18,18
783,783,783,783,783,783,783,783,783,783,783
841,841,840,839,839,838,837,837,836,835,834
37,37,37,37,37,37,37,37,37,37,37
476,477,478,479,480,481,482,483,484,485,486
1008,1008,1008,1008,1008,1008,1008,1008,1008,1008,1008
241,241,240,239,238,237,237,236,235,234,233
182,182,182,182,182,182,182,182,182,182,182
986,987,988,988,988,989,989,990,990,990,991
548,548,548,548,548,548,548,548,548,548,548
15,16,16,16,17,17,17,17,17,18,18
782,782,782,782,782,782,782,782,782,782,782
841,841,841,840,839,838,838,837,836,835,835
37,37,37,37,37,37,37,37,37,37,37
475,477,478,479,480,481,482,483,484,485,486
1009,1009,1009,1009,1009,1009,1009,1009,1009,1009,1009
241,241,240,240,239,238,237,236,235,235,234
182,182,182,182,182,182,182,182,182,182,182
986,987,988,988,988,989,989,989,990,990,990
548,548,548,548,548,548,548,548,548,548,548
14,16,16,16,16,17,17,17,17,18,18
782,782,782,782,782,782,782,782,782,782,782
842,842,841,840,840,839,838,837,837,836,835
37,37,37,37,37,37,37,37,37,37,37
474,476,477,478,479,480,481,482,483,484,485
1009,1009,1009,1009,1009,1009,1009,1009,1009,1009,1009
242,242,241,240,239,238,238,237,236,235,234
181,181,181,181,181,181,181,181,181,181,181
986,987,987,988,988,988,989,989,989,990,990
549,549,549,549,549,549,549,549,549,549,549
14,16,16,16,16,16,17,17,17,17,18
781,781,781,781,781,781,781,781,781,781,781
842,842,842,841,840,839,839,838,837,836,836
38,38,38,38,38,38,38,38,38,38,38
474,476,477,478,479,480,481,481,482,483,484
1009,1009,1009,1009,1009,1009,1009,1009,1009,1009,1009
242,242,241,241,240,239,238,237,236,236,235
181,181,181,181,181,181,181,181,181,181,181
985,987,987,987,988,988,989,989,989,990,990
550,550,550,550,550,550,550,550,550,550,550
14,15,16,16,16,16,17,17,17,17,18
781,781,781,781,781,781,781,781,781,781,781
843,843,842,841,841,840,839,838,838,837,836
38,38,38,38,38,38,38,38,38,38,38
473,475,476,477,478,479,480,481,482,483,484
1009,1009,1009,1009,1009,1009,1009,1009,1009,1009,1009
243,243,242,241,240,239,239,238,237,236,235
180,180,180,180,180,180,180,180,180,180,180
985,987,987,987,988,988,988,989,989,989,990
550,550,550,550,550,550,550,550,550,550,550
14,15,15,16,16,16,16,17,17,17,17
780,780,780,780,780,780,780,780,780,780,780
843,843,842,842,841,840,840,839,838,837,837
38,38,38,38,38,38,38,38,38,38,38
473,475,476,476,477,478,479,480,481,482,483
1009,1009,1009,1009,1009,1009,1009,1009,1009,1009,1009
243,243,242,242,241,240,239,238,237,237,236
180,180,180,180,180,180,180,180,180,180,180
985,986,987,987,987,988,988,988,989,989,990
551,551,551,551,551,551,551,551,551,551,551
14,15,15,16,16,16,16,16,17,17,17
780,780,780,780,780,780,780,780,780,780,780
843,844,843,842,841,841,840,839,839,838,837
38,38,38,38,38,38,38,38,38,38,38
472,474,475,476,477,478,479,480,481,482,483
1009,1009,1009,1009,1009,1009,1009,1009,1009,1009,1009
244,244,243,242,241,240,240,239,238,237,236
179,179,179,179,179,179,179,179,179,179,179
985,986,986,987,987,988,988,988,989,989,989
551,551,551,551,551,551,551,551,551,551,551
14,15,15,15,16,16,16,16,17,17,17
779,779,779,779,779,779,779,779,779,779,779
844,844,843,843,842,841,840,840,839,838,837
38,38,38,38,38,38,38,38,38,38,38
471,473,474,475,476,477,478,479,480,481,482
1009,1009,1009,1009,1009,1009,1009,1009,1009,1009,1009
244,244,243,243,242,241,240,239,238,238,237
179,179,179,179,179,179,179,179,179,179,179
984,986,986,987,987,987,988,988,988,989,989
552,552,552,552,552,552,552,552,552,552,552
14,15,15,15,15,16,16,16,16,17,17
779,779,779,779,779,779,779,779,779,779,779
844,845,844,843,842,842,841,840,839,839,838
39,39,39,39,39,39,39,39,39,39,39
471,473,474,475,476,477,478,479,480,480,481
1009,1009,1009,1009,1009,1009,1009,1009,1009,1009,1009
245,245,244,243,242,241,241,240,239,238,237
178,178,178,178,178,178,178,178,178,178,178
984,986,986,986,987,987,987,988,988,989,989
552,552,552,552,552,552,552,552,552,552,552
13,15,15,15,15,16,16,16,16,17,17
778,778,778,778,778,778,778,778,778,778,778
845,845,844,844,843,842,841,841,840,839,838
39,39,39,39,39,39,39,39,39,39,39
470,472,473,474,475,476,477,478,479,480,481
1010,1010,1010,1010,1010,1010,1010,1010,1010,1010,1010
245,245,244,244,243,242,241,240,239,239,238
178,178,178,178,178,178,178,178,178,178,178
984,985,986,986,986,987,987,988,988,988,989
553,553,553,553,553,553,553,553,553,553,553
13,15,15,15,15,15,16,16,16,16,17
778,778,778,778,778,778,778,778,778,778,778
845,845,845,844,843,843,842,841,840,840,839
39,39,39,39,39,39,39,39,39,39,39
470,472,473,474,474,475,476,477,478,479,480
1010,1010,1010,1010,1010,1010,1010,1010,1010,1010,1010
246,246,245,244,243,242,242,241,240,239,238
178,178,178,178,178,178,178,178,178,178,178
984,985,986,986,986,987,987,987,988,988,988
554,554,554,554,554,554,554,554,554,554,554
13,14,15,15,15,15,16,16,16,16,16
777,777,777,777,777,777,777,777,777,777,777
846,846,845,844,844,843,842,842,841,840,839
39,39,39,39,39,39,39,39,39,39,39
469,471,472,473,474,475,476,477,478,479,480
1010,1010,1010,1010,1010,1010,1010,1010,1010,1010,1010
246,246,245,245,244,243,242,241,240,240,239
177,177,177,177,177,177,177,177,177,177,177
984,985,985,986,986,986,987,987,987,988,988
554,554,554,554,554,554,554,554,554,554,554
13,14,14,15,15,15,15,16,16,16,16
777,777,777,777,777,777,777,777,777,777,777
846,846,846,845,844,843,843,842,841,840,840
40,40,40,40,40,40,40,40,40,40,40
468,470,471,472,473,474,475,476,477,478,479
1010,1010,1010,1010,1010,1010,1010,1010,1010,1010,1010
247,247,246,245,244,243,243,242,241,240,239
177,177,177,177,177,177,177,177,177,177,177
983,985,985,985,986,986,987,987,987,988,988
555,555,555,555,555,555,555,555,555,555,555
13,14,14,15,15,15,15,15,16,16,16
776,776,776,776,776,776,776,776,776,776,776
847,847,846,845,845,844,843,842,842,841,840
40,40,40,40,40,40,40,40,40,40,40
468,470,471,472,473,474,475,476,477,478,479
1010,1010,1010,1010,1010,1010,1010,1010,1010,1010,1010
247,247,246,246,245,244,243,242,241,241,240
176,176,176,176,176,176,176,176,176,176,176
983,984,985,985,986,986,986,987,987,987,988
555,555,555,555,555,555,555,555,555,555,555
13,14,14,14,15,15,15,15,16,16,16
776,776,776,776,776,776,776,776,776,776,776
847,847,847,846,845,844,844,843,842,841,841
40,40,40,40,40,40,40,40,40,40,40
467,469,470,471,472,473,474,475,476,477,478
1010,1010,1010,1010,1010,1010,1010,1010,1010,1010,1010
248,248,247,246,245,244,244,243,242,241,240
176,176,176,176,176,176,176,176,176,176,176
983,984,985,985,985,986,986,986,987,987,988
556,556,556,556,556,556,556,556,556,556,556
13,14,14,14,15,15,15,15,15,16,16
775,775,775,775,775,775,775,775,775,775,775
847,848,847,846,846,845,844,843,843,842,841
40,40,40,40,40,40,40,40,40,40,40
467,469,470,471,472,473,473,474,475,476,477
1010,1010,1010,1010,1010,1010,1010,1010,1010,1010,1010
248,248,247,247,246,245,244,243,242,242,241
175,175,175,175,175,175,175,175,175,175,175
983,984,984,985,985,986,986,986,987,987,987
557,557,557,557,557,557,557,557,557,557,557
13,14,14,14,14,15,15,15,15,16,16
775,775,775,775,775,775,775,775,775,775,775
848,848,847,847,846,845,844,844,843,842,842
40,40,40,40,40,40,40,40,40,40,40
466,468,469,470,471,472,473,474,475,476,477
1011,1011,1011,1011,1011,1011,1011,1011,1011,1011,1011
249,249,248,247,246,245,245,244,243,242,241
175,175,175,175,175,175,175,175,175,175,175
982,984,984,985,985,985,986,986,986,987,987
557,557,557,557,557,557,557,557,557,557,557
12,14,14,14,14,14,15,15,15,15,16
774,774,774,774,774,774,774,774,774,774,774
848,849,848,847,846,846,845,844,843,843,842
41,41,41,41,41,41,41,41,41,41,41
466,467,468,469,470,471,472,473,474,475,476
1011,1011,1011,1011,1011,1011,1011,1011,1011,1011,1011
249,249,248,248,247,246,245,244,243,243,242
174,174,174,174,174,174,174,174,174,174,174
982,984,984,984,985,985,985,986,986,987,987
558,558,558,558,558,558,558,558,558,558,558
12,13,14,14,14,14,15,15,15,15,15
774,774,774,774,774,774,774,774,774,774,774
849,849,848,848,847,846,845,845,844,843,842
41,41,41,41,41,41,41,41,41,41,41
465,467,468,469,470,471,472,473,474,475,476
1011,1011,1011,1011,1011,1011,1011,1011,1011,1011,1011
250,250,249,248,247,246,246,245,244,243,242
174,174,174,174,174,174,174,174,174,174,174
982,983,984,984,984,985,985,986,986,986,987
558,558,558,558,558,558,558,558,558,558,558
12,13,14,14,14,14,14,15,15,15,15
773,773,773,773,773,773,773,773,773,773,773
849,849,849,848,847,847,846,845,844,844,843
41,41,41,41,41,41,41,41,41,41,41
464,466,467,468,469,470,471,472,473,474,475
1011,1011,1011,1011,1011,1011,1011,1011,1011,1011,1011
250,250,249,249,248,247,246,245,244,244,243
174,174,174,174,174,174,174,174,174,174,174
982,983,983,984,984,985,985,985,986,986,986
559,559,559,559,559,559,559,559,559,559,559
12,13,13,14,14,14,14,15,15,15,15
773,773,773,773,773,773,773,773,773,773,773
850,850,849,848,848,847,846,846,845,844,843
41,41,41,41,41,41,41,41,41,41,41
464,466,467,468,469,470,471,472,472,473,474
1011,1011,1011,1011,1011,1011,1011,1011,1011,1011,1011
251,251,250,249,248,247,247,246,245,244,243
173,173,173,173,173,173,173,173,173,173,173
981,983,983,984,984,984,985,985,985,986,986
560,560,560,560,560,560,560,560,560,560,560
12,13,13,13,14,14,14,14,15,15,15
772,772,772,772,772,772,772,772,772,772,772
850,850,850,849,848,847,847,846,845,845,844
42,42,42,42,42,42,42,42,42,42,42
463,465,466,467,468,469,470,471,472,473,474
1011,1011,1011,1011,1011,1011,1011,1011,1011,1011,1011
251,251,250,250,249,248,247,246,245,245,244
173,173,173,173,173,173,173,173,173,173,173
981,983,983,983,984,984,985,985,985,986,986
560,560,560,560,560,560,560,560,560,560,560
12,13,13,13,14,14,14,14,14,15,15
772,772,772,772,772,772,772,772,772,772,772
851,851,850,849,849,848,847,846,846,845,844
42,42,42,42,42,42,42,42,42,42,42
463,465,466,466,467,468,469,470,471,472,473
1011,1011,1011,1011,1011,1011,1011,1011,1011,1011,1011
252,252,251,250,249,248,248,247,246,245,244
172,172,172,172,172,172,172,172,172,172,172
981,982,983,983,984,984,984,985,985,985,986
561,561,561,561,561,561,561,561,561,561,561
12,13,13,13,13,14,14,14,14,15,15
771,771,771,771,771,771,771,771,771,771,771
851,851,851,850,849,848,848,847,846,845,845
42,42,42,42,42,42,42,42,42,42,42
462,464,465,466,467,468,469,470,471,472,473
1011,1011,1011,1011,1011,1011,1011,1011,1011,1011,1011
252,252,251,251,250,249,248,247,246,246,245
172,172,172,172,172,172,172,172,172,172,172
981,982,983,983,983,984,984,984,985,985,986
561,561,561,561,561,561,561,561,561,561,561
11,13,13,13,13,14,14,14,14,14,15
771,771,771,771,771,771,771,771,771,771,771
851,852,851,850,850,849,848,847,847,846,845
42,42,42,42,42,42,42,42,42,42,42
461,463,464,465,466,467,468,469,470,471,472
1012,1012,1012,1012,1012,1012,1012,1012,1012,1012,1012
253,253,252,251,250,249,249,248,247,246,245
171,171,171,171,171,171,171,171,171,171,171
981,982,982,983,983,983,984,984,985,985,985
562,562,562,562,562,562,562,562,562,562,562
11,13,13,13,13,13,14,14,14,14,14
770,770,770,770,770,770,770,770,770,770,770
852,852,851,851,850,849,849,848,847,846,846
43,43,43,43,43,43,43,43,43,43,43
461,463,464,465,466,467,468,469,470,470,471
1012,1012,1012,1012,1012,1012,1012,1012,1012,1012,1012
253,253,252,252,251,250,249,248,247,247,246
171,171,171,171,171,171,171,171,171,171,171
980,982,982,982,983,983,984,984,984,985,985
562,562,562,562,562,562,562,562,562,562,562
11,12,13,13,13,13,13,14,14,14,14
770,770,770,770,770,770,770,770,770,770,770
852,853,852,851,850,850,849,848,848,847,846
43,43,43,43,43,43,43,43,43,43,43
460,462,463,464,465,466,467,468,469,470,471
1012,1012,1012,1012,1012,1012,1012,1012,1012,1012,1012
254,254,253,252,251,250,250,249,248,247,246
170,170,170,170,170,170,170,170,170,170,170
980,981,982,982,983,983,983,984,984,985,985
563,563,563,563,563,563,563,563,563,563,563
11,12,13,13,13,13,13,14,14,14,14
769,769,769,769,769,769,769,769,769,769,769
853,853,852,852,851,850,849,849,848,847,846
43,43,43,43,43,43,43,43,43,43,43
460,462,463,464,465,465,466,467,468,469,470
1012,1012,1012,1012,1012,1012,1012,1012,1012,1012,1012
254,254,253,253,252,251,250,249,248,248,247
170,170,170,170,170,170,170,170,170,170,170
980,981,982,982,982,983,983,984,984,984,985
564,564,564,564,564,564,564,564,564,564,564
11,12,12,13,13,13,13,13,14,14,14
769,769,769,769,769,769,769,769,769,769,769
853,853,853,852,851,851,850,849,848,848,847
43,43,43,43,43,43,43,43,43,43,43
459,461,462,463,464,465,466,467,468,469,470
1012,1012,1012,1012,1012,1012,1012,1012,1012,1012,1012
255,255,254,253,252,251,251,250,249,248,247
170,170,170,170,170,170,170,170,170,170,170
980,981,981,982,982,983,983,983,984,984,984
564,564,564,564,564,564,564,564,564,564,564
11,12,12,12,13,13,13,13,14,14,14
768,768,768,768,768,768,768,768,768,768,768
854,854,853,852,852,851,850,850,849,848,847
44,44,44,44,44,44,44,44,44,44,44
459,460,461,462,463,464,465,466,467,468,469
1012,1012,1012,1012,1012,1012,1012,1012,1012,1012,1012
255,255,254,254,253,252,251,250,249,249,248
169,169,169,169,169,169,169,169,169,169,169
979,981,981,982,982,982,983,983,983,984,984
565,565,565,565,565,565,565,565,565,565,565
11,12,12,12,13,13,13,13,13,14,14
768,768,768,768,768,768,768,768,768,768,768
854,854,854,853,852,851,851,850,849,849,848
44,44,44,44,44,44,44,44,44,44,44
458,460,461,462,463,464,465,466,467,468,469
1012,1012,1012,1012,1012,1012,1012,1012,1012,1012,1012
256,256,255,254,253,252,252,251,250,249,248
169,169,169,169,169,169,169,169,169,169,169
979,981,981,981,982,982,982,983,983,984,984
565,565,565,565,565,565,565,565,565,565,565
11,12,12,12,12,13,13,13,13,13,14
767,767,767,767,767,767,767,767,767,767,767
854,855,854,853,853,852,851,850,850,849,848
44,44,44,44,44,44,44,44,44,44,44
457,459,460,461,462,463,464,465,466,467,468
1012,1012,1012,1012,1012,1012,1012,1012,1012,1012,1012
256,256,255,255,254,253,252,251,251,250,249
168,168,168,168,168,168,168,168,168,168,168
979,980,981,981,981,982,982,983,983,983,984
566,566,566,566,566,566,566,566,566,566,566
10,12,12,12,12,12,13,13,13,13,14
767,767,767,767,767,767,767,767,767,767,767
855,855,854,854,853,852,852,851,850,849,849
44,44,44,44,44,44,44,44,44,44,44
457,459,460,461,462,463,464,464,465,466,467
1013,1013,1013,1013,1013,1013,1013,1013,1013,1013,1013
257,257,256,255,254,254,253,252,251,250,249
168,168,168,168,168,168,168,168,168,168,168
979,980,980,981,981,982,982,982,983,983,983
567,567,567,567,567,567,567,567,567,567,567
10,12,12,12,12,12,13,13,13,13,13
766,766,766,766,766,766,766,766,766,766,766
855,856,855,854,853,853,852,851,851,850,849
44,44,44,44,44,44,44,44,44,44,44
456,458,459,460,461,462,463,464,465,466,467
1013,1013,1013,1013,1013,1013,1013,1013,1013,1013,1013
257,257,257,256,255,254,253,252,252,251,250
167,167,167,167,167,167,167,167,167,167,167
978,980,980,981,981,981,982,982,983,983,983
567,567,567,567,567,567,567,567,567,567,567
10,11,12,12,12,12,12,13,13,13,13
766,766,766,766,766,766,766,766,766,766,766
856,856,855,855,854,853,852,852,851,850,850
45,45,45,45,45,45,45,45,45,45,45
456,458,458,459,460,461,462,463,464,465,466
1013,1013,1013,1013,1013,1013,1013,1013,1013,1013,1013
258,258,257,256,255,255,254,253,252,251,250
167,167,167,167,167,167,167,167,167,167,167
978,980,980,980,981,981,982,982,982,983,983
568,568,568,568,568,568,568,568,568,568,568
10,11,12,12,12,12,12,13,13,13,13
765,765,765,765,765,765,765,765,765,765,765
856,857,856,855,854,854,853,852,851,851,850
45,45,45,45,45,45,45,45,45,45,45
455,457,458,459,460,461,462,463,464,465,466
1013,1013,1013,1013,1013,1013,1013,1013,1013,1013,1013
258,258,258,257,256,255,254,253,253,252,251
167,167,167,167,167,167,167,167,167,167,167
978,979,980,980,980,981,981,982,982,982,983
568,568,568,568,568,568,568,568,568,568,568
10,11,11,12,12,12,12,12,13,13,13
765,765,765,765,765,765,765,765,765,765,765
857,857,856,856,855,854,853,853,852,851,850
45,45,45,45,45,45,45,45,45,45,45
454,456,457,458,459,460,461,462,463,464,465
1013,1013,1013,1013,1013,1013,1013,1013,1013,1013,1013
259,259,258,257,256,256,255,254,253,252,251
166,166,166,166,166,166,166,166,166,166,166
978,979,979,980,980,981,981,981,982,982,983
569,569,569,569,569,569,569,569,569,569,569
10,11,11,11,12,12,12,12,12,13,13
764,764,764,764,764,764,764,764,764,764,764
857,857,857,856,855,855,854,853,852,852,851
45,45,45,45,45,45,45,45,45,45,45
454,456,457,458,459,460,461,462,462,463,464
1013,1013,1013,1013,1013,1013,1013,1013,1013,1013,1013
259,259,259,258,257,256,255,254,254,253,252
166,166,166,166,166,166,166,166,166,166,166
977,979,979,980,980,980,981,981,982,982,982
569,569,569,569,569,569,569,569,569,569,569
10,11,11,11,12,12,12,12,12,13,13
764,764,764,764,764,764,764,764,764,764,764
858,858,857,856,856,855,854,854,853,852,851
46,46,46,46,46,46,46,46,46,46,46
453,455,456,457,458,459,460,461,462,463,464
1013,1013,1013,1013,1013,1013,1013,1013,1013,1013,1013
260,260,259,258,257,257,256,255,254,253,252
165,165,165,165,165,165,165,165,165,165,165
977,979,979,979,980,980,981,981,981,982,982
570,570,570,570,570,570,570,570,570,570,570
10,11,11,11,11,12,12,12,12,12,13
763,763,763,763,763,763,763,763,763,763,763
858,858,858,857,856,855,855,854,853,853,852
46,46,46,46,46,46,46,46,46,46,46
453,455,456,457,457,458,459,460,461,462,463
1013,1013,1013,1013,1013,1013,1013,1013,1013,1013,1013
260,260,260,259,258,257,256,255,255,254,253
165,165,165,165,165,165,165,165,165,165,165
977,978,979,979,980,980,980,981,981,981,982
571,571,571,571,571,571,571,571,571,571,571
10,11,11,11,11,12,12,12,12,12,13
762,762,762,762,762,762,762,762,762,762,762
858,859,858,857,857,856,855,854,854,853,852
46,46,46,46,46,46,46,46,46,46,46
452,454,455,456,457,458,459,460,461,462,463
1014,1014,1014,1014,1014,1014,1014,1014,1014,1014,1014
261,261,260,259,258,258,257,256,255,254,253
164,164,164,164,164,164,164,164,164,164,164
977,978,978,979,979,980,980,980,981,981,982
571,571,571,571,571,571,571,571,571,571,571
9,11,11,11,11,11,12,12,12,12,12
762,762,762,762,762,762,762,762,762,762,762
859,859,858,858,857,856,856,855,854,853,853
46,46,46,46,46,46,46,46,46,46,46
451,453,454,455,456,457,458,459,460,461,462
1014,1014,1014,1014,1014,1014,1014,1014,1014,1014,1014
261,261,261,260,259,258,257,256,256,255,254
164,164,164,164,164,164,164,164,164,164,164
976,978,978,979,979,979,980,980,981,981,981
572,572,572,572,572,572,572,572,572,572,572
9,10,11,11,11,11,11,12,12,12,12
761,761,761,761,761,761,761,761,761,761,761
859,860,859,858,857,857,856,855,855,854,853
47,47,47,47,47,47,47,47,47,47,47
451,453,454,455,456,457,458,459,460,461,461
1014,1014,1014,1014,1014,1014,1014,1014,1014,1014,1014
262,262,261,260,259,259,258,257,256,255,254
164,164,164,164,164,164,164,164,164,164,164
976,978,978,978,979,979,980,980,980,981,981
572,572,572,572,572,572,572,572,572,572,572
9,10,11,11,11,11,11,12,12,12,12
761,761,761,761,761,761,761,761,761,761,761
860,860,859,859,858,857,856,856,855,854,854
47,47,47,47,47,47,47,47,47,47,47
450,452,453,454,455,456,457,458,459,460,461
1014,1014,1014,1014,1014,1014,1014,1014,1014,1014,1014
262,262,262,261,260,259,258,257,257,256,255
163,163,163,163,163,163,163,163,163,163,163
976,977,978,978,979,979,979,980,980,981,981
573,573,573,573,573,573,573,573,573,573,573
9,10,10,11,11,11,11,11,12,12,12
760,760,760,760,760,760,760,760,760,760,760
860,860,860,859,858,858,857,856,855,855,854
47,47,47,47,47,47,47,47,47,47,47
450,452,453,454,455,456,456,457,458,459,460
1014,1014,1014,1014,1014,1014,1014,1014,1014,1014,1014
263,263,262,261,260,260,259,258,257,256,255
163,163,163,163,163,163,163,163,163,163,163
976,977,978,978,978,979,979,980,980,980,981
574,574,574,574,574,574,574,574,574,574,574
9,10,10,11,11,11,11,11,11,12,12
760,760,760,760,760,760,760,760,760,760,760
861,861,860,859,859,858,857,857,856,855,854
47,47,47,47,47,47,47,47,47,47,47
449,451,452,453,454,455,456,457,458,459,460
1014,1014,1014,1014,1014,1014,1014,1014,1014,1014,1014
263,264,263,262,261,260,259,258,258,257,256
162,162,162,162,162,162,162,162,162,162,162
975,977,977,978,978,978,979,979,980,980,980
574,574,574,574,574,574,574,574,574,574,574
9,10,10,10,11,11,11,11,11,12,12
759,759,759,759,759,759,759,759,759,759,759
861,861,861,860,859,858,858,857,856,856,855
48,48,48,48,48,48,48,48,48,48,48
449,451,451,452,453,454,455,456,457,458,459
1014,1014,1014,1014,1014,1014,1014,1014,1014,1014,1014
264,264,263,262,261,261,260,259,258,257,256
162,162,162,162,162,162,162,162,162,162,162
975,977,977,977,978,978,979,979,979,980,980
575,575,575,575,575,575,575,575,575,575,575
9,10,10,10,10,11,11,11,11,11,12
759,759,759,759,759,759,759,759,759,759,759
861,862,861,860,860,859,858,857,857,856,855
48,48,48,48,48,48,48,48,48,48,48
448,450,451,452,453,454,455,456,457,458,459
1014,1014,1014,1014,1014,1014,1014,1014,1014,1014,1014
264,265,264,263,262,261,260,259,259,258,257
161,161,161,161,161,161,161,161,161,161,161
975,976,977,977,978,978,978,979,979,980,980
575,575,575,575,575,575,575,575,575,575,575
9,10,10,10,10,11,11,11,11,11,12
758,758,758,758,758,758,758,758,758,758,758
862,862,861,861,860,859,859,858,857,856,856
48,48,48,48,48,48,48,48,48,48,48
447,449,450,451,452,453,454,455,456,457,458
1014,1014,1014,1014,1014,1014,1014,1014,1014,1014,1014
265,265,264,263,263,262,261,260,259,258,257
161,161,161,161,161,161,161,161,161,161,161
975,976,977,977,977,978,978,979,979,979,980
576,576,576,576,576,576,576,576,576,576,576
9,10,10,10,10,10,11,11,11,11,11
758,758,758,758,758,758,758,758,758,758,758
862,863,862,861,860,860,859,858,858,857,856
48,48,48,48,48,48,48,48,48,48,48
447,449,450,451,452,453,454,455,455,456,457
1015,1015,1015,1015,1015,1015,1015,1015,1015,1015,1015
265,266,265,264,263,262,261,261,260,259,258
160,160,160,160,160,160,160,160,160,160,160
974,976,976,977,977,977,978,978,979,979,979
576,576,576,576,576,576,576,576,576,576,576
8,10,10,10,10,10,11,11,11,11,11
757,757,757,757,757,757,757,757,757,757,757
863,863,862,862,861,860,859,859,858,857,857
49,49,49,49,49,49,49,49,49,49,49
446,448,449,450,451,452,453,454,455,456,457
1015,1015,1015,1015,1015,1015,1015,1015,1015,1015,1015
266,266,265,264,264,263,262,261,260,259,259
160,160,160,160,160,160,160,160,160,160,160
974,976,976,976,977,977,978,978,978,979,979
577,577,577,577,577,577,577,577,577,577,577
8,9,10,10,10,10,10,11,11,11,11
757,757,757,757,757,757,757,757,757,757,757
863,863,863,862,861,861,860,859,858,858,857
49,49,49,49,49,49,49,49,49,49,49
446,448,449,450,450,451,452,453,454,455,456
1015,1015,1015,1015,1015,1015,1015,1015,1015,1015,1015
266,267,266,265,264,263,262,262,261,260,259
160,160,160,160,160,160,160,160,160,160,160
974,975,976,976,977,977,977,978,978,979,979
578,578,578,578,578,578,578,578,578,578,578
8,9,10,10,10,10,10,10,11,11,11
756,756,756,756,756,756,756,756,756,756,756
864,864,863,862,862,861,860,860,859,858,858
49,49,49,49,49,49,49,49,49,49,49
445,447,448,449,450,451,452,453,454,455,456
1015,1015,1015,1015,1015,1015,1015,1015,1015,1015,1015
267,267,266,265,265,264,263,262,261,260,260
159,159,159,159,159,159,159,159,159,159,159
974,975,976,976,976,977,977,978,978,978,979
578,578,578,578,578,578,578,578,578,578,578
8,9,9,10,10,10,10,10,11,11,11
756,756,756,756,756,756,756,756,756,756,756
864,864,864,863,862,861,861,860,859,859,858
49,49,49,49,49,49,49,49,49,49,49
444,446,447,448,449,450,451,452,453,454,455
1015,1015,1015,1015,1015,1015,1015,1015,1015,1015,1015
267,268,267,266,265,264,263,263,262,261,260
159,159,159,159,159,159,159,159,159,159,159
973,975,975,976,976,976,977,977,978,978,979
579,579,579,579,579,579,579,579,579,579,579
8,9,9,10,10,10,10,10,10,11,11
755,755,755,755,755,755,755,755,755,755,755
864,865,864,863,863,862,861,861,860,859,858
50,50,50,50,50,50,50,50,50,50,50
444,446,447,448,449,450,451,452,453,453,454
1015,1015,1015,1015,1015,1015,1015,1015,1015,1015,1015
268,268,267,266,266,265,264,263,262,261,261
158,158,158,158,158,158,158,158,158,158,158
973,975,975,975,976,976,977,977,977,978,978
579,579,579,579,579,579,579,579,579,579,579
8,9,9,9,10,10,10,10,10,11,11
755,755,755,755,755,755,755,755,755,755,755
865,865,864,864,863,862,862,861,860,860,859
50,50,50,50,50,50,50,50,50,50,50
443,445,446,447,448,449,450,451,452,453,454
1015,1015,1015,1015,1015,1015,1015,1015,1015,1015,1015
269,269,268,267,266,265,264,264,263,262,261
158,158,158,158,158,158,158,158,158,158,158
973,974,975,975,976,976,976,977,977,978,978
580,580,580,580,580,580,580,580,580,580,580
8,9,9,9,9,10,10,10,10,10,11
754,754,754,754,754,754,754,754,754,754,754
865,866,865,864,863,863,862,861,861,860,859
50,50,50,50,50,50,50,50,50,50,50
443,445,446,447,448,448,449,450,451,452,453
1015,1015,1015,1015,1015,1015,1015,1015,1015,1015,1015
269,269,268,267,267,266,265,264,263,262,262
158,158,158,158,158,158,158,158,158,158,158
973,974,975,975,975,976,976,977,977,977,978
581,581,581,581,581,581,581,581,581,581,581
8,9,9,9,9,10,10,10,10,10,10
754,754,754,754,754,754,754,754,754,754,754
866,866,865,865,864,863,863,862,861,860,860
50,50,50,50,50,50,50,50,50,50,50
442,444,445,446,447,448,449,450,451,452,453
1015,1015,1015,1015,1015,1015,1015,1015,1015,1015,1015
270,270,269,268,267,266,265,265,264,263,262
157,157,157,157,157,157,157,157,157,157,157
972,974,974,975,975,975,976,976,977,977,978
581,581,581,581,581,581,581,581,581,581,581
8,9,9,9,9,9,10,10,10,10,10
753,753,753,753,753,753,753,753,753,753,753
866,866,866,865,864,864,863,862,862,861,860
51,51,51,51,51,51,51,51,51,51,51
442,444,444,445,446,447,448,449,450,451,452
1016,1016,1016,1016,1016,1016,1016,1016,1016,1016,1016
270,270,269,269,268,267,266,265,264,263,263
157,157,157,157,157,157,157,157,157,157,157
972,974,974,974,975,975,976,976,976,977,977
582,582,582,582,582,582,582,582,582,582,582
7,9,9,9,9,9,9,10,10,10,10
753,753,753,753,753,753,753,753,753,753,753
867,867,866,865,865,864,863,863,862,861,861
51,51,51,51,51,51,51,51,51,51,51
441,443,444,445,446,447,448,449,450,451,452
1016,1016,1016,1016,1016,1016,1016,1016,1016,1016,1016
271,271,270,269,268,267,267,266,265,264,263
156,156,156,156,156,156,156,156,156,156,156
972,973,974,974,975,975,975,976,976,977,977
582,582,582,582,582,582,582,582,582,582,582
7,9,9,9,9,9,9,10,10,10,10
752,752,752,752,752,752,752,752,752,752,752
867,867,867,866,865,864,864,863,862,862,861
51,51,51,51,51,51,51,51,51,51,51
440,442,443,444,445,446,447,448,449,450,451
1016,1016,1016,1016,1016,1016,1016,1016,1016,1016,1016
271,271,270,270,269,268,267,266,265,264,264
156,156,156,156,156,156,156,156,156,156,156
972,973,973,974,974,975,975,976,976,976,977
583,583,583,583,583,583,583,583,583,583,583
7,8,9,9,9,9,9,9,10,10,10
752,752,752,752,752,752,752,752,752,752,752
867,868,867,866,866,865,864,864,863,862,861
51,51,51,51,51,51,51,51,51,51,51
440,442,443,444,445,446,447,447,448,449,450
1016,1016,1016,1016,1016,1016,1016,1016,1016,1016,1016
272,272,271,270,269,268,268,267,266,265,264
155,155,155,155,155,155,155,155,155,155,155
971,973,973,974,974,974,975,975,976,976,977
583,583,583,583,583,583,583,583,583,583,583
7,8,8,9,9,9,9,9,10,10,10
751,751,751,751,751,751,751,751,751,751,751
868,868,867,867,866,865,865,864,863,863,862
52,52,52,52,52,52,52,52,52,52,52
439,441,442,443,444,445,446,447,448,449,450
1016,1016,1016,1016,1016,1016,1016,1016,1016,1016,1016
272,272,271,271,270,269,268,267,266,266,265
155,155,155,155,155,155,155,155,155,155,155
971,973,973,973,974,974,975,975,975,976,976
584,584,584,584,584,584,584,584,584,584,584
7,8,8,9,9,9,9,9,9,10,10
751,751,751,751,751,751,751,751,751,751,751
868,869,868,867,866,866,865,864,864,863,862
52,52,52,52,52,52,52,52,52,52,52
439,441,442,442,443,444,445,446,447,448,449
1016,1016,1016,1016,1016,1016,1016,1016,1016,1016,1016
273,273,272,271,270,269,269,268,267,266,265
155,155,155,155,155,155,155,155,155,155,155
971,972,973,973,974,974,974,975,975,976,976
585,585,585,585,585,585,585,585,585,585,585
7,8,8,8,9,9,9,9,9,9,10
750,750,750,750,750,750,750,750,750,750,750
869,869,868,868,867,866,866,865,864,863,863
52,52,52,52,52,52,52,52,52,52,52
438,440,441,442,443,444,445,446,447,448,449
1016,1016,1016,1016,1016,1016,1016,1016,1016,1016,1016
273,273,272,272,271,270,269,268,267,267,266
154,154,154,154,154,154,154,154,154,154,154
971,972,972,973,973,974,974,975,975,975,976
585,585,585,585,585,585,585,585,585,585,585
7,8,8,8,9,9,9,9,9,9,10
750,750,750,750,750,750,750,750,750,750,750
869,869,869,868,867,867,866,865,865,864,863
53,53,53,53,53,53,53,53,53,53,53
437,439,440,441,442,443,444,445,446,447,448
1016,1016,1016,1016,1016,1016,1016,1016,1016,1016,1016
274,274,273,272,271,270,270,269,268,267,266
154,154,154,154,154,154,154,154,154,154,154
970,972,972,973,973,973,974,974,975,975,976
586,586,586,586,586,586,586,586,586,586,586
7,8,8,8,8,9,9,9,9,9,9
749,749,749,749,749,749,749,749,749,749,749
870,870,869,868,868,867,866,866,865,864,864
53,53,53,53,53,53,53,53,53,53,53
437,439,440,441,442,443,444,445,446,446,447
1016,1016,1016,1016,1016,1016,1016,1016,1016,1016,1016
274,274,274,273,272,271,270,269,268,268,267
153,153,153,153,153,153,153,153,153,153,153
970,972,972,972,973,973,974,974,974,975,975
586,586,586,586,586,586,586,586,586,586,586
7,8,8,8,8,8,9,9,9,9,9
748,748,748,748,748,748,748,748,748,748,748
870,870,870,869,868,867,867,866,865,865,864
53,53,53,53,53,53,53,53,53,53,53
436,438,439,440,441,442,443,444,445,446,447
1016,1016,1016,1016,1016,1016,1016,1016,1016,1016,1016
275,275,274,273,272,271,271,270,269,268,267
153,153,153,153,153,153,153,153,153,153,153
970,971,972,972,973,973,973,974,974,975,975
587,587,587,587,587,587,587,587,587,587,587
7,8,8,8,8,8,9,9,9,9,9
748,748,748,748,748,748,748,748,748,748,748
870,871,870,869,869,868,867,867,866,865,864
53,53,53,53,53,53,53,53,53,53,53
436,438,439,440,441,441,442,443,444,445,446
1017,1017,1017,1017,1017,1017,1017,1017,1017,1017,1017
275,275,275,274,273,272,271,270,269,269,268
152,152,152,152,152,152,152,152,152,152,152
970,971,971,972,972,973,973,974,974,974,975
588,588,588,588,588,588,588,588,588,588,588
6,8,8,8,8,8,8,9,9,9,9
747,747,747,747,747,747,747,747,747,747,747
871,871,870,870,869,868,868,867,866,866,865
54,54,54,54,54,54,54,54,54,54,54
435,437,438,439,440,441,442,443,444,445,446
1017,1017,1017,1017,1017,1017,1017,1017,1017,1017,1017
276,276,275,274,273,273,272,271,270,269,268
152,152,152,152,152,152,152,152,152,152,152
969,971,971,972,972,972,973,973,974,974,975
588,588,588,588,588,588,588,588,588,588,588
6,8,8,8,8,8,8,8,9,9,9
747,747,747,747,747,747,747,747,747,747,747
871,872,871,870,869,869,868,867,867,866,865
54,54,54,54,54,54,54,54,54,54,54
435,437,437,438,439,440,441,442,443,444,445
1017,1017,1017,1017,1017,1017,1017,1017,1017,1017,1017
276,276,276,275,274,273,272,271,271,270,269
152,152,152,152,152,152,152,152,152,152,152
969,970,971,971,972,972,973,973,973,974,974
589,589,589,589,589,589,589,589,589,589,589
6,7,8,8,8,8,8,8,9,9,9
746,746,746,746,746,746,746,746,746,746,746
872,872,871,871,870,869,868,868,867,866,866
54,54,54,54,54,54,54,54,54,54,54
434,436,437,438,439,440,441,442,443,444,445
1017,1017,1017,1017,1017,1017,1017,1017,1017,1017,1017
277,277,276,275,274,274,273,272,271,270,269
151,151,151,151,151,151,151,151,151,151,151
969,970,971,971,971,972,972,973,973,974,974
589,589,589,589,589,589,589,589,589,589,589
6,7,7,8,8,8,8,8,8,9,9
746,746,746,746,746,746,746,746,746,746,746
872,872,872,871,870,870,869,868,868,867,866
54,54,54,54,54,54,54,54,54,54,54
433,435,436,437,438,439,440,441,442,443,444
1017,1017,1017,1017,1017,1017,1017,1017,1017,1017,1017
277,278,277,276,275,274,273,272,272,271,270
151,151,151,151,151,151,151,151,151,151,151
968,970,970,971,971,972,972,973,973,973,974
590,590,590,590,590,590,590,590,590,590,590
6,7,7,8,8,8,8,8,8,9,9
745,745,745,745,745,745,745,745,745,745,745
872,873,872,871,871,870,869,869,868,867,867
55,55,55,55,55,55,55,55,55,55,55
433,435,436,437,438,439,440,440,441,442,443
1017,1017,1017,1017,1017,1017,1017,1017,1017,1017,1017
278,278,277,276,275,275,274,273,272,271,270
150,150,150,150,150,150,150,150,150,150,150
968,970,970,971,971,971,972,972,973,973,974
590,590,590,590,590,590,590,590,590,590,590
6,7,7,7,8,8,8,8,8,8,9
745,745,745,745,745,745,745,745,745,745,745
873,873,873,872,871,870,870,869,868,868,867
55,55,55,55,55,55,55,55,55,55,55
432,434,435,436,437,438,439,440,441,442,443
1017,1017,1017,1017,1017,1017,1017,1017,1017,1017,1017
278,279,278,277,276,275,274,273,273,272,271
150,150,150,150,150,150,150,150,150,150,150
968,969,970,970,971,971,972,972,972,973,973
591,591,591,591,591,591,591,591,591,591,591
6,7,7,7,7,8,8,8,8,8,8
744,744,744,744,744,744,744,744,744,744,744
873,874,873,872,872,871,870,869,869,868,867
55,55,55,55,55,55,55,55,55,55,55
432,434,435,435,436,437,438,439,440,441,442
1017,1017,1017,1017,1017,1017,1017,1017,1017,1017,1017
279,279,278,277,277,276,275,274,273,272,271
150,150,150,150,150,150,150,150,150,150,150
968,969,970,970,970,971,971,972,972,973,973
592,592,592,592,592,592,592,592,592,592,592
6,7,7,7,7,8,8,8,8,8,8
744,744,744,744,744,744,744,744,744,744,744
874,874,873,873,872,871,871,870,869,869,868
55,55,55,55,55,55,55,55,55,55,55
431,433,434,435,436,437,438,439,440,441,442
1017,1017,1017,1017,1017,1017,1017,1017,1017,1017,1017
279,280,279,278,277,276,275,274,274,273,272
149,149,149,149,149,149,149,149,149,149,149
967,969,969,970,970,971,971,971,972,972,973
592,592,592,592,592,592,592,592,592,592,592
6,7,7,7,7,7,8,8,8,8,8
743,743,743,743,743,743,743,743,743,743,743
874,874,874,873,872,872,871,870,870,869,868
56,56,56,56,56,56,56,56,56,56,56
430,432,433,434,435,436,437,438,439,440,441
1017,1017,1017,1017,1017,1017,1017,1017,1017,1017,1017
280,280,279,278,278,277,276,275,274,273,272
149,149,149,149,149,149,149,149,149,149,149
967,969,969,969,970,970,971,971,972,972,972
593,593,593,593,593,593,593,593,593,593,593
6,7,7,7,7,7,8,8,8,8,8
743,743,743,743,743,743,743,743,743,743,743
875,875,874,873,873,872,871,871,870,869,869
56,56,56,56,56,56,56,56,56,56,56
430,432,433,434,435,436,437,438,439,439,440
1017,1017,1017,1017,1017,1017,1017,1017,1017,1017,1017
281,281,280,279,278,277,276,276,275,274,273
148,148,148,148,148,148,148,148,148,148,148
967,968,969,969,970,970,971,971,971,972,972
593,593,593,593,593,593,593,593,593,593,593
6,7,7,7,7,7,7,8,8,8,8
742,742,742,742,742,742,742,742,742,742,742
875,875,875,874,873,873,872,871,870,870,869
56,56,56,56,56,56,56,56,56,56,56
429,431,432,433,434,435,436,437,438,439,440
1018,1018,1018,1018,1018,1018,1018,1018,1018,1018,1018
281,281,280,279,279,278,277,276,275,274,273
148,148,148,148,148,148,148,148,148,148,148
967,968,969,969,969,970,970,971,971,972,972
594,594,594,594,594,594,594,594,594,594,594
5,7,7,7,7,7,7,7,8,8,8
742,742,742,742,742,742,742,742,742,742,742
875,876,875,874,874,873,872,872,871,870,870
57,57,57,57,57,57,57,57,57,57,57
429,431,432,433,434,434,435,436,437,438,439
1018,1018,1018,1018,1018,1018,1018,1018,1018,1018,1018
282,282,281,280,279,278,277,277,276,275,274
147,147,147,147,147,147,147,147,147,147,147
966,968,968,969,969,970,970,970,971,971,972
595,595,595,595,595,595,595,595,595,595,595
5,6,7,7,7,7,7,7,8,8,8
741,741,741,741,741,741,741,741,741,741,741
876,876,875,875,874,873,873,872,871,871,870
57,57,57,57,57,57,57,57,57,57,57
428,430,431,432,433,434,435,436,437,438,439
1018,1018,1018,1018,1018,1018,1018,1018,1018,1018,1018
282,282,281,281,280,279,278,277,276,275,275
147,147,147,147,147,147,147,147,147,147,147
966,968,968,968,969,969,970,970,971,971,971
595,595,595,595,595,595,595,595,595,595,595
5,6,7,7,7,7,7,7,7,8,8
741,741,741,741,741,741,741,741,741,741,741
876,877,876,875,874,874,873,872,872,871,870
57,57,57,57,57,57,57,57,57,57,57
428,430,430,431,432,433,434,435,436,437,438
1018,1018,1018,1018,1018,1018,1018,1018,1018,1018,1018
283,283,282,281,280,279,278,278,277,276,275
147,147,147,147,147,147,147,147,147,147,147
966,967,968,968,969,969,969,970,970,971,971
596,596,596,596,596,596,596,596,596,596,596
5,6,6,7,7,7,7,7,7,8,8
740,740,740,740,740,740,740,740,740,740,740
877,877,876,876,875,874,874,873,872,871,871
57,57,57,57,57,57,57,57,57,57,57
427,429,430,431,432,433,434,435,436,437,438
1018,1018,1018,1018,1018,1018,1018,1018,1018,1018,1018
283,283,282,282,281,280,279,278,277,276,276
146,146,146,146,146,146,146,146,146,146,146
966,967,967,968,968,969,969,970,970,970,971
596,596,596,596,596,596,596,596,596,596,596
5,6,6,7,7,7,7,7,7,7,8
740,740,740,740,740,740,740,740,740,740,740
877,877,877,876,875,875,874,873,873,872,871
58,58,58,58,58,58,58,58,58,58,58
426,428,429,430,431,432,433,434,435,436,437
1018,1018,1018,1018,1018,1018,1018,1018,1018,1018,1018
284,284,283,282,281,280,280,279,278,277,276
146,146,146,146,146,146,146,146,146,146,146
965,967,967,968,968,968,969,969,970,970,971
597,597,597,597,597,597,597,597,597,597,597
5,6,6,6,7,7,7,7,7,7,7
739,739,739,739,739,739,739,739,739,739,739
877,878,877,876,876,875,874,874,873,872,872
58,58,58,58,58,58,58,58,58,58,58
426,428,429,430,431,432,433,433,434,435,436
1018,1018,1018,1018,1018,1018,1018,1018,1018,1018,1018
284,284,283,283,282,281,280,279,278,277,277
145,145,145,145,145,145,145,145,145,145,145
965,966,967,967,968,968,969,969,970,970,970
597,597,597,597,597,597,597,597,597,597,597
5,6,6,6,6,7,7,7,7,7,7
739,739,739,739,739,739,739,739,739,739,739
878,878,877,877,876,875,875,874,873,873,872
58,58,58,58,58,58,58,58,58,58,58
425,427,428,429,430,431,432,433,434,435,436
1018,1018,1018,1018,1018,1018,1018,1018,1018,1018,1018
285,285,284,283,282,281,281,280,279,278,277
145,145,145,145,145,145,145,145,145,145,145
965,966,967,967,968,968,968,969,969,970,970
598,598,598,598,598,598,598,598,598,598,598
5,6,6,6,6,7,7,7,7,7,7
738,738,738,738,738,738,738,738,738,738,738
878,879,878,877,877,876,875,875,874,873,872
58,58,58,58,58,58,58,58,58,58,58
425,427,428,429,429,430,431,432,433,434,435
1018,1018,1018,1018,1018,1018,1018,1018,1018,1018,1018
285,285,285,284,283,282,281,280,279,279,278
145,145,145,145,145,145,145,145,145,145,145
964,966,966,967,967,968,968,969,969,969,970
599,599,599,599,599,599,599,599,599,599,599
5,6,6,6,6,6,7,7,7,7,7
737,737,737,737,737,737,737,737,737,737,737
879,879,878,878,877,876,876,875,874,874,873
59,59,59,59,59,59,59,59,59,59,59
424,426,427,428,429,430,431,432,433,434,435
1018,1018,1018,1018,1018,1018,1018,1018,1018,1018,1018
286,286,285,284,283,282,282,281,280,279,278
144,144,144,144,144,144,144,144,144,144,144
964,966,966,967,967,967,968,968,969,969,970
599,599,599,599,599,599,599,599,599,599,599
5,6,6,6,6,6,6,7,7,7,7
737,737,737,737,737,737,737,737,737,737,737
879,879,879,878,877,877,876,875,875,874,873
59,59,59,59,59,59,59,59,59,59,59
424,425,426,427,428,429,430,431,432,433,434
1018,1018,1018,1018,1018,1018,1018,1018,1018,1018,1018
286,286,286,285,284,283,282,281,280,280,279
144,144,144,144,144,144,144,144,144,144,144
964,965,966,966,967,967,968,968,968,969,969
600,600,600,600,600,600,600,600,600,600,600
5,6,6,6,6,6,6,7,7,7,7
736,736,736,736,736,736,736,736,736,736,736
879,880,879,878,878,877,876,876,875,874,874
59,59,59,59,59,59,59,59,59,59,59
423,425,426,427,428,429,430,431,432,432,433
1018,1018,1018,1018,1018,1018,1018,1018,1018,1018,1018
287,287,286,285,284,284,283,282,281,280,279
143,143,143,143,143,143,143,143,143,143,143
964,965,966,966,966,967,967,968,968,969,969
600,600,600,600,600,600,600,600,600,600,600
4,6,6,6,6,6,6,6,7,7,7
736,736,736,736,736,736,736,736,736,736,736
880,880,880,879,878,878,877,876,875,875,874
60,60,60,60,60,60,60,60,60,60,60
422,424,425,426,427,428,429,430,431,432,433
1019,1019,1019,1019,1019,1019,1019,1019,1019,1019,1019
287,288,287,286,285,284,283,282,281,281,280
143,143,143,143,143,143,143,143,143,143,143
963,965,965,966,966,967,967,967,968,968,969
601,601,601,601,601,601,601,601,601,601,601
4,6,6,6,6,6,6,6,7,7,7
735,735,735,735,735,735,735,735,735,735,735
880,881,880,879,879,878,877,877,876,875,875
60,60,60,60,60,60,60,60,60,60,60
422,424,425,426,427,428,428,429,430,431,432
1019,1019,1019,1019,1019,1019,1019,1019,1019,1019,1019
288,288,287,286,285,285,284,283,282,281,280
142,142,142,142,142,142,142,142,142,142,142
963,965,965,965,966,966,967,967,968,968,969
602,602,602,602,602,602,602,602,602,602,602
4,5,6,6,6,6,6,6,6,7,7
735,735,735,735,735,735,735,735,735,735,735
881,881,880,880,879,878,878,877,876,876,875
60,60,60,60,60,60,60,60,60,60,60
421,423,424,425,426,427,428,429,430,431,432
1019,1019,1019,1019,1019,1019,1019,1019,1019,1019,1019
288,289,288,287,286,285,284,283,283,282,281
142,142,142,142,142,142,142,142,142,142,142
963,964,965,965,966,966,966,967,967,968,968
602,602,602,602,602,602,602,602,602,602,602
4,5,6,6,6,6,6,6,6,6,7
734,734,734,734,734,734,734,734,734,734,734
881,881,881,880,879,879,878,877,877,876,875
60,60,60,60,60,60,60,60,60,60,60
421,423,424,424,425,426,427,428,429,430,431
1019,1019,1019,1019,1019,1019,1019,1019,1019,1019,1019
289,289,288,287,287,286,285,284,283,282,281
142,142,142,142,142,142,142,142,142,142,142
963,964,964,965,965,966,966,967,967,968,968
603,603,603,603,603,603,603,603,603,603,603
4,5,5,6,6,6,6,6,6,6,7
734,734,734,734,734,734,734,734,734,734,734
882,882,881,881,880,879,879,878,877,876,876
61,61,61,61,61,61,61,61,61,61,61
420,422,423,424,425,426,427,428,429,430,431
1019,1019,1019,1019,1019,1019,1019,1019,1019,1019,1019
290,290,289,288,287,286,285,284,284,283,282
141,141,141,141,141,141,141,141,141,141,141
962,964,964,965,965,965,966,966,967,967,968
603,603,603,603,603,603,603,603,603,603,603
4,5,5,5,6,6,6,6,6,6,6
733,733,733,733,733,733,733,733,733,733,733
882,882,882,881,880,880,879,878,878,877,876
61,61,61,61,61,61,61,61,61,61,61
419,421,422,423,424,425,426,427,428,429,430
1019,1019,1019,1019,1019,1019,1019,1019,1019,1019,1019
290,290,289,288,288,287,286,285,284,283,282
141,141,141,141,141,141,141,141,141,141,141
962,963,964,964,965,965,966,966,967,967,967
604,604,604,604,604,604,604,604,604,604,604
4,5,5,5,6,6,6,6,6,6,6
733,733,733,733,733,733,733,733,733,733,733
882,883,882,881,881,880,879,879,878,877,877
61,61,61,61,61,61,61,61,61,61,61
419,421,422,423,424,425,426,427,427,428,429
1019,1019,1019,1019,1019,1019,1019,1019,1019,1019,1019
291,291,290,289,288,287,286,285,285,284,283
140,140,140,140,140,140,140,140,140,140,140
962,963,964,964,964,965,965,966,966,967,967
604,604,604,604,604,604,604,604,604,604,604
4,5,5,5,5,6,6,6,6,6,6
732,732,732,732,732,732,732,732,732,732,732
883,883,882,882,881,880,880,879,878,878,877
61,61,61,61,61,61,61,61,61,61,61
418,420,421,422,423,424,425,426,427,428,429
1019,1019,1019,1019,1019,1019,1019,1019,1019,1019,1019
291,291,290,289,289,288,287,286,285,284,283
140,140,140,140,140,140,140,140,140,140,140
961,963,963,964,964,965,965,966,966,966,967
605,605,605,605,605,605,605,605,605,605,605
4,5,5,5,5,5,6,6,6,6,6
732,732,732,732,732,732,732,732,732,732,732
883,883,883,882,881,881,880,879,879,878,877
62,62,62,62,62,62,62,62,62,62,62
418,420,421,422,423,423,424,425,426,427,428
1019,1019,1019,1019,1019,1019,1019,1019,1019,1019,1019
292,292,291,290,289,288,287,287,286,285,284
140,140,140,140,140,140,140,140,140,140,140
961,963,963,963,964,964,965,965,966,966,967
606,606,606,606,606,606,606,606,606,606,606
4,5,5,5,5,5,6,6,6,6,6
731,731,731,731,731,731,731,731,731,731,731
884,884,883,883,882,881,881,880,879,879,878
62,62,62,62,62,62,62,62,62,62,62
417,419,420,421,422,423,424,425,426,427,428
1019,1019,1019,1019,1019,1019,1019,1019,1019,1019,1019
292,292,291,291,290,289,288,287,286,285,284
139,139,139,139,139,139,139,139,139,139,139
961,962,963,963,964,964,965,965,965,966,966
606,606,606,606,606,606,606,606,606,606,606
4,5,5,5,5,5,5,6,6,6,6
731,731,731,731,731,731,731,731,731,731,731
884,884,884,883,882,882,881,880,880,879,878
62,62,62,62,62,62,62,62,62,62,62
417,418,419,420,421,422,423,424,425,426,427
1019,1019,1019,1019,1019,1019,1019,1019,1019,1019,1019
293,293,292,291,290,289,288,288,287,286,285
139,139,139,139,139,139,139,139,139,139,139
961,962,962,963,963,964,964,965,965,966,966
607,607,607,607,607,607,607,607,607,607,607
4,5,5,5,5,5,5,6,6,6,6
730,730,730,730,730,730,730,730,730,730,730
884,885,884,883,883,882,881,881,880,879,879
63,63,63,63,63,63,63,63,63,63,63
416,418,419,420,421,422,423,424,425,426,426
1019,1019,1019,1019,1019,1019,1019,1019,1019,1019,1019
293,293,292,292,291,290,289,288,287,286,286
138,138,138,138,138,138,138,138,138,138,138
960,962,962,963,963,964,964,964,965,965,966
607,607,607,607,607,607,607,607,607,607,607
4,5,5,5,5,5,5,5,6,6,6
730,730,730,730,730,730,730,730,730,730,730
885,885,884,884,883,882,882,881,880,880,879
63,63,63,63,63,63,63,63,63,63,63
415,417,418,419,420,421,422,423,424,425,426
1019,1019,1019,1019,1019,1019,1019,1019,1019,1019,1019
294,294,293,292,291,290,290,289,288,287,286
138,138,138,138,138,138,138,138,138,138,138
960,961,962,962,963,963,964,964,965,965,966
608,608,608,608,608,608,608,608,608,608,608
3,5,5,5,5,5,5,5,5,6,6
729,729,729,729,729,729,729,729,729,729,729
885,886,885,884,884,883,882,882,881,880,880
63,63,63,63,63,63,63,63,63,63,63
415,417,418,419,420,421,422,422,423,424,425
1020,1020,1020,1020,1020,1020,1020,1020,1020,1020,1020
294,294,294,293,292,291,290,289,288,287,287
138,138,138,138,138,138,138,138,138,138,138
960,961,962,962,963,963,963,964,964,965,965
608,608,608,608,608,608,608,608,608,608,608
3,5,5,5,5,5,5,5,5,6,6
728,728,728,728,728,728,728,728,728,728,728
886,886,885,885,884,883,883,882,881,881,880
63,63,63,63,63,63,63,63,63,63,63
414,416,417,418,419,420,421,422,423,424,425
1020,1020,1020,1020,1020,1020,1020,1020,1020,1020,1020
295,295,294,293,292,291,291,290,289,288,287
137,137,137,137,137,137,137,137,137,137,137
959,961,961,962,962,963,963,964,964,965,965
609,609,609,609,609,609,609,609,609,609,609
3,4,5,5,5,5,5,5,5,5,6
728,728,728,728,728,728,728,728,728,728,728
886,886,886,885,884,884,883,882,882,881,880
64,64,64,64,64,64,64,64,64,64,64
414,416,417,417,418,419,420,421,422,423,424
1020,1020,1020,1020,1020,1020,1020,1020,1020,1020,1020
295,295,295,294,293,292,291,290,289,289,288
137,137,137,137,137,137,137,137,137,137,137
959,961,961,962,962,962,963,963,964,964,965
610,610,610,610,610,610,610,610,610,610,610
3,4,4,5,5,5,5,5,5,5,6
727,727,727,727,727,727,727,727,727,727,727
886,887,886,885,885,884,883,883,882,881,881
64,64,64,64,64,64,64,64,64,64,64
413,415,416,417,418,419,420,421,422,423,424
1020,1020,1020,1020,1020,1020,1020,1020,1020,1020,1020
296,296,295,294,293,293,292,291,290,289,288
136,136,136,136,136,136,136,136,136,136,136
959,960,961,961,962,962,963,963,964,964,964
610,610,610,610,610,610,610,610,610,610,610
3,4,4,5,5,5,5,5,5,5,5
727,727,727,727,727,727,727,727,727,727,727
887,887,886,886,885,884,884,883,882,882,881
64,64,64,64,64,64,64,64,64,64,64
412,414,415,416,417,418,419,420,421,422,423
1020,1020,1020,1020,1020,1020,1020,1020,1020,1020,1020
296,297,296,295,294,293,292,291,290,290,289
136,136,136,136,136,136,136,136,136,136,136
959,960,960,961,961,962,962,963,963,964,964
611,611,611,611,611,611,611,611,611,611,611
3,4,4,4,5,5,5,5,5,5,5
726,726,726,726,726,726,726,726,726,726,726
887,888,887,886,886,885,884,884,883,882,882
65,65,65,65,65,65,65,65,65,65,65
412,414,415,416,417,418,419,420,421,421,422
1020,1020,1020,1020,1020,1020,1020,1020,1020,1020,1020
297,297,296,295,294,294,293,292,291,290,289
136,136,136,136,136,136,136,136,136,136,136
958,960,960,961,961,962,962,963,963,963,964
611,611,611,611,611,611,611,611,611,611,611
3,4,4,4,5,5,5,5,5,5,5
726,726,726,726,726,726,726,726,726,726,726
888,888,887,887,886,885,885,884,883,883,882
65,65,65,65,65,65,65,65,65,65,65
411,413,414,415,416,417,418,419,420,421,422
1020,1020,1020,1020,1020,1020,1020,1020,1020,1020,1020
298,298,297,296,295,294,293,292,292,291,290
135,135,135,135,135,135,135,135,135,135,135
958,959,960,960,961,961,962,962,963,963,964
612,612,612,612,612,612,612,612,612,612,612
3,4,4,4,4,5,5,5,5,5,5
725,725,725,725,725,725,725,725,725,725,725
888,888,888,887,886,886,885,884,884,883,882
65,65,65,65,65,65,65,65,65,65,65
411,413,414,415,416,417,417,418,419,420,421
1020,1020,1020,1020,1020,1020,1020,1020,1020,1020,1020
298,298,297,296,296,295,294,293,292,291,290
135,135,135,135,135,135,135,135,135,135,135
958,959,960,960,961,961,961,962,962,963,963
613,613,613,613,613,613,613,613,613,613,613
3,4,4,4,4,4,5,5,5,5,5
725,725,725,725,725,725,725,725,725,725,725
888,889,888,887,887,886,885,885,884,883,883
65,65,65,65,65,65,65,65,65,65,65
410,412,413,414,415,416,417,418,419,420,421
1020,1020,1020,1020,1020,1020,1020,1020,1020,1020,1020
299,299,298,297,296,295,294,293,293,292,291
134,134,134,134,134,134,134,134,134,134,134
957,959,959,960,960,961,961,962,962,963,963
613,613,613,613,613,613,613,613,613,613,613
3,4,4,4,4,4,5,5,5,5,5
724,724,724,724,724,724,724,724,724,724,724
889,889,888,888,887,886,886,885,885,884,883
66,66,66,66,66,66,66,66,66,66,66
410,412,413,413,414,415,416,417,418,419,420
1020,1020,1020,1020,1020,1020,1020,1020,1020,1020,1020
299,299,298,297,297,296,295,294,293,292,291
134,134,134,134,134,134,134,134,134,134,134
957,959,959,960,960,960,961,961,962,962,963
614,614,614,614,614,614,614,614,614,614,614
3,4,4,4,4,4,4,5,5,5,5
724,724,724,724,724,724,724,724,724,724,724
889,890,889,888,888,887,886,886,885,884,884
66,66,66,66,66,66,66,66,66,66,66
409,411,412,413,414,415,416,417,418,419,420
1020,1020,1020,1020,1020,1020,1020,1020,1020,1020,1020
300,300,299,298,297,296,295,295,294,293,292
134,134,134,134,134,134,134,134,134,134,134
957,958,959,959,960,960,961,961,962,962,962
614,614,614,614,614,614,614,614,614,614,614
3,4,4,4,4,4,4,5,5,5,5
723,723,723,723,723,723,723,723,723,723,723
890,890,889,889,888,887,887,886,885,885,884
66,66,66,66,66,66,66,66,66,66,66
408,410,411,412,413,414,415,416,417,418,419
1020,1020,1020,1020,1020,1020,1020,1020,1020,1020,1020
300,300,299,299,298,297,296,295,294,293,292
133,133,133,133,133,133,133,133,133,133,133
957,958,958,959,959,960,960,961,961,962,962
615,615,615,615,615,615,615,615,615,615,615
3,4,4,4,4,4,4,4,5,5,5
723,723,723,723,723,723,723,723,723,723,723
890,890,890,889,888,888,887,886,886,885,884
67,67,67,67,67,67,67,67,67,67,67
408,410,411,412,413,414,415,416,416,417,418
1020,1020,1020,1020,1020,1020,1020,1020,1020,1020,1020
301,301,300,299,298,297,296,296,295,294,293
133,133,133,133,133,133,133,133,133,133,133
956,958,958,959,959,960,960,961,961,961,962
615,615,615,615,615,615,615,615,615,615,615
3,4,4,4,4,4,4,4,4,5,5
722,722,722,722,722,722,722,722,722,722,722
890,891,890,889,889,888,887,887,886,885,885
67,67,67,67,67,67,67,67,67,67,67
407,409,410,411,412,413,414,415,416,417,418
1020,1020,1020,1020,1020,1020,1020,1020,1020,1020,1020
301,301,300,300,299,298,297,296,295,294,293
132,132,132,132,132,132,132,132,132,132,132
956,957,958,958,959,959,960,960,961,961,962
616,616,616,616,616,616,616,616,616,616,616
3,4,4,4,4,4,4,4,4,5,5
721,721,721,721,721,721,721,721,721,721,721
891,891,890,890,889,889,888,887,887,886,885
67,67,67,67,67,67,67,67,67,67,67
407,409,410,411,412,412,413,414,415,416,417
1021,1021,1021,1021,1021,1021,1021,1021,1021,1021,1021
302,302,301,300,299,298,298,297,296,295,294
132,132,132,132,132,132,132,132,132,132,132
956,957,958,958,959,959,959,960,960,961,961
617,617,617,617,617,617,617,617,617,617,617
2,4,4,4,4,4,4,4,4,4,5
721,721,721,721,721,721,721,721,721,721,721
891,892,891,890,890,889,888,888,887,886,886
68,68,68,68,68,68,68,68,68,68,68
406,408,409,410,411,412,413,414,415,416,417
1021,1021,1021,1021,1021,1021,1021,1021,1021,1021,1021
302,302,302,301,300,299,298,297,296,295,295
132,132,132,132,132,132,132,132,132,132,132
955,957,957,958,958,959,959,960,960,961,961
617,617,617,617,617,617,617,617,617,617,617
2,3,4,4,4,4,4,4,4,4,4
720,720,720,720,720,720,720,720,720,720,720
892,892,891,891,890,889,889,888,887,887,886
68,68,68,68,68,68,68,68,68,68,68
406,408,408,409,410,411,412,413,414,415,416
1021,1021,1021,1021,1021,1021,1021,1021,1021,1021,1021
303,303,302,301,300,299,299,298,297,296,295
131,131,131,131,131,131,131,131,131,131,131
955,957,957,957,958,958,959,959,960,960,961
618,618,618,618,618,618,618,618,618,618,618
2,3,4,4,4,4,4,4,4,4,4
720,720,720,720,720,720,720,720,720,720,720
892,892,892,891,890,890,889,888,888,887,886
68,68,68,68,68,68,68,68,68,68,68
405,407,408,409,410,411,412,413,414,415,415
1021,1021,1021,1021,1021,1021,1021,1021,1021,1021,1021
303,304,303,302,301,300,299,298,297,297,296
131,131,131,131,131,131,131,131,131,131,131
955,956,957,957,958,958,959,959,960,960,961
618,618,618,618,618,618,618,618,618,618,618
2,3,3,4,4,4,4,4,4,4,4
719,719,719,719,719,719,719,719,719,719,719
892,893,892,891,891,890,889,889,888,887,887
68,68,68,68,68,68,68,68,68,68,68
404,406,407,408,409,410,411,412,413,414,415
1021,1021,1021,1021,1021,1021,1021,1021,1021,1021,1021
304,304,303,302,301,301,300,299,298,297,296
130,130,130,130,130,130,130,130,130,130,130
954,956,956,957,957,958,958,959,959,960,960
619,619,619,619,619,619,619,619,619,619,619
2,3,3,4,4,4,4,4,4,4,4
719,719,719,719,719,719,719,719,719,719,719
893,893,892,892,891,890,890,889,889,888,887
69,69,69,69,69,69,69,69,69,69,69
404,406,407,408,409,410,411,411,412,413,414
1021,1021,1021,1021,1021,1021,1021,1021,1021,1021,1021
304,305,304,303,302,301,300,299,298,298,297
130,130,130,130,130,130,130,130,130,130,130
954,956,956,957,957,958,958,959,959,959,960
619,619,619,619,619,619,619,619,619,619,619
2,3,3,3,4,4,4,4,4,4,4
718,718,718,718,718,718,718,718,718,718,718
893,893,893,892,892,891,890,890,889,888,888
69,69,69,69,69,69,69,69,69,69,69
403,405,406,407,408,409,410,411,412,413,414
1021,1021,1021,1021,1021,1021,1021,1021,1021,1021,1021
305,305,304,303,302,302,301,300,299,298,297
130,130,130,130,130,130,130,130,130,130,130
954,955,956,956,957,957,958,958,959,959,960
620,620,620,620,620,620,620,620,620,620,620
2,3,3,3,3,4,4,4,4,4,4
718,718,718,718,718,718,718,718,718,718,718
894,894,893,893,892,891,891,890,889,889,888
69,69,69,69,69,69,69,69,69,69,69
403,405,406,407,407,408,409,410,411,412,413
1021,1021,1021,1021,1021,1021,1021,1021,1021,1021,1021
306,306,305,304,303,302,301,300,300,299,298
129,129,129,129,129,129,129,129,129,129,129
954,955,956,956,957,957,957,958,958,959,959
621,621,621,621,621,621,621,621,621,621,621
2,3,3,3,3,4,4,4,4,4,4
717,717,717,717,717,717,717,717,717,717,717
894,894,894,893,892,892,891,890,890,889,888
70,70,70,70,70,70,70,70,70,70,70
402,404,405,406,407,408,409,410,411,412,413
1021,1021,1021,1021,1021,1021,1021,1021,1021,1021,1021
306,306,305,304,304,303,302,301,300,299,298
129,129,129,129,129,129,129,129,129,129,129
953,955,955,956,956,957,957,958,958,959,959
621,621,621,621,621,621,621,621,621,621,621
2,3,3,3,3,3,4,4,4,4,4
717,717,717,717,717,717,717,717,717,717,717
894,895,894,893,893,892,891,891,890,889,889
70,70,70,70,70,70,70,70,70,70,70
402,403,404,405,406,407,408,409,410,411,412
1021,1021,1021,1021,1021,1021,1021,1021,1021,1021,1021
307,307,306,305,304,303,302,301,301,300,299
129,129,129,129,129,129,129,129,129,129,129
953,954,955,955,956,956,957,957,958,958,959
622,622,622,622,622,622,622,622,622,622,622
2,3,3,3,3,3,4,4,4,4,4
716,716,716,716,716,716,716,716,716,716,716
895,895,894,894,893,892,892,891,891,890,889
70,70,70,70,70,70,70,70,70,70,70
401,403,404,405,406,407,408,409,410,410,411
1021,1021,1021,1021,1021,1021,1021,1021,1021,1021,1021
307,307,306,306,305,304,303,302,301,300,299
128,128,128,128,128,128,128,128,128,128,128
953,954,955,955,956,956,957,957,958,958,959
622,622,622,622,622,622,622,622,622,622,622
2,3,3,3,3,3,3,4,4,4,4
716,716,716,716,716,716,716,716,716,716,716
895,895,895,894,894,893,892,892,891,890,890
70,70,70,70,70,70,70,70,70,70,70
400,402,403,404,405,406,407,408,409,410,411
1021,1021,1021,1021,1021,1021,1021,1021,1021,1021,1021
308,308,307,306,305,304,303,303,302,301,300
128,128,128,128,128,128,128,128,128,128,128
952,954,954,955,955,956,956,957,957,958,958
623,623,623,623,623,623,623,623,623,623,623
2,3,3,3,3,3,3,3,4,4,4
715,715,715,715,715,715,715,715,715,715,715
895,896,895,895,894,893,893,892,891,891,890
71,71,71,71,71,71,71,71,71,71,71
400,402,403,404,405,406,406,407,408,409,410
1021,1021,1021,1021,1021,1021,1021,1021,1021,1021,1021
308,308,307,307,306,305,304,303,302,301,300
127,127,127,127,127,127,127,127,127,127,127
952,954,954,955,955,956,956,956,957,957,958
623,623,623,623,623,623,623,623,623,623,623
2,3,3,3,3,3,3,3,4,4,4
714,714,714,714,714,714,714,714,714,714,714
896,896,896,895,894,894,893,892,892,891,890
71,71,71,71,71,71,71,71,71,71,71
399,401,402,403,404,405,406,407,408,409,410
1021,1021,1021,1021,1021,1021,1021,1021,1021,1021,1021
309,309,308,307,306,305,304,304,303,302,301
127,127,127,127,127,127,127,127,127,127,127
952,953,954,954,955,955,956,956,957,957,958
624,624,624,624,624,624,624,624,624,624,624
2,3,3,3,3,3,3,3,3,4,4
714,714,714,714,714,714,714,714,714,714,714
896,897,896,895,895,894,893,893,892,891,891
71,71,71,71,71,71,71,71,71,71,71
399,401,402,402,403,404,405,406,407,408,409
1021,1021,1021,1021,1021,1021,1021,1021,1021,1021,1021
309,309,309,308,307,306,305,304,303,302,302
127,127,127,127,127,127,127,127,127,127,127
951,953,953,954,954,955,955,956,956,957,957
625,625,625,625,625,625,625,625,625,625,625
2,3,3,3,3,3,3,3,3,3,4
713,713,713,713,713,713,713,713,713,713,713
897,897,896,896,895,894,894,893,893,892,891
72,72,72,72,72,72,72,72,72,72,72
398,400,401,402,403,404,405,406,407,408,409
1021,1021,1021,1021,1021,1021,1021,1021,1021,1021,1021
310,310,309,308,307,306,306,305,304,303,302
126,126,126,126,126,126,126,126,126,126,126
951,953,953,954,954,955,955,956,956,957,957
625,625,625,625,625,625,625,625,625,625,625
2,3,3,3,3,3,3,3,3,3,4
713,713,713,713,713,713,713,713,713,713,713
897,897,897,896,895,895,894,894,893,892,892
72,72,72,72,72,72,72,72,72,72,72
398,399,400,401,402,403,404,405,406,407,408
1021,1021,1021,1021,1021,1021,1021,1021,1021,1021,1021
310,311,310,309,308,307,306,305,304,303,303
126,126,126,126,126,126,126,126,126,126,126
951,952,953,953,954,954,955,955,956,956,957
626,626,626,626,626,626,626,626,626,626,626
2,3,3,3,3,3,3,3,3,3,3
712,712,712,712,712,712,712,712,712,712,712
897,898,897,897,896,895,895,894,893,893,892
72,72,72,72,72,72,72,72,72,72,72
397,399,400,401,402,403,404,405,405,406,407
1022,1022,1022,1022,1022,1022,1022,1022,1022,1022,1022
311,311,310,309,308,308,307,306,305,304,303
125,125,125,125,125,125,125,125,125,125,125
951,952,953,953,954,954,955,955,955,956,956
626,626,626,626,626,626,626,626,626,626,626
1,3,3,3,3,3,3,3,3,3,3
712,712,712,712,712,712,712,712,712,712,712
898,898,898,897,896,896,895,894,894,893,892
73,73,73,73,73,73,73,73,73,73,73
396,398,399,400,401,402,403,404,405,406,407
1022,1022,1022,1022,1022,1022,1022,1022,1022,1022,1022
312,312,311,310,309,308,307,306,305,305,304
125,125,125,125,125,125,125,125,125,125,125
950,952,952,953,953,954,954,955,955,956,956
627,627,627,627,627,627,627,627,627,627,627
1,3,3,3,3,3,3,3,3,3,3
711,711,711,711,711,711,711,711,711,711,711
898,899,898,897,897,896,895,895,894,893,893
73,73,73,73,73,73,73,73,73,73,73
396,398,399,400,401,402,402,403,404,405,406
1022,1022,1022,1022,1022,1022,1022,1022,1022,1022,1022
312,312,311,310,310,309,308,307,306,305,304
125,125,125,125,125,125,125,125,125,125,125
950,951,952,952,953,953,954,954,955,955,956
627,627,627,627,627,627,627,627,627,627,627
1,2,3,3,3,3,3,3,3,3,3
711,711,711,711,711,711,711,711,711,711,711
899,899,898,898,897,896,896,895,894,894,893
73,73,73,73,73,73,73,73,73,73,73
395,397,398,399,400,401,402,403,404,405,406
1022,1022,1022,1022,1022,1022,1022,1022,1022,1022,1022
313,313,312,311,310,309,308,307,307,306,305
124,124,124,124,124,124,124,124,124,124,124
950,951,952,952,953,953,954,954,955,955,956
628,628,628,628,628,628,628,628,628,628,628
1,2,2,3,3,3,3,3,3,3,3
710,710,710,710,710,710,710,710,710,710,710
899,899,899,898,897,897,896,896,895,894,894
73,73,73,73,73,73,73,73,73,73,73
395,397,398,398,399,400,401,402,403,404,405
1022,1022,1022,1022,1022,1022,1022,1022,1022,1022,1022
313,313,312,311,311,310,309,308,307,306,305
124,124,124,124,124,124,124,124,124,124,124
949,951,951,952,952,953,953,954,954,955,955
629,629,629,629,629,629,629,629,629,629,629
1,2,2,3,3,3,3,3,3,3,3
710,710,710,710,710,710,710,710,710,710,710
899,900,899,898,898,897,897,896,895,895,894
74,74,74,74,74,74,74,74,74,74,74
394,396,397,398,399,400,401,402,403,404,404
1022,1022,1022,1022,1022,1022,1022,1022,1022,1022,1022
314,314,313,312,311,310,309,308,308,307,306
123,123,123,123,123,123,123,123,123,123,123
949,951,951,952,952,953,953,954,954,955,955
629,629,629,629,629,629,629,629,629,629,629
1,2,2,2,3,3,3,3,3,3,3
709,709,709,709,709,709,709,709,709,709,709
900,900,899,899,898,898,897,896,896,895,894
74,74,74,74,74,74,74,74,74,74,74
394,395,396,397,398,399,400,401,402,403,404
1022,1022,1022,1022,1022,1022,1022,1022,1022,1022,1022
314,314,313,313,312,311,310,309,308,307,306
123,123,123,123,123,123,123,123,123,123,123
949,950,951,951,952,952,953,953,954,954,955
630,630,630,630,630,630,630,630,630,630,630
1,2,2,2,3,3,3,3,3,3,3
709,709,709,709,709,709,709,709,709,709,709
900,900,900,899,899,898,897,897,896,895,895
74,74,74,74,74,74,74,74,74,74,74
393,395,396,397,398,399,400,401,401,402,403
1022,1022,1022,1022,1022,1022,1022,1022,1022,1022,1022
315,315,314,313,312,311,310,310,309,308,307
123,123,123,123,123,123,123,123,123,123,123
948,950,950,951,951,952,952,953,953,954,954
630,630,630,630,630,630,630,630,630,630,630
1,2,2,2,2,3,3,3,3,3,3
708,708,708,708,708,708,708,708,708,708,708
900,901,900,900,899,898,898,897,896,896,895
75,75,75,75,75,75,75,75,75,75,75
392,394,395,396,397,398,399,400,401,402,403
1022,1022,1022,1022,1022,1022,1022,1022,1022,1022,1022
315,315,315,314,313,312,311,310,309,308,307
122,122,122,122,122,122,122,122,122,122,122
948,950,950,951,951,952,952,953,953,954,954
631,631,631,631,631,631,631,631,631,631,631
1,2,2,2,2,2,3,3,3,3,3
707,707,707,707,707,707,707,707,707,707,707
901,901,901,900,899,899,898,897,897,896,896
75,75,75,75,75,75,75,75,75,75,75
392,394,395,396,397,397,398,399,400,401,402
1022,1022,1022,1022,1022,1022,1022,1022,1022,1022,1022
316,316,315,314,313,312,312,311,310,309,308
122,122,122,122,122,122,122,122,122,122,122
948,949,950,950,951,951,952,952,953,953,954
632,632,632,632,632,632,632,632,632,632,632
1,2,2,2,2,2,3,3,3,3,3
707,707,707,707,707,707,707,707,707,707,707
901,902,901,900,900,899,898,898,897,897,896
75,75,75,75,75,75,75,75,75,75,75
391,393,394,395,396,397,398,399,400,401,402
1022,1022,1022,1022,1022,1022,1022,1022,1022,1022,1022
316,317,316,315,314,313,312,311,310,309,309
122,122,122,122,122,122,122,122,122,122,122
948,949,950,950,951,951,952,952,953,953,953
632,632,632,632,632,632,632,632,632,632,632
1,2,2,2,2,2,2,3,3,3,3
706,706,706,706,706,706,706,706,706,706,706
902,902,901,901,900,900,899,898,898,897,896
76,76,76,76,76,76,76,76,76,76,76
391,393,394,394,395,396,397,398,399,400,401
1022,1022,1022,1022,1022,1022,1022,1022,1022,1022,1022
317,317,316,315,314,313,313,312,311,310,309
121,121,121,121,121,121,121,121,121,121,121
947,949,949,950,950,951,951,952,952,953,953
633,633,633,633,633,633,633,633,633,633,633
1,2,2,2,2,2,2,2,3,3,3
706,706,706,706,706,706,706,706,706,706,706
902,902,902,901,901,900,899,899,898,897,897
76,76,76,76,76,76,76,76,76,76,76
390,392,393,394,395,396,397,398,399,400,400
1022,1022,1022,1022,1022,1022,1022,1022,1022,1022,1022
317,318,317,316,315,314,313,312,311,310,310
121,121,121,121,121,121,121,121,121,121,121
947,948,949,949,950,950,951,951,952,952,953
633,633,633,633,633,633,633,633,633,633,633
1,2,2,2,2,2,2,2,3,3,3
705,705,705,705,705,705,705,705,705,705,705
902,903,902,902,901,900,900,899,898,898,897
76,76,76,76,76,76,76,76,76,76,76
389,391,392,393,394,395,396,397,398,399,400
1022,1022,1022,1022,1022,1022,1022,1022,1022,1022,1022
318,318,317,316,315,315,314,313,312,311,310
120,120,120,120,120,120,120,120,120,120,120
947,948,949,949,950,950,951,951,952,952,953
634,634,634,634,634,634,634,634,634,634,634
1,2,2,2,2,2,2,2,2,3,3
705,705,705,705,705,705,705,705,705,705,705
903,903,903,902,901,901,900,899,899,898,897
77,77,77,77,77,77,77,77,77,77,77
389,391,392,393,394,395,396,396,397,398,399
1022,1022,1022,1022,1022,1022,1022,1022,1022,1022,1022
319,319,318,317,316,315,314,313,312,312,311
120,120,120,120,120,120,120,120,120,120,120
946,948,948,949,949,950,950,951,951,952,952
634,634,634,634,634,634,634,634,634,634,634
1,2,2,2,2,2,2,2,2,3,3
704,704,704,704,704,704,704,704,704,704,704
903,904,903,902,902,901,900,900,899,899,898
77,77,77,77,77,77,77,77,77,77,77
388,390,391,392,393,394,395,396,397,398,399
1022,1022,1022,1022,1022,1022,1022,1022,1022,1022,1022
319,319,318,317,317,316,315,314,313,312,311
120,120,120,120,120,120,120,120,120,120,120
946,947,948,948,949,949,950,951,951,951,952
635,635,635,635,635,635,635,635,635,635,635
1,2,2,2,2,2,2,2,2,2,3
704,704,704,704,704,704,704,704,704,704,704
904,904,903,903,902,901,901,900,900,899,898
77,77,77,77,77,77,77,77,77,77,77
388,390,391,392,393,393,394,395,396,397,398
1022,1022,1022,1022,1022,1022,1022,1022,1022,1022,1022
320,320,319,318,317,316,315,314,314,313,312
119,119,119,119,119,119,119,119,119,119,119
946,947,948,948,949,949,950,950,951,951,952
636,636,636,636,636,636,636,636,636,636,636
1,2,2,2,2,2,2,2,2,2,2
703,703,703,703,703,703,703,703,703,703,703
904,904,904,903,902,902,901,901,900,899,899
78,78,78,78,78,78,78,78,78,78,78
387,389,390,391,392,393,394,395,396,397,398
1022,1022,1022,1022,1022,1022,1022,1022,1022,1022,1022
320,320,319,319,318,317,316,315,314,313,312
119,119,119,119,119,119,119,119,119,119,119
945,947,947,948,948,949,949,950,950,951,951
636,636,636,636,636,636,636,636,636,636,636
1,2,2,2,2,2,2,2,2,2,2
703,703,703,703,703,703,703,703,703,703,703
904,905,904,903,903,902,902,901,900,900,899
78,78,78,78,78,78,78,78,78,78,78
387,389,390,390,391,392,393,394,395,396,397
1022,1022,1022,1022,1022,1022,1022,1022,1022,1022,1022
321,321,320,319,318,317,316,316,315,314,313
119,119,119,119,119,119,119,119,119,119,119
945,947,947,948,948,949,949,950,950,951,951
637,637,637,637,637,637,637,637,637,637,637
1,2,2,2,2,2,2,2,2,2,2
702,702,702,702,702,702,702,702,702,702,702
905,905,904,904,903,903,902,901,901,900,899
78,78,78,78,78,78,78,78,78,78,78
386,388,389,390,391,392,393,394,395,396,396
1022,1022,1022,1022,1022,1022,1022,1022,1022,1022,1022
321,321,321,320,319,318,317,316,315,314,313
118,118,118,118,118,118,118,118,118,118,118
945,946,947,947,948,948,949,949,950,950,951
637,637,637,637,637,637,637,637,637,637,637
1,2,2,2,2,2,2,2,2,2,2
701,701,701,701,701,701,701,701,701,701,701
905,905,905,904,904,903,902,902,901,900,900
78,78,78,78,78,78,78,78,78,78,78
385,387,388,389,390,391,392,393,394,395,396
1022,1022,1022,1022,1022,1022,1022,1022,1022,1022,1022
322,322,321,320,319,318,317,317,316,315,314
118,118,118,118,118,118,118,118,118,118,118
944,946,946,947,947,948,948,949,949,950,950
638,638,638,638,638,638,638,638,638,638,638
1,2,2,2,2,2,2,2,2,2,2
701,701,701,701,701,701,701,701,701,701,701
905,906,905,905,904,903,903,902,901,901,900
79,79,79,79,79,79,79,79,79,79,79
385,387,388,389,390,391,392,392,393,394,395
1022,1022,1022,1022,1022,1022,1022,1022,1022,1022,1022
322,323,322,321,320,319,318,317,316,315,314
117,117,117,117,117,117,117,117,117,117,117
944,946,946,947,947,948,948,949,949,950,950
638,638,638,638,638,638,638,638,638,638,638
1,2,2,2,2,2,2,2,2,2,2
700,700,700,700,700,700,700,700,700,700,700
906,906,906,905,904,904,903,902,902,901,901
79,79,79,79,79,79,79,79,79,79,79
384,386,387,388,389,390,391,392,393,394,395
1022,1022,1022,1022,1022,1022,1022,1022,1022,1022,1022
323,323,322,321,320,319,319,318,317,316,315
117,117,117,117,117,117,117,117,117,117,117
944,945,946,946,947,947,948,948,949,949,950
639,639,639,639,639,639,639,639,639,639,639
0,2,2,2,2,2,2,2,2,2,2
700,700,700,700,700,700,700,700,700,700,700
906,907,906,905,905,904,903,903,902,902,901
79,79,79,79,79,79,79,79,79,79,79
384,386,387,388,389,389,390,391,392,393,394
1023,1023,1023,1023,1023,1023,1023,1023,1023,1023,1023
324,324,323,322,321,320,319,318,317,316,316
117,117,117,117,117,117,117,117,117,117,117
943,945,945,946,947,947,948,948,949,949,950
640,640,640,640,640,640,640,640,640,640,640
0,2,2,2,2,2,2,2,2,2,2
699,699,699,699,699,699,699,699,699,699,699
907,907,906,906,905,904,904,903,903,902,901
80,80,80,80,80,80,80,80,80,80,80
383,385,386,387,388,389,390,391,392,393,394
1023,1023,1023,1023,1023,1023,1023,1023,1023,1023,1023
324,324,323,322,321,321,320,319,318,317,316
116,116,116,116,116,116,116,116,116,116,116
943,945,945,946,946,947,947,948,948,949,949
640,640,640,640,640,640,640,640,640,640,640
0,1,2,2,2,2,2,2,2,2,2
699,699,699,699,699,699,699,699,699,699,699
907,907,907,906,905,905,904,904,903,902,902
80,80,80,80,80,80,80,80,80,80,80
383,385,386,386,387,388,389,390,391,392,393
1023,1023,1023,1023,1023,1023,1023,1023,1023,1023,1023
325,325,324,323,322,321,320,319,318,318,317
116,116,116,116,116,116,116,116,116,116,116
943,944,945,945,946,946,947,947,948,948,949
641,641,641,641,641,641,641,641,641,641,641
0,1,2,2,2,2,2,2,2,2,2
698,698,698,698,698,698,698,698,698,698,698
907,908,907,906,906,905,905,904,903,903,902
80,80,80,80,80,80,80,80,80,80,80
382,384,385,386,387,388,389,390,391,391,392
1023,1023,1023,1023,1023,1023,1023,1023,1023,1023,1023
325,325,324,323,323,322,321,320,319,318,317
116,116,116,116,116,116,116,116,116,116,116
943,944,945,945,946,946,947,947,948,948,949
641,641,641,641,641,641,641,641,641,641,641
0,1,1,2,2,2,2,2,2,2,2
698,698,698,698,698,698,698,698,698,698,698
908,908,907,907,906,906,905,904,904,903,902
81,81,81,81,81,81,81,81,81,81,81
382,383,384,385,386,387,388,389,390,391,392
1023,1023,1023,1023,1023,1023,1023,1023,1023,1023,1023
326,326,325,324,323,322,321,320,320,319,318
115,115,115,115,115,115,115,115,115,115,115
942,944,944,945,945,946,946,947,947,948,948
642,642,642,642,642,642,642,642,642,642,642
0,1,1,1,2,2,2,2,2,2,2
697,697,697,697,697,697,697,697,697,697,697
908,908,908,907,907,906,905,905,904,904,903
81,81,81,81,81,81,81,81,81,81,81
381,383,384,385,386,387,388,388,389,390,391
1023,1023,1023,1023,1023,1023,1023,1023,1023,1023,1023
326,326,325,325,324,323,322,321,320,319,318
115,115,115,115,115,115,115,115,115,115,115
942,943,944,944,945,945,946,946,947,948,948
642,642,642,642,642,642,642,642,642,642,642
0,1,1,1,2,2,2,2,2,2,2
696,696,696,696,696,696,696,696,696,696,696
908,909,908,908,907,906,906,905,905,904,903
81,81,81,81,81,81,81,81,81,81,81
380,382,383,384,385,386,387,388,389,390,391
1023,1023,1023,1023,1023,1023,1023,1023,1023,1023,1023
327,327,326,325,324,323,322,322,321,320,319
114,114,114,114,114,114,114,114,114,114,114
942,943,944,944,945,945,946,946,947,947,948
643,643,643,643,643,643,643,643,643,643,643
0,1,1,1,1,2,2,2,2,2,2
696,696,696,696,696,696,696,696,696,696,696
909,909,909,908,907,907,906,906,905,904,904
82,82,82,82,82,82,82,82,82,82,82
380,382,383,384,385,385,386,387,388,389,390
1023,1023,1023,1023,1023,1023,1023,1023,1023,1023,1023
327,327,327,326,325,324,323,322,321,320,319
114,114,114,114,114,114,114,114,114,114,114
941,943,943,944,944,945,945,946,946,947,947
643,643,643,643,643,643,643,643,643,643,643
0,1,1,1,1,2,2,2,2,2,2
695,695,695,695,695,695,695,695,695,695,695
909,910,909,908,908,907,906,906,905,905,904
82,82,82,82,82,82,82,82,82,82,82
379,381,382,383,384,385,386,387,388,389,390
1023,1023,1023,1023,1023,1023,1023,1023,1023,1023,1023
328,328,327,326,325,324,324,323,322,321,320
114,114,114,114,114,114,114,114,114,114,114
941,942,943,943,944,945,945,946,946,947,947
644,644,644,644,644,644,644,644,644,644,644
0,1,1,1,1,1,2,2,2,2,2
695,695,695,695,695,695,695,695,695,695,695
910,910,909,909,908,907,907,906,906,905,904
82,82,82,82,82,82,82,82,82,82,82
379,381,382,382,383,384,385,386,387,388,389
1023,1023,1023,1023,1023,1023,1023,1023,1023,1023,1023
328,329,328,327,326,325,324,323,322,321,320
113,113,113,113,113,113,113,113,113,113,113
941,942,943,943,944,944,945,945,946,946,947
645,645,645,645,645,645,645,645,645,645,645
0,1,1,1,1,1,1,2,2,2,2
694,694,694,694,694,694,694,694,694,694,694
910,910,910,909,908,908,907,907,906,905,905
83,83,83,83,83,83,83,83,83,83,83
378,380,381,382,383,384,385,386,387,387,388
1023,1023,1023,1023,1023,1023,1023,1023,1023,1023,1023
329,329,328,327,326,325,325,324,323,322,321
113,113,113,113,113,113,113,113,113,113,113
940,942,942,943,943,944,944,945,945,946,946
645,645,645,645,645,645,645,645,645,645,645
0,1,1,1,1,1,1,2,2,2,2
694,694,694,694,694,694,694,694,694,694,694
910,911,910,909,909,908,908,907,906,906,905
83,83,83,83,83,83,83,83,83,83,83
378,379,380,381,382,383,384,385,386,387,388
1023,1023,1023,1023,1023,1023,1023,1023,1023,1023,1023
330,330,329,328,327,326,325,324,323,322,322
113,113,113,113,113,113,113,113,113,113,113
940,941,942,943,943,944,944,945,945,946,946
646,646,646,646,646,646,646,646,646,646,646
0,1,1,1,1,1,1,1,2,2,2
693,693,693,693,693,693,693,693,693,693,693
911,911,910,910,909,909,908,907,907,906,906
83,83,83,83,83,83,83,83,83,83,83
377,379,380,381,382,383,384,384,385,386,387
1023,1023,1023,1023,1023,1023,1023,1023,1023,1023,1023
330,330,329,328,327,327,326,325,324,323,322
112,112,112,112,112,112,112,112,112,112,112
940,941,942,942,943,943,944,944,945,945,946
646,646,646,646,646,646,646,646,646,646,646
0,1,1,1,1,1,1,1,2,2,2
693,693,693,693,693,693,693,693,693,693,693
911,911,911,910,910,909,908,908,907,907,906
84,84,84,84,84,84,84,84,84,84,84
376,378,379,380,381,382,383,384,385,386,387
1023,1023,1023,1023,1023,1023,1023,1023,1023,1023,1023
331,331,330,329,328,327,326,325,324,324,323
112,112,112,112,112,112,112,112,112,112,112
939,941,941,942,942,943,943,944,944,945,946
647,647,647,647,647,647,647,647,647,647,647
0,1,1,1,1,1,1,1,1,2,2
692,692,692,692,692,692,692,692,692,692,692
911,912,911,911,910,909,909,908,908,907,906
84,84,84,84,84,84,84,84,84,84,84
376,378,379,380,381,381,382,383,384,385,386
1023,1023,1023,1023,1023,1023,1023,1023,1023,1023,1023
331,331,330,329,329,328,327,326,325,324,323
111,111,111,111,111,111,111,111,111,111,111
939,941,941,942,942,943,943,944,944,945,945
647,647,647,647,647,647,647,647,647,647,647
0,1,1,1,1,1,1,1,1,1,2
692,692,692,692,692,692,692,692,692,692,692
912,912,912,911,910,910,909,909,908,907,907
84,84,84,84,84,84,84,84,84,84,84
375,377,378,379,380,381,382,383,384,385,386
1023,1023,1023,1023,1023,1023,1023,1023,1023,1023,1023
332,332,331,330,329,328,327,326,326,325,324
111,111,111,111,111,111,111,111,111,111,111
939,940,941,941,942,942,943,943,944,944,945
648,648,648,648,648,648,648,648,648,648,648
0,1,1,1,1,1,1,1,1,1,2
691,691,691,691,691,691,691,691,691,691,691
912,913,912,911,911,910,909,909,908,908,907
85,85,85,85,85,85,85,85,85,85,85
375,377,378,378,379,380,381,382,383,384,385
1023,1023,1023,1023,1023,1023,1023,1023,1023,1023,1023
332,332,331,331,330,329,328,327,326,325,324
111,111,111,111,111,111,111,111,111,111,111
938,940,940,941,941,942,942,943,944,944,945
649,649,649,649,649,649,649,649,649,649,649
0,1,1,1,1,1,1,1,1,1,1
690,690,690,690,690,690,690,690,690,690,690
912,913,912,912,911,910,910,909,909,908,907
85,85,85,85,85,85,85,85,85,85,85
374,376,377,378,379,380,381,382,383,383,384
1023,1023,1023,1023,1023,1023,1023,1023,1023,1023,1023
333,333,332,331,330,329,328,328,327,326,325
110,110,110,110,110,110,110,110,110,110,110
938,940,940,941,941,942,942,943,943,944,944
649,649,649,649,649,649,649,649,649,649,649
0,1,1,1,1,1,1,1,1,1,1
690,690,690,690,690,690,690,690,690,690,690
913,913,913,912,911,911,910,910,909,908,908
85,85,85,85,85,85,85,85,85,85,85
374,375,376,377,378,379,380,381,382,383,384
1023,1023,1023,1023,1023,1023,1023,1023,1023,1023,1023
333,333,333,332,331,330,329,328,327,326,325
110,110,110,110,110,110,110,110,110,110,110
938,939,940,940,941,941,942,942,943,943,944
650,650,650,650,650,650,650,650,650,650,650
0,1,1,1,1,1,1,1,1,1,1
689,689,689,689,689,689,689,689,689,689,689
913,914,913,912,912,911,911,910,909,909,908
85,85,85,85,85,85,85,85,85,85,85
373,375,376,377,378,379,380,380,381,382,383
1023,1023,1023,1023,1023,1023,1023,1023,1023,1023,1023
334,334,333,332,331,330,330,329,328,327,326
110,110,110,110,110,110,110,110,110,110,110
937,939,939,940,940,941,942,942,943,943,944
650,650,650,650,650,650,650,650,650,650,650
0,1,1,1,1,1,1,1,1,1,1
689,689,689,689,689,689,689,689,689,689,689
914,914,913,913,912,912,911,910,910,909,909
86,86,86,86,86,86,86,86,86,86,86
372,374,375,376,377,378,379,380,381,382,383
1023,1023,1023,1023,1023,1023,1023,1023,1023,1023,1023
335,335,334,333,332,331,330,329,328,327,326
109,109,109,109,109,109,109,109,109,109,109
937,939,939,940,940,941,941,942,942,943,943
651,651,651,651,651,651,651,651,651,651,651
0,1,1,1,1,1,1,1,1,1,1
688,688,688,688,688,688,688,688,688,688,688
914,914,914,913,913,912,911,911,910,910,909
86,86,86,86,86,86,86,86,86,86,86
372,374,375,376,377,377,378,379,380,381,382
1023,1023,1023,1023,1023,1023,1023,1023,1023,1023,1023
335,335,334,333,332,332,331,330,329,328,327
109,109,109,109,109,109,109,109,109,109,109
937,938,939,939,940,940,941,941,942,942,943
651,651,651,651,651,651,651,651,651,651,651
0,1,1,1,1,1,1,1,1,1,1
688,688,688,688,688,688,688,688,688,688,688
914,915,914,914,913,912,912,911,910,910,909
86,86,86,86,86,86,86,86,86,86,86
371,373,374,375,376,377,378,379,380,381,382
1023,1023,1023,1023,1023,1023,1023,1023,1023,1023,1023
336,336,335,334,333,332,331,330,329,328,328
109,109,109,109,109,109,109,109,109,109,109
936,938,938,939,940,940,941,941,942,942,943
652,652,652,652,652,652,652,652,652,652,652
0,1,1,1,1,1,1,1,1,1,1
687,687,687,687,687,687,687,687,687,687,687
915,915,914,914,913,913,912,911,911,910,910
87,87,87,87,87,87,87,87,87,87,87
371,373,374,374,375,376,377,378,379,380,381
1023,1023,1023,1023,1023,1023,1023,1023,1023,1023,1023
336,336,335,334,334,333,332,331,330,329,328
108,108,108,108,108,108,108,108,108,108,108
936,938,938,939,939,940,940,941,941,942,942
653,653,653,653,653,653,653,653,653,653,653
0,1,1,1,1,1,1,1,1,1,1
687,687,687,687,687,687,687,687,687,687,687
915,915,915,914,914,913,912,912,911,911,910
87,87,87,87,87,87,87,87,87,87,87
370,372,373,374,375,376,377,378,379,380,380
1023,1023,1023,1023,1023,1023,1023,1023,1023,1023,1023
337,337,336,335,334,333,332,331,330,330,329
108,108,108,108,108,108,108,108,108,108,108
936,937,938,938,939,939,940,940,941,942,942
653,653,653,653,653,653,653,653,653,653,653
0,1,1,1,1,1,1,1,1,1,1
686,686,686,686,686,686,686,686,686,686,686
915,916,915,915,914,913,913,912,912,911,910
87,87,87,87,87,87,87,87,87,87,87
370,372,372,373,374,375,376,377,378,379,380
1023,1023,1023,1023,1023,1023,1023,1023,1023,1023,1023
337,337,336,336,335,334,333,332,331,330,329
107,107,107,107,107,107,107,107,107,107,107
935,937,937,938,939,939,940,940,941,941,942
654,654,654,654,654,654,654,654,654,654,654
0,1,1,1,1,1,1,1,1,1,1
685,685,685,685,685,685,685,685,685,685,685
916,916,916,915,914,914,913,913,912,911,911
88,88,88,88,88,88,88,88,88,88,88
369,371,372,373,374,375,376,377,377,378,379
1023,1023,1023,1023,1023,1023,1023,1023,1023,1023,1023
338,338,337,336,335,334,333,332,332,331,330
107,107,107,107,107,107,107,107,107,107,107
935,937,937,938,938,939,939,940,940,941,941
654,654,654,654,654,654,654,654,654,654,654
0,1,1,1,1,1,1,1,1,1,1
685,685,685,685,685,685,685,685,685,685,685
916,917,916,915,915,914,914,913,912,912,911
88,88,88,88,88,88,88,88,88,88,88
368,370,371,372,373,374,375,376,377,378,379
1023,1023,1023,1023,1023,1023,1023,1023,1023,1023,1023
338,338,338,337,336,335,334,333,332,331,330
107,107,107,107,107,107,107,107,107,107,107
935,936,937,937,938,938,939,939,940,941,941
655,655,655,655,655,655,655,655,655,655,655
0,1,1,1,1,1,1,1,1,1,1
684,684,684,684,684,684,684,684,684,684,684
916,917,916,916,915,915,914,913,913,912,912
88,88,88,88,88,88,88,88,88,88,88
368,370,371,372,373,374,374,375,376,377,378
1023,1023,1023,1023,1023,1023,1023,1023,1023,1023,1023
339,339,338,337,336,335,334,334,333,332,331
106,106,106,106,106,106,106,106,106,106,106
934,936,936,937,938,938,939,939,940,940,941
655,655,655,655,655,655,655,655,655,655,655
0,1,1,1,1,1,1,1,1,1,1
684,684,684,684,684,684,684,684,684,684,684
917,917,917,916,915,915,914,914,913,912,912
89,89,89,89,89,89,89,89,89,89,89
367,369,370,371,372,373,374,375,376,377,378
1023,1023,1023,1023,1023,1023,1023,1023,1023,1023,1023
339,340,339,338,337,336,335,334,333,332,331
106,106,106,106,106,106,106,106,106,106,106
934,936,936,937,937,938,938,939,939,940,940
656,656,656,656,656,656,656,656,656,656,656
0,1,1,1,1,1,1,1,1,1,1
683,683,683,683,683,683,683,683,683,683,683
917,918,917,916,916,915,915,914,913,913,912
89,89,89,89,89,89,89,89,89,89,89
367,369,370,371,371,372,373,374,375,376,377
1023,1023,1023,1023,1023,1023,1023,1023,1023,1023,1023
340,340,339,338,337,337,336,335,334,333,332
106,106,106,106,106,106,106,106,106,106,106
934,935,936,936,937,937,938,938,939,940,940
657,657,657,657,657,657,657,657,657,657,657
0,1,1,1,1,1,1,1,1,1,1
683,683,683,683,683,683,683,683,683,683,683
918,918,917,917,916,916,915,914,914,913,913
89,89,89,89,89,89,89,89,89,89,89
366,368,369,370,371,372,373,374,375,376,376
1023,1023,1023,1023,1023,1023,1023,1023,1023,1023,1023
341,341,340,339,338,337,336,335,334,333,333
105,105,105,105,105,105,105,105,105,105,105
933,935,935,936,937,937,938,938,939,939,940
657,657,657,657,657,657,657,657,657,657,657
0,1,1,1,1,1,1,1,1,1,1
682,682,682,682,682,682,682,682,682,682,682
918,918,918,917,917,916,915,915,914,914,913
90,90,90,90,90,90,90,90,90,90,90
366,368,368,369,370,371,372,373,374,375,376
1023,1023,1023,1023,1023,1023,1023,1023,1023,1023,1023
341,341,340,339,339,338,337,336,335,334,333
105,105,105,105,105,105,105,105,105,105,105
933,935,935,936,936,937,937,938,938,939,939
658,658,658,658,658,658,658,658,658,658,658
0,1,1,1,1,1,1,1,1,1,1
682,682,682,682,682,682,682,682,682,682,682
918,919,918,918,917,916,916,915,915,914,913
90,90,90,90,90,90,90,90,90,90,90
365,367,368,369,370,371,372,373,373,374,375
1023,1023,1023,1023,1023,1023,1023,1023,1023,1023,1023
342,342,341,340,339,338,337,336,335,335,334
105,105,105,105,105,105,105,105,105,105,105
933,934,935,935,936,936,937,938,938,939,939
658,658,658,658,658,658,658,658,658,658,658
0,1,1,1,1,1,1,1,1,1,1
681,681,681,681,681,681,681,681,681,681,681
919,919,918,918,917,917,916,916,915,914,914
90,90,90,90,90,90,90,90,90,90,90
364,366,367,368,369,370,371,372,373,374,375
1023,1023,1023,1023,1023,1023,1023,1023,1023,1023,1023
342,342,341,341,340,339,338,337,336,335,334
104,104,104,104,104,104,104,104,104,104,104
932,934,934,935,936,936,937,937,938,938,939
659,659,659,659,659,659,659,659,659,659,659
0,1,1,1,1,1,1,1,1,1,1
680,680,680,680,680,680,680,680,680,680,680
919,919,919,918,918,917,916,916,915,915,914
91,91,91,91,91,91,91,91,91,91,91
364,366,367,368,369,370,370,371,372,373,374
1023,1023,1023,1023,1023,1023,1023,1023,1023,1023,1023
343,343,342,341,340,339,338,337,337,336,335
104,104,104,104,104,104,104,104,104,104,104
932,934,934,935,935,936,936,937,937,938,938
659,659,659,659,659,659,659,659,659,659,659
0,1,1,1,1,1,1,1,1,1,1
680,680,680,680,680,680,680,680,680,680,680
919,920,919,919,918,917,917,916,916,915,914
91,91,91,91,91,91,91,91,91,91,91
363,365,366,367,368,369,370,371,372,373,374
1023,1023,1023,1023,1023,1023,1023,1023,1023,1023,1023
343,343,343,342,341,340,339,338,337,336,335
103,103,103,103,103,103,103,103,103,103,103
932,933,934,934,935,935,936,937,937,938,938
660,660,660,660,660,660,660,660,660,660,660
0,1,1,1,1,1,1,1,1,1,1
679,679,679,679,679,679,679,679,679,679,679
920,920,920,919,918,918,917,917,916,915,915
91,91,91,91,91,91,91,91,91,91,91
363,365,366,367,367,368,369,370,371,372,373
1023,1023,1023,1023,1023,1023,1023,1023,1023,1023,1023
344,344,343,342,341,340,339,339,338,337,336
103,103,103,103,103,103,103,103,103,103,103
931,933,933,934,935,935,936,936,937,937,938
660,660,660,660,660,660,660,660,660,660,660
0,1,1,1,1,1,1,1,1,1,1
679,679,679,679,679,679,679,679,679,679,679
920,920,920,919,919,918,918,917,916,916,915
92,92,92,92,92,92,92,92,92,92,92
362,364,365,366,367,368,369,370,371,372,372
1023,1023,1023,1023,1023,1023,1023,1023,1023,1023,1023
344,345,344,343,342,341,340,339,338,337,336
103,103,103,103,103,103,103,103,103,103,103
931,933,933,934,934,935,935,936,936,937,937
661,661,661,661,661,661,661,661,661,661,661
0,1,1,1,1,1,1,1,1,1,1
678,678,678,678,678,678,678,678,678,678,678
920,921,920,920,919,918,918,917,917,916,916
92,92,92,92,92,92,92,92,92,92,92
362,364,365,365,366,367,368,369,370,371,372
1023,1023,1023,1023,1023,1023,1023,1023,1023,1023,1023
345,345,344,343,342,341,341,340,339,338,337
102,102,102,102,102,102,102,102,102,102,102
931,932,933,933,934,934,935,936,936,937,937
662,662,662,662,662,662,662,662,662,662,662
0,1,1,1,1,1,1,1,1,1,1
678,678,678,678,678,678,678,678,678,678,678
921,921,921,920,919,919,918,918,917,916,916
92,92,92,92,92,92,92,92,92,92,92
361,363,364,365,366,367,368,369,370,370,371
1023,1023,1023,1023,1023,1023,1023,1023,1023,1023,1023
346,346,345,344,343,342,341,340,339,338,338
102,102,102,102,102,102,102,102,102,102,102
930,932,932,933,934,934,935,935,936,936,937
662,662,662,662,662,662,662,662,662,662,662
0,1,1,1,1,1,1,1,1,1,1
677,677,677,677,677,677,677,677,677,677,677
921,922,921,920,920,919,919,918,917,917,916
93,93,93,93,93,93,93,93,93,93,93
361,362,363,364,365,366,367,368,369,370,371
1023,1023,1023,1023,1023,1023,1023,1023,1023,1023,1023
346,346,345,344,344,343,342,341,340,339,338
102,102,102,102,102,102,102,102,102,102,102
930,932,932,933,933,934,934,935,935,936,936
663,663,663,663,663,663,663,663,663,663,663
0,1,1,1,1,1,1,1,1,1,1
677,677,677,677,677,677,677,677,677,677,677
921,922,921,921,920,920,919,918,918,917,917
93,93,93,93,93,93,93,93,93,93,93
360,362,363,364,365,366,367,367,368,369,370
1023,1023,1023,1023,1023,1023,1023,1023,1023,1023,1023
347,347,346,345,344,343,342,341,340,340,339
101,101,101,101,101,101,101,101,101,101,101
930,931,932,932,933,933,934,935,935,936,936
663,663,663,663,663,663,663,663,663,663,663
0,1,1,1,1,1,1,1,1,1,1
676,676,676,676,676,676,676,676,676,676,676
922,922,922,921,921,920,919,919,918,918,917
93,93,93,93,93,93,93,93,93,93,93
359,361,362,363,364,365,366,367,368,369,370
1023,1023,1023,1023,1023,1023,1023,1023,1023,1023,1023
347,347,346,346,345,344,343,342,341,340,339
101,101,101,101,101,101,101,101,101,101,101
929,931,931,932,933,933,934,934,935,935,936
664,664,664,664,664,664,664,664,664,664,664
0,1,1,1,1,1,1,1,1,1,1
675,675,675,675,675,675,675,675,675,675,675
922,923,922,921,921,920,920,919,919,918,917
94,94,94,94,94,94,94,94,94,94,94
359,361,362,363,364,364,365,366,367,368,369
1023,1023,1023,1023,1023,1023,1023,1023,1023,1023,1023
348,348,347,346,345,344,343,342,342,341,340
101,101,101,101,101,101,101,101,101,101,101
929,931,931,932,932,933,933,934,934,935,936
664,664,664,664,664,664,664,664,664,664,664
0,1,1,1,1,1,1,1,1,1,1
675,675,675,675,675,675,675,675,675,675,675
923,923,922,922,921,921,920,919,919,918,918
94,94,94,94,94,94,94,94,94,94,94
358,360,361,362,363,364,365,366,367,368,369
1023,1023,1023,1023,1023,1023,1023,1023,1023,1023,1023
348,348,348,347,346,345,344,343,342,341,340
100,100,100,100,100,100,100,100,100,100,100
929,930,931,931,932,932,933,934,934,935,935
665,665,665,665,665,665,665,665,665,665,665
0,1,1,1,1,1,1,1,1,1,1
674,674,674,674,674,674,674,674,674,674,674
923,923,923,922,922,921,920,920,919,919,918
95,95,95,95,95,95,95,95,95,95,95
358,360,361,361,362,363,364,365,366,367,368
1023,1023,1023,1023,1023,1023,1023,1023,1023,1023,1023
349,349,348,347,346,345,344,344,343,342,341
100,100,100,100,100,100,100,100,100,100,100
928,930,930,931,932,932,933,933,934,934,935
666,666,666,666,666,666,666,666,666,666,666
0,1,1,1,1,1,1,1,1,1,1
674,674,674,674,674,674,674,674,674,674,674
923,924,923,923,922,921,921,920,920,919,918
95,95,95,95,95,95,95,95,95,95,95
357,359,360,361,362,363,364,365,366,366,367
1023,1023,1023,1023,1023,1023,1023,1023,1023,1023,1023
350,350,349,348,347,346,345,344,343,342,341
100,100,100,100,100,100,100,100,100,100,100
928,930,930,931,931,932,932,933,933,934,935
666,666,666,666,666,666,666,666,666,666,666
0,1,1,1,1,1,1,1,1,1,1
673,673,673,673,673,673,673,673,673,673,673
924,924,923,923,922,922,921,921,920,919,919
95,95,95,95,95,95,95,95,95,95,95
357,359,359,360,361,362,363,364,365,366,367
1023,1023,1023,1023,1023,1023,1023,1023,1023,1023,1023
350,350,349,348,347,347,346,345,344,343,342
99,99,99,99,99,99,99,99,99,99,99
928,929,930,930,931,931,932,933,933,934,934
667,667,667,667,667,667,667,667,667,667,667
0,1,1,1,1,1,1,1,1,1,1
673,673,673,673,673,673,673,673,673,673,673
924,924,924,923,923,922,921,921,920,920,919
96,96,96,96,96,96,96,96,96,96,96
356,358,359,360,361,362,363,363,364,365,366
1023,1023,1023,1023,1023,1023,1023,1023,1023,1023,1023
351,351,350,349,348,347,346,345,344,343,343
99,99,99,99,99,99,99,99,99,99,99
927,929,929,930,931,931,932,932,933,933,934
667,667,667,667,667,667,667,667,667,667,667
0,1,1,1,1,1,1,1,1,1,1
672,672,672,672,672,672,672,672,672,672,672
924,925,924,924,923,922,922,921,921,920,919
96,96,96,96,96,96,96,96,96,96,96
355,357,358,359,360,361,362,363,364,365,366
1023,1023,1023,1023,1023,1023,1023,1023,1023,1023,1023
351,351,350,349,349,348,347,346,345,344,343
99,99,99,99,99,99,99,99,99,99,99
927,928,929,930,930,931,931,932,932,933,934
668,668,668,668,668,668,668,668,668,668,668
0,1,1,1,1,1,1,1,1,1,1
672,672,672,672,672,672,672,672,672,672,672
925,925,924,924,923,923,922,922,921,920,920
96,96,96,96,96,96,96,96,96,96,96
355,357,358,359,360,361,361,362,363,364,365
1023,1023,1023,1023,1023,1023,1023,1023,1023,1023,1023
352,352,351,350,349,348,347,346,345,345,344
98,98,98,98,98,98,98,98,98,98,98
927,928,929,929,930,930,931,932,932,933,933
668,668,668,668,668,668,668,668,668,668,668
0,1,1,1,1,1,1,1,1,1,1
671,671,671,671,671,671,671,671,671,671,671
925,925,925,924,924,923,923,922,921,921,920
97,97,97,97,97,97,97,97,97,97,97
354,356,357,358,359,360,361,362,363,364,365
1023,1023,1023,1023,1023,1023,1023,1023,1023,1023,1023
352,352,351,351,350,349,348,347,346,345,344
98,98,98,98,98,98,98,98,98,98,98
926,928,928,929,929,930,931,931,932,932,933
669,669,669,669,669,669,669,669,669,669,669
0,1,1,1,1,1,1,1,1,1,1
670,670,670,670,670,670,670,670,670,670,670
925,926,925,925,924,923,923,922,922,921,921
97,97,97,97,97,97,97,97,97,97,97
354,356,357,358,358,359,360,361,362,363,364
1023,1023,1023,1023,1023,1023,1023,1023,1023,1023,1023
353,353,352,351,350,349,348,347,347,346,345
98,98,98,98,98,98,98,98,98,98,98
926,927,928,929,929,930,930,931,931,932,932
669,669,669,669,669,669,669,669,669,669,669
0,1,1,1,1,1,1,1,1,1,1
670,670,670,670,670,670,670,670,670,670,670
926,926,926,925,924,924,923,923,922,922,921
97,97,97,97,97,97,97,97,97,97,97
353,355,356,357,358,359,360,361,362,363,363
1023,1023,1023,1023,1023,1023,1023,1023,1023,1023,1023
353,354,353,352,351,350,349,348,347,346,345
97,97,97,97,97,97,97,97,97,97,97
926,927,928,928,929,929,930,930,931,932,932
670,670,670,670,670,670,670,670,670,670,670
0,1,1,1,1,1,1,1,1,1,1
669,669,669,669,669,669,669,669,669,669,669
926,926,926,925,925,924,924,923,922,922,921
98,98,98,98,98,98,98,98,98,98,98
353,355,356,356,357,358,359,360,361,362,363
1023,1023,1023,1023,1023,1023,1023,1023,1023,1023,1023
354,354,353,352,351,350,349,349,348,347,346
97,97,97,97,97,97,97,97,97,97,97
925,927,927,928,928,929,930,930,931,931,932
671,671,671,671,671,671,671,671,671,671,671
0,1,1,1,1,1,1,1,1,1,1
669,669,669,669,669,669,669,669,669,669,669
926,927,926,926,925,925,924,923,923,922,922
98,98,98,98,98,98,98,98,98,98,98
352,354,355,356,357,358,359,360,360,361,362
1023,1023,1023,1023,1023,1023,1023,1023,1023,1023,1023
355,355,354,353,352,351,350,349,348,347,346
96,96,96,96,96,96,96,96,96,96,96
925,926,927,928,928,929,929,930,930,931,931
671,671,671,671,671,671,671,671,671,671,671
0,1,1,1,1,1,1,1,1,1,1
668,668,668,668,668,668,668,668,668,668,668
927,927,927,926,925,925,924,924,923,923,922
98,98,98,98,98,98,98,98,98,98,98
352,353,354,355,356,357,358,359,360,361,362
1023,1023,1023,1023,1023,1023,1023,1023,1023,1023,1023
355,355,354,353,352,352,351,350,349,348,347
96,96,96,96,96,96,96,96,96,96,96
925,926,927,927,928,928,929,929,930,931,931
672,672,672,672,672,672,672,672,672,672,672
0,1,1,1,1,1,1,1,1,1,1
668,668,668,668,668,668,668,668,668,668,668
927,927,927,926,926,925,925,924,923,923,922
99,99,99,99,99,99,99,99,99,99,99
351,353,354,355,356,357,358,358,359,360,361
1023,1023,1023,1023,1023,1023,1023,1023,1023,1023,1023
356,356,355,354,353,352,351,350,349,348,348
96,96,96,96,96,96,96,96,96,96,96
924,926,926,927,927,928,929,929,930,930,931
672,672,672,672,672,672,672,672,672,672,672
0,1,1,1,1,1,1,1,1,1,1
667,667,667,667,667,667,667,667,667,667,667
927,928,927,927,926,926,925,924,924,923,923
99,99,99,99,99,99,99,99,99,99,99
350,352,353,354,355,356,357,358,359,360,361
1023,1023,1023,1023,1023,1023,1023,1023,1023,1023,1023
356,356,355,354,354,353,352,351,350,349,348
95,95,95,95,95,95,95,95,95,95,95
924,925,926,927,927,928,928,929,929,930,930
673,673,673,673,673,673,673,673,673,673,673
0,1,1,1,1,1,1,1,1,1,1
666,666,666,666,666,666,666,666,666,666,666
928,928,928,927,926,926,925,925,924,924,923
99,99,99,99,99,99,99,99,99,99,99
350,352,353,354,355,355,356,357,358,359,360
1023,1023,1023,1023,1023,1023,1023,1023,1023,1023,1023
357,357,356,355,354,353,352,351,350,350,349
95,95,95,95,95,95,95,95,95,95,95
923,925,926,926,927,927,928,928,929,930,930
673,673,673,673,673,673,673,673,673,673,673
0,1,1,1,1,1,1,1,1,1,1
666,666,666,666,666,666,666,666,666,666,666
928,929,928,927,927,926,926,925,925,924,923
100,100,100,100,100,100,100,100,100,100,100
349,351,352,353,354,355,356,357,358,359,360
1023,1023,1023,1023,1023,1023,1023,1023,1023,1023,1023
357,357,357,356,355,354,353,352,351,350,349
95,95,95,95,95,95,95,95,95,95,95
923,925,925,926,926,927,928,928,929,929,930
674,674,674,674,674,674,674,674,674,674,674
0,1,1,1,1,1,1,1,1,1,1
665,665,665,665,665,665,665,665,665,665,665
928,929,928,928,927,927,926,925,925,924,924
100,100,100,100,100,100,100,100,100,100,100
349,351,352,353,353,354,355,356,357,358,359
1023,1023,1023,1023,1023,1023,1023,1023,1023,1023,1023
358,358,357,356,355,354,353,352,352,351,350
94,94,94,94,94,94,94,94,94,94,94
923,924,925,925,926,927,927,928,928,929,929
675,675,675,675,675,675,675,675,675,675,675
0,1,1,1,1,1,1,1,1,1,1
665,665,665,665,665,665,665,665,665,665,665
929,929,929,928,928,927,926,926,925,925,924
100,100,100,100,100,100,100,100,100,100,100
348,350,351,352,353,354,355,356,357,357,358
1023,1023,1023,1023,1023,1023,1023,1023,1023,1023,1023
358,359,358,357,356,355,354,353,352,351,350
94,94,94,94,94,94,94,94,94,94,94
922,924,925,925,926,926,927,927,928,929,929
675,675,675,675,675,675,675,675,675,675,675
0,1,1,1,1,1,1,1,1,1,1
664,664,664,664,664,664,664,664,664,664,664
929,930,929,928,928,927,927,926,926,925,924
101,101,101,101,101,101,101,101,101,101,101
348,350,350,351,352,353,354,355,356,357,358
1023,1023,1023,1023,1023,1023,1023,1023,1023,1023,1023
359,359,358,357,356,355,355,354,353,352,351
94,94,94,94,94,94,94,94,94,94,94
922,924,924,925,925,926,926,927,928,928,929
676,676,676,676,676,676,676,676,676,676,676
0,1,1,1,1,1,1,1,1,1,1
664,664,664,664,664,664,664,664,664,664,664
929,930,929,929,928,928,927,927,926,925,925
101,101,101,101,101,101,101,101,101,101,101
347,349,350,351,352,353,354,355,355,356,357
1023,1023,1023,1023,1023,1023,1023,1023,1023,1023,1023
360,360,359,358,357,356,355,354,353,352,351
93,93,93,93,93,93,93,93,93,93,93
922,923,924,924,925,926,926,927,927,928,928
676,676,676,676,676,676,676,676,676,676,676
0,1,1,1,1,1,1,1,1,1,1
663,663,663,663,663,663,663,663,663,663,663
930,930,930,929,929,928,927,927,926,926,925
101,101,101,101,101,101,101,101,101,101,101
347,348,349,350,351,352,353,354,355,356,357
1023,1023,1023,1023,1023,1023,1023,1023,1023,1023,1023
360,360,359,358,357,357,356,355,354,353,352
93,93,93,93,93,93,93,93,93,93,93
921,923,924,924,925,925,926,926,927,928,928
677,677,677,677,677,677,677,677,677,677,677
0,1,1,1,1,1,1,1,1,1,1
663,663,663,663,663,663,663,663,663,663,663
930,931,930,929,929,928,928,927,927,926,925
102,102,102,102,102,102,102,102,102,102,102
346,348,349,350,351,352,352,353,354,355,356
1023,1023,1023,1023,1023,1023,1023,1023,1023,1023,1023
361,361,360,359,358,357,356,355,354,353,353
93,93,93,93,93,93,93,93,93,93,93
921,923,923,924,924,925,925,926,927,927,928
677,677,677,677,677,677,677,677,677,677,677
0,1,1,1,1,1,1,1,1,1,1
662,662,662,662,662,662,662,662,662,662,662
930,931,930,930,929,929,928,928,927,926,926
102,102,102,102,102,102,102,102,102,102,102
345,347,348,349,350,351,352,353,354,355,356
1023,1023,1023,1023,1023,1023,1023,1023,1023,1023,1023
361,361,360,360,359,358,357,356,355,354,353
92,92,92,92,92,92,92,92,92,92,92
921,922,923,923,924,925,925,926,926,927,927
678,678,678,678,678,678,678,678,678,678,678
0,1,1,1,1,1,1,1,1,1,1
661,661,661,661,661,661,661,661,661,661,661
931,931,931,930,930,929,928,928,927,927,926
103,103,103,103,103,103,103,103,103,103,103
345,347,348,349,350,350,351,352,353,354,355
1023,1023,1023,1023,1023,1023,1023,1023,1023,1023,1023
362,362,361,360,359,358,357,356,355,355,354
92,92,92,92,92,92,92,92,92,92,92
920,922,922,923,924,924,925,925,926,926,927
678,678,678,678,678,678,678,678,678,678,678
0,1,1,1,1,1,1,1,1,1,1
661,661,661,661,661,661,661,661,661,661,661
931,932,931,930,930,929,929,928,928,927,927
103,103,103,103,103,103,103,103,103,103,103
344,346,347,348,349,350,351,352,353,354,354
1023,1023,1023,1023,1023,1023,1023,1023,1023,1023,1023
362,363,362,361,360,359,358,357,356,355,354
92,92,92,92,92,92,92,92,92,92,92
920,922,922,923,923,924,924,925,926,926,927
679,679,679,679,679,679,679,679,679,679,679
0,1,1,1,1,1,1,1,1,1,1
660,660,660,660,660,660,660,660,660,660,660
931,932,931,931,930,930,929,929,928,927,927
103,103,103,103,103,103,103,103,103,103,103
344,346,347,347,348,349,350,351,352,353,354
1023,1023,1023,1023,1023,1023,1023,1023,1023,1023,1023
363,363,362,361,360,359,358,358,357,356,355
91,91,91,91,91,91,91,91,91,91,91
920,921,922,922,923,923,924,925,925,926,926
680,680,680,680,680,680,680,680,680,680,680
0,1,1,1,1,1,1,1,1,1,1
660,660,660,660,660,660,660,660,660,660,660
932,932,932,931,931,930,929,929,928,928,927
104,104,104,104,104,104,104,104,104,104,104
343,345,346,347,348,349,350,351,352,352,353
1023,1023,1023,1023,1023,1023,1023,1023,1023,1023,1023
364,364,363,362,361,360,359,358,357,356,355
91,91,91,91,91,91,91,91,91,91,91
919,921,921,922,923,923,924,924,925,925,926
680,680,680,680,680,680,680,680,680,680,680
0,1,1,1,1,1,1,1,1,1,1
659,659,659,659,659,659,659,659,659,659,659
932,933,932,931,931,930,930,929,929,928,928
104,104,104,104,104,104,104,104,104,104,104
343,345,345,346,347,348,349,350,351,352,353
1023,1023,1023,1023,1023,1023,1023,1023,1023,1023,1023
364,364,363,362,361,361,360,359,358,357,356
91,91,91,91,91,91,91,91,91,91,91
919,920,921,922,922,923,923,924,925,925,926
681,681,681,681,681,681,681,681,681,681,681
0,1,1,1,1,1,1,1,1,1,1
659,659,659,659,659,659,659,659,659,659,659
932,933,932,932,931,931,930,930,929,928,928
104,104,104,104,104,104,104,104,104,104,104
342,344,345,346,347,348,349,349,350,351,352
1023,1023,1023,1023,1023,1023,1023,1023,1023,1023,1023
365,365,364,363,362,361,360,359,358,357,356
90,90,90,90,90,90,90,90,90,90,90
919,920,921,921,922,922,923,924,924,925,925
681,681,681,681,681,681,681,681,681,681,681
0,1,1,1,1,1,1,1,1,1,1
658,658,658,658,658,658,658,658,658,658,658
933,933,933,932,932,931,931,930,929,929,928
105,105,105,105,105,105,105,105,105,105,105
342,343,344,345,346,347,348,349,350,351,352
1023,1023,1023,1023,1023,1023,1023,1023,1023,1023,1023
365,365,364,363,363,362,361,360,359,358,357
90,90,90,90,90,90,90,90,90,90,90
918,920,920,921,921,922,923,923,924,924,925
682,682,682,682,682,682,682,682,682,682,682
0,1,1,1,1,1,1,1,1,1,1
657,657,657,657,657,657,657,657,657,657,657
933,934,933,933,932,931,931,930,930,929,929
105,105,105,105,105,105,105,105,105,105,105
341,343,344,345,346,347,347,348,349,350,351
1023,1023,1023,1023,1023,1023,1023,1023,1023,1023,1023
366,366,365,364,363,362,361,360,359,359,358
90,90,90,90,90,90,90,90,90,90,90
918,919,920,921,921,922,922,923,923,924,925
682,682,682,682,682,682,682,682,682,682,682
0,1,1,1,1,1,1,1,1,1,1
657,657,657,657,657,657,657,657,657,657,657
933,934,933,933,932,932,931,931,930,930,929
105,105,105,105,105,105,105,105,105,105,105
340,342,343,344,345,346,347,348,349,350,351
1023,1023,1023,1023,1023,1023,1023,1023,1023,1023,1023
366,366,366,365,364,363,362,361,360,359,358
89,89,89,89,89,89,89,89,89,89,89
917,919,920,920,921,921,922,923,923,924,924
683,683,683,683,683,683,683,683,683,683,683
0,1,1,1,1,1,1,1,1,1,1
656,656,656,656,656,656,656,656,656,656,656
934,934,934,933,933,932,932,931,930,930,929
106,106,106,106,106,106,106,106,106,106,106
340,342,343,344,345,345,346,347,348,349,350
1023,1023,1023,1023,1023,1023,1023,1023,1023,1023,1023
367,367,366,365,364,363,362,361,361,360,359
89,89,89,89,89,89,89,89,89,89,89
917,919,919,920,920,921,922,922,923,923,924
683,683,683,683,683,683,683,683,683,683,683
0,1,1,1,1,1,1,1,1,1,1
656,656,656,656,656,656,656,656,656,656,656
934,935,934,934,933,932,932,931,931,930,930
106,106,106,106,106,106,106,106,106,106,106
339,341,342,343,344,345,346,347,348,349,349
1023,1023,1023,1023,1023,1023,1023,1023,1023,1023,1023
368,368,367,366,365,364,363,362,361,360,359
89,89,89,89,89,89,89,89,89,89,89
917,918,919,919,920,921,921,922,922,923,924
684,684,684,684,684,684,684,684,684,684,684
0,1,1,1,1,1,1,1,1,1,1
655,655,655,655,655,655,655,655,655,655,655
934,935,934,934,933,933,932,932,931,931,930
106,106,106,106,106,106,106,106,106,106,106
339,341,342,342,343,344,345,346,347,348,349
1023,1023,1023,1023,1023,1023,1023,1023,1023,1023,1023
368,368,367,366,365,364,364,363,362,361,360
88,88,88,88,88,88,88,88,88,88,88
916,918,919,919,920,920,921,921,922,923,923
685,685,685,685,685,685,685,685,685,685,685
0,1,1,1,1,1,1,1,1,1,1
655,655,655,655,655,655,655,655,655,655,655
935,935,935,934,934,933,933,932,931,931,930
107,107,107,107,107,107,107,107,107,107,107
338,340,341,342,343,344,345,346,346,347,348
1023,1023,1023,1023,1023,1023,1023,1023,1023,1023,1023
369,369,368,367,366,365,364,363,362,361,360
88,88,88,88,88,88,88,88,88,88,88
916,918,918,919,919,920,921,921,922,922,923
685,685,685,685,685,685,685,685,685,685,685
0,1,1,1,1,1,1,1,1,1,1
654,654,654,654,654,654,654,654,654,654,654
935,936,935,935,934,933,933,932,932,931,931
107,107,107,107,107,107,107,107,107,107,107
338,340,340,341,342,343,344,345,346,347,348
1023,1023,1023,1023,1023,1023,1023,1023,1023,1023,1023
369,369,368,367,366,366,365,364,363,362,361
88,88,88,88,88,88,88,88,88,88,88
916,917,918,918,919,920,920,921,921,922,922
686,686,686,686,686,686,686,686,686,686,686
0,1,1,1,1,1,1,1,1,1,1
654,654,654,654,654,654,654,654,654,654,654
935,936,935,935,934,934,933,933,932,932,931
108,108,108,108,108,108,108,108,108,108,108
337,339,340,341,342,343,344,344,345,346,347
1023,1023,1023,1023,1023,1023,1023,1023,1023,1023,1023
370,370,369,368,367,366,365,364,363,362,362
87,87,87,87,87,87,87,87,87,87,87
915,917,917,918,919,919,920,920,921,922,922
686,686,686,686,686,686,686,686,686,686,686
0,1,1,1,1,1,1,1,1,1,1
653,653,653,653,653,653,653,653,653,653,653
936,936,936,935,935,934,934,933,932,932,931
108,108,108,108,108,108,108,108,108,108,108
337,338,339,340,341,342,343,344,345,346,347
1023,1023,1023,1023,1023,1023,1023,1023,1023,1023,1023
370,370,369,369,368,367,366,365,364,363,362
87,87,87,87,87,87,87,87,87,87,87
915,917,917,918,918,919,919,920,921,921,922
687,687,687,687,687,687,687,687,687,687,687
0,1,1,1,1,1,1,1,1,1,1
652,652,652,652,652,652,652,652,652,652,652
936,937,936,936,935,934,934,933,933,932,932
108,108,108,108,108,108,108,108,108,108,108
336,338,339,340,341,342,342,343,344,345,346
1023,1023,1023,1023,1023,1023,1023,1023,1023,1023,1023
371,371,370,369,368,367,366,365,364,364,363
87,87,87,87,87,87,87,87,87,87,87
915,916,917,917,918,919,919,920,920,921,921
687,687,687,687,687,687,687,687,687,687,687
0,1,1,1,1,1,1,1,1,1,1
652,652,652,652,652,652,652,652,652,652,652
936,937,936,936,935,935,934,934,933,933,932
109,109,109,109,109,109,109,109,109,109,109
335,337,338,339,340,341,342,343,344,345,346
1023,1023,1023,1023,1023,1023,1023,1023,1023,1023,1023
371,372,371,370,369,368,367,366,365,364,363
86,86,86,86,86,86,86,86,86,86,86
914,916,916,917,918,918,919,919,920,920,921
688,688,688,688,688,688,688,688,688,688,688
0,1,1,1,1,1,1,1,1,1,1
651,651,651,651,651,651,651,651,651,651,651
937,937,937,936,936,935,935,934,933,933,932
109,109,109,109,109,109,109,109,109,109,109
335,337,338,339,340,340,341,342,343,344,345
1023,1023,1023,1023,1023,1023,1023,1023,1023,1023,1023
372,372,371,370,369,368,367,367,366,365,364
86,86,86,86,86,86,86,86,86,86,86
914,915,916,917,917,918,918,919,920,920,921
688,688,688,688,688,688,688,688,688,688,688
0,1,1,1,1,1,1,1,1,1,1
651,651,651,651,651,651,651,651,651,651,651
937,938,937,937,936,935,935,934,934,933,933
109,109,109,109,109,109,109,109,109,109,109
334,336,337,338,339,340,341,342,343,343,344
1023,1023,1023,1023,1023,1023,1023,1023,1023,1023,1023
373,373,372,371,370,369,368,367,366,365,364
86,86,86,86,86,86,86,86,86,86,86
913,915,916,916,917,917,918,919,919,920,920
689,689,689,689,689,689,689,689,689,689,689
0,1,1,1,1,1,1,1,1,1,1
650,650,650,650,650,650,650,650,650,650,650
937,938,937,937,936,936,935,935,934,934,933
110,110,110,110,110,110,110,110,110,110,110
334,336,337,337,338,339,340,341,342,343,344
1023,1023,1023,1023,1023,1023,1023,1023,1023,1023,1023
373,373,372,371,370,370,369,368,367,366,365
85,85,85,85,85,85,85,85,85,85,85
913,915,915,916,916,917,918,918,919,919,920
690,690,690,690,690,690,690,690,690,690,690
0,1,1,1,1,1,1,1,1,1,1
650,650,650,650,650,650,650,650,650,650,650
938,938,938,937,937,936,936,935,934,934,933
110,110,110,110,110,110,110,110,110,110,110
333,335,336,337,338,339,340,341,341,342,343
1023,1023,1023,1023,1023,1023,1023,1023,1023,1023,1023
374,374,373,372,371,370,369,368,367,366,365
85,85,85,85,85,85,85,85,85,85,85
913,914,915,916,916,917,917,918,918,919,920
690,690,690,690,690,690,690,690,690,690,690
0,1,1,1,1,1,1,1,1,1,1
649,649,649,649,649,649,649,649,649,649,649
938,939,938,937,937,936,936,935,935,934,934
110,110,110,110,110,110,110,110,110,110,110
333,335,335,336,337,338,339,340,341,342,343
1023,1023,1023,1023,1023,1023,1023,1023,1023,1023,1023
374,374,373,373,372,371,370,369,368,367,366
85,85,85,85,85,85,85,85,85,85,85
912,914,915,915,916,916,917,918,918,919,919
691,691,691,691,691,691,691,691,691,691,691
0,1,1,1,1,1,1,1,1,1,1
648,648,648,648,648,648,648,648,648,648,648
938,939,938,938,937,937,936,936,935,935,934
111,111,111,111,111,111,111,111,111,111,111
332,334,335,336,337,338,339,339,340,341,342
1023,1023,1023,1023,1023,1023,1023,1023,1023,1023,1023
375,375,374,373,372,371,370,369,368,368,367
84,84,84,84,84,84,84,84,84,84,84
912,914,914,915,915,916,917,917,918,918,919
691,691,691,691,691,691,691,691,691,691,691
0,1,1,1,1,1,1,1,1,1,1
648,648,648,648,648,648,648,648,648,648,648
939,939,939,938,938,937,937,936,935,935,934
111,111,111,111,111,111,111,111,111,111,111
332,333,334,335,336,337,338,339,340,341,342
1023,1023,1023,1023,1023,1023,1023,1023,1023,1023,1023
375,376,375,374,373,372,371,370,369,368,367
84,84,84,84,84,84,84,84,84,84,84
912,913,914,914,915,916,916,917,917,918,919
692,692,692,692,692,692,692,692,692,692,692
0,1,1,1,1,1,1,1,1,1,1
647,647,647,647,647,647,647,647,647,647,647
939,940,939,938,938,937,937,936,936,935,935
112,112,112,112,112,112,112,112,112,112,112
331,333,334,335,336,337,337,338,339,340,341
1023,1023,1023,1023,1023,1023,1023,1023,1023,1023,1023
376,376,375,374,373,372,371,371,370,369,368
84,84,84,84,84,84,84,84,84,84,84
911,913,913,914,915,915,916,916,917,918,918
692,692,692,692,692,692,692,692,692,692,692
0,1,1,1,1,1,1,1,1,1,1
647,647,647,647,647,647,647,647,647,647,647
939,940,939,939,938,938,937,937,936,936,935
112,112,112,112,112,112,112,112,112,112,112
330,332,333,334,335,336,337,338,339,340,341
1023,1023,1023,1023,1023,1023,1023,1023,1023,1023,1023
377,377,376,375,374,373,372,371,370,369,368
83,83,83,83,83,83,83,83,83,83,83
911,912,913,914,914,915,915,916,917,917,918
693,693,693,693,693,693,693,693,693,693,693
0,1,1,1,1,1,1,1,1,1,1
646,646,646,646,646,646,646,646,646,646,646
940,940,940,939,939,938,938,937,936,936,935
112,112,112,112,112,112,112,112,112,112,112
330,332,333,334,335,335,336,337,338,339,340
1023,1023,1023,1023,1023,1023,1023,1023,1023,1023,1023
377,377,376,375,374,373,373,372,371,370,369
83,83,83,83,83,83,83,83,83,83,83
911,912,913,913,914,915,915,916,916,917,918
693,693,693,693,693,693,693,693,693,693,693
0,1,1,1,1,1,1,1,1,1,1
646,646,646,646,646,646,646,646,646,646,646
940,941,940,939,939,938,938,937,937,936,936
113,113,113,113,113,113,113,113,113,113,113
329,331,332,333,334,335,336,337,338,339,339
1023,1023,1023,1023,1023,1023,1023,1023,1023,1023,1023
378,378,377,376,375,374,373,372,371,370,369
83,83,83,83,83,83,83,83,83,83,83
910,912,912,913,914,914,915,915,916,917,917
694,694,694,694,694,694,694,694,694,694,694
0,1,1,1,1,1,1,1,1,1,1
645,645,645,645,645,645,645,645,645,645,645
940,941,940,940,939,939,938,938,937,937,936
113,113,113,113,113,113,113,113,113,113,113
329,331,332,333,333,334,335,336,337,338,339
1023,1023,1023,1023,1023,1023,1023,1023,1023,1023,1023
378,378,377,376,376,375,374,373,372,371,370
82,82,82,82,82,82,82,82,82,82,82
910,911,912,913,913,914,914,915,916,916,917
694,694,694,694,694,694,694,694,694,694,694
0,1,1,1,1,1,1,1,1,1,1
644,644,644,644,644,644,644,644,644,644,644
941,941,941,940,940,939,939,938,937,937,936
113,113,113,113,113,113,113,113,113,113,113
328,330,331,332,333,334,335,336,336,337,338
1023,1023,1023,1023,1023,1023,1023,1023,1023,1023,1023
379,379,378,377,376,375,374,373,372,371,371
82,82,82,82,82,82,82,82,82,82,82
909,911,912,912,913,913,914,915,915,916,916
695,695,695,695,695,695,695,695,695,695,695
0,1,1,1,1,1,1,1,1,1,1
644,644,644,644,644,644,644,644,644,644,644
941,941,941,940,940,939,939,938,938,937,937
114,114,114,114,114,114,114,114,114,114,114
328,330,331,331,332,333,334,335,336,337,338
1023,1023,1023,1023,1023,1023,1023,1023,1023,1023,1023
379,379,379,378,377,376,375,374,373,372,371
82,82,82,82,82,82,82,82,82,82,82
909,911,911,912,912,913,914,914,915,915,916
696,696,696,696,696,696,696,696,696,696,696
0,1,1,1,1,1,1,1,1,1,1
643,643,643,643,643,643,643,643,643,643,643
941,942,941,941,940,940,939,939,938,938,937
114,114,114,114,114,114,114,114,114,114,114
327,329,330,331,332,333,334,334,335,336,337
1023,1023,1023,1023,1023,1023,1023,1023,1023,1023,1023
380,380,379,378,377,376,375,374,374,373,372
82,82,82,82,82,82,82,82,82,82,82
909,910,911,911,912,913,913,914,914,915,916
696,696,696,696,696,696,696,696,696,696,696
0,1,1,1,1,1,1,1,1,1,1
643,643,643,643,643,643,643,643,643,643,643
942,942,942,941,941,940,939,939,938,938,937
115,115,115,115,115,115,115,115,115,115,115
327,329,329,330,331,332,333,334,335,336,337
1023,1023,1023,1023,1023,1023,1023,1023,1023,1023,1023
381,381,380,379,378,377,376,375,374,373,372
81,81,81,81,81,81,81,81,81,81,81
908,910,911,911,912,912,913,914,914,915,915
697,697,697,697,697,697,697,697,697,697,697
0,1,1,1,1,1,1,1,1,1,1
642,642,642,642,642,642,642,642,642,642,642
942,942,942,941,941,940,940,939,939,938,938
115,115,115,115,115,115,115,115,115,115,115
326,328,329,330,331,332,332,333,334,335,336
1023,1023,1023,1023,1023,1023,1023,1023,1023,1023,1023
381,381,380,379,378,377,377,376,375,374,373
81,81,81,81,81,81,81,81,81,81,81
908,910,910,911,911,912,913,913,914,914,915
697,697,697,697,697,697,697,697,697,697,697
0,1,1,1,1,1,1,1,1,1,1
642,642,642,642,642,642,642,642,642,642,642
942,943,942,942,941,941,940,940,939,939,938
115,115,115,115,115,115,115,115,115,115,115
326,327,328,329,330,331,332,333,334,335,336
1023,1023,1023,1023,1023,1023,1023,1023,1023,1023,1023
382,382,381,380,379,378,377,376,375,374,373
81,81,81,81,81,81,81,81,81,81,81
908,909,910,910,911,912,912,913,913,914,915
698,698,698,698,698,698,698,698,698,698,698
0,1,1,1,1,1,1,1,1,1,1
641,641,641,641,641,641,641,641,641,641,641
943,943,943,942,942,941,940,940,939,939,938
116,116,116,116,116,116,116,116,116,116,116
325,327,328,329,330,330,331,332,333,334,335
1023,1023,1023,1023,1023,1023,1023,1023,1023,1023,1023
382,382,381,380,380,379,378,377,376,375,374
80,80,80,80,80,80,80,80,80,80,80
907,909,909,910,911,911,912,912,913,914,914
698,698,698,698,698,698,698,698,698,698,698
0,1,1,1,1,1,1,1,1,1,1
640,640,640,640,640,640,640,640,640,640,640
943,943,943,942,942,941,941,940,940,939,939
116,116,116,116,116,116,116,116,116,116,116
324,326,327,328,329,330,331,332,333,334,334
1023,1023,1023,1023,1023,1023,1023,1023,1023,1023,1023
383,383,382,381,380,379,378,377,376,375,375
80,80,80,80,80,80,80,80,80,80,80
907,908,909,910,910,911,911,912,913,913,914
699,699,699,699,699,699,699,699,699,699,699
0,1,1,1,1,1,1,1,1,1,1
640,640,640,640,640,640,640,640,640,640,640
943,944,943,943,942,942,941,941,940,940,939
116,116,116,116,116,116,116,116,116,116,116
324,326,327,328,328,329,330,331,332,333,334
1023,1023,1023,1023,1023,1023,1023,1023,1023,1023,1023
383,383,383,382,381,380,379,378,377,376,375
80,80,80,80,80,80,80,80,80,80,80
906,908,909,909,910,910,911,912,912,913,914
699,699,699,699,699,699,699,699,699,699,699
0,1,1,1,1,1,1,1,1,1,1
639,639,639,639,639,639,639,639,639,639,639
944,944,944,943,942,942,941,941,940,940,939
117,117,117,117,117,117,117,117,117,117,117
323,325,326,327,328,329,330,331,332,332,333
1023,1023,1023,1023,1023,1023,1023,1023,1023,1023,1023
384,384,383,382,381,380,379,378,378,377,376
79,79,79,79,79,79,79,79,79,79,79
906,908,908,909,910,910,911,911,912,913,913
700,700,700,700,700,700,700,700,700,700,700
1,1,1,1,1,1,1,1,1,1,1
639,639,639,639,639,639,639,639,639,639,639
944,944,944,943,943,942,942,941,941,940,940
117,117,117,117,117,117,117,117,117,117,117
323,325,326,326,327,328,329,330,331,332,333
1022,1022,1022,1022,1022,1022,1022,1022,1022,1022,1022
385,385,384,383,382,381,380,379,378,377,376
79,79,79,79,79,79,79,79,79,79,79
906,907,908,909,909,910,910,911,912,912,913
701,701,701,701,701,701,701,701,701,701,701
1,1,1,1,1,1,1,1,1,1,1
638,638,638,638,638,638,638,638,638,638,638
944,945,944,944,943,943,942,942,941,940,940
118,118,118,118,118,118,118,118,118,118,118
322,324,325,326,327,328,329,330,330,331,332
1022,1022,1022,1022,1022,1022,1022,1022,1022,1022,1022
385,385,384,383,382,381,381,380,379,378,377
79,79,79,79,79,79,79,79,79,79,79
905,907,908,908,909,909,910,911,911,912,912
701,701,701,701,701,701,701,701,701,701,701
1,2,1,1,1,1,1,1,1,1,1
638,638,638,638,638,638,638,638,638,638,638
945,945,944,944,943,943,942,942,941,941,940
118,118,118,118,118,118,118,118,118,118,118
322,324,324,325,326,327,328,329,330,331,332
1022,1022,1022,1022,1022,1022,1022,1022,1022,1022,1022
386,386,385,384,383,382,381,380,379,378,377
78,78,78,78,78,78,78,78,78,78,78
905,907,907,908,908,909,910,910,911,911,912
702,702,702,702,702,702,702,702,702,702,702
1,2,2,1,1,1,1,1,1,1,1
637,637,637,637,637,637,637,637,637,637,637
945,945,945,944,944,943,943,942,942,941,941
118,118,118,118,118,118,118,118,118,118,118
321,323,324,325,326,327,328,328,329,330,331
1022,1022,1022,1022,1022,1022,1022,1022,1022,1022,1022
386,386,385,384,384,383,382,381,380,379,378
78,78,78,78,78,78,78,78,78,78,78
905,906,907,907,908,909,909,910,910,911,912
702,702,702,702,702,702,702,702,702,702,702
1,2,2,1,1,1,1,1,1,1,1
636,636,636,636,636,636,636,636,636,636,636
945,946,945,945,944,944,943,943,942,941,941
119,119,119,119,119,119,119,119,119,119,119
321,322,323,324,325,326,327,328,329,330,331
1022,1022,1022,1022,1022,1022,1022,1022,1022,1022,1022
387,387,386,385,384,383,382,381,380,379,378
78,78,78,78,78,78,78,78,78,78,78
904,906,906,907,908,908,909,909,910,911,911
703,703,703,703,703,703,703,703,703,703,703
1,2,2,2,1,1,1,1,1,1,1
636,636,636,636,636,636,636,636,636,636,636
945,946,945,945,944,944,943,943,942,942,941
119,119,119,119,119,119,119,119,119,119,119
320,322,323,324,325,326,326,327,328,329,330
1022,1022,1022,1022,1022,1022,1022,1022,1022,1022,1022
387,387,387,386,385,384,383,382,381,380,379
77,77,77,77,77,77,77,77,77,77,77
904,905,906,907,907,908,908,909,910,910,911
703,703,703,703,703,703,703,703,703,703,703
1,2,2,2,1,1,1,1,1,1,1
635,635,635,635,635,635,635,635,635,635,635
946,946,946,945,945,944,944,943,943,942,942
119,119,119,119,119,119,119,119,119,119,119
319,321,322,323,324,325,326,327,328,329,329
1022,1022,1022,1022,1022,1022,1022,1022,1022,1022,1022
388,388,387,386,385,384,383,382,381,381,380
77,77,77,77,77,77,77,77,77,77,77
903,905,906,906,907,908,908,909,909,910,911
704,704,704,704,704,704,704,704,704,704,704
1,2,2,2,2,1,1,1,1,1,1
635,635,635,635,635,635,635,635,635,635,635
946,947,946,946,945,944,944,943,943,942,942
120,120,120,120,120,120,120,120,120,120,120
319,321,322,323,324,324,325,326,327,328,329
1022,1022,1022,1022,1022,1022,1022,1022,1022,1022,1022
389,389,388,387,386,385,384,383,382,381,380
77,77,77,77,77,77,77,77,77,77,77
903,905,905,906,907,907,908,908,909,910,910
704,704,704,704,704,704,704,704,704,704,704
1,2,2,2,2,2,1,1,1,1,1
634,634,634,634,634,634,634,634,634,634,634
946,947,946,946,945,945,944,944,943,943,942
120,120,120,120,120,120,120,120,120,120,120
318,320,321,322,323,324,325,326,327,327,328
1022,1022,1022,1022,1022,1022,1022,1022,1022,1022,1022
389,389,388,387,386,385,384,384,383,382,381
76,76,76,76,76,76,76,76,76,76,76
903,904,905,906,906,907,907,908,909,909,910
705,705,705,705,705,705,705,705,705,705,705
1,2,2,2,2,2,1,1,1,1,1
634,634,634,634,634,634,634,634,634,634,634
947,947,947,946,946,945,945,944,944,943,943
121,121,121,121,121,121,121,121,121,121,121
318,320,321,322,322,323,324,325,326,327,328
1022,1022,1022,1022,1022,1022,1022,1022,1022,1022,1022
390,390,389,388,387,386,385,384,383,382,381
76,76,76,76,76,76,76,76,76,76,76
902,904,905,905,906,906,907,908,908,909,909
705,705,705,705,705,705,705,705,705,705,705
1,2,2,2,2,2,2,1,1,1,1
633,633,633,633,633,633,633,633,633,633,633
947,947,947,946,946,945,945,944,944,943,943
121,121,121,121,121,121,121,121,121,121,121
317,319,320,321,322,323,324,325,325,326,327
1022,1022,1022,1022,1022,1022,1022,1022,1022,1022,1022
390,390,389,388,388,387,386,385,384,383,382
76,76,76,76,76,76,76,76,76,76,76
902,904,904,905,905,906,907,907,908,908,909
706,706,706,706,706,706,706,706,706,706,706
1,2,2,2,2,2,2,1,1,1,1
632,632,632,632,632,632,632,632,632,632,632
947,948,947,947,946,946,945,945,944,944,943
121,121,121,121,121,121,121,121,121,121,121
317,319,320,320,321,322,323,324,325,326,327
1022,1022,1022,1022,1022,1022,1022,1022,1022,1022,1022
391,391,390,389,388,387,386,385,384,383,382
76,76,76,76,76,76,76,76,76,76,76
902,903,904,904,905,906,906,907,907,908,909
707,707,707,707,707,707,707,707,707,707,707
1,2,2,2,2,2,2,2,1,1,1
632,632,632,632,632,632,632,632,632,632,632
948,948,948,947,947,946,946,945,945,944,943
122,122,122,122,122,122,122,122,122,122,122
316,318,319,320,321,322,323,323,324,325,326
1022,1022,1022,1022,1022,1022,1022,1022,1022,1022,1022
391,391,391,390,389,388,387,386,385,384,383
75,75,75,75,75,75,75,75,75,75,75
901,903,903,904,905,905,906,906,907,908,908
707,707,707,707,707,707,707,707,707,707,707
1,2,2,2,2,2,2,2,2,1,1
631,631,631,631,631,631,631,631,631,631,631
948,948,948,947,947,946,946,945,945,944,944
122,122,122,122,122,122,122,122,122,122,122
316,318,318,319,320,321,322,323,324,325,326
1022,1022,1022,1022,1022,1022,1022,1022,1022,1022,1022
392,392,391,390,389,388,387,386,385,385,384
75,75,75,75,75,75,75,75,75,75,75
901,902,903,904,904,905,905,906,907,907,908
708,708,708,708,708,708,708,708,708,708,708
1,2,2,2,2,2,2,2,2,1,1
631,631,631,631,631,631,631,631,631,631,631
948,949,948,948,947,947,946,946,945,945,944
122,122,122,122,122,122,122,122,122,122,122
315,317,318,319,320,321,321,322,323,324,325
1022,1022,1022,1022,1022,1022,1022,1022,1022,1022,1022
393,393,392,391,390,389,388,387,386,385,384
75,75,75,75,75,75,75,75,75,75,75
900,902,903,903,904,904,905,906,906,907,908
708,708,708,708,708,708,708,708,708,708,708
1,2,2,2,2,2,2,2,2,2,1
630,630,630,630,630,630,630,630,630,630,630
949,949,949,948,948,947,946,946,945,945,944
123,123,123,123,123,123,123,123,123,123,123
315,316,317,318,319,320,321,322,323,324,325
1022,1022,1022,1022,1022,1022,1022,1022,1022,1022,1022
393,393,392,391,390,389,388,388,387,386,385
74,74,74,74,74,74,74,74,74,74,74
900,902,902,903,903,904,905,905,906,907,907
709,709,709,709,709,709,709,709,709,709,709
1,2,2,2,2,2,2,2,2,2,1
630,630,630,630,630,630,630,630,630,630,630
949,949,949,948,948,947,947,946,946,945,945
123,123,123,123,123,123,123,123,123,123,123
314,316,317,318,319,320,320,321,322,323,324
1022,1022,1022,1022,1022,1022,1022,1022,1022,1022,1022
394,394,393,392,391,390,389,388,387,386,385
74,74,74,74,74,74,74,74,74,74,74
900,901,902,902,903,904,904,905,906,906,907
709,709,709,709,709,709,709,709,709,709,709
1,2,2,2,2,2,2,2,2,2,2
629,629,629,629,629,629,629,629,629,629,629
949,950,949,949,948,948,947,947,946,946,945
124,124,124,124,124,124,124,124,124,124,124
313,315,316,317,318,319,320,321,322,323,323
1022,1022,1022,1022,1022,1022,1022,1022,1022,1022,1022
394,394,393,392,392,391,390,389,388,387,386
74,74,74,74,74,74,74,74,74,74,74
899,901,901,902,903,903,904,905,905,906,906
710,710,710,710,710,710,710,710,710,710,710
1,2,2,2,2,2,2,2,2,2,2
628,628,628,628,628,628,628,628,628,628,628
949,950,949,949,948,948,947,947,946,946,945
124,124,124,124,124,124,124,124,124,124,124
313,315,316,317,318,318,319,320,321,322,323
1022,1022,1022,1022,1022,1022,1022,1022,1022,1022,1022
395,395,394,393,392,391,390,389,388,387,386
73,73,73,73,73,73,73,73,73,73,73
899,900,901,902,902,903,904,904,905,905,906
710,710,710,710,710,710,710,710,710,710,710
1,2,2,2,2,2,2,2,2,2,2
628,628,628,628,628,628,628,628,628,628,628
950,950,950,949,949,948,948,947,947,946,946
124,124,124,124,124,124,124,124,124,124,124
312,314,315,316,317,318,319,320,321,321,322
1022,1022,1022,1022,1022,1022,1022,1022,1022,1022,1022
395,395,395,394,393,392,391,390,389,388,387
73,73,73,73,73,73,73,73,73,73,73
898,900,901,901,902,903,903,904,904,905,906
711,711,711,711,711,711,711,711,711,711,711
1,2,2,2,2,2,2,2,2,2,2
627,627,627,627,627,627,627,627,627,627,627
950,951,950,950,949,949,948,948,947,947,946
125,125,125,125,125,125,125,125,125,125,125
312,314,315,316,316,317,318,319,320,321,322
1022,1022,1022,1022,1022,1022,1022,1022,1022,1022,1022
396,396,395,394,393,392,391,390,389,389,388
73,73,73,73,73,73,73,73,73,73,73
898,900,900,901,902,902,903,903,904,905,905
711,711,711,711,711,711,711,711,711,711,711
1,2,2,2,2,2,2,2,2,2,2
627,627,627,627,627,627,627,627,627,627,627
950,951,950,950,949,949,948,948,947,947,946
125,125,125,125,125,125,125,125,125,125,125
311,313,314,315,316,317,318,319,319,320,321
1022,1022,1022,1022,1022,1022,1022,1022,1022,1022,1022
397,397,396,395,394,393,392,391,390,389,388
72,72,72,72,72,72,72,72,72,72,72
898,899,900,901,901,902,902,903,904,904,905
712,712,712,712,712,712,712,712,712,712,712
1,2,2,2,2,2,2,2,2,2,2
626,626,626,626,626,626,626,626,626,626,626
951,951,951,950,950,949,949,948,948,947,947
126,126,126,126,126,126,126,126,126,126,126
311,313,314,314,315,316,317,318,319,320,321
1021,1021,1021,1021,1021,1021,1021,1021,1021,1021,1021
397,397,396,395,394,393,393,392,391,390,389
72,72,72,72,72,72,72,72,72,72,72
897,899,900,900,901,901,902,903,903,904,905
712,712,712,712,712,712,712,712,712,712,712
2,2,2,2,2,2,2,2,2,2,2
626,626,626,626,626,626,626,626,626,626,626
951,951,951,950,950,949,949,948,948,947,947
126,126,126,126,126,126,126,126,126,126,126
310,312,313,314,315,316,317,317,318,319,320
1021,1021,1021,1021,1021,1021,1021,1021,1021,1021,1021
398,398,397,396,395,394,393,392,391,390,389
72,72,72,72,72,72,72,72,72,72,72
897,899,899,900,900,901,902,902,903,904,904
713,713,713,713,713,713,713,713,713,713,713
2,3,2,2,2,2,2,2,2,2,2
625,625,625,625,625,625,625,625,625,625,625
951,952,951,951,950,950,949,949,948,948,947
126,126,126,126,126,126,126,126,126,126,126
310,312,312,313,314,315,316,317,318,319,320
1021,1021,1021,1021,1021,1021,1021,1021,1021,1021,1021
398,398,397,396,396,395,394,393,392,391,390
72,72,72,72,72,72,72,72,72,72,72
897,898,899,899,900,901,901,902,903,903,904
714,714,714,714,714,714,714,714,714,714,714
2,3,2,2,2,2,2,2,2,2,2
624,624,624,624,624,624,624,624,624,624,624
952,952,952,951,951,950,950,949,949,948,948
127,127,127,127,127,127,127,127,127,127,127
309,311,312,313,314,315,315,316,317,318,319
1021,1021,1021,1021,1021,1021,1021,1021,1021,1021,1021
399,399,398,397,396,395,394,393,392,391,390
71,71,71,71,71,71,71,71,71,71,71
896,898,898,899,900,900,901,902,902,903,903
714,714,714,714,714,714,714,714,714,714,714
2,3,3,2,2,2,2,2,2,2,2
624,624,624,624,624,624,624,624,624,624,624
952,952,952,951,951,950,950,949,949,948,948
127,127,127,127,127,127,127,127,127,127,127
309,311,311,312,313,314,315,316,317,318,319
1021,1021,1021,1021,1021,1021,1021,1021,1021,1021,1021
399,399,399,398,397,396,395,394,393,392,391
71,71,71,71,71,71,71,71,71,71,71
896,897,898,899,899,900,901,901,902,902,903
715,715,715,715,715,715,715,715,715,715,715
2,3,3,2,2,2,2,2,2,2,2
623,623,623,623,623,623,623,623,623,623,623
952,953,952,952,951,951,950,950,949,949,948
127,127,127,127,127,127,127,127,127,127,127
308,310,311,312,313,314,314,315,316,317,318
1021,1021,1021,1021,1021,1021,1021,1021,1021,1021,1021
400,400,399,398,397,396,395,394,393,393,392
71,71,71,71,71,71,71,71,71,71,71
895,897,898,898,899,900,900,901,901,902,903
715,715,715,715,715,715,715,715,715,715,715
2,3,3,3,2,2,2,2,2,2,2
623,623,623,623,623,623,623,623,623,623,623
952,953,952,952,952,951,951,950,950,949,949
128,128,128,128,128,128,128,128,128,128,128
308,309,310,311,312,313,314,315,316,317,317
1021,1021,1021,1021,1021,1021,1021,1021,1021,1021,1021
401,401,400,399,398,397,396,395,394,393,392
70,70,70,70,70,70,70,70,70,70,70
895,897,897,898,899,899,900,900,901,902,902
716,716,716,716,716,716,716,716,716,716,716
2,3,3,3,3,2,2,2,2,2,2
622,622,622,622,622,622,622,622,622,622,622
953,953,953,952,952,951,951,950,950,949,949
128,128,128,128,128,128,128,128,128,128,128
307,309,310,311,312,312,313,314,315,316,317
1021,1021,1021,1021,1021,1021,1021,1021,1021,1021,1021
401,401,400,399,398,397,397,396,395,394,393
70,70,70,70,70,70,70,70,70,70,70
895,896,897,897,898,899,899,900,901,901,902
716,716,716,716,716,716,716,716,716,716,716
2,3,3,3,3,2,2,2,2,2,2
622,622,622,622,622,622,622,622,622,622,622
953,954,953,953,952,952,951,951,950,950,949
129,129,129,129,129,129,129,129,129,129,129
306,308,309,310,311,312,313,314,315,315,316
1021,1021,1021,1021,1021,1021,1021,1021,1021,1021,1021
402,402,401,400,399,398,397,396,395,394,393
70,70,70,70,70,70,70,70,70,70,70
894,896,896,897,898,898,899,900,900,901,902
717,717,717,717,717,717,717,717,717,717,717
2,3,3,3,3,3,2,2,2,2,2
621,621,621,621,621,621,621,621,621,621,621
953,954,953,953,952,952,951,951,950,950,949
129,129,129,129,129,129,129,129,129,129,129
306,308,309,310,310,311,312,313,314,315,316
1021,1021,1021,1021,1021,1021,1021,1021,1021,1021,1021
402,402,401,400,400,399,398,397,396,395,394
69,69,69,69,69,69,69,69,69,69,69
894,895,896,897,897,898,899,899,900,901,901
717,717,717,717,717,717,717,717,717,717,717
2,3,3,3,3,3,2,2,2,2,2
620,620,620,620,620,620,620,620,620,620,620
954,954,954,953,953,952,952,951,951,950,950
129,129,129,129,129,129,129,129,129,129,129
305,307,308,309,310,311,312,313,313,314,315
1021,1021,1021,1021,1021,1021,1021,1021,1021,1021,1021
403,403,402,401,400,399,398,397,396,395,394
69,69,69,69,69,69,69,69,69,69,69
893,895,896,896,897,898,898,899,899,900,901
718,718,718,718,718,718,718,718,718,718,718
2,3,3,3,3,3,3,2,2,2,2
620,620,620,620,620,620,620,620,620,620,620
954,954,954,954,953,953,952,952,951,951,950
130,130,130,130,130,130,130,130,130,130,130
305,307,308,308,309,310,311,312,313,314,315
1021,1021,1021,1021,1021,1021,1021,1021,1021,1021,1021
403,404,403,402,401,400,399,398,397,396,395
69,69,69,69,69,69,69,69,69,69,69
893,895,895,896,897,897,898,898,899,900,900
718,718,718,718,718,718,718,718,718,718,718
2,3,3,3,3,3,3,3,2,2,2
619,619,619,619,619,619,619,619,619,619,619
954,955,954,954,953,953,952,952,951,951,950
130,130,130,130,130,130,130,130,130,130,130
304,306,307,308,309,310,311,311,312,313,314
1021,1021,1021,1021,1021,1021,1021,1021,1021,1021,1021
404,404,403,402,401,400,399,398,398,397,396
69,69,69,69,69,69,69,69,69,69,69
893,894,895,896,896,897,897,898,899,899,900
719,719,719,719,719,719,719,719,719,719,719
2,3,3,3,3,3,3,3,2,2,2
619,619,619,619,619,619,619,619,619,619,619
955,955,955,954,954,953,953,952,952,951,951
131,131,131,131,131,131,131,131,131,131,131
304,306,307,307,308,309,310,311,312,313,314
1021,1021,1021,1021,1021,1021,1021,1021,1021,1021,1021
405,405,404,403,402,401,400,399,398,397,396
68,68,68,68,68,68,68,68,68,68,68
892,894,894,895,896,896,897,898,898,899,900
720,720,720,720,720,720,720,720,720,720,720
2,3,3,3,3,3,3,3,3,2,2
618,618,618,618,618,618,618,618,618,618,618
955,955,955,954,954,953,953,952,952,951,951
131,131,131,131,131,131,131,131,131,131,131
303,305,306,307,308,309,310,310,311,312,313
1021,1021,1021,1021,1021,1021,1021,1021,1021,1021,1021
405,405,404,403,402,401,401,400,399,398,397
68,68,68,68,68,68,68,68,68,68,68
892,893,894,895,895,896,897,897,898,899,899
720,720,720,720,720,720,720,720,720,720,720
2,3,3,3,3,3,3,3,3,3,2
618,618,618,618,618,618,618,618,618,618,618
955,956,955,955,954,954,953,953,952,952,951
131,131,131,131,131,131,131,131,131,131,131
303,305,305,306,307,308,309,310,311,312,313
1021,1021,1021,1021,1021,1021,1021,1021,1021,1021,1021
406,406,405,404,403,402,401,400,399,398,397
68,68,68,68,68,68,68,68,68,68,68
891,893,894,894,895,896,896,897,898,898,899
721,721,721,721,721,721,721,721,721,721,721
2,3,3,3,3,3,3,3,3,3,2
617,617,617,617,617,617,617,617,617,617,617
955,956,955,955,955,954,954,953,953,952,952
132,132,132,132,132,132,132,132,132,132,132
302,304,305,306,307,308,308,309,310,311,312
1021,1021,1021,1021,1021,1021,1021,1021,1021,1021,1021
406,406,405,405,404,403,402,401,400,399,398
67,67,67,67,67,67,67,67,67,67,67
891,893,893,894,895,895,896,897,897,898,898
721,721,721,721,721,721,721,721,721,721,721
2,3,3,3,3,3,3,3,3,3,3
616,616,616,616,616,616,616,616,616,616,616
956,956,956,955,955,954,954,953,953,952,952
132,132,132,132,132,132,132,132,132,132,132
302,303,304,305,306,307,308,309,310,311,311
1020,1020,1020,1020,1020,1020,1020,1020,1020,1020,1020
407,407,406,405,404,403,402,401,400,399,398
67,67,67,67,67,67,67,67,67,67,67
891,892,893,894,894,895,895,896,897,897,898
722,722,722,722,722,722,722,722,722,722,722
3,3,3,3,3,3,3,3,3,3,3
616,616,616,616,616,616,616,616,616,616,616
956,957,956,956,955,955,954,954,953,953,952
133,133,133,133,133,133,133,133,133,133,133
301,303,304,305,306,306,307,308,309,310,311
1020,1020,1020,1020,1020,1020,1020,1020,1020,1020,1020
407,408,407,406,405,404,403,402,401,400,399
67,67,67,67,67,67,67,67,67,67,67
890,892,893,893,894,894,895,896,896,897,898
722,722,722,722,722,722,722,722,722,722,722
3,3,3,3,3,3,3,3,3,3,3
615,615,615,615,615,615,615,615,615,615,615
956,957,956,956,955,955,954,954,953,953,952
133,133,133,133,133,133,133,133,133,133,133
301,302,303,304,305,306,307,308,309,309,310
1020,1020,1020,1020,1020,1020,1020,1020,1020,1020,1020
408,408,407,406,405,404,403,402,402,401,400
67,67,67,67,67,67,67,67,67,67,67
890,891,892,893,893,894,895,895,896,897,897
723,723,723,723,723,723,723,723,723,723,723
3,4,3,3,3,3,3,3,3,3,3
615,615,615,615,615,615,615,615,615,615,615
957,957,957,956,956,955,955,954,954,953,953
133,133,133,133,133,133,133,133,133,133,133
300,302,303,304,305,305,306,307,308,309,310
1020,1020,1020,1020,1020,1020,1020,1020,1020,1020,1020
409,409,408,407,406,405,404,403,402,401,400
66,66,66,66,66,66,66,66,66,66,66
889,891,892,892,893,894,894,895,896,896,897
723,723,723,723,723,723,723,723,723,723,723
3,4,4,3,3,3,3,3,3,3,3
614,614,614,614,614,614,614,614,614,614,614
957,957,957,956,956,956,955,955,954,954,953
134,134,134,134,134,134,134,134,134,134,134
299,301,302,303,304,305,306,307,308,308,309
1020,1020,1020,1020,1020,1020,1020,1020,1020,1020,1020
409,409,408,407,406,406,405,404,403,402,401
66,66,66,66,66,66,66,66,66,66,66
889,891,891,892,893,893,894,895,895,896,896
724,724,724,724,724,724,724,724,724,724,724
3,4,4,3,3,3,3,3,3,3,3
613,613,613,613,613,613,613,613,613,613,613
957,958,957,957,956,956,955,955,954,954,953
134,134,134,134,134,134,134,134,134,134,134
299,301,302,303,303,304,305,306,307,308,309
1020,1020,1020,1020,1020,1020,1020,1020,1020,1020,1020
410,410,409,408,407,406,405,404,403,402,401
66,66,66,66,66,66,66,66,66,66,66
889,890,891,892,892,893,894,894,895,895,896
724,724,724,724,724,724,724,724,724,724,724
3,4,4,4,3,3,3,3,3,3,3
613,613,613,613,613,613,613,613,613,613,613
957,958,958,957,957,956,956,955,955,954,954
135,135,135,135,135,135,135,135,135,135,135
298,300,301,302,303,304,305,306,306,307,308
1020,1020,1020,1020,1020,1020,1020,1020,1020,1020,1020
410,410,409,409,408,407,406,405,404,403,402
65,65,65,65,65,65,65,65,65,65,65
888,890,891,891,892,892,893,894,894,895,896
725,725,725,725,725,725,725,725,725,725,725
3,4,4,4,3,3,3,3,3,3,3
612,612,612,612,612,612,612,612,612,612,612
958,958,958,957,957,956,956,955,955,954,954
135,135,135,135,135,135,135,135,135,135,135
298,300,301,301,302,303,304,305,306,307,308
1020,1020,1020,1020,1020,1020,1020,1020,1020,1020,1020
411,411,410,409,408,407,406,405,404,403,403
65,65,65,65,65,65,65,65,65,65,65
888,889,890,891,891,892,893,893,894,895,895
725,725,725,725,725,725,725,725,725,725,725
3,4,4,4,4,3,3,3,3,3,3
612,612,612,612,612,612,612,612,612,612,612
958,959,958,958,957,957,956,956,955,955,954
135,135,135,135,135,135,135,135,135,135,135
297,299,300,301,302,303,304,304,305,306,307
1020,1020,1020,1020,1020,1020,1020,1020,1020,1020,1020
412,412,411,410,409,408,407,406,405,404,403
65,65,65,65,65,65,65,65,65,65,65
887,889,890,890,891,892,892,893,894,894,895
726,726,726,726,726,726,726,726,726,726,726
3,4,4,4,4,4,3,3,3,3,3
611,611,611,611,611,611,611,611,611,611,611
958,959,958,958,957,957,956,956,956,955,955
136,136,136,136,136,136,136,136,136,136,136
297,299,300,300,301,302,303,304,305,306,307
1020,1020,1020,1020,1020,1020,1020,1020,1020,1020,1020
412,412,411,410,409,408,407,406,406,405,404
65,65,65,65,65,65,65,65,65,65,65
887,889,889,890,891,891,892,893,893,894,895
726,726,726,726,726,726,726,726,726,726,726
3,4,4,4,4,4,3,3,3,3,3
611,611,611,611,611,611,611,611,611,611,611
959,959,959,958,958,957,957,956,956,955,955
136,136,136,136,136,136,136,136,136,136,136
296,298,299,300,301,302,303,303,304,305,306
1020,1020,1020,1020,1020,1020,1020,1020,1020,1020,1020
413,413,412,411,410,409,408,407,406,405,404
64,64,64,64,64,64,64,64,64,64,64
887,888,889,890,890,891,892,892,893,894,894
727,727,727,727,727,727,727,727,727,727,727
3,4,4,4,4,4,4,3,3,3,3
610,610,610,610,610,610,610,610,610,610,610
959,959,959,959,958,958,957,957,956,956,955
137,137,137,137,137,137,137,137,137,137,137
296,298,298,299,300,301,302,303,304,305,306
1020,1020,1020,1020,1020,1020,1020,1020,1020,1020,1020
413,413,412,411,410,410,409,408,407,406,405
64,64,64,64,64,64,64,64,64,64,64
886,888,889,889,890,891,891,892,892,893,894
728,728,728,728,728,728,728,728,728,728,728
3,4,4,4,4,4,4,4,3,3,3
609,609,609,609,609,609,609,609,609,609,609
959,960,959,959,958,958,957,957,956,956,955
137,137,137,137,137,137,137,137,137,137,137
295,297,298,299,300,301,301,302,303,304,305
1020,1020,1020,1020,1020,1020,1020,1020,1020,1020,1020
414,414,413,412,411,410,409,408,407,406,405
64,64,64,64,64,64,64,64,64,64,64
886,888,888,889,889,890,891,891,892,893,893
728,728,728,728,728,728,728,728,728,728,728
3,4,4,4,4,4,4,4,3,3,3
609,609,609,609,609,609,609,609,609,609,609
959,960,960,959,959,958,958,957,957,956,956
137,137,137,137,137,137,137,137,137,137,137
295,297,297,298,299,300,301,302,303,304,304
1020,1020,1020,1020,1020,1020,1020,1020,1020,1020,1020
414,414,414,413,412,411,410,409,408,407,406
63,63,63,63,63,63,63,63,63,63,63
885,887,888,888,889,890,890,891,892,892,893
729,729,729,729,729,729,729,729,729,729,729
3,4,4,4,4,4,4,4,4,3,3
608,608,608,608,608,608,608,608,608,608,608
960,960,960,959,959,958,958,957,957,957,956
138,138,138,138,138,138,138,138,138,138,138
294,296,297,298,299,299,300,301,302,303,304
1020,1020,1020,1020,1020,1020,1020,1020,1020,1020,1020
415,415,414,413,412,411,410,409,408,407,407
63,63,63,63,63,63,63,63,63,63,63
885,887,887,888,889,889,890,891,891,892,893
729,729,729,729,729,729,729,729,729,729,729
3,4,4,4,4,4,4,4,4,3,3
608,608,608,608,608,608,608,608,608,608,608
960,961,960,960,959,959,958,958,957,957,956
138,138,138,138,138,138,138,138,138,138,138
294,295,296,297,298,299,300,301,302,302,303
1019,1019,1019,1019,1019,1019,1019,1019,1019,1019,1019
416,416,415,414,413,412,411,410,409,408,407
63,63,63,63,63,63,63,63,63,63,63
885,886,887,888,888,889,890,890,891,892,892
730,730,730,730,730,730,730,730,730,730,730
4,4,4,4,4,4,4,4,4,4,3
607,607,607,607,607,607,607,607,607,607,607
960,961,960,960,959,959,959,958,958,957,957
139,139,139,139,139,139,139,139,139,139,139
293,295,296,297,298,298,299,300,301,302,303
1019,1019,1019,1019,1019,1019,1019,1019,1019,1019,1019
416,416,415,414,413,412,411,411,410,409,408
63,63,63,63,63,63,63,63,63,63,63
884,886,887,887,888,889,889,890,890,891,892
730,730,730,730,730,730,730,730,730,730,730
4,5,4,4,4,4,4,4,4,4,4
607,607,607,607,607,607,607,607,607,607,607
961,961,961,960,960,959,959,958,958,957,957
139,139,139,139,139,139,139,139,139,139,139
293,294,295,296,297,298,299,300,301,301,302
1019,1019,1019,1019,1019,1019,1019,1019,1019,1019,1019
417,417,416,415,414,413,412,411,410,409,408
62,62,62,62,62,62,62,62,62,62,62
884,885,886,887,887,888,889,889,890,891,891
731,731,731,731,731,731,731,731,731,731,731
4,5,4,4,4,4,4,4,4,4,4
606,606,606,606,606,606,606,606,606,606,606
961,961,961,961,960,960,959,959,958,958,957
139,139,139,139,139,139,139,139,139,139,139
292,294,295,296,296,297,298,299,300,301,302
1019,1019,1019,1019,1019,1019,1019,1019,1019,1019,1019
417,417,416,415,415,414,413,412,411,410,409
62,62,62,62,62,62,62,62,62,62,62
883,885,886,886,887,888,888,889,890,890,891
731,731,731,731,731,731,731,731,731,731,731
4,5,5,4,4,4,4,4,4,4,4
605,605,605,605,605,605,605,605,605,605,605
961,962,961,961,960,960,959,959,958,958,958
140,140,140,140,140,140,140,140,140,140,140
291,293,294,295,296,297,298,299,299,300,301
1019,1019,1019,1019,1019,1019,1019,1019,1019,1019,1019
418,418,417,416,415,414,413,412,411,410,409
62,62,62,62,62,62,62,62,62,62,62
883,885,885,886,887,887,888,889,889,890,891
732,732,732,732,732,732,732,732,732,732,732
4,5,5,5,4,4,4,4,4,4,4
605,605,605,605,605,605,605,605,605,605,605
961,962,962,961,961,960,960,959,959,958,958
140,140,140,140,140,140,140,140,140,140,140
291,293,294,295,295,296,297,298,299,300,301
1019,1019,1019,1019,1019,1019,1019,1019,1019,1019,1019
418,419,418,417,416,415,414,413,412,411,410
61,61,61,61,61,61,61,61,61,61,61
883,884,885,886,886,887,888,888,889,890,890
732,732,732,732,732,732,732,732,732,732,732
4,5,5,5,4,4,4,4,4,4,4
604,604,604,604,604,604,604,604,604,604,604
962,962,962,961,961,960,960,960,959,959,958
141,141,141,141,141,141,141,141,141,141,141
290,292,293,294,295,296,297,298,298,299,300
1019,1019,1019,1019,1019,1019,1019,1019,1019,1019,1019
419,419,418,417,416,415,414,413,412,412,411
61,61,61,61,61,61,61,61,61,61,61
882,884,885,885,886,887,887,888,888,889,890
733,733,733,733,733,733,733,733,733,733,733
4,5,5,5,5,4,4,4,4,4,4
604,604,604,604,604,604,604,604,604,604,604
962,963,962,962,961,961,960,960,959,959,958
141,141,141,141,141,141,141,141,141,141,141
290,292,293,293,294,295,296,297,298,299,300
1019,1019,1019,1019,1019,1019,1019,1019,1019,1019,1019
420,420,419,418,417,416,415,414,413,412,411
61,61,61,61,61,61,61,61,61,61,61
882,883,884,885,885,886,887,887,888,889,889
733,733,733,733,733,733,733,733,733,733,733
4,5,5,5,5,4,4,4,4,4,4
603,603,603,603,603,603,603,603,603,603,603
962,963,962,962,961,961,961,960,960,959,959
141,141,141,141,141,141,141,141,141,141,141
289,291,292,293,294,295,296,296,297,298,299
1019,1019,1019,1019,1019,1019,1019,1019,1019,1019,1019
420,420,419,418,417,416,416,415,414,413,412
61,61,61,61,61,61,61,61,61,61,61
881,883,884,884,885,886,886,887,888,888,889
734,734,734,734,734,734,734,734,734,734,734
4,5,5,5,5,5,4,4,4,4,4
602,602,602,602,602,602,602,602,602,602,602
963,963,963,962,962,961,961,960,960,959,959
142,142,142,142,142,142,142,142,142,142,142
289,291,292,292,293,294,295,296,297,298,299
1019,1019,1019,1019,1019,1019,1019,1019,1019,1019,1019
421,421,420,419,418,417,416,415,414,413,412
60,60,60,60,60,60,60,60,60,60,60
881,883,883,884,885,885,886,887,887,888,889
734,734,734,734,734,734,734,734,734,734,734
4,5,5,5,5,5,5,4,4,4,4
602,602,602,602,602,602,602,602,602,602,602
963,963,963,963,962,962,961,961,960,960,959
142,142,142,142,142,142,142,142,142,142,142
288,290,291,292,293,294,294,295,296,297,298
1019,1019,1019,1019,1019,1019,1019,1019,1019,1019,1019
421,421,420,420,419,418,417,416,415,414,413
60,60,60,60,60,60,60,60,60,60,60
881,882,883,884,884,885,886,886,887,888,888
735,735,735,735,735,735,735,735,735,735,735
4,5,5,5,5,5,5,4,4,4,4
601,601,601,601,601,601,601,601,601,601,601
963,964,963,963,962,962,961,961,960,960,960
143,143,143,143,143,143,143,143,143,143,143
288,290,290,291,292,293,294,295,296,297,297
1019,1019,1019,1019,1019,1019,1019,1019,1019,1019,1019
422,422,421,420,419,418,417,416,415,414,413
60,60,60,60,60,60,60,60,60,60,60
880,882,883,883,884,885,885,886,886,887,888
736,736,736,736,736,736,736,736,736,736,736
4,5,5,5,5,5,5,5,4,4,4
601,601,601,601,601,601,601,601,601,601,601
963,964,964,963,963,962,962,961,961,960,960
143,143,143,143,143,143,143,143,143,143,143
287,289,290,291,292,293,293,294,295,296,297
1019,1019,1019,1019,1019,1019,1019,1019,1019,1019,1019
423,423,422,421,420,419,418,417,416,415,414
59,59,59,59,59,59,59,59,59,59,59
880,881,882,883,883,884,885,885,886,887,887
736,736,736,736,736,736,736,736,736,736,736
5,5,5,5,5,5,5,5,4,4,4
600,600,600,600,600,600,600,600,600,600,600
964,964,964,963,963,962,962,962,961,961,960
143,143,143,143,143,143,143,143,143,143,143
287,289,289,290,291,292,293,294,295,296,296
1018,1018,1018,1018,1018,1018,1018,1018,1018,1018,1018
423,423,422,421,420,419,418,417,417,416,415
59,59,59,59,59,59,59,59,59,59,59
879,881,882,882,883,884,884,885,886,886,887
737,737,737,737,737,737,737,737,737,737,737
5,5,5,5,5,5,5,5,5,4,4
600,600,600,600,600,600,600,600,600,600,600
964,965,964,964,963,963,962,962,961,961,960
144,144,144,144,144,144,144,144,144,144,144
286,288,289,290,291,291,292,293,294,295,296
1018,1018,1018,1018,1018,1018,1018,1018,1018,1018,1018
424,424,423,422,421,420,419,418,417,416,415
59,59,59,59,59,59,59,59,59,59,59
879,881,881,882,883,883,884,885,885,886,887
737,737,737,737,737,737,737,737,737,737,737
5,6,5,5,5,5,5,5,5,5,4
599,599,599,599,599,599,599,599,599,599,599
964,965,964,964,963,963,963,962,962,961,961
144,144,144,144,144,144,144,144,144,144,144
286,287,288,289,290,291,292,293,294,294,295
1018,1018,1018,1018,1018,1018,1018,1018,1018,1018,1018
424,424,423,422,421,421,420,419,418,417,416
59,59,59,59,59,59,59,59,59,59,59
879,880,881,882,882,883,884,884,885,886,886
738,738,738,738,738,738,738,738,738,738,738
5,6,5,5,5,5,5,5,5,5,4
598,598,598,598,598,598,598,598,598,598,598
965,965,965,964,964,963,963,962,962,961,961
145,145,145,145,145,145,145,145,145,145,145
285,287,288,289,290,290,291,292,293,294,295
1018,1018,1018,1018,1018,1018,1018,1018,1018,1018,1018
425,425,424,423,422,421,420,419,418,417,416
58,58,58,58,58,58,58,58,58,58,58
878,880,880,881,882,882,883,884,884,885,886
738,738,738,738,738,738,738,738,738,738,738
5,6,6,5,5,5,5,5,5,5,5
598,598,598,598,598,598,598,598,598,598,598
965,965,965,964,964,964,963,963,962,962,961
145,145,145,145,145,145,145,145,145,145,145
285,286,287,288,289,290,291,292,293,293,294
1018,1018,1018,1018,1018,1018,1018,1018,1018,1018,1018
425,425,425,424,423,422,421,420,419,418,417
58,58,58,58,58,58,58,58,58,58,58
878,879,880,881,881,882,883,883,884,885,885
739,739,739,739,739,739,739,739,739,739,739
5,6,6,6,5,5,5,5,5,5,5
597,597,597,597,597,597,597,597,597,597,597
965,966,965,965,964,964,963,963,962,962,962
145,145,145,145,145,145,145,145,145,145,145
284,286,287,288,289,289,290,291,292,293,294
1018,1018,1018,1018,1018,1018,1018,1018,1018,1018,1018
426,426,425,424,423,422,421,420,419,418,418
58,58,58,58,58,58,58,58,58,58,58
877,879,880,880,881,882,882,883,884,884,885
739,739,739,739,739,739,739,739,739,739,739
5,6,6,6,5,5,5,5,5,5,5
597,597,597,597,597,597,597,597,597,597,597
965,966,965,965,965,964,964,963,963,962,962
146,146,146,146,146,146,146,146,146,146,146
284,285,286,287,288,289,290,291,291,292,293
1018,1018,1018,1018,1018,1018,1018,1018,1018,1018,1018
427,427,426,425,424,423,422,421,420,419,418
58,58,58,58,58,58,58,58,58,58,58
877,879,879,880,881,881,882,883,883,884,885
740,740,740,740,740,740,740,740,740,740,740
5,6,6,6,6,5,5,5,5,5,5
596,596,596,596,596,596,596,596,596,596,596
966,966,966,965,965,964,964,963,963,963,962
146,146,146,146,146,146,146,146,146,146,146
283,285,286,287,287,288,289,290,291,292,293
1018,1018,1018,1018,1018,1018,1018,1018,1018,1018,1018
427,427,426,425,424,423,422,422,421,420,419
57,57,57,57,57,57,57,57,57,57,57
876,878,879,879,880,881,882,882,883,884,884
740,740,740,740,740,740,740,740,740,740,740
5,6,6,6,6,5,5,5,5,5,5
596,596,596,596,596,596,596,596,596,596,596
966,966,966,966,965,965,964,964,963,963,962
147,147,147,147,147,147,147,147,147,147,147
282,284,285,286,287,288,289,290,290,291,292
1018,1018,1018,1018,1018,1018,1018,1018,1018,1018,1018
428,428,427,426,425,424,423,422,421,420,419
57,57,57,57,57,57,57,57,57,57,57
876,878,878,879,880,880,881,882,882,883,884
741,741,741,741,741,741,741,741,741,741,741
5,6,6,6,6,6,5,5,5,5,5
595,595,595,595,595,595,595,595,595,595,595
966,967,966,966,965,965,964,964,964,963,963
147,147,147,147,147,147,147,147,147,147,147
282,284,285,286,286,287,288,289,290,291,292
1018,1018,1018,1018,1018,1018,1018,1018,1018,1018,1018
428,428,427,426,426,425,424,423,422,421,420
57,57,57,57,57,57,57,57,57,57,57
876,877,878,879,879,880,881,881,882,883,883
741,741,741,741,741,741,741,741,741,741,741
5,6,6,6,6,6,6,5,5,5,5
594,594,594,594,594,594,594,594,594,594,594
966,967,967,966,966,965,965,964,964,963,963
148,148,148,148,148,148,148,148,148,148,148
281,283,284,285,286,287,288,288,289,290,291
1018,1018,1018,1018,1018,1018,1018,1018,1018,1018,1018
429,429,428,427,426,425,424,423,422,421,420
56,56,56,56,56,56,56,56,56,56,56
875,877,878,878,879,880,880,881,882,882,883
742,742,742,742,742,742,742,742,742,742,742
5,6,6,6,6,6,6,5,5,5,5
594,594,594,594,594,594,594,594,594,594,594
967,967,967,966,966,965,965,965,964,964,963
148,148,148,148,148,148,148,148,148,148,148
281,283,284,284,285,286,287,288,289,290,291
1018,1018,1018,1018,1018,1018,1018,1018,1018,1018,1018
430,430,429,428,427,426,425,424,423,422,421
56,56,56,56,56,56,56,56,56,56,56
875,876,877,878,879,879,880,881,881,882,883
742,742,742,742,742,742,742,742,742,742,742
6,6,6,6,6,6,6,6,5,5,5
593,593,593,593,593,593,593,593,593,593,593
967,968,967,967,966,966,965,965,964,964,963
148,148,148,148,148,148,148,148,148,148,148
280,282,283,284,285,286,287,287,288,289,290
1017,1017,1017,1017,1017,1017,1017,1017,1017,1017,1017
430,430,429,428,427,426,425,424,423,423,422
56,56,56,56,56,56,56,56,56,56,56
874,876,877,877,878,879,879,880,881,881,882
743,743,743,743,743,743,743,743,743,743,743
6,6,6,6,6,6,6,6,5,5,5
593,593,593,593,593,593,593,593,593,593,593
967,968,967,967,966,966,966,965,965,964,964
149,149,149,149,149,149,149,149,149,149,149
280,282,283,283,284,285,286,287,288,289,289
1017,1017,1017,1017,1017,1017,1017,1017,1017,1017,1017
431,431,430,429,428,427,426,425,424,423,422
56,56,56,56,56,56,56,56,56,56,56
874,876,876,877,878,878,879,880,880,881,882
743,743,743,743,743,743,743,743,743,743,743
6,7,6,6,6,6,6,6,6,5,5
592,592,592,592,592,592,592,592,592,592,592
968,968,968,967,967,966,966,965,965,965,964
149,149,149,149,149,149,149,149,149,149,149
279,281,282,283,284,285,285,286,287,288,289
1017,1017,1017,1017,1017,1017,1017,1017,1017,1017,1017
431,431,430,429,428,427,427,426,425,424,423
55,55,55,55,55,55,55,55,55,55,55
874,875,876,877,877,878,879,879,880,881,881
744,744,744,744,744,744,744,744,744,744,744
6,7,7,6,6,6,6,6,6,6,5
591,591,591,591,591,591,591,591,591,591,591
968,968,968,967,967,967,966,966,965,965,964
150,150,150,150,150,150,150,150,150,150,150
279,281,281,282,283,284,285,286,287,288,288
1017,1017,1017,1017,1017,1017,1017,1017,1017,1017,1017
432,432,431,430,429,428,427,426,425,424,423
55,55,55,55,55,55,55,55,55,55,55
873,875,876,876,877,878,878,879,880,880,881
744,744,744,744,744,744,744,744,744,744,744
6,7,7,6,6,6,6,6,6,6,5
591,591,591,591,591,591,591,591,591,591,591
968,969,968,968,967,967,966,966,966,965,965
150,150,150,150,150,150,150,150,150,150,150
278,280,281,282,283,284,284,285,286,287,288
1017,1017,1017,1017,1017,1017,1017,1017,1017,1017,1017
432,432,432,431,430,429,428,427,426,425,424
55,55,55,55,55,55,55,55,55,55,55
873,874,875,876,876,877,878,878,879,880,881
745,745,745,745,745,745,745,745,745,745,745
6,7,7,7,6,6,6,6,6,6,6
590,590,590,590,590,590,590,590,590,590,590
968,969,968,968,968,967,967,966,966,965,965
150,150,150,150,150,150,150,150,150,150,150
278,280,280,281,282,283,284,285,286,286,287
1017,1017,1017,1017,1017,1017,1017,1017,1017,1017,1017
433,433,432,431,430,429,428,427,426,425,424
55,55,55,55,55,55,55,55,55,55,55
872,874,875,875,876,877,877,878,879,879,880
746,746,746,746,746,746,746,746,746,746,746
6,7,7,7,6,6,6,6,6,6,6
590,590,590,590,590,590,590,590,590,590,590
969,969,969,968,968,967,967,966,966,966,965
151,151,151,151,151,151,151,151,151,151,151
277,279,280,281,282,283,283,284,285,286,287
1017,1017,1017,1017,1017,1017,1017,1017,1017,1017,1017
434,434,433,432,431,430,429,428,427,426,425
54,54,54,54,54,54,54,54,54,54,54
872,874,874,875,876,876,877,878,878,879,880
746,746,746,746,746,746,746,746,746,746,746
6,7,7,7,7,6,6,6,6,6,6
589,589,589,589,589,589,589,589,589,589,589
969,969,969,969,968,968,967,967,966,966,965
151,151,151,151,151,151,151,151,151,151,151
277,279,279,280,281,282,283,284,285,285,286
1017,1017,1017,1017,1017,1017,1017,1017,1017,1017,1017
434,434,433,432,431,430,429,428,428,427,426
54,54,54,54,54,54,54,54,54,54,54
871,873,874,875,875,876,877,877,878,879,879
747,747,747,747,747,747,747,747,747,747,747
6,7,7,7,7,7,6,6,6,6,6
589,589,589,589,589,589,589,589,589,589,589
969,970,969,969,968,968,967,967,967,966,966
152,152,152,152,152,152,152,152,152,152,152
276,278,279,280,281,281,282,283,284,285,286
1017,1017,1017,1017,1017,1017,1017,1017,1017,1017,1017
435,435,434,433,432,431,430,429,428,427,426
54,54,54,54,54,54,54,54,54,54,54
871,873,873,874,875,875,876,877,878,878,879
747,747,747,747,747,747,747,747,747,747,747
6,7,7,7,7,7,6,6,6,6,6
588,588,588,588,588,588,588,588,588,588,588
969,970,970,969,969,968,968,967,967,966,966
152,152,152,152,152,152,152,152,152,152,152
276,277,278,279,280,281,282,283,284,284,285
1017,1017,1017,1017,1017,1017,1017,1017,1017,1017,1017
435,435,434,433,433,432,431,430,429,428,427
53,53,53,53,53,53,53,53,53,53,53
871,872,873,874,874,875,876,876,877,878,878
748,748,748,748,748,748,748,748,748,748,748
6,7,7,7,7,7,7,6,6,6,6
587,587,587,587,587,587,587,587,587,587,587
970,970,970,969,969,968,968,968,967,967,966
153,153,153,153,153,153,153,153,153,153,153
275,277,278,279,280,280,281,282,283,284,285
1016,1016,1016,1016,1016,1016,1016,1016,1016,1016,1016
436,436,435,434,433,432,431,430,429,428,427
53,53,53,53,53,53,53,53,53,53,53
870,872,873,873,874,875,875,876,877,877,878
748,748,748,748,748,748,748,748,748,748,748
7,7,7,7,7,7,7,7,6,6,6
587,587,587,587,587,587,587,587,587,587,587
970,970,970,970,969,969,968,968,967,967,967
153,153,153,153,153,153,153,153,153,153,153
275,276,277,278,279,280,281,282,282,283,284
1016,1016,1016,1016,1016,1016,1016,1016,1016,1016,1016
436,437,436,435,434,433,432,431,430,429,428
53,53,53,53,53,53,53,53,53,53,53
870,871,872,873,874,874,875,876,876,877,878
749,749,749,749,749,749,749,749,749,749,749
7,8,7,7,7,7,7,7,6,6,6
586,586,586,586,586,586,586,586,586,586,586
970,971,970,970,969,969,969,968,968,967,967
153,153,153,153,153,153,153,153,153,153,153
274,276,277,278,278,279,280,281,282,283,284
1016,1016,1016,1016,1016,1016,1016,1016,1016,1016,1016
437,437,436,435,434,433,432,431,430,429,429
53,53,53,53,53,53,53,53,53,53,53
869,871,872,872,873,874,874,875,876,877,877
749,749,749,749,749,749,749,749,749,749,749
7,8,7,7,7,7,7,7,7,6,6
586,586,586,586,586,586,586,586,586,586,586
970,971,971,970,970,969,969,968,968,968,967
154,154,154,154,154,154,154,154,154,154,154
274,275,276,277,278,279,280,281,281,282,283
1016,1016,1016,1016,1016,1016,1016,1016,1016,1016,1016
438,438,437,436,435,434,433,432,431,430,429
52,52,52,52,52,52,52,52,52,52,52
869,871,871,872,873,873,874,875,875,876,877
750,750,750,750,750,750,750,750,750,750,750
7,8,8,7,7,7,7,7,7,6,6
585,585,585,585,585,585,585,585,585,585,585
971,971,971,970,970,970,969,969,968,968,967
154,154,154,154,154,154,154,154,154,154,154
273,275,276,277,277,278,279,280,281,282,283
1016,1016,1016,1016,1016,1016,1016,1016,1016,1016,1016
438,438,437,436,435,434,434,433,432,431,430
52,52,52,52,52,52,52,52,52,52,52
869,870,871,872,872,873,874,874,875,876,876
750,750,750,750,750,750,750,750,750,750,750
7,8,8,7,7,7,7,7,7,7,6
584,584,584,584,584,584,584,584,584,584,584
971,972,971,971,970,970,969,969,968,968,968
155,155,155,155,155,155,155,155,155,155,155
273,274,275,276,277,278,279,279,280,281,282
1016,1016,1016,1016,1016,1016,1016,1016,1016,1016,1016
439,439,438,437,436,435,434,433,432,431,430
52,52,52,52,52,52,52,52,52,52,52
868,870,870,871,872,873,873,874,875,875,876
751,751,751,751,751,751,751,751,751,751,751
7,8,8,8,7,7,7,7,7,7,7
584,584,584,584,584,584,584,584,584,584,584
971,972,971,971,970,970,970,969,969,968,968
155,155,155,155,155,155,155,155,155,155,155
272,274,275,276,276,277,278,279,280,281,282
1016,1016,1016,1016,1016,1016,1016,1016,1016,1016,1016
439,439,438,438,437,436,435,434,433,432,431
52,52,52,52,52,52,52,52,52,52,52
868,869,870,871,871,872,873,874,874,875,876
751,751,751,751,751,751,751,751,751,751,751
7,8,8,8,8,7,7,7,7,7,7
583,583,583,583,583,583,583,583,583,583,583
971,972,972,971,971,970,970,969,969,969,968
156,156,156,156,156,156,156,156,156,156,156
271,273,274,275,276,277,278,278,279,280,281
1016,1016,1016,1016,1016,1016,1016,1016,1016,1016,1016
440,440,439,438,437,436,435,434,433,432,431
51,51,51,51,51,51,51,51,51,51,51
867,869,870,870,871,872,872,873,874,874,875
752,752,752,752,752,752,752,752,752,752,752
7,8,8,8,8,7,7,7,7,7,7
583,583,583,583,583,583,583,583,583,583,583
972,972,972,971,971,971,970,970,969,969,968
156,156,156,156,156,156,156,156,156,156,156
271,273,274,275,275,276,277,278,279,280,281
1016,1016,1016,1016,1016,1016,1016,1016,1016,1016,1016
441,441,440,439,438,437,436,435,434,433,432
51,51,51,51,51,51,51,51,51,51,51
867,869,869,870,871,871,872,873,873,874,875
752,752,752,752,752,752,752,752,752,752,752
7,8,8,8,8,8,7,7,7,7,7
582,582,582,582,582,582,582,582,582,582,582
972,973,972,972,971,971,970,970,970,969,969
156,156,156,156,156,156,156,156,156,156,156
270,272,273,274,275,276,277,277,278,279,280
1016,1016,1016,1016,1016,1016,1016,1016,1016,1016,1016
441,441,440,439,438,437,436,435,435,434,433
51,51,51,51,51,51,51,51,51,51,51
866,868,869,869,870,871,872,872,873,874,874
753,753,753,753,753,753,753,753,753,753,753
7,8,8,8,8,8,7,7,7,7,7
582,582,582,582,582,582,582,582,582,582,582
972,973,972,972,972,971,971,970,970,969,969
157,157,157,157,157,157,157,157,157,157,157
270,272,273,273,274,275,276,277,278,279,279
1015,1015,1015,1015,1015,1015,1015,1015,1015,1015,1015
442,442,441,440,439,438,437,436,435,434,433
51,51,51,51,51,51,51,51,51,51,51
866,868,868,869,870,870,871,872,873,873,874
753,753,753,753,753,753,753,753,753,753,753
8,8,8,8,8,8,8,7,7,7,7
581,581,581,581,581,581,581,581,581,581,581
972,973,973,972,972,971,971,971,970,970,969
157,157,157,157,157,157,157,157,157,157,157
269,271,272,273,274,275,276,276,277,278,279
1015,1015,1015,1015,1015,1015,1015,1015,1015,1015,1015
442,442,441,440,439,439,438,437,436,435,434
50,50,50,50,50,50,50,50,50,50,50
866,867,868,869,869,870,871,871,872,873,873
754,754,754,754,754,754,754,754,754,754,754
8,9,8,8,8,8,8,8,7,7,7
580,580,580,580,580,580,580,580,580,580,580
973,973,973,972,972,972,971,971,970,970,969
158,158,158,158,158,158,158,158,158,158,158
269,271,272,272,273,274,275,276,277,278,278
1015,1015,1015,1015,1015,1015,1015,1015,1015,1015,1015
443,443,442,441,440,439,438,437,436,435,434
50,50,50,50,50,50,50,50,50,50,50
865,867,868,868,869,870,870,871,872,872,873
754,754,754,754,754,754,754,754,754,754,754
8,9,8,8,8,8,8,8,7,7,7
580,580,580,580,580,580,580,580,580,580,580
973,974,973,973,972,972,971,971,971,970,970
158,158,158,158,158,158,158,158,158,158,158
268,270,271,272,273,274,274,275,276,277,278
1015,1015,1015,1015,1015,1015,1015,1015,1015,1015,1015
443,444,443,442,441,440,439,438,437,436,435
50,50,50,50,50,50,50,50,50,50,50
865,866,867,868,868,869,870,871,871,872,873
755,755,755,755,755,755,755,755,755,755,755
8,9,9,8,8,8,8,8,8,7,7
579,579,579,579,579,579,579,579,579,579,579
973,974,973,973,973,972,972,971,971,970,970
158,158,158,158,158,158,158,158,158,158,158
268,270,271,271,272,273,274,275,276,277,277
1015,1015,1015,1015,1015,1015,1015,1015,1015,1015,1015
444,444,443,442,441,440,439,438,437,436,436
50,50,50,50,50,50,50,50,50,50,50
864,866,867,867,868,869,869,870,871,872,872
755,755,755,755,755,755,755,755,755,755,755
8,9,9,8,8,8,8,8,8,8,7
579,579,579,579,579,579,579,579,579,579,579
974,974,974,973,973,972,972,972,971,971,970
159,159,159,159,159,159,159,159,159,159,159
267,269,270,271,272,273,273,274,275,276,277
1015,1015,1015,1015,1015,1015,1015,1015,1015,1015,1015
445,445,444,443,442,441,440,439,438,437,436
49,49,49,49,49,49,49,49,49,49,49
864,866,866,867,868,868,869,870,870,871,872
756,756,756,756,756,756,756,756,756,756,756
8,9,9,9,8,8,8,8,8,8,7
578,578,578,578,578,578,578,578,578,578,578
974,974,974,974,973,973,972,972,971,971,971
159,159,159,159,159,159,159,159,159,159,159
267,269,269,270,271,272,273,274,275,275,276
1015,1015,1015,1015,1015,1015,1015,1015,1015,1015,1015
445,445,444,443,442,441,441,440,439,438,437
49,49,49,49,49,49,49,49,49,49,49
863,865,866,867,867,868,869,869,870,871,871
756,756,756,756,756,756,756,756,756,756,756
8,9,9,9,9,8,8,8,8,8,8
577,577,577,577,577,577,577,577,577,577,577
974,975,974,974,973,973,973,972,972,971,971
160,160,160,160,160,160,160,160,160,160,160
266,268,269,270,271,272,272,273,274,275,276
1015,1015,1015,1015,1015,1015,1015,1015,1015,1015,1015
446,446,445,444,443,442,441,440,439,438,437
49,49,49,49,49,49,49,49,49,49,49
863,865,865,866,867,867,868,869,870,870,871
757,757,757,757,757,757,757,757,757,757,757
8,9,9,9,9,8,8,8,8,8,8
577,577,577,577,577,577,577,577,577,577,577
974,975,974,974,974,973,973,972,972,971,971
160,160,160,160,160,160,160,160,160,160,160
266,268,268,269,270,271,272,273,274,274,275
1015,1015,1015,1015,1015,1015,1015,1015,1015,1015,1015
446,446,445,445,444,443,442,441,440,439,438
49,49,49,49,49,49,49,49,49,49,49
863,864,865,866,866,867,868,868,869,870,871
758,758,758,758,758,758,758,758,758,758,758
8,9,9,9,9,9,8,8,8,8,8
576,576,576,576,576,576,576,576,576,576,576
975,975,975,974,974,973,973,973,972,972,971
161,161,161,161,161,161,161,161,161,161,161
265,267,268,269,270,270,271,272,273,274,275
1015,1015,1015,1015,1015,1015,1015,1015,1015,1015,1015
447,447,446,445,444,443,442,441,440,439,438
48,48,48,48,48,48,48,48,48,48,48
862,864,865,865,866,867,867,868,869,869,870
758,758,758,758,758,758,758,758,758,758,758
9,9,9,9,9,9,8,8,8,8,8
576,576,576,576,576,576,576,576,576,576,576
975,975,975,975,974,974,973,973,972,972,972
161,161,161,161,161,161,161,161,161,161,161
265,267,267,268,269,270,271,272,273,273,274
1014,1014,1014,1014,1014,1014,1014,1014,1014,1014,1014
448,448,447,446,445,444,443,442,441,440,439
48,48,48,48,48,48,48,48,48,48,48
862,863,864,865,866,866,867,868,868,869,870
759,759,759,759,759,759,759,759,759,759,759
9,9,9,9,9,9,9,8,8,8,8
575,575,575,575,575,575,575,575,575,575,575
975,976,975,975,974,974,974,973,973,972,972
161,161,161,161,161,161,161,161,161,161,161
264,266,267,268,269,269,270,271,272,273,274
1014,1014,1014,1014,1014,1014,1014,1014,1014,1014,1014
448,448,447,446,445,444,443,442,442,441,440
48,48,48,48,48,48,48,48,48,48,48
861,863,864,864,865,866,866,867,868,869,869
759,759,759,759,759,759,759,759,759,759,759
9,10,9,9,9,9,9,9,8,8,8
575,575,575,575,575,575,575,575,575,575,575
975,976,975,975,975,974,974,973,973,973,972
162,162,162,162,162,162,162,162,162,162,162
264,266,266,267,268,269,270,271,271,272,273
1014,1014,1014,1014,1014,1014,1014,1014,1014,1014,1014
449,449,448,447,446,445,444,443,442,441,440
48,48,48,48,48,48,48,48,48,48,48
861,863,863,864,865,865,866,867,867,868,869
760,760,760,760,760,760,760,760,760,760,760
9,10,10,9,9,9,9,9,8,8,8
574,574,574,574,574,574,574,574,574,574,574
976,976,976,975,975,974,974,974,973,973,972
162,162,162,162,162,162,162,162,162,162,162
263,265,266,267,268,268,269,270,271,272,273
1014,1014,1014,1014,1014,1014,1014,1014,1014,1014,1014
449,449,448,447,447,446,445,444,443,442,441
47,47,47,47,47,47,47,47,47,47,47
860,862,863,864,864,865,866,866,867,868,868
760,760,760,760,760,760,760,760,760,760,760
9,10,10,9,9,9,9,9,9,8,8
573,573,573,573,573,573,573,573,573,573,573
976,976,976,976,975,975,974,974,973,973,973
163,163,163,163,163,163,163,163,163,163,163
263,265,265,266,267,268,269,270,270,271,272
1014,1014,1014,1014,1014,1014,1014,1014,1014,1014,1014
450,450,449,448,447,446,445,444,443,442,441
47,47,47,47,47,47,47,47,47,47,47
860,862,862,863,864,865,865,866,867,867,868
761,761,761,761,761,761,761,761,761,761,761
9,10,10,10,9,9,9,9,9,9,8
573,573,573,573,573,573,573,573,573,573,573
976,977,976,976,975,975,975,974,974,973,973
163,163,163,163,163,163,163,163,163,163,163
262,264,265,266,267,267,268,269,270,271,272
1014,1014,1014,1014,1014,1014,1014,1014,1014,1014,1014
451,451,450,449,448,447,446,445,444,443,442
47,47,47,47,47,47,47,47,47,47,47
860,861,862,863,863,864,865,865,866,867,868
761,761,761,761,761,761,761,761,761,761,761
9,10,10,10,9,9,9,9,9,9,8
572,572,572,572,572,572,572,572,572,572,572
976,977,976,976,976,975,975,974,974,974,973
164,164,164,164,164,164,164,164,164,164,164
262,263,264,265,266,267,268,269,269,270,271
1014,1014,1014,1014,1014,1014,1014,1014,1014,1014,1014
451,451,450,449,448,447,446,445,444,443,443
47,47,47,47,47,47,47,47,47,47,47
859,861,862,862,863,864,864,865,866,866,867
762,762,762,762,762,762,762,762,762,762,762
9,10,10,10,10,9,9,9,9,9,9
572,572,572,572,572,572,572,572,572,572,572
977,977,977,976,976,975,975,975,974,974,973
164,164,164,164,164,164,164,164,164,164,164
261,263,264,265,265,266,267,268,269,270,271
1014,1014,1014,1014,1014,1014,1014,1014,1014,1014,1014
452,452,451,450,449,448,447,446,445,444,443
46,46,46,46,46,46,46,46,46,46,46
859,860,861,862,863,863,864,865,865,866,867
762,762,762,762,762,762,762,762,762,762,762
9,10,10,10,10,10,9,9,9,9,9
571,571,571,571,571,571,571,571,571,571,571
977,977,977,977,976,976,975,975,974,974,974
165,165,165,165,165,165,165,165,165,165,165
261,262,263,264,265,266,267,268,268,269,270
1013,1013,1013,1013,1013,1013,1013,1013,1013,1013,1013
452,452,451,450,449,448,448,447,446,445,444
46,46,46,46,46,46,46,46,46,46,46
858,860,861,861,862,863,864,864,865,866,866
763,763,763,763,763,763,763,763,763,763,763
10,10,10,10,10,10,9,9,9,9,9
570,570,570,570,570,570,570,570,570,570,570
977,978,977,977,976,976,976,975,975,974,974
165,165,165,165,165,165,165,165,165,165,165
260,262,263,264,264,265,266,267,268,269,270
1013,1013,1013,1013,1013,1013,1013,1013,1013,1013,1013
453,453,452,451,450,449,448,447,446,445,444
46,46,46,46,46,46,46,46,46,46,46
858,860,860,861,862,862,863,864,864,865,866
763,763,763,763,763,763,763,763,763,763,763
10,10,10,10,10,10,10,9,9,9,9
570,570,570,570,570,570,570,570,570,570,570
977,978,977,977,977,976,976,975,975,975,974
165,165,165,165,165,165,165,165,165,165,165
260,261,262,263,264,265,266,266,267,268,269
1013,1013,1013,1013,1013,1013,1013,1013,1013,1013,1013
453,453,453,452,451,450,449,448,447,446,445
46,46,46,46,46,46,46,46,46,46,46
857,859,860,861,861,862,863,863,864,865,865
764,764,764,764,764,764,764,764,764,764,764
10,11,10,10,10,10,10,9,9,9,9
569,569,569,569,569,569,569,569,569,569,569
977,978,978,977,977,976,976,976,975,975,974
166,166,166,166,166,166,166,166,166,166,166
259,261,262,263,263,264,265,266,267,268,269
1013,1013,1013,1013,1013,1013,1013,1013,1013,1013,1013
454,454,453,452,451,450,449,448,447,446,445
45,45,45,45,45,45,45,45,45,45,45
857,859,859,860,861,862,862,863,864,864,865
764,764,764,764,764,764,764,764,764,764,764
10,11,11,10,10,10,10,10,9,9,9
569,569,569,569,569,569,569,569,569,569,569
978,978,978,978,977,977,976,976,976,975,975
166,166,166,166,166,166,166,166,166,166,166
259,260,261,262,263,264,265,265,266,267,268
1013,1013,1013,1013,1013,1013,1013,1013,1013,1013,1013
455,455,454,453,452,451,450,449,448,447,446
45,45,45,45,45,45,45,45,45,45,45
857,858,859,860,860,861,862,862,863,864,865
765,765,765,765,765,765,765,765,765,765,765
10,11,11,10,10,10,10,10,10,9,9
568,568,568,568,568,568,568,568,568,568,568
978,979,978,978,977,977,977,976,976,975,975
167,167,167,167,167,167,167,167,167,167,167
258,260,261,262,262,263,264,265,266,267,267
1013,1013,1013,1013,1013,1013,1013,1013,1013,1013,1013
455,455,454,453,452,451,450,449,449,448,447
45,45,45,45,45,45,45,45,45,45,45
856,858,859,859,860,861,861,862,863,863,864
765,765,765,765,765,765,765,765,765,765,765
10,11,11,11,10,10,10,10,10,9,9
568,568,568,568,568,568,568,568,568,568,568
978,979,978,978,978,977,977,976,976,976,975
167,167,167,167,167,167,167,167,167,167,167
258,259,260,261,262,263,264,264,265,266,267
1013,1013,1013,1013,1013,1013,1013,1013,1013,1013,1013
456,456,455,454,453,452,451,450,449,448,447
45,45,45,45,45,45,45,45,45,45,45
856,857,858,859,860,860,861,862,862,863,864
766,766,766,766,766,766,766,766,766,766,766
10,11,11,11,11,10,10,10,10,10,9
567,567,567,567,567,567,567,567,567,567,567
978,979,979,978,978,977,977,977,976,976,975
168,168,168,168,168,168,168,168,168,168,168
257,259,260,261,261,262,263,264,265,266,266
1013,1013,1013,1013,1013,1013,1013,1013,1013,1013,1013
456,456,455,454,454,453,452,451,450,449,448
44,44,44,44,44,44,44,44,44,44,44
855,857,858,858,859,860,860,861,862,863,863
766,766,766,766,766,766,766,766,766,766,766
10,11,11,11,11,10,10,10,10,10,10
566,566,566,566,566,566,566,566,566,566,566
979,979,979,979,978,978,977,977,977,976,976
168,168,168,168,168,168,168,168,168,168,168
257,258,259,260,261,262,263,263,264,265,266
1013,1013,1013,1013,1013,1013,1013,1013,1013,1013,1013
457,457,456,455,454,453,452,451,450,449,448
44,44,44,44,44,44,44,44,44,44,44
855,857,857,858,859,859,860,861,861,862,863
767,767,767,767,767,767,767,767,767,767,767
11,11,11,11,11,11,10,10,10,10,10
566,566,566,566,566,566,566,566,566,566,566
979,980,979,979,978,978,978,977,977,976,976
168,168,168,168,168,168,168,168,168,168,168
256,258,259,260,260,261,262,263,264,265,265
1012,1012,1012,1012,1012,1012,1012,1012,1012,1012,1012
458,458,457,456,455,454,453,452,451,450,449
44,44,44,44,44,44,44,44,44,44,44
854,856,857,857,858,859,860,860,861,862,862
767,767,767,767,767,767,767,767,767,767,767
11,11,11,11,11,11,10,10,10,10,10
565,565,565,565,565,565,565,565,565,565,565
979,980,979,979,979,978,978,977,977,977,976
169,169,169,169,169,169,169,169,169,169,169
255,257,258,259,260,261,262,262,263,264,265
1012,1012,1012,1012,1012,1012,1012,1012,1012,1012,1012
458,458,457,456,455,454,453,452,451,450,450
44,44,44,44,44,44,44,44,44,44,44
854,856,856,857,858,858,859,860,861,861,862
768,768,768,768,768,768,768,768,768,768,768
11,12,11,11,11,11,11,10,10,10,10
565,565,565,565,565,565,565,565,565,565,565
979,980,980,979,979,978,978,978,977,977,976
169,169,169,169,169,169,169,169,169,169,169
255,257,258,258,259,260,261,262,263,264,264
1012,1012,1012,1012,1012,1012,1012,1012,1012,1012,1012
459,459,458,457,456,455,454,453,452,451,450
43,43,43,43,43,43,43,43,43,43,43
853,855,856,857,857,858,859,859,860,861,862
768,768,768,768,768,768,768,768,768,768,768
11,12,11,11,11,11,11,11,10,10,10
564,564,564,564,564,564,564,564,564,564,564
980,980,980,979,979,979,978,978,977,977,977
170,170,170,170,170,170,170,170,170,170,170
254,256,257,258,259,260,260,261,262,263,264
1012,1012,1012,1012,1012,1012,1012,1012,1012,1012,1012
459,459,458,457,456,455,455,454,453,452,451
43,43,43,43,43,43,43,43,43,43,43
853,855,855,856,857,858,858,859,860,860,861
769,769,769,769,769,769,769,769,769,769,769
11,12,12,11,11,11,11,11,10,10,10
563,563,563,563,563,563,563,563,563,563,563
980,981,980,980,979,979,979,978,978,977,977
170,170,170,170,170,170,170,170,170,170,170
254,256,257,257,258,259,260,261,262,263,263
1012,1012,1012,1012,1012,1012,1012,1012,1012,1012,1012
460,460,459,458,457,456,455,454,453,452,451
43,43,43,43,43,43,43,43,43,43,43
853,854,855,856,856,857,858,859,859,860,861
769,769,769,769,769,769,769,769,769,769,769
11,12,12,12,11,11,11,11,11,10,10
563,563,563,563,563,563,563,563,563,563,563
980,981,980,980,980,979,979,978,978,978,977
171,171,171,171,171,171,171,171,171,171,171
253,255,256,257,258,259,259,260,261,262,263
1012,1012,1012,1012,1012,1012,1012,1012,1012,1012,1012
460,460,460,459,458,457,456,455,454,453,452
43,43,43,43,43,43,43,43,43,43,43
852,854,855,855,856,857,857,858,859,860,860
770,770,770,770,770,770,770,770,770,770,770
11,12,12,12,11,11,11,11,11,10,10
562,562,562,562,562,562,562,562,562,562,562
980,981,981,980,980,979,979,979,978,978,977
171,171,171,171,171,171,171,171,171,171,171
253,255,256,256,257,258,259,260,261,261,262
1012,1012,1012,1012,1012,1012,1012,1012,1012,1012,1012
461,461,460,459,458,457,456,455,454,453,452
42,42,42,42,42,42,42,42,42,42,42
852,853,854,855,856,856,857,858,858,859,860
770,770,770,770,770,770,770,770,770,770,770
11,12,12,12,12,11,11,11,11,11,10
562,562,562,562,562,562,562,562,562,562,562
981,981,981,980,980,980,979,979,978,978,978
172,172,172,172,172,172,172,172,172,172,172
252,254,255,256,257,258,258,259,260,261,262
1012,1012,1012,1012,1012,1012,1012,1012,1012,1012,1012
462,462,461,460,459,458,457,456,455,454,453
42,42,42,42,42,42,42,42,42,42,42
851,853,854,854,855,856,857,857,858,859,859
771,771,771,771,771,771,771,771,771,771,771
12,12,12,12,12,11,11,11,11,11,11
561,561,561,561,561,561,561,561,561,561,561
981,981,981,981,980,980,980,979,979,978,978
172,172,172,172,172,172,172,172,172,172,172
252,254,255,255,256,257,258,259,260,260,261
1011,1011,1011,1011,1011,1011,1011,1011,1011,1011,1011
462,462,461,460,459,458,457,456,456,455,454
42,42,42,42,42,42,42,42,42,42,42
851,853,853,854,855,855,856,857,858,858,859
771,771,771,771,771,771,771,771,771,771,771
12,12,12,12,12,12,11,11,11,11,11
560,560,560,560,560,560,560,560,560,560,560
981,982,981,981,981,980,980,979,979,979,978
172,172,172,172,172,172,172,172,172,172,172
251,253,254,255,256,257,257,258,259,260,261
1011,1011,1011,1011,1011,1011,1011,1011,1011,1011,1011
463,463,462,461,460,459,458,457,456,455,454
42,42,42,42,42,42,42,42,42,42,42
850,852,853,854,854,855,856,856,857,858,859
772,772,772,772,772,772,772,772,772,772,772
12,13,12,12,12,12,12,11,11,11,11
560,560,560,560,560,560,560,560,560,560,560
981,982,982,981,981,980,980,980,979,979,978
173,173,173,173,173,173,173,173,173,173,173
251,253,254,254,255,256,257,258,259,259,260
1011,1011,1011,1011,1011,1011,1011,1011,1011,1011,1011
463,463,462,462,461,460,459,458,457,456,455
42,42,42,42,42,42,42,42,42,42,42
850,852,852,853,854,855,855,856,857,857,858
772,772,772,772,772,772,772,772,772,772,772
12,13,12,12,12,12,12,11,11,11,11
559,559,559,559,559,559,559,559,559,559,559
982,982,982,981,981,981,980,980,979,979,979
173,173,173,173,173,173,173,173,173,173,173
250,252,253,254,255,256,256,257,258,259,260
1011,1011,1011,1011,1011,1011,1011,1011,1011,1011,1011
464,464,463,462,461,460,459,458,457,456,455
41,41,41,41,41,41,41,41,41,41,41
850,851,852,853,853,854,855,856,856,857,858
773,773,773,773,773,773,773,773,773,773,773
12,13,13,12,12,12,12,12,11,11,11
559,559,559,559,559,559,559,559,559,559,559
982,982,982,982,981,981,980,980,980,979,979
174,174,174,174,174,174,174,174,174,174,174
250,252,253,253,254,255,256,257,258,258,259
1011,1011,1011,1011,1011,1011,1011,1011,1011,1011,1011
465,465,464,463,462,461,460,459,458,457,456
41,41,41,41,41,41,41,41,41,41,41
849,851,852,852,853,854,854,855,856,857,857
773,773,773,773,773,773,773,773,773,773,773
12,13,13,13,12,12,12,12,12,11,11
558,558,558,558,558,558,558,558,558,558,558
982,983,982,982,981,981,981,980,980,980,979
174,174,174,174,174,174,174,174,174,174,174
249,251,252,253,254,255,255,256,257,258,259
1011,1011,1011,1011,1011,1011,1011,1011,1011,1011,1011
465,465,464,463,462,461,460,459,458,458,457
41,41,41,41,41,41,41,41,41,41,41
849,850,851,852,853,853,854,855,855,856,857
774,774,774,774,774,774,774,774,774,774,774
12,13,13,13,12,12,12,12,12,11,11
558,558,558,558,558,558,558,558,558,558,558
982,983,982,982,982,981,981,981,980,980,979
175,175,175,175,175,175,175,175,175,175,175
249,251,252,252,253,254,255,256,257,257,258
1011,1011,1011,1011,1011,1011,1011,1011,1011,1011,1011
466,466,465,464,463,462,461,460,459,458,457
41,41,41,41,41,41,41,41,41,41,41
848,850,851,851,852,853,854,854,855,856,856
774,774,774,774,774,774,774,774,774,774,774
12,13,13,13,13,12,12,12,12,12,11
557,557,557,557,557,557,557,557,557,557,557
982,983,983,982,982,982,981,981,980,980,980
175,175,175,175,175,175,175,175,175,175,175
248,250,251,252,253,254,254,255,256,257,258
1011,1011,1011,1011,1011,1011,1011,1011,1011,1011,1011
466,466,465,464,463,463,462,461,460,459,458
40,40,40,40,40,40,40,40,40,40,40
848,849,850,851,852,852,853,854,855,855,856
775,775,775,775,775,775,775,775,775,775,775
13,13,13,13,13,12,12,12,12,12,11
556,556,556,556,556,556,556,556,556,556,556
983,983,983,983,982,982,981,981,981,980,980
175,175,175,175,175,175,175,175,175,175,175
248,250,251,251,252,253,254,255,256,256,257
1010,1010,1010,1010,1010,1010,1010,1010,1010,1010,1010
467,467,466,465,464,463,462,461,460,459,458
40,40,40,40,40,40,40,40,40,40,40
847,849,850,850,851,852,853,853,854,855,856
775,775,775,775,775,775,775,775,775,775,775
13,13,13,13,13,13,12,12,12,12,12
556,556,556,556,556,556,556,556,556,556,556
983,984,983,983,982,982,982,981,981,980,980
176,176,176,176,176,176,176,176,176,176,176
247,249,250,251,252,253,253,254,255,256,257
1010,1010,1010,1010,1010,1010,1010,1010,1010,1010,1010
467,468,467,466,465,464,463,462,461,460,459
40,40,40,40,40,40,40,40,40,40,40
847,849,849,850,851,851,852,853,854,854,855
776,776,776,776,776,776,776,776,776,776,776
13,14,13,13,13,13,13,12,12,12,12
555,555,555,555,555,555,555,555,555,555,555
983,984,983,983,983,982,982,982,981,981,980
176,176,176,176,176,176,176,176,176,176,176
247,249,250,250,251,252,253,254,255,255,256
1010,1010,1010,1010,1010,1010,1010,1010,1010,1010,1010
468,468,467,466,465,464,463,462,461,460,459
40,40,40,40,40,40,40,40,40,40,40
846,848,849,850,850,851,852,852,853,854,855
776,776,776,776,776,776,776,776,776,776,776
13,14,14,13,13,13,13,12,12,12,12
555,555,555,555,555,555,555,555,555,555,555
983,984,984,983,983,983,982,982,981,981,981
177,177,177,177,177,177,177,177,177,177,177
246,248,249,250,251,252,252,253,254,255,256
1010,1010,1010,1010,1010,1010,1010,1010,1010,1010,1010
469,469,468,467,466,465,464,463,462,461,460
39,39,39,39,39,39,39,39,39,39,39
846,848,848,849,850,851,851,852,853,853,854
777,777,777,777,777,777,777,777,777,777,777
13,14,14,13,13,13,13,13,12,12,12
554,554,554,554,554,554,554,554,554,554,554
984,984,984,984,983,983,982,982,982,981,981
177,177,177,177,177,177,177,177,177,177,177
246,248,249,249,250,251,252,253,253,254,255
1010,1010,1010,1010,1010,1010,1010,1010,1010,1010,1010
469,469,468,467,466,465,464,464,463,462,461
39,39,39,39,39,39,39,39,39,39,39
846,847,848,849,849,850,851,852,852,853,854
777,777,777,777,777,777,777,777,777,777,777
13,14,14,14,13,13,13,13,13,12,12
553,553,553,553,553,553,553,553,553,553,553
984,984,984,984,983,983,983,982,982,981,981
178,178,178,178,178,178,178,178,178,178,178
245,247,248,249,250,250,251,252,253,254,255
1010,1010,1010,1010,1010,1010,1010,1010,1010,1010,1010
470,470,469,468,467,466,465,464,463,462,461
39,39,39,39,39,39,39,39,39,39,39
845,847,848,848,849,850,850,851,852,853,853
778,778,778,778,778,778,778,778,778,778,778
13,14,14,14,13,13,13,13,13,12,12
553,553,553,553,553,553,553,553,553,553,553
984,985,984,984,984,983,983,982,982,982,981
178,178,178,178,178,178,178,178,178,178,178
245,247,248,248,249,250,251,252,252,253,254
1010,1010,1010,1010,1010,1010,1010,1010,1010,1010,1010
470,470,470,469,468,467,466,465,464,463,462
39,39,39,39,39,39,39,39,39,39,39
845,846,847,848,849,849,850,851,851,852,853
778,778,778,778,778,778,778,778,778,778,778
13,14,14,14,14,13,13,13,13,13,12
552,552,552,552,552,552,552,552,552,552,552
984,985,985,984,984,983,983,983,982,982,982
179,179,179,179,179,179,179,179,179,179,179
244,246,247,248,249,249,250,251,252,253,254
1009,1009,1009,1009,1009,1009,1009,1009,1009,1009,1009
471,471,470,469,468,467,466,465,464,463,462
39,39,39,39,39,39,39,39,39,39,39
844,846,847,847,848,849,850,850,851,852,852
779,779,779,779,779,779,779,779,779,779,779
14,14,14,14,14,14,13,13,13,13,12
552,552,552,552,552,552,552,552,552,552,552
985,985,985,984,984,984,983,983,983,982,982
179,179,179,179,179,179,179,179,179,179,179
244,246,246,247,248,249,250,251,251,252,253
1009,1009,1009,1009,1009,1009,1009,1009,1009,1009,1009
472,472,471,470,469,468,467,466,465,464,463
38,38,38,38,38,38,38,38,38,38,38
844,845,846,847,848,848,849,850,851,851,852
779,779,779,779,779,779,779,779,779,779,779
14,15,14,14,14,14,13,13,13,13,13
551,551,551,551,551,551,551,551,551,551,551
985,985,985,985,984,984,984,983,983,982,982
180,180,180,180,180,180,180,180,180,180,180
243,245,246,247,248,248,249,250,251,252,253
1009,1009,1009,1009,1009,1009,1009,1009,1009,1009,1009
472,472,471,470,469,468,467,466,465,465,464
38,38,38,38,38,38,38,38,38,38,38
843,845,846,846,847,848,849,849,850,851,852
780,780,780,780,780,780,780,780,780,780,780
14,15,14,14,14,14,14,13,13,13,13
551,551,551,551,551,551,551,551,551,551,551
985,986,985,985,985,984,984,983,983,983,982
180,180,180,180,180,180,180,180,180,180,180
243,245,245,246,247,248,249,250,250,251,252
1009,1009,1009,1009,1009,1009,1009,1009,1009,1009,1009
473,473,472,471,470,469,468,467,466,465,464
38,38,38,38,38,38,38,38,38,38,38
843,845,845,846,847,847,848,849,850,850,851
780,780,780,780,780,780,780,780,780,780,780
14,15,15,14,14,14,14,13,13,13,13
550,550,550,550,550,550,550,550,550,550,550
985,986,985,985,985,984,984,984,983,983,982
180,180,180,180,180,180,180,180,180,180,180
242,244,245,246,247,247,248,249,250,251,252
1009,1009,1009,1009,1009,1009,1009,1009,1009,1009,1009
473,473,472,471,471,470,469,468,467,466,465
38,38,38,38,38,38,38,38,38,38,38
842,844,845,846,846,847,848,848,849,850,851
781,781,781,781,781,781,781,781,781,781,781
14,15,15,15,14,14,14,14,13,13,13
549,549,549,549,549,549,549,549,549,549,549
985,986,986,985,985,985,984,984,983,983,983
181,181,181,181,181,181,181,181,181,181,181
242,244,244,245,246,247,248,249,249,250,251
1009,1009,1009,1009,1009,1009,1009,1009,1009,1009,1009
474,474,473,472,471,470,469,468,467,466,465
37,37,37,37,37,37,37,37,37,37,37
842,844,844,845,846,847,847,848,849,850,850
781,781,781,781,781,781,781,781,781,781,781
14,15,15,15,14,14,14,14,14,13,13
549,549,549,549,549,549,549,549,549,549,549
986,986,986,986,985,985,984,984,984,983,983
181,181,181,181,181,181,181,181,181,181,181
241,243,244,245,246,246,247,248,249,250,251
1009,1009,1009,1009,1009,1009,1009,1009,1009,1009,1009
475,475,474,473,472,471,470,469,468,467,466
37,37,37,37,37,37,37,37,37,37,37
841,843,844,845,845,846,847,848,848,849,850
782,782,782,782,782,782,782,782,782,782,782
14,15,15,15,15,14,14,14,14,13,13
548,548,548,548,548,548,548,548,548,548,548
986,987,986,986,985,985,985,984,984,984,983
182,182,182,182,182,182,182,182,182,182,182
241,243,243,244,245,246,247,248,248,249,250
1008,1008,1008,1008,1008,1008,1008,1008,1008,1008,1008
475,475,474,473,472,471,470,469,468,467,467
37,37,37,37,37,37,37,37,37,37,37
841,843,843,844,845,846,846,847,848,849,849
782,782,782,782,782,782,782,782,782,782,782
15,15,15,15,15,14,14,14,14,14,13
548,548,548,548,548,548,548,548,548,548,548
986,987,986,986,986,985,985,985,984,984,983
182,182,182,182,182,182,182,182,182,182,182
240,242,243,244,245,245,246,247,248,249,250
1008,1008,1008,1008,1008,1008,1008,1008,1008,1008,1008
476,476,475,474,473,472,471,470,469,468,467
37,37,37,37,37,37,37,37,37,37,37
841,842,843,844,845,845,846,847,847,848,849
783,783,783,783,783,783,783,783,783,783,783
15,16,15,15,15,15,14,14,14,14,13
547,547,547,547,547,547,547,547,547,547,547
986,987,987,986,986,985,985,985,984,984,984
183,183,183,183,183,183,183,183,183,183,183
240,242,242,243,244,245,246,247,247,248,249
1008,1008,1008,1008,1008,1008,1008,1008,1008,1008,1008
476,476,475,474,473,472,472,471,470,469,468
37,37,37,37,37,37,37,37,37,37,37
840,842,843,843,844,845,846,846,847,848,848
783,783,783,783,783,783,783,783,783,783,783
15,16,15,15,15,15,15,14,14,14,14
546,546,546,546,546,546,546,546,546,546,546
987,987,987,986,986,986,985,985,985,984,984
183,183,183,183,183,183,183,183,183,183,183
239,241,242,243,244,244,245,246,247,248,249
1008,1008,1008,1008,1008,1008,1008,1008,1008,1008,1008
477,477,476,475,474,473,472,471,470,469,468
36,36,36,36,36,36,36,36,36,36,36
840,841,842,843,844,844,845,846,847,847,848
784,784,784,784,784,784,784,784,784,784,784
15,16,16,15,15,15,15,14,14,14,14
546,546,546,546,546,546,546,546,546,546,546
987,987,987,987,986,986,986,985,985,984,984
184,184,184,184,184,184,184,184,184,184,184
239,241,241,242,243,244,245,246,246,247,248
1008,1008,1008,1008,1008,1008,1008,1008,1008,1008,1008
477,478,477,476,475,474,473,472,471,470,469
36,36,36,36,36,36,36,36,36,36,36
839,841,842,842,843,844,845,845,846,847,848
784,784,784,784,784,784,784,784,784,784,784
15,16,16,15,15,15,15,15,14,14,14
545,545,545,545,545,545,545,545,545,545,545
987,988,987,987,987,986,986,985,985,985,984
184,184,184,184,184,184,184,184,184,184,184
238,240,241,242,243,243,244,245,246,247,248
1008,1008,1008,1008,1008,1008,1008,1008,1008,1008,1008
478,478,477,476,475,474,473,472,471,470,469
36,36,36,36,36,36,36,36,36,36,36
839,841,841,842,843,843,844,845,846,846,847
785,785,785,785,785,785,785,785,785,785,785
15,16,16,16,15,15,15,15,14,14,14
545,545,545,545,545,545,545,545,545,545,545
987,988,987,987,987,986,986,986,985,985,985
184,184,184,184,184,184,184,184,184,184,184
238,240,240,241,242,243,244,245,245,246,247
1008,1008,1008,1008,1008,1008,1008,1008,1008,1008,1008
479,479,478,477,476,475,474,473,472,471,470
36,36,36,36,36,36,36,36,36,36,36
838,840,841,842,842,843,844,844,845,846,847
785,785,785,785,785,785,785,785,785,785,785
15,16,16,16,16,15,15,15,15,14,14
544,544,544,544,544,544,544,544,544,544,544
987,988,988,987,987,987,986,986,986,985,985
185,185,185,185,185,185,185,185,185,185,185
237,239,240,241,242,242,243,244,245,246,247
1007,1007,1007,1007,1007,1007,1007,1007,1007,1007,1007
479,479,478,477,476,475,474,474,473,472,471
35,35,35,35,35,35,35,35,35,35,35
838,840,840,841,842,843,843,844,845,846,846
786,786,786,786,786,786,786,786,786,786,786
16,16,16,16,16,15,15,15,15,15,14
543,543,543,543,543,543,543,543,543,543,543
988,988,988,988,987,987,986,986,986,985,985
185,185,185,185,185,185,185,185,185,185,185
237,239,239,240,241,242,243,244,244,245,246
1007,1007,1007,1007,1007,1007,1007,1007,1007,1007,1007
480,480,479,478,477,476,475,474,473,472,471
35,35,35,35,35,35,35,35,35,35,35
837,839,840,841,841,842,843,844,844,845,846
786,786,786,786,786,786,786,786,786,786,786
16,17,16,16,16,16,15,15,15,15,14
543,543,543,543,543,543,543,543,543,543,543
988,988,988,988,987,987,987,986,986,986,985
186,186,186,186,186,186,186,186,186,186,186
236,238,239,240,241,241,242,243,244,245,246
1007,1007,1007,1007,1007,1007,1007,1007,1007,1007,1007
480,480,479,479,478,477,476,475,474,473,472
35,35,35,35,35,35,35,35,35,35,35
837,839,839,840,841,842,842,843,844,845,845
787,787,787,787,787,787,787,787,787,787,787
16,17,16,16,16,16,15,15,15,15,15
542,542,542,542,542,542,542,542,542,542,542
988,989,988,988,988,987,987,987,986,986,985
186,186,186,186,186,186,186,186,186,186,186
236,238,238,239,240,241,242,243,243,244,245
1007,1007,1007,1007,1007,1007,1007,1007,1007,1007,1007
481,481,480,479,478,477,476,475,474,473,472
35,35,35,35,35,35,35,35,35,35,35
836,838,839,840,840,841,842,843,843,844,845
787,787,787,787,787,787,787,787,787,787,787
16,17,17,16,16,16,16,15,15,15,15
542,542,542,542,542,542,542,542,542,542,542
988,989,989,988,988,988,987,987,986,986,986
187,187,187,187,187,187,187,187,187,187,187
235,237,238,239,240,240,241,242,243,244,245
1007,1007,1007,1007,1007,1007,1007,1007,1007,1007,1007
482,482,481,480,479,478,477,476,475,474,473
35,35,35,35,35,35,35,35,35,35,35
836,838,839,839,840,841,841,842,843,844,844
788,788,788,788,788,788,788,788,788,788,788
16,17,17,16,16,16,16,16,15,15,15
541,541,541,541,541,541,541,541,541,541,541
988,989,989,988,988,988,987,987,987,986,986
187,187,187,187,187,187,187,187,187,187,187
235,237,237,238,239,240,241,242,242,243,244
1007,1007,1007,1007,1007,1007,1007,1007,1007,1007,1007
482,482,481,480,479,478,477,476,475,475,474
34,34,34,34,34,34,34,34,34,34,34
836,837,838,839,840,840,841,842,843,843,844
788,788,788,788,788,788,788,788,788,788,788
16,17,17,17,16,16,16,16,15,15,15
541,541,541,541,541,541,541,541,541,541,541
989,989,989,989,988,988,988,987,987,986,986
188,188,188,188,188,188,188,188,188,188,188
234,236,237,238,239,239,240,241,242,243,244
1007,1007,1007,1007,1007,1007,1007,1007,1007,1007,1007
483,483,482,481,480,479,478,477,476,475,474
34,34,34,34,34,34,34,34,34,34,34
835,837,838,838,839,840,841,841,842,843,844
789,789,789,789,789,789,789,789,789,789,789
17,17,17,17,17,16,16,16,16,15,15
540,540,540,540,540,540,540,540,540,540,540
989,990,989,989,989,988,988,987,987,987,986
188,188,188,188,188,188,188,188,188,188,188
234,236,236,237,238,239,240,241,241,242,243
1006,1006,1006,1006,1006,1006,1006,1006,1006,1006,1006
483,483,482,481,481,480,479,478,477,476,475
34,34,34,34,34,34,34,34,34,34,34
835,836,837,838,839,839,840,841,842,842,843
789,789,789,789,789,789,789,789,789,789,789
17,17,17,17,17,16,16,16,16,16,15
539,539,539,539,539,539,539,539,539,539,539
989,990,989,989,989,988,988,988,987,987,987
189,189,189,189,189,189,189,189,189,189,189
233,235,236,237,238,238,239,240,241,242,243
1006,1006,1006,1006,1006,1006,1006,1006,1006,1006,1006
484,484,483,482,481,480,479,478,477,476,475
34,34,34,34,34,34,34,34,34,34,34
834,836,837,837,838,839,840,840,841,842,843
790,790,790,790,790,790,790,790,790,790,790
17,18,17,17,17,17,16,16,16,16,15
539,539,539,539,539,539,539,539,539,539,539
989,990,990,989,989,989,988,988,988,987,987
189,189,189,189,189,189,189,189,189,189,189
233,235,236,236,237,238,239,240,240,241,242
1006,1006,1006,1006,1006,1006,1006,1006,1006,1006,1006
485,485,484,483,482,481,480,479,478,477,476
34,34,34,34,34,34,34,34,34,34,34
834,836,836,837,838,838,839,840,841,841,842
790,790,790,790,790,790,790,790,790,790,790
17,18,17,17,17,17,16,16,16,16,16
538,538,538,538,538,538,538,538,538,538,538
990,990,990,990,989,989,988,988,988,987,987
189,189,189,189,189,189,189,189,189,189,189
232,234,235,236,237,237,238,239,240,241,242
1006,1006,1006,1006,1006,1006,1006,1006,1006,1006,1006
485,485,484,483,482,481,480,479,478,477,476
33,33,33,33,33,33,33,33,33,33,33
833,835,836,837,837,838,839,840,840,841,842
791,791,791,791,791,791,791,791,791,791,791
17,18,18,17,17,17,17,16,16,16,16
538,538,538,538,538,538,538,538,538,538,538
990,990,990,990,989,989,989,988,988,988,987
190,190,190,190,190,190,190,190,190,190,190
232,234,235,235,236,237,238,239,239,240,241
1006,1006,1006,1006,1006,1006,1006,1006,1006,1006,1006
486,486,485,484,483,482,481,480,479,478,477
33,33,33,33,33,33,33,33,33,33,33
833,835,835,836,837,838,838,839,840,841,841
791,791,791,791,791,791,791,791,791,791,791
17,18,18,18,17,17,17,17,16,16,16
537,537,537,537,537,537,537,537,537,537,537
990,991,990,990,990,989,989,989,988,988,987
190,190,190,190,190,190,190,190,190,190,190
231,233,234,235,236,236,237,238,239,240,241
1006,1006,1006,1006,1006,1006,1006,1006,1006,1006,1006
486,486,485,484,483,482,482,481,480,479,478
33,33,33,33,33,33,33,33,33,33,33
832,834,835,836,836,837,838,839,839,840,841
792,792,792,792,792,792,792,792,792,792,792
17,18,18,18,17,17,17,17,16,16,16
536,536,536,536,536,536,536,536,536,536,536
990,991,991,990,990,989,989,989,988,988,988
191,191,191,191,191,191,191,191,191,191,191
231,233,234,234,235,236,237,238,238,239,240
1005,1005,1005,1005,1005,1005,1005,1005,1005,1005,1005
487,487,486,485,484,483,482,481,480,479,478
33,33,33,33,33,33,33,33,33,33,33
832,834,834,835,836,837,837,838,839,840,840
792,792,792,792,792,792,792,792,792,792,792
18,18,18,18,18,17,17,17,17,16,16
536,536,536,536,536,536,536,536,536,536,536
990,991,991,990,990,990,989,989,989,988,988
191,191,191,191,191,191,191,191,191,191,191
230,232,233,234,235,235,236,237,238,239,240
1005,1005,1005,1005,1005,1005,1005,1005,1005,1005,1005
487,488,487,486,485,484,483,482,481,480,479
32,32,32,32,32,32,32,32,32,32,32
831,833,834,835,835,836,837,838,838,839,840
793,793,793,793,793,793,793,793,793,793,793
18,18,18,18,18,17,17,17,17,17,16
535,535,535,535,535,535,535,535,535,535,535
991,991,991,991,990,990,990,989,989,988,988
192,192,192,192,192,192,192,192,192,192,192
230,232,233,233,234,235,236,237,237,238,239
1005,1005,1005,1005,1005,1005,1005,1005,1005,1005,1005
488,488,487,486,485,484,483,482,481,480,479
32,32,32,32,32,32,32,32,32,32,32
831,833,834,834,835,836,837,837,838,839,839
793,793,793,793,793,793,793,793,793,793,793
18,19,18,18,18,18,17,17,17,17,16
535,535,535,535,535,535,535,535,535,535,535
991,991,991,991,990,990,990,989,989,989,988
192,192,192,192,192,192,192,192,192,192,192
229,231,232,233,234,234,235,236,237,238,239
1005,1005,1005,1005,1005,1005,1005,1005,1005,1005,1005
489,489,488,487,486,485,484,483,482,481,480
32,32,32,32,32,32,32,32,32,32,32
831,832,833,834,835,835,836,837,838,838,839
794,794,794,794,794,794,794,794,794,794,794
18,19,19,18,18,18,18,17,17,17,17
534,534,534,534,534,534,534,534,534,534,534
991,992,991,991,991,990,990,990,989,989,989
193,193,193,193,193,193,193,193,193,193,193
229,231,232,232,233,234,235,236,236,237,238
1005,1005,1005,1005,1005,1005,1005,1005,1005,1005,1005
489,489,488,487,486,485,484,483,483,482,481
32,32,32,32,32,32,32,32,32,32,32
830,832,833,833,834,835,836,836,837,838,839
794,794,794,794,794,794,794,794,794,794,794
18,19,19,18,18,18,18,17,17,17,17
533,533,533,533,533,533,533,533,533,533,533
991,992,992,991,991,991,990,990,989,989,989
193,193,193,193,193,193,193,193,193,193,193
228,230,231,232,233,233,234,235,236,237,238
1005,1005,1005,1005,1005,1005,1005,1005,1005,1005,1005
490,490,489,488,487,486,485,484,483,482,481
32,32,32,32,32,32,32,32,32,32,32
830,831,832,833,834,834,835,836,837,837,838
795,795,795,795,795,795,795,795,795,795,795
18,19,19,19,18,18,18,18,17,17,17
533,533,533,533,533,533,533,533,533,533,533
991,992,992,991,991,991,990,990,990,989,989
194,194,194,194,194,194,194,194,194,194,194
228,230,231,231,232,233,234,235,235,236,237
1005,1005,1005,1005,1005,1005,1005,1005,1005,1005,1005
490,490,489,489,488,487,486,485,484,483,482
31,31,31,31,31,31,31,31,31,31,31
829,831,832,832,833,834,835,835,836,837,838
795,795,795,795,795,795,795,795,795,795,795
19,19,19,19,18,18,18,18,17,17,17
532,532,532,532,532,532,532,532,532,532,532
992,992,992,992,991,991,991,990,990,990,989
194,194,194,194,194,194,194,194,194,194,194
227,229,230,231,232,232,233,234,235,236,237
1004,1004,1004,1004,1004,1004,1004,1004,1004,1004,1004
491,491,490,489,488,487,486,485,484,483,482
31,31,31,31,31,31,31,31,31,31,31
829,830,831,832,833,833,834,835,836,836,837
796,796,796,796,796,796,796,796,796,796,796
19,19,19,19,19,18,18,18,18,17,17
532,532,532,532,532,532,532,532,532,532,532
992,993,992,992,991,991,991,990,990,990,989
195,195,195,195,195,195,195,195,195,195,195
227,229,230,230,231,232,233,234,234,235,236
1004,1004,1004,1004,1004,1004,1004,1004,1004,1004,1004
492,492,491,490,489,488,487,486,485,484,483
31,31,31,31,31,31,31,31,31,31,31
828,830,831,831,832,833,834,835,835,836,837
796,796,796,796,796,796,796,796,796,796,796
19,20,19,19,19,19,18,18,18,18,17
531,531,531,531,531,531,531,531,531,531,531
992,993,992,992,992,991,991,991,990,990,990
195,195,195,195,195,195,195,195,195,195,195
226,228,229,230,231,232,232,233,234,235,236
1004,1004,1004,1004,1004,1004,1004,1004,1004,1004,1004
492,492,491,490,489,488,487,486,485,485,484
31,31,31,31,31,31,31,31,31,31,31
828,830,830,831,832,833,833,834,835,836,836
797,797,797,797,797,797,797,797,797,797,797
19,20,19,19,19,19,18,18,18,18,17
531,531,531,531,531,531,531,531,531,531,531
992,993,993,992,992,992,991,991,991,990,990
195,195,195,195,195,195,195,195,195,195,195
226,228,229,229,230,231,232,233,233,234,235
1004,1004,1004,1004,1004,1004,1004,1004,1004,1004,1004
493,493,492,491,490,489,488,487,486,485,484
31,31,31,31,31,31,31,31,31,31,31
827,829,830,831,831,832,833,834,834,835,836
797,797,797,797,797,797,797,797,797,797,797
19,20,20,19,19,19,19,18,18,18,18
530,530,530,530,530,530,530,530,530,530,530
992,993,993,992,992,992,991,991,991,990,990
196,196,196,196,196,196,196,196,196,196,196
226,227,228,229,230,231,231,232,233,234,235
1004,1004,1004,1004,1004,1004,1004,1004,1004,1004,1004
493,493,492,491,491,490,489,488,487,486,485
30,30,30,30,30,30,30,30,30,30,30
827,829,829,830,831,832,832,833,834,835,835
798,798,798,798,798,798,798,798,798,798,798
19,20,20,20,19,19,19,19,18,18,18
529,529,529,529,529,529,529,529,529,529,529
993,993,993,993,992,992,992,991,991,991,990
196,196,196,196,196,196,196,196,196,196,196
225,227,228,228,229,230,231,232,232,233,234
1004,1004,1004,1004,1004,1004,1004,1004,1004,1004,1004
494,494,493,492,491,490,489,488,487,486,485
30,30,30,30,30,30,30,30,30,30,30
826,828,829,830,830,831,832,833,833,834,835
798,798,798,798,798,798,798,798,798,798,798
19,20,20,20,19,19,19,19,18,18,18
529,529,529,529,529,529,529,529,529,529,529
993,994,993,993,993,992,992,992,991,991,990
197,197,197,197,197,197,197,197,197,197,197
225,226,227,228,229,230,230,231,232,233,234
1003,1003,1003,1003,1003,1003,1003,1003,1003,1003,1003
495,495,494,493,492,491,490,489,488,487,486
30,30,30,30,30,30,30,30,30,30,30
826,828,828,829,830,831,831,832,833,834,834
799,799,799,799,799,799,799,799,799,799,799
20,20,20,20,20,19,19,19,19,18,18
528,528,528,528,528,528,528,528,528,528,528
993,994,993,993,993,992,992,992,991,991,991
197,197,197,197,197,197,197,197,197,197,197
224,226,227,227,228,229,230,231,231,232,233
1003,1003,1003,1003,1003,1003,1003,1003,1003,1003,1003
495,495,494,493,492,491,490,489,488,487,486
30,30,30,30,30,30,30,30,30,30,30
825,827,828,829,829,830,831,832,833,833,834
799,799,799,799,799,799,799,799,799,799,799
20,21,20,20,20,19,19,19,19,18,18
528,528,528,528,528,528,528,528,528,528,528
993,994,994,993,993,993,992,992,992,991,991
198,198,198,198,198,198,198,198,198,198,198
224,225,226,227,228,229,229,230,231,232,233
1003,1003,1003,1003,1003,1003,1003,1003,1003,1003,1003
496,496,495,494,493,492,491,490,489,488,487
30,30,30,30,30,30,30,30,30,30,30
825,827,828,828,829,830,831,831,832,833,834
800,800,800,800,800,800,800,800,800,800,800
20,21,20,20,20,20,19,19,19,19,18
527,527,527,527,527,527,527,527,527,527,527
993,994,994,993,993,993,992,992,992,991,991
198,198,198,198,198,198,198,198,198,198,198
223,225,226,226,227,228,229,230,230,231,232
1003,1003,1003,1003,1003,1003,1003,1003,1003,1003,1003
496,496,495,494,493,492,492,491,490,489,488
29,29,29,29,29,29,29,29,29,29,29
825,826,827,828,829,829,830,831,832,832,833
800,800,800,800,800,800,800,800,800,800,800
20,21,21,20,20,20,20,19,19,19,19
526,526,526,526,526,526,526,526,526,526,526
994,994,994,994,993,993,993,992,992,992,991
199,199,199,199,199,199,199,199,199,199,199
223,224,225,226,227,228,228,229,230,231,232
1003,1003,1003,1003,1003,1003,1003,1003,1003,1003,1003
497,497,496,495,494,493,492,491,490,489,488
29,29,29,29,29,29,29,29,29,29,29
824,826,827,827,828,829,830,830,831,832,833
801,801,801,801,801,801,801,801,801,801,801
20,21,21,21,20,20,20,19,19,19,19
526,526,526,526,526,526,526,526,526,526,526
994,995,994,994,994,993,993,993,992,992,992
199,199,199,199,199,199,199,199,199,199,199
222,224,225,225,226,227,228,229,230,230,231
1003,1003,1003,1003,1003,1003,1003,1003,1003,1003,1003
497,498,497,496,495,494,493,492,491,490,489
29,29,29,29,29,29,29,29,29,29,29
824,825,826,827,828,828,829,830,831,831,832
801,801,801,801,801,801,801,801,801,801,801
20,21,21,21,20,20,20,20,19,19,19
525,525,525,525,525,525,525,525,525,525,525
994,995,994,994,994,993,993,993,992,992,992
200,200,200,200,200,200,200,200,200,200,200
222,223,224,225,226,227,227,228,229,230,231
1002,1002,1002,1002,1002,1002,1002,1002,1002,1002,1002
498,498,497,496,495,494,493,492,491,490,489
29,29,29,29,29,29,29,29,29,29,29
823,825,826,826,827,828,829,829,830,831,832
802,802,802,802,802,802,802,802,802,802,802
21,21,21,21,21,20,20,20,20,19,19
525,525,525,525,525,525,525,525,525,525,525
994,995,995,994,994,994,993,993,993,992,992
200,200,200,200,200,200,200,200,200,200,200
221,223,224,225,225,226,227,228,229,229,230
1002,1002,1002,1002,1002,1002,1002,1002,1002,1002,1002
499,499,498,497,496,495,494,493,492,491,490
29,29,29,29,29,29,29,29,29,29,29
823,824,825,826,827,827,828,829,830,830,831
802,802,802,802,802,802,802,802,802,802,802
21,22,21,21,21,20,20,20,20,19,19
524,524,524,524,524,524,524,524,524,524,524
994,995,995,994,994,994,993,993,993,992,992
201,201,201,201,201,201,201,201,201,201,201
221,222,223,224,225,226,226,227,228,229,230
1002,1002,1002,1002,1002,1002,1002,1002,1002,1002,1002
499,499,498,497,496,495,494,493,493,492,491
28,28,28,28,28,28,28,28,28,28,28
822,824,825,825,826,827,828,829,829,830,831
803,803,803,803,803,803,803,803,803,803,803
21,22,21,21,21,21,20,20,20,20,19
523,523,523,523,523,523,523,523,523,523,523
995,995,995,995,994,994,994,993,993,993,992
201,201,201,201,201,201,201,201,201,201,201
220,222,223,224,224,225,226,227,228,228,229
1002,1002,1002,1002,1002,1002,1002,1002,1002,1002,1002
500,500,499,498,497,496,495,494,493,492,491
28,28,28,28,28,28,28,28,28,28,28
822,823,824,825,826,827,827,828,829,830,830
803,803,803,803,803,803,803,803,803,803,803
21,22,22,21,21,21,21,20,20,20,19
523,523,523,523,523,523,523,523,523,523,523
995,996,995,995,995,994,994,994,993,993,993
202,202,202,202,202,202,202,202,202,202,202
220,221,222,223,224,225,225,226,227,228,229
1002,1002,1002,1002,1002,1002,1002,1002,1002,1002,1002
500,500,499,499,498,497,496,495,494,493,492
28,28,28,28,28,28,28,28,28,28,28
821,823,824,825,825,826,827,828,828,829,830
804,804,804,804,804,804,804,804,804,804,804
21,22,22,21,21,21,21,20,20,20,20
522,522,522,522,522,522,522,522,522,522,522
995,996,995,995,995,994,994,994,993,993,993
202,202,202,202,202,202,202,202,202,202,202
219,221,222,223,223,224,225,226,227,227,228
1002,1002,1002,1002,1002,1002,1002,1002,1002,1002,1002
501,501,500,499,498,497,496,495,494,493,492
28,28,28,28,28,28,28,28,28,28,28
821,823,823,824,825,826,826,827,828,829,829
804,804,804,804,804,804,804,804,804,804,804
21,22,22,22,21,21,21,21,20,20,20
522,522,522,522,522,522,522,522,522,522,522
995,996,996,995,995,995,994,994,994,993,993
202,202,202,202,202,202,202,202,202,202,202
219,221,221,222,223,224,224,225,226,227,228
1001,1001,1001,1001,1001,1001,1001,1001,1001,1001,1001
502,502,501,500,499,498,497,496,495,494,493
28,28,28,28,28,28,28,28,28,28,28
820,822,823,824,824,825,826,827,827,828,829
805,805,805,805,805,805,805,805,805,805,805
22,22,22,22,22,21,21,21,20,20,20
521,521,521,521,521,521,521,521,521,521,521
995,996,996,995,995,995,994,994,994,994,993
203,203,203,203,203,203,203,203,203,203,203
218,220,221,222,222,223,224,225,226,226,227
1001,1001,1001,1001,1001,1001,1001,1001,1001,1001,1001
502,502,501,500,499,498,497,496,495,495,494
27,27,27,27,27,27,27,27,27,27,27
820,822,822,823,824,825,825,826,827,828,828
805,805,805,805,805,805,805,805,805,805,805
22,23,22,22,22,21,21,21,21,20,20
521,521,521,521,521,521,521,521,521,521,521
996,996,996,996,995,995,995,994,994,994,993
203,203,203,203,203,203,203,203,203,203,203
218,220,220,221,222,223,224,224,225,226,227
1001,1001,1001,1001,1001,1001,1001,1001,1001,1001,1001
503,503,502,501,500,499,498,497,496,495,494
27,27,27,27,27,27,27,27,27,27,27
819,821,822,823,823,824,825,826,826,827,828
805,805,805,805,805,805,805,805,805,805,805
22,23,22,22,22,22,21,21,21,21,20
520,520,520,520,520,520,520,520,520,520,520
996,996,996,996,996,995,995,995,994,994,994
204,204,204,204,204,204,204,204,204,204,204
217,219,220,221,221,222,223,224,225,225,226
1001,1001,1001,1001,1001,1001,1001,1001,1001,1001,1001
503,503,502,501,501,500,499,498,497,496,495
27,27,27,27,27,27,27,27,27,27,27
819,821,821,822,823,824,825,825,826,827,828
806,806,806,806,806,806,806,806,806,806,806
22,23,23,22,22,22,22,21,21,21,20
519,519,519,519,519,519,519,519,519,519,519
996,997,996,996,996,995,995,995,994,994,994
204,204,204,204,204,204,204,204,204,204,204
217,219,219,220,221,222,223,223,224,225,226
1001,1001,1001,1001,1001,1001,1001,1001,1001,1001,1001
504,504,503,502,501,500,499,498,497,496,495
27,27,27,27,27,27,27,27,27,27,27
818,820,821,822,822,823,824,825,826,826,827
806,806,806,806,806,806,806,806,806,806,806
22,23,23,23,22,22,22,21,21,21,21
519,519,519,519,519,519,519,519,519,519,519
996,997,997,996,996,996,995,995,995,994,994
205,205,205,205,205,205,205,205,205,205,205
216,218,219,220,220,221,222,223,224,224,225
1001,1001,1001,1001,1001,1001,1001,1001,1001,1001,1001
505,505,504,503,502,501,500,499,498,497,496
27,27,27,27,27,27,27,27,27,27,27
818,820,820,821,822,823,824,824,825,826,827
807,807,807,807,807,807,807,807,807,807,807
23,23,23,23,22,22,22,22,21,21,21
518,518,518,518,518,518,518,518,518,518,518
996,997,997,996,996,996,995,995,995,995,994
205,205,205,205,205,205,205,205,205,205,205
216,218,218,219,220,221,222,222,223,224,225
1000,1000,1000,1000,1000,1000,1000,1000,1000,1000,1000
505,505,504,503,502,501,500,499,498,497,496
27,27,27,27,27,27,27,27,27,27,27
817,819,820,821,822,822,823,824,825,825,826
807,807,807,807,807,807,807,807,807,807,807
23,23,23,23,23,22,22,22,21,21,21
518,518,518,518,518,518,518,518,518,518,518
997,997,997,997,996,996,996,995,995,995,994
206,206,206,206,206,206,206,206,206,206,206
215,217,218,219,219,220,221,222,223,223,224
1000,1000,1000,1000,1000,1000,1000,1000,1000,1000,1000
506,506,505,504,503,502,501,500,499,498,497
26,26,26,26,26,26,26,26,26,26,26
817,819,820,820,821,822,823,823,824,825,826
808,808,808,808,808,808,808,808,808,808,808
23,24,23,23,23,22,22,22,22,21,21
517,517,517,517,517,517,517,517,517,517,517
997,997,997,997,996,996,996,996,995,995,995
206,206,206,206,206,206,206,206,206,206,206
215,217,217,218,219,220,221,221,222,223,224
1000,1000,1000,1000,1000,1000,1000,1000,1000,1000,1000
506,506,505,504,503,502,502,501,500,499,498
26,26,26,26,26,26,26,26,26,26,26
817,818,819,820,821,821,822,823,824,824,825
808,808,808,808,808,808,808,808,808,808,808
23,24,23,23,23,23,22,22,22,22,21
516,516,516,516,516,516,516,516,516,516,516
997,998,997,997,997,996,996,996,995,995,995
207,207,207,207,207,207,207,207,207,207,207
214,216,217,218,219,219,220,221,222,222,223
1000,1000,1000,1000,1000,1000,1000,1000,1000,1000,1000
507,507,506,505,504,503,502,501,500,499,498
26,26,26,26,26,26,26,26,26,26,26
816,818,819,819,820,821,822,822,823,824,825
809,809,809,809,809,809,809,809,809,809,809
23,24,24,23,23,23,23,22,22,22,21
516,516,516,516,516,516,516,516,516,516,516
997,998,997,997,997,997,996,996,996,995,995
207,207,207,207,207,207,207,207,207,207,207
214,216,216,217,218,219,220,220,221,222,223
1000,1000,1000,1000,1000,1000,1000,1000,1000,1000,1000
507,508,507,506,505,504,503,502,501,500,499
26,26,26,26,26,26,26,26,26,26,26
816,817,818,819,820,820,821,822,823,824,824
809,809,809,809,809,809,809,809,809,809,809
23,24,24,24,23,23,23,22,22,22,22
515,515,515,515,515,515,515,515,515,515,515
997,998,998,997,997,997,996,996,996,995,995
208,208,208,208,208,208,208,208,208,208,208
213,215,216,217,218,218,219,220,221,222,222
1000,1000,1000,1000,1000,1000,1000,1000,1000,1000,1000
508,508,507,506,505,504,503,502,501,500,499
26,26,26,26,26,26,26,26,26,26,26
815,817,818,818,819,820,821,822,822,823,824
810,810,810,810,810,810,810,810,810,810,810
24,24,24,24,23,23,23,23,22,22,22
515,515,515,515,515,515,515,515,515,515,515
997,998,998,998,997,997,997,996,996,996,995
208,208,208,208,208,208,208,208,208,208,208
213,215,216,216,217,218,219,219,220,221,222
999,999,999,999,999,999,999,999,999,999,999
509,509,508,507,506,505,504,503,502,501,500
25,25,25,25,25,25,25,25,25,25,25
815,816,817,818,819,820,820,821,822,823,823
810,810,810,810,810,810,810,810,810,810,810
24,24,24,24,24,23,23,23,22,22,22
514,514,514,514,514,514,514,514,514,514,514
998,998,998,998,997,997,997,997,996,996,996
209,209,209,209,209,209,209,209,209,209,209
212,214,215,216,217,217,218,219,220,221,221
999,999,999,999,999,999,999,999,999,999,999
509,509,508,507,506,505,504,504,503,502,501
25,25,25,25,25,25,25,25,25,25,25
814,816,817,817,818,819,820,821,821,822,823
811,811,811,811,811,811,811,811,811,811,811
24,25,24,24,24,23,23,23,23,22,22
513,513,513,513,513,513,513,513,513,513,513
998,999,998,998,998,997,997,997,996,996,996
209,209,209,209,209,209,209,209,209,209,209
212,214,215,215,216,217,218,218,219,220,221
999,999,999,999,999,999,999,999,999,999,999
510,510,509,508,507,506,505,504,503,502,501
25,25,25,25,25,25,25,25,25,25,25
814,815,816,817,818,819,819,820,821,822,822
811,811,811,811,811,811,811,811,811,811,811
24,25,25,24,24,24,23,23,23,23,22
513,513,513,513,513,513,513,513,513,513,513
998,999,998,998,998,998,997,997,997,996,996
210,210,210,210,210,210,210,210,210,210,210
212,213,214,215,216,216,217,218,219,220,220
999,999,999,999,999,999,999,999,999,999,999
510,510,510,509,508,507,506,505,504,503,502
25,25,25,25,25,25,25,25,25,25,25
813,815,816,817,817,818,819,820,820,821,822
812,812,812,812,812,812,812,812,812,812,812
24,25,25,24,24,24,24,23,23,23,22
512,512,512,512,512,512,512,512,512,512,512
998,999,999,998,998,998,997,997,997,996,996
210,210,210,210,210,210,210,210,210,210,210
211,213,214,214,215,216,217,218,218,219,220
999,999,999,999,999,999,999,999,999,999,999
511,511,510,509,508,507,506,505,504,503,502
25,25,25,25,25,25,25,25,25,25,25
813,815,815,816,817,818,818,819,820,821,821
812,812,812,812,812,812,812,812,812,812,812
24,25,25,25,24,24,24,23,23,23,23
512,512,512,512,512,512,512,512,512,512,512
998,999,999,999,998,998,998,997,997,997,996
211,211,211,211,211,211,211,211,211,211,211
211,212,213,214,215,215,216,217,218,219,219
998,998,998,998,998,998,998,998,998,998,998
512,512,511,510,509,508,507,506,505,504,503
25,25,25,25,25,25,25,25,25,25,25
812,814,815,816,816,817,818,819,819,820,821
813,813,813,813,813,813,813,813,813,813,813
25,25,25,25,24,24,24,24,23,23,23
511,511,511,511,511,511,511,511,511,511,511
999,999,999,999,998,998,998,997,997,997,997
211,211,211,211,211,211,211,211,211,211,211
210,212,213,213,214,215,216,217,217,218,219
998,998,998,998,998,998,998,998,998,998,998
512,512,511,510,509,508,507,506,505,505,504
24,24,24,24,24,24,24,24,24,24,24
812,814,814,815,816,817,817,818,819,820,821
813,813,813,813,813,813,813,813,813,813,813
25,26,25,25,25,24,24,24,24,23,23
510,510,510,510,510,510,510,510,510,510,510
999,999,999,999,999,998,998,998,997,997,997
211,211,211,211,211,211,211,211,211,211,211
210,211,212,213,214,215,215,216,217,218,218
998,998,998,998,998,998,998,998,998,998,998
513,513,512,511,510,509,508,507,506,505,504
24,24,24,24,24,24,24,24,24,24,24
811,813,814,815,815,816,817,818,819,819,820
814,814,814,814,814,814,814,814,814,814,814
25,26,25,25,25,25,24,24,24,23,23
510,510,510,510,510,510,510,510,510,510,510
999,1000,999,999,999,998,998,998,998,997,997
212,212,212,212,212,212,212,212,212,212,212
209,211,212,212,213,214,215,216,216,217,218
998,998,998,998,998,998,998,998,998,998,998
513,513,512,511,511,510,509,508,507,506,505
24,24,24,24,24,24,24,24,24,24,24
811,813,813,814,815,816,817,817,818,819,820
814,814,814,814,814,814,814,814,814,814,814
25,26,26,25,25,25,24,24,24,24,23
509,509,509,509,509,509,509,509,509,509,509
999,1000,1000,999,999,999,998,998,998,997,997
212,212,212,212,212,212,212,212,212,212,212
209,210,211,212,213,214,214,215,216,217,217
998,998,998,998,998,998,998,998,998,998,998
514,514,513,512,511,510,509,508,507,506,505
24,24,24,24,24,24,24,24,24,24,24
810,812,813,814,814,815,816,817,818,818,819
815,815,815,815,815,815,815,815,815,815,815
25,26,26,26,25,25,25,24,24,24,23
509,509,509,509,509,509,509,509,509,509,509
999,1000,1000,999,999,999,999,998,998,998,997
213,213,213,213,213,213,213,213,213,213,213
208,210,211,212,212,213,214,215,215,216,217
998,998,998,998,998,998,998,998,998,998,998
515,515,514,513,512,511,510,509,508,507,506
24,24,24,24,24,24,24,24,24,24,24
810,812,812,813,814,815,816,816,817,818,819
815,815,815,815,815,815,815,815,815,815,815
26,26,26,26,25,25,25,25,24,24,24
508,508,508,508,508,508,508,508,508,508,508
999,1000,1000,1000,999,999,999,998,998,998,997
213,213,213,213,213,213,213,213,213,213,213
208,209,210,211,212,213,213,214,215,216,217
997,997,997,997,997,997,997,997,997,997,997
515,515,514,513,512,511,510,509,508,507,507
23,23,23,23,23,23,23,23,23,23,23
809,811,812,813,814,814,815,816,817,817,818
816,816,816,816,816,816,816,816,816,816,816
26,26,26,26,26,25,25,25,24,24,24
508,508,508,508,508,508,508,508,508,508,508
1000,1000,1000,1000,999,999,999,999,998,998,998
214,214,214,214,214,214,214,214,214,214,214
207,209,210,211,211,212,213,214,214,215,216
997,997,997,997,997,997,997,997,997,997,997
516,516,515,514,513,512,511,510,509,508,507
23,23,23,23,23,23,23,23,23,23,23
809,811,811,812,813,814,815,815,816,817,818
816,816,816,816,816,816,816,816,816,816,816
26,27,26,26,26,25,25,25,25,24,24
507,507,507,507,507,507,507,507,507,507,507
1000,1001,1000,1000,1000,999,999,999,998,998,998
214,214,214,214,214,214,214,214,214,214,214
207,209,209,210,211,212,212,213,214,215,216
997,997,997,997,997,997,997,997,997,997,997
516,516,515,514,513,513,512,511,510,509,508
23,23,23,23,23,23,23,23,23,23,23
808,810,811,812,813,813,814,815,816,816,817
816,816,816,816,816,816,816,816,816,816,816
26,27,27,26,26,26,25,25,25,24,24
506,506,506,506,506,506,506,506,506,506,506
1000,1001,1000,1000,1000,1000,999,999,999,998,998
215,215,215,215,215,215,215,215,215,215,215
206,208,209,210,210,211,212,213,214,214,215
997,997,997,997,997,997,997,997,997,997,997
517,517,516,515,514,513,512,511,510,509,508
23,23,23,23,23,23,23,23,23,23,23
808,810,811,811,812,813,814,814,815,816,817
817,817,817,817,817,817,817,817,817,817,817
26,27,27,26,26,26,26,25,25,25,24
506,506,506,506,506,506,506,506,506,506,506
1000,1001,1001,1000,1000,1000,999,999,999,999,998
215,215,215,215,215,215,215,215,215,215,215
206,208,208,209,210,211,211,212,213,214,215
997,997,997,997,997,997,997,997,997,997,997
518,518,517,516,515,514,513,512,511,510,509
23,23,23,23,23,23,23,23,23,23,23
807,809,810,811,812,812,813,814,815,816,816
817,817,817,817,817,817,817,817,817,817,817
27,27,27,27,26,26,26,25,25,25,25
505,505,505,505,505,505,505,505,505,505,505
1000,1001,1001,1001,1000,1000,1000,999,999,999,998
216,216,216,216,216,216,216,216,216,216,216
205,207,208,209,209,210,211,212,213,213,214
996,996,996,996,996,996,996,996,996,996,996
518,518,517,516,515,514,513,512,511,510,509
23,23,23,23,23,23,23,23,23,23,23
807,809,810,810,811,812,813,813,814,815,816
818,818,818,818,818,818,818,818,818,818,818
27,27,27,27,26,26,26,26,25,25,25
505,505,505,505,505,505,505,505,505,505,505
1001,1001,1001,1001,1000,1000,1000,1000,999,999,999
216,216,216,216,216,216,216,216,216,216,216
205,207,207,208,209,210,211,211,212,213,214
996,996,996,996,996,996,996,996,996,996,996
519,519,518,517,516,515,514,513,512,511,510
22,22,22,22,22,22,22,22,22,22,22
807,808,809,810,811,811,812,813,814,815,815
818,818,818,818,818,818,818,818,818,818,818
27,28,27,27,27,26,26,26,25,25,25
504,504,504,504,504,504,504,504,504,504,504
1001,1001,1001,1001,1001,1000,1000,1000,999,999,999
217,217,217,217,217,217,217,217,217,217,217
204,206,207,208,208,209,210,211,212,212,213
996,996,996,996,996,996,996,996,996,996,996
519,519,518,517,516,515,514,514,513,512,511
22,22,22,22,22,22,22,22,22,22,22
806,808,809,809,810,811,812,813,813,814,815
819,819,819,819,819,819,819,819,819,819,819
27,28,27,27,27,27,26,26,26,25,25
503,503,503,503,503,503,503,503,503,503,503
1001,1002,1001,1001,1001,1000,1000,1000,1000,999,999
217,217,217,217,217,217,217,217,217,217,217
204,206,206,207,208,209,210,210,211,212,213
996,996,996,996,996,996,996,996,996,996,996
520,520,519,518,517,516,515,514,513,512,511
22,22,22,22,22,22,22,22,22,22,22
806,807,808,809,810,810,811,812,813,814,814
819,819,819,819,819,819,819,819,819,819,819
27,28,28,27,27,27,26,26,26,26,25
503,503,503,503,503,503,503,503,503,503,503
1001,1002,1001,1001,1001,1001,1000,1000,1000,999,999
218,218,218,218,218,218,218,218,218,218,218
203,205,206,207,208,208,209,210,211,211,212
996,996,996,996,996,996,996,996,996,996,996
520,520,520,519,518,517,516,515,514,513,512
22,22,22,22,22,22,22,22,22,22,22
805,807,808,808,809,810,811,812,812,813,814
820,820,820,820,820,820,820,820,820,820,820
27,28,28,28,27,27,27,26,26,26,25
502,502,502,502,502,502,502,502,502,502,502
1001,1002,1002,1001,1001,1001,1001,1000,1000,1000,999
218,218,218,218,218,218,218,218,218,218,218
203,205,206,206,207,208,209,209,210,211,212
995,995,995,995,995,995,995,995,995,995,995
521,521,520,519,518,517,516,515,514,513,512
22,22,22,22,22,22,22,22,22,22,22
805,806,807,808,809,810,810,811,812,813,813
820,820,820,820,820,820,820,820,820,820,820
28,28,28,28,27,27,27,27,26,26,26
502,502,502,502,502,502,502,502,502,502,502
1001,1002,1002,1002,1001,1001,1001,1000,1000,1000,1000
219,219,219,219,219,219,219,219,219,219,219
203,204,205,206,207,207,208,209,210,210,211
995,995,995,995,995,995,995,995,995,995,995
522,522,521,520,519,518,517,516,515,514,513
22,22,22,22,22,22,22,22,22,22,22
804,806,807,807,808,809,810,811,811,812,813
821,821,821,821,821,821,821,821,821,821,821
28,29,28,28,28,27,27,27,26,26,26
501,501,501,501,501,501,501,501,501,501,501
1002,1002,1002,1002,1001,1001,1001,1001,1000,1000,1000
219,219,219,219,219,219,219,219,219,219,219
202,204,205,205,206,207,208,208,209,210,211
995,995,995,995,995,995,995,995,995,995,995
522,522,521,520,519,518,517,516,516,515,514
21,21,21,21,21,21,21,21,21,21,21
804,805,806,807,808,809,809,810,811,812,812
821,821,821,821,821,821,821,821,821,821,821
28,29,28,28,28,27,27,27,27,26,26
500,500,500,500,500,500,500,500,500,500,500
1002,1002,1002,1002,1002,1001,1001,1001,1000,1000,1000
220,220,220,220,220,220,220,220,220,220,220
202,203,204,205,206,206,207,208,209,210,210
995,995,995,995,995,995,995,995,995,995,995
523,523,522,521,520,519,518,517,516,515,514
21,21,21,21,21,21,21,21,21,21,21
803,805,806,807,807,808,809,810,810,811,812
822,822,822,822,822,822,822,822,822,822,822
28,29,29,28,28,28,27,27,27,26,26
500,500,500,500,500,500,500,500,500,500,500
1002,1003,1002,1002,1002,1002,1001,1001,1001,1000,1000
220,220,220,220,220,220,220,220,220,220,220
201,203,204,204,205,206,207,208,208,209,210
995,995,995,995,995,995,995,995,995,995,995
523,523,522,522,521,520,519,518,517,516,515
21,21,21,21,21,21,21,21,21,21,21
803,804,805,806,807,808,808,809,810,811,812
822,822,822,822,822,822,822,822,822,822,822
28,29,29,28,28,28,28,27,27,27,26
499,499,499,499,499,499,499,499,499,499,499
1002,1003,1003,1002,1002,1002,1001,1001,1001,1001,1000
221,221,221,221,221,221,221,221,221,221,221
201,202,203,204,205,205,206,207,208,209,209
994,994,994,994,994,994,994,994,994,994,994
524,524,523,522,521,520,519,518,517,516,515
21,21,21,21,21,21,21,21,21,21,21
802,804,805,806,806,807,808,809,809,810,811
823,823,823,823,823,823,823,823,823,823,823
29,29,29,29,28,28,28,27,27,27,27
499,499,499,499,499,499,499,499,499,499,499
1002,1003,1003,1002,1002,1002,1002,1001,1001,1001,1000
221,221,221,221,221,221,221,221,221,221,221
200,202,203,203,204,205,206,207,207,208,209
994,994,994,994,994,994,994,994,994,994,994
525,525,524,523,522,521,520,519,518,517,516
21,21,21,21,21,21,21,21,21,21,21
802,803,804,805,806,807,807,808,809,810,811
823,823,823,823,823,823,823,823,823,823,823
29,30,29,29,29,28,28,28,27,27,27
498,498,498,498,498,498,498,498,498,498,498
1002,1003,1003,1003,1002,1002,1002,1001,1001,1001,1001
222,222,222,222,222,222,222,222,222,222,222
200,201,202,203,204,205,205,206,207,208,208
994,994,994,994,994,994,994,994,994,994,994
525,525,524,523,522,521,520,519,518,517,517
20,20,20,20,20,20,20,20,20,20,20
801,803,804,805,805,806,807,808,809,809,810
824,824,824,824,824,824,824,824,824,824,824
29,30,29,29,29,28,28,28,28,27,27
498,498,498,498,498,498,498,498,498,498,498
1003,1003,1003,1003,1002,1002,1002,1002,1001,1001,1001
222,222,222,222,222,222,222,222,222,222,222
199,201,202,203,203,204,205,206,206,207,208
994,994,994,994,994,994,994,994,994,994,994
526,526,525,524,523,522,521,520,519,518,517
20,20,20,20,20,20,20,20,20,20,20
801,802,803,804,805,806,806,807,808,809,810
824,824,824,824,824,824,824,824,824,824,824
29,30,30,29,29,29,28,28,28,27,27
497,497,497,497,497,497,497,497,497,497,497
1003,1003,1003,1003,1003,1002,1002,1002,1002,1001,1001
223,223,223,223,223,223,223,223,223,223,223
199,201,201,202,203,204,204,205,206,207,207
994,994,994,994,994,994,994,994,994,994,994
526,526,525,524,523,523,522,521,520,519,518
20,20,20,20,20,20,20,20,20,20,20
800,802,803,804,804,805,806,807,808,808,809
824,824,824,824,824,824,824,824,824,824,824
29,30,30,29,29,29,29,28,28,28,27
496,496,496,496,496,496,496,496,496,496,496
1003,1004,1003,1003,1003,1003,1002,1002,1002,1001,1001
223,223,223,223,223,223,223,223,223,223,223
198,200,201,202,202,203,204,205,205,206,207
993,993,993,993,993,993,993,993,993,993,993
527,527,526,525,524,523,522,521,520,519,518
20,20,20,20,20,20,20,20,20,20,20
800,802,802,803,804,805,805,806,807,808,809
825,825,825,825,825,825,825,825,825,825,825
30,30,30,30,29,29,29,28,28,28,27
496,496,496,496,496,496,496,496,496,496,496
1003,1004,1004,1003,1003,1003,1002,1002,1002,1002,1001
224,224,224,224,224,224,224,224,224,224,224
198,200,200,201,202,203,203,204,205,206,207
993,993,993,993,993,993,993,993,993,993,993
528,528,527,526,525,524,523,522,521,520,519
20,20,20,20,20,20,20,20,20,20,20
799,801,802,803,803,804,805,806,807,807,808
825,825,825,825,825,825,825,825,825,825,825
30,31,30,30,30,29,29,29,28,28,28
495,495,495,495,495,495,495,495,495,495,495
1003,1004,1004,1003,1003,1003,1003,1002,1002,1002,1001
224,224,224,224,224,224,224,224,224,224,224
197,199,200,201,201,202,203,204,205,205,206
993,993,993,993,993,993,993,993,993,993,993
528,528,527,526,525,524,523,522,521,520,519
20,20,20,20,20,20,20,20,20,20,20
799,801,801,802,803,804,805,805,806,807,808
826,826,826,826,826,826,826,826,826,826,826
30,31,30,30,30,29,29,29,28,28,28
495,495,495,495,495,495,495,495,495,495,495
1003,1004,1004,1004,1003,1003,1003,1002,1002,1002,1002
224,224,224,224,224,224,224,224,224,224,224
197,199,199,200,201,202,202,203,204,205,206
993,993,993,993,993,993,993,993,993,993,993
529,529,528,527,526,525,524,523,522,521,520
20,20,20,20,20,20,20,20,20,20,20
798,800,801,802,802,803,804,805,806,806,807
826,826,826,826,826,826,826,826,826,826,826
30,31,31,30,30,30,29,29,29,28,28
494,494,494,494,494,494,494,494,494,494,494
1004,1004,1004,1004,1003,1003,1003,1003,1002,1002,1002
225,225,225,225,225,225,225,225,225,225,225
196,198,199,200,200,201,202,203,204,204,205
993,993,993,993,993,993,993,993,993,993,993
529,529,528,527,526,525,524,524,523,522,521
19,19,19,19,19,19,19,19,19,19,19
798,800,800,801,802,803,804,804,805,806,807
827,827,827,827,827,827,827,827,827,827,827
30,31,31,30,30,30,29,29,29,29,28
493,493,493,493,493,493,493,493,493,493,493
1004,1004,1004,1004,1004,1003,1003,1003,1003,1002,1002
225,225,225,225,225,225,225,225,225,225,225
196,198,198,199,200,201,202,202,203,204,205
992,992,992,992,992,992,992,992,992,992,992
530,530,529,528,527,526,525,524,523,522,521
19,19,19,19,19,19,19,19,19,19,19
797,799,800,801,801,802,803,804,805,805,806
827,827,827,827,827,827,827,827,827,827,827
31,31,31,31,30,30,30,29,29,29,28
493,493,493,493,493,493,493,493,493,493,493
1004,1005,1004,1004,1004,1004,1003,1003,1003,1002,1002
226,226,226,226,226,226,226,226,226,226,226
196,197,198,199,200,200,201,202,203,203,204
992,992,992,992,992,992,992,992,992,992,992
530,530,530,529,528,527,526,525,524,523,522
19,19,19,19,19,19,19,19,19,19,19
797,799,799,800,801,802,803,803,804,805,806
828,828,828,828,828,828,828,828,828,828,828
31,32,31,31,31,30,30,30,29,29,29
492,492,492,492,492,492,492,492,492,492,492
1004,1005,1005,1004,1004,1004,1003,1003,1003,1003,1002
226,226,226,226,226,226,226,226,226,226,226
195,197,198,198,199,200,201,201,202,203,204
992,992,992,992,992,992,992,992,992,992,992
531,531,530,529,528,527,526,525,524,523,522
19,19,19,19,19,19,19,19,19,19,19
796,798,799,800,801,801,802,803,804,804,805
828,828,828,828,828,828,828,828,828,828,828
31,32,31,31,31,30,30,30,29,29,29
492,492,492,492,492,492,492,492,492,492,492
1004,1005,1005,1004,1004,1004,1004,1003,1003,1003,1003
227,227,227,227,227,227,227,227,227,227,227
195,196,197,198,199,199,200,201,202,202,203
992,992,992,992,992,992,992,992,992,992,992
532,532,531,530,529,528,527,526,525,524,523
19,19,19,19,19,19,19,19,19,19,19
796,798,798,799,800,801,802,802,803,804,805
829,829,829,829,829,829,829,829,829,829,829
31,32,32,31,31,31,30,30,30,29,29
491,491,491,491,491,491,491,491,491,491,491
1004,1005,1005,1005,1004,1004,1004,1004,1003,1003,1003
227,227,227,227,227,227,227,227,227,227,227
194,196,197,197,198,199,200,200,201,202,203
992,992,992,992,992,992,992,992,992,992,992
532,532,531,530,529,528,527,526,526,525,524
19,19,19,19,19,19,19,19,19,19,19
795,797,798,799,800,800,801,802,803,804,804
829,829,829,829,829,829,829,829,829,829,829
31,32,32,31,31,31,30,30,30,29,29
490,490,490,490,490,490,490,490,490,490,490
1005,1005,1005,1005,1004,1004,1004,1004,1003,1003,1003
228,228,228,228,228,228,228,228,228,228,228
194,195,196,197,198,198,199,200,201,202,202
991,991,991,991,991,991,991,991,991,991,991
533,533,532,531,530,529,528,527,526,525,524
18,18,18,18,18,18,18,18,18,18,18
795,797,797,798,799,800,801,801,802,803,804
830,830,830,830,830,830,830,830,830,830,830
32,32,32,32,31,31,31,30,30,30,29
490,490,490,490,490,490,490,490,490,490,490
1005,1005,1005,1005,1005,1004,1004,1004,1004,1003,1003
228,228,228,228,228,228,228,228,228,228,228
193,195,196,196,197,198,199,200,200,201,202
991,991,991,991,991,991,991,991,991,991,991
533,533,532,532,531,530,529,528,527,526,525
18,18,18,18,18,18,18,18,18,18,18
794,796,797,798,799,799,800,801,802,803,803
830,830,830,830,830,830,830,830,830,830,830
32,33,32,32,32,31,31,31,30,30,30
489,489,489,489,489,489,489,489,489,489,489
1005,1006,1005,1005,1005,1005,1004,1004,1004,1003,1003
229,229,229,229,229,229,229,229,229,229,229
193,194,195,196,197,198,198,199,200,201,201
991,991,991,991,991,991,991,991,991,991,991
534,534,533,532,531,530,529,528,527,526,525
18,18,18,18,18,18,18,18,18,18,18
794,796,796,797,798,799,800,800,801,802,803
830,830,830,830,830,830,830,830,830,830,830
32,33,32,32,32,31,31,31,30,30,30
489,489,489,489,489,489,489,489,489,489,489
1005,1006,1005,1005,1005,1005,1004,1004,1004,1004,1003
229,229,229,229,229,229,229,229,229,229,229
192,194,195,196,196,197,198,199,199,200,201
991,991,991,991,991,991,991,991,991,991,991
535,535,534,533,532,531,530,529,528,527,526
18,18,18,18,18,18,18,18,18,18,18
793,795,796,797,798,798,799,800,801,802,802
831,831,831,831,831,831,831,831,831,831,831
32,33,33,32,32,32,31,31,31,30,30
488,488,488,488,488,488,488,488,488,488,488
1005,1006,1006,1005,1005,1005,1005,1004,1004,1004,1004
230,230,230,230,230,230,230,230,230,230,230
192,194,194,195,196,197,197,198,199,200,200
991,991,991,991,991,991,991,991,991,991,991
535,535,534,533,532,531,530,529,528,527,527
18,18,18,18,18,18,18,18,18,18,18
793,795,795,796,797,798,799,799,800,801,802
831,831,831,831,831,831,831,831,831,831,831
32,33,33,32,32,32,31,31,31,30,30
488,488,488,488,488,488,488,488,488,488,488
1005,1006,1006,1006,1005,1005,1005,1005,1004,1004,1004
230,230,230,230,230,230,230,230,230,230,230
191,193,194,195,195,196,197,198,198,199,200
990,990,990,990,990,990,990,990,990,990,990
536,536,535,534,533,532,531,530,529,528,527
18,18,18,18,18,18,18,18,18,18,18
792,794,795,796,797,797,798,799,800,801,801
832,832,832,832,832,832,832,832,832,832,832
33,33,33,33,32,32,32,31,31,31,30
487,487,487,487,487,487,487,487,487,487,487
1005,1006,1006,1006,1005,1005,1005,1005,1004,1004,1004
231,231,231,231,231,231,231,231,231,231,231
191,193,193,194,195,196,196,197,198,199,199
990,990,990,990,990,990,990,990,990,990,990
536,536,535,534,533,533,532,531,530,529,528
17,17,17,17,17,17,17,17,17,17,17
792,794,795,795,796,797,798,799,799,800,801
832,832,832,832,832,832,832,832,832,832,832
33,34,33,33,33,32,32,32,31,31,31
486,486,486,486,486,486,486,486,486,486,486
1006,1006,1006,1006,1006,1005,1005,1005,1005,1004,1004
231,231,231,231,231,231,231,231,231,231,231
190,192,193,194,194,195,196,197,197,198,199
990,990,990,990,990,990,990,990,990,990,990
537,537,536,535,534,533,532,531,530,529,528
17,17,17,17,17,17,17,17,17,17,17
791,793,794,795,796,796,797,798,799,800,800
833,833,833,833,833,833,833,833,833,833,833
33,34,33,33,33,32,32,32,31,31,31
486,486,486,486,486,486,486,486,486,486,486
1006,1007,1006,1006,1006,1006,1005,1005,1005,1004,1004
232,232,232,232,232,232,232,232,232,232,232
190,192,192,193,194,195,196,196,197,198,199
990,990,990,990,990,990,990,990,990,990,990
538,538,537,536,535,534,533,532,531,530,529
17,17,17,17,17,17,17,17,17,17,17
791,793,794,794,795,796,797,798,798,799,800
833,833,833,833,833,833,833,833,833,833,833
33,34,34,33,33,33,32,32,32,31,31
485,485,485,485,485,485,485,485,485,485,485
1006,1007,1006,1006,1006,1006,1005,1005,1005,1005,1004
232,232,232,232,232,232,232,232,232,232,232
190,191,192,193,194,194,195,196,197,197,198
990,990,990,990,990,990,990,990,990,990,990
538,538,537,536,535,534,533,532,531,530,529
17,17,17,17,17,17,17,17,17,17,17
790,792,793,794,795,795,796,797,798,799,799
834,834,834,834,834,834,834,834,834,834,834
34,34,34,33,33,33,32,32,32,31,31
485,485,485,485,485,485,485,485,485,485,485
1006,1007,1007,1006,1006,1006,1006,1005,1005,1005,1005
233,233,233,233,233,233,233,233,233,233,233
189,191,192,192,193,194,195,195,196,197,198
989,989,989,989,989,989,989,989,989,989,989
539,539,538,537,536,535,534,533,532,531,530
17,17,17,17,17,17,17,17,17,17,17
790,792,793,793,794,795,796,797,797,798,799
834,834,834,834,834,834,834,834,834,834,834
34,34,34,34,33,33,33,32,32,32,31
484,484,484,484,484,484,484,484,484,484,484
1006,1007,1007,1006,1006,1006,1006,1005,1005,1005,1005
233,233,233,233,233,233,233,233,233,233,233
189,190,191,192,193,193,194,195,196,196,197
989,989,989,989,989,989,989,989,989,989,989
539,539,538,537,536,535,535,534,533,532,531
17,17,17,17,17,17,17,17,17,17,17
789,791,792,793,794,794,795,796,797,798,798
835,835,835,835,835,835,835,835,835,835,835
34,35,34,34,34,33,33,33,32,32,32
483,483,483,483,483,483,483,483,483,483,483
1006,1007,1007,1007,1006,1006,1006,1006,1005,1005,1005
234,234,234,234,234,234,234,234,234,234,234
188,190,191,191,192,193,194,194,195,196,197
989,989,989,989,989,989,989,989,989,989,989
540,540,539,538,537,536,535,534,533,532,531
17,17,17,17,17,17,17,17,17,17,17
789,791,792,792,793,794,795,796,796,797,798
835,835,835,835,835,835,835,835,835,835,835
34,35,34,34,34,33,33,33,32,32,32
483,483,483,483,483,483,483,483,483,483,483
1007,1007,1007,1007,1007,1006,1006,1006,1006,1005,1005
234,234,234,234,234,234,234,234,234,234,234
188,189,190,191,192,192,193,194,195,195,196
989,989,989,989,989,989,989,989,989,989,989
540,541,540,539,538,537,536,535,534,533,532
16,16,16,16,16,16,16,16,16,16,16
788,790,791,792,793,793,794,795,796,797,797
836,836,836,836,836,836,836,836,836,836,836
34,35,35,34,34,34,33,33,33,32,32
482,482,482,482,482,482,482,482,482,482,482
1007,1007,1007,1007,1007,1006,1006,1006,1006,1005,1005
235,235,235,235,235,235,235,235,235,235,235
187,189,190,190,191,192,193,193,194,195,196
989,989,989,989,989,989,989,989,989,989,989
541,541,540,539,538,537,536,535,534,533,532
16,16,16,16,16,16,16,16,16,16,16
788,790,791,791,792,793,794,795,795,796,797
836,836,836,836,836,836,836,836,836,836,836
35,35,35,35,34,34,34,33,33,32,32
482,482,482,482,482,482,482,482,482,482,482
1007,1008,1007,1007,1007,1007,1006,1006,1006,1006,1005
235,235,235,235,235,235,235,235,235,235,235
187,189,189,190,191,192,192,193,194,195,195
988,988,988,988,988,988,988,988,988,988,988
542,542,541,540,539,538,537,536,535,534,533
16,16,16,16,16,16,16,16,16,16,16
787,789,790,791,792,792,793,794,795,796,797
836,836,836,836,836,836,836,836,836,836,836
35,35,35,35,34,34,34,33,33,33,32
481,481,481,481,481,481,481,481,481,481,481
1007,1008,1008,1007,1007,1007,1007,1006,1006,1006,1005
236,236,236,236,236,236,236,236,236,236,236
186,188,189,190,190,191,192,193,193,194,195
988,988,988,988,988,988,988,988,988,988,988
542,542,541,540,539,538,537,536,536,535,534
16,16,16,16,16,16,16,16,16,16,16
787,789,790,790,791,792,793,794,794,795,796
837,837,837,837,837,837,837,837,837,837,837
35,36,35,35,35,34,34,34,33,33,33
480,480,480,480,480,480,480,480,480,480,480
1007,1008,1008,1007,1007,1007,1007,1006,1006,1006,1006
236,236,236,236,236,236,236,236,236,236,236
186,188,188,189,190,191,191,192,193,194,194
988,988,988,988,988,988,988,988,988,988,988
543,543,542,541,540,539,538,537,536,535,534
16,16,16,16,16,16,16,16,16,16,16
786,788,789,790,791,792,792,793,794,795,796
837,837,837,837,837,837,837,837,837,837,837
35,36,36,35,35,34,34,34,33,33,33
480,480,480,480,480,480,480,480,480,480,480
1007,1008,1008,1008,1007,1007,1007,1007,1006,1006,1006
237,237,237,237,237,237,237,237,237,237,237
185,187,188,189,189,190,191,192,192,193,194
988,988,988,988,988,988,988,988,988,988,988
543,543,542,542,541,540,539,538,537,536,535
16,16,16,16,16,16,16,16,16,16,16
786,788,789,789,790,791,792,793,793,794,795
838,838,838,838,838,838,838,838,838,838,838
35,36,36,35,35,35,34,34,34,33,33
479,479,479,479,479,479,479,479,479,479,479
1007,1008,1008,1008,1007,1007,1007,1007,1006,1006,1006
237,237,237,237,237,237,237,237,237,237,237
185,187,187,188,189,190,190,191,192,193,193
987,987,987,987,987,987,987,987,987,987,987
544,544,543,542,541,540,539,538,537,536,535
15,15,15,15,15,15,15,15,15,15,15
785,787,788,789,790,791,791,792,793,794,795
838,838,838,838,838,838,838,838,838,838,838
36,36,36,36,35,35,35,34,34,34,33
479,479,479,479,479,479,479,479,479,479,479
1008,1008,1008,1008,1008,1007,1007,1007,1007,1006,1006
238,238,238,238,238,238,238,238,238,238,238
185,186,187,188,188,189,190,191,191,192,193
987,987,987,987,987,987,987,987,987,987,987
545,545,544,543,542,541,540,539,538,537,536
15,15,15,15,15,15,15,15,15,15,15
785,787,788,788,789,790,791,792,792,793,794
839,839,839,839,839,839,839,839,839,839,839
36,37,36,36,35,35,35,34,34,34,33
478,478,478,478,478,478,478,478,478,478,478
1008,1008,1008,1008,1008,1008,1007,1007,1007,1007,1006
238,238,238,238,238,238,238,238,238,238,238
184,186,187,187,188,189,190,190,191,192,193
987,987,987,987,987,987,987,987,987,987,987
545,545,544,543,542,541,540,539,538,537,537
15,15,15,15,15,15,15,15,15,15,15
784,786,787,788,789,790,790,791,792,793,794
839,839,839,839,839,839,839,839,839,839,839
36,37,36,36,36,35,35,35,34,34,34
478,478,478,478,478,478,478,478,478,478,478
1008,1009,1008,1008,1008,1008,1007,1007,1007,1007,1006
239,239,239,239,239,239,239,239,239,239,239
184,185,186,187,188,188,189,190,191,191,192
987,987,987,987,987,987,987,987,987,987,987
546,546,545,544,543,542,541,540,539,538,537
15,15,15,15,15,15,15,15,15,15,15
784,786,787,787,788,789,790,791,791,792,793
840,840,840,840,840,840,840,840,840,840,840
36,37,37,36,36,36,35,35,35,34,34
477,477,477,477,477,477,477,477,477,477,477
1008,1009,1009,1008,1008,1008,1008,1007,1007,1007,1007
239,239,239,239,239,239,239,239,239,239,239
183,185,186,186,187,188,189,189,190,191,192
987,987,987,987,987,987,987,987,987,987,987
546,546,545,544,543,543,542,541,540,539,538
15,15,15,15,15,15,15,15,15,15,15
783,785,786,787,788,789,789,790,791,792,793
840,840,840,840,840,840,840,840,840,840,840
37,37,37,36,36,36,35,35,35,34,34
476,476,476,476,476,476,476,476,476,476,476
1008,1009,1009,1008,1008,1008,1008,1007,1007,1007,1007
240,240,240,240,240,240,240,240,240,240,240
183,184,185,186,187,187,188,189,190,190,191
986,986,986,986,986,986,986,986,986,986,986
547,547,546,545,544,543,542,541,540,539,538
15,15,15,15,15,15,15,15,15,15,15
783,785,786,786,787,788,789,790,790,791,792
841,841,841,841,841,841,841,841,841,841,841
37,37,37,37,36,36,36,35,35,35,34
476,476,476,476,476,476,476,476,476,476,476
1008,1009,1009,1009,1008,1008,1008,1008,1007,1007,1007
240,240,240,240,240,240,240,240,240,240,240
182,184,185,185,186,187,188,188,189,190,191
986,986,986,986,986,986,986,986,986,986,986
548,548,547,546,545,544,543,542,541,540,539
15,15,15,15,15,15,15,15,15,15,15
782,784,785,786,787,788,788,789,790,791,792
841,841,841,841,841,841,841,841,841,841,841
37,38,37,37,37,36,36,35,35,35,34
475,475,475,475,475,475,475,475,475,475,475
1008,1009,1009,1009,1009,1008,1008,1008,1008,1007,1007
241,241,241,241,241,241,241,241,241,241,241
182,184,184,185,186,187,187,188,189,189,190
986,986,986,986,986,986,986,986,986,986,986
548,548,547,546,545,544,543,542,541,540,539
14,14,14,14,14,14,14,14,14,14,14
782,784,785,785,786,787,788,789,789,790,791
841,841,841,841,841,841,841,841,841,841,841
37,38,37,37,37,36,36,36,35,35,35
475,475,475,475,475,475,475,475,475,475,475
1009,1009,1009,1009,1009,1008,1008,1008,1008,1007,1007
241,241,241,241,241,241,241,241,241,241,241
181,183,184,185,185,186,187,188,188,189,190
986,986,986,986,986,986,986,986,986,986,986
549,549,548,547,546,545,544,543,542,541,540
14,14,14,14,14,14,14,14,14,14,14
781,783,784,785,786,787,787,788,789,790,791
842,842,842,842,842,842,842,842,842,842,842
37,38,38,37,37,37,36,36,36,35,35
474,474,474,474,474,474,474,474,474,474,474
1009,1010,1009,1009,1009,1009,1008,1008,1008,1008,1007
242,242,242,242,242,242,242,242,242,242,242
181,183,183,184,185,186,186,187,188,189,189
985,985,985,985,985,985,985,985,985,985,985
549,549,548,547,546,545,545,544,543,542,541
14,14,14,14,14,14,14,14,14,14,14
781,783,784,784,785,786,787,788,788,789,790
842,842,842,842,842,842,842,842,842,842,842
38,38,38,38,37,37,36,36,36,35,35
473,473,473,473,473,473,473,473,473,473,473
1009,1010,1009,1009,1009,1009,1008,1008,1008,1008,1007
242,242,242,242,242,242,242,242,242,242,242
180,182,183,184,184,185,186,187,187,188,189
985,985,985,985,985,985,985,985,985,985,985
550,550,549,548,547,546,545,544,543,542,541
14,14,14,14,14,14,14,14,14,14,14
780,782,783,784,785,786,786,787,788,789,790
843,843,843,843,843,843,843,843,843,843,843
38,39,38,38,37,37,37,36,36,36,35
473,473,473,473,473,473,473,473,473,473,473
1009,1010,1010,1009,1009,1009,1009,1008,1008,1008,1008
243,243,243,243,243,243,243,243,243,243,243
180,182,182,183,184,185,185,186,187,188,188
985,985,985,985,985,985,985,985,985,985,985
550,550,550,549,548,547,546,545,544,543,542
14,14,14,14,14,14,14,14,14,14,14
780,782,783,783,784,785,786,787,787,788,789
843,843,843,843,843,843,843,843,843,843,843
38,39,38,38,38,37,37,37,36,36,36
472,472,472,472,472,472,472,472,472,472,472
1009,1010,1010,1009,1009,1009,1009,1009,1008,1008,1008
243,243,243,243,243,243,243,243,243,243,243
180,181,182,183,183,184,185,186,186,187,188
985,985,985,985,985,985,985,985,985,985,985
551,551,550,549,548,547,546,545,544,543,542
14,14,14,14,14,14,14,14,14,14,14
779,781,782,783,784,785,785,786,787,788,789
844,844,844,844,844,844,844,844,844,844,844
38,39,39,38,38,38,37,37,36,36,36
472,472,472,472,472,472,472,472,472,472,472
1009,1010,1010,1010,1009,1009,1009,1009,1008,1008,1008
244,244,244,244,244,244,244,244,244,244,244
179,181,182,182,183,184,185,185,186,187,188
985,985,985,985,985,985,985,985,985,985,985
552,552,551,550,549,548,547,546,545,544,543
14,14,14,14,14,14,14,14,14,14,14
779,781,782,782,783,784,785,786,787,787,788
844,844,844,844,844,844,844,844,844,844,844
39,39,39,38,38,38,37,37,37,36,36
471,471,471,471,471,471,471,471,471,471,471
1009,1010,1010,1010,1010,1009,1009,1009,1009,1008,1008
244,244,244,244,244,244,244,244,244,244,244
179,180,181,182,183,183,184,185,186,186,187
984,984,984,984,984,984,984,984,984,984,984
552,552,551,550,549,548,547,546,546,545,544
14,14,14,14,14,14,14,14,14,14,14
778,780,781,782,783,784,784,785,786,787,788
845,845,845,845,845,845,845,845,845,845,845
39,39,39,39,38,38,38,37,37,37,36
470,470,470,470,470,470,470,470,470,470,470
1010,1010,1010,1010,1010,1009,1009,1009,1009,1008,1008
245,245,245,245,245,245,245,245,245,245,245
178,180,181,181,182,183,184,184,185,186,187
984,984,984,984,984,984,984,984,984,984,984
553,553,552,551,550,549,548,547,546,545,544
13,13,13,13,13,13,13,13,13,13,13
778,780,781,781,782,783,784,785,786,786,787
845,845,845,845,845,845,845,845,845,845,845
39,40,39,39,39,38,38,37,37,37,36
470,470,470,470,470,470,470,470,470,470,470
1010,1010,1010,1010,1010,1010,1009,1009,1009,1009,1008
245,245,245,245,245,245,245,245,245,245,245
178,179,180,181,182,182,183,184,185,185,186
984,984,984,984,984,984,984,984,984,984,984
553,553,552,552,551,550,549,548,547,546,545
13,13,13,13,13,13,13,13,13,13,13
777,779,780,781,782,783,783,784,785,786,787
845,845,845,845,845,845,845,845,845,845,845
39,40,39,39,39,38,38,38,37,37,37
469,469,469,469,469,469,469,469,469,469,469
1010,1011,1010,1010,1010,1010,1009,1009,1009,1009,1009
246,246,246,246,246,246,246,246,246,246,246
177,179,180,181,181,182,183,183,184,185,186
984,984,984,984,984,984,984,984,984,984,984
554,554,553,552,551,550,549,548,547,546,545
13,13,13,13,13,13,13,13,13,13,13
777,779,780,780,781,782,783,784,785,785,786
846,846,846,846,846,846,846,846,846,846,846
39,40,40,39,39,39,38,38,38,37,37
469,469,469,469,469,469,469,469,469,469,469
1010,1011,1011,1010,1010,1010,1010,1009,1009,1009,1009
246,246,246,246,246,246,246,246,246,246,246
177,179,179,180,181,182,182,183,184,184,185
983,983,983,983,983,983,983,983,983,983,983
555,555,554,553,552,551,550,549,548,547,546
13,13,13,13,13,13,13,13,13,13,13
776,778,779,780,781,782,782,783,784,785,786
846,846,846,846,846,846,846,846,846,846,846
40,40,40,40,39,39,38,38,38,37,37
468,468,468,468,468,468,468,468,468,468,468
1010,1011,1011,1010,1010,1010,1010,1010,1009,1009,1009
247,247,247,247,247,247,247,247,247,247,247
176,178,179,180,180,181,182,183,183,184,185
983,983,983,983,983,983,983,983,983,983,983
555,555,554,553,552,551,550,549,548,547,547
13,13,13,13,13,13,13,13,13,13,13
776,778,779,779,780,781,782,783,784,784,785
847,847,847,847,847,847,847,847,847,847,847
40,41,40,40,39,39,39,38,38,38,37
468,468,468,468,468,468,468,468,468,468,468
1010,1011,1011,1011,1010,1010,1010,1010,1009,1009,1009
247,247,247,247,247,247,247,247,247,247,247
176,178,178,179,180,181,181,182,183,184,184
983,983,983,983,983,983,983,983,983,983,983
556,556,555,554,553,552,551,550,549,548,547
13,13,13,13,13,13,13,13,13,13,13
775,777,778,779,780,781,781,782,783,784,785
847,847,847,847,847,847,847,847,847,847,847
40,41,40,40,40,39,39,39,38,38,37
467,467,467,467,467,467,467,467,467,467,467
1010,1011,1011,1011,1010,1010,1010,1010,1010,1009,1009
248,248,248,248,248,248,248,248,248,248,248
176,177,178,179,179,180,181,182,182,183,184
983,983,983,983,983,983,983,983,983,983,983
556,556,555,554,553,553,552,551,550,549,548
13,13,13,13,13,13,13,13,13,13,13
775,777,778,778,779,780,781,782,783,783,784
848,848,848,848,848,848,848,848,848,848,848
40,41,41,40,40,40,39,39,38,38,38
466,466,466,466,466,466,466,466,466,466,466
1011,1011,1011,1011,1011,1010,1010,1010,1010,1009,1009
248,248,248,248,248,248,248,248,248,248,248
175,177,178,178,179,180,180,181,182,183,183
983,983,983,983,983,983,983,983,983,983,983
557,557,556,555,554,553,552,551,550,549,548
12,12,12,12,12,12,12,12,12,12,12
774,776,777,778,779,780,780,781,782,783,784
848,848,848,848,848,848,848,848,848,848,848
41,41,41,40,40,40,39,39,39,38,38
466,466,466,466,466,466,466,466,466,466,466
1011,1011,1011,1011,1011,1011,1010,1010,1010,1010,1009
249,249,249,249,249,249,249,249,249,249,249
175,176,177,178,179,179,180,181,181,182,183
982,982,982,982,982,982,982,982,982,982,982
558,558,557,556,555,554,553,552,551,550,549
12,12,12,12,12,12,12,12,12,12,12
774,776,777,777,778,779,780,781,782,782,783
849,849,849,849,849,849,849,849,849,849,849
41,41,41,41,40,40,40,39,39,38,38
465,465,465,465,465,465,465,465,465,465,465
1011,1012,1011,1011,1011,1011,1010,1010,1010,1010,1010
249,249,249,249,249,249,249,249,249,249,249
174,176,177,177,178,179,180,180,181,182,183
982,982,982,982,982,982,982,982,982,982,982
558,558,557,556,555,554,553,552,551,550,549
12,12,12,12,12,12,12,12,12,12,12
773,775,776,777,778,779,779,780,781,782,783
849,849,849,849,849,849,849,849,849,849,849
41,42,41,41,41,40,40,39,39,39,38
465,465,465,465,465,465,465,465,465,465,465
1011,1012,1011,1011,1011,1011,1011,1010,1010,1010,1010
250,250,250,250,250,250,250,250,250,250,250
174,175,176,177,178,178,179,180,181,181,182
982,982,982,982,982,982,982,982,982,982,982
559,559,558,557,556,555,554,553,552,551,550
12,12,12,12,12,12,12,12,12,12,12
773,775,776,776,777,778,779,780,781,781,782
849,849,849,849,849,849,849,849,849,849,849
41,42,42,41,41,40,40,40,39,39,39
464,464,464,464,464,464,464,464,464,464,464
1011,1012,1012,1011,1011,1011,1011,1010,1010,1010,1010
250,250,250,250,250,250,250,250,250,250,250
173,175,176,176,177,178,179,179,180,181,182
982,982,982,982,982,982,982,982,982,982,982
559,559,558,557,556,555,554,554,553,552,551
12,12,12,12,12,12,12,12,12,12,12
772,774,775,776,777,778,778,779,780,781,782
850,850,850,850,850,850,850,850,850,850,850
42,42,42,41,41,41,40,40,40,39,39
463,463,463,463,463,463,463,463,463,463,463
1011,1012,1012,1012,1011,1011,1011,1011,1010,1010,1010
251,251,251,251,251,251,251,251,251,251,251
173,175,175,176,177,178,178,179,180,180,181
981,981,981,981,981,981,981,981,981,981,981
560,560,559,558,557,556,555,554,553,552,551
12,12,12,12,12,12,12,12,12,12,12
772,774,775,775,776,777,778,779,780,780,781
850,850,850,850,850,850,850,850,850,850,850
42,42,42,42,41,41,40,40,40,39,39
463,463,463,463,463,463,463,463,463,463,463
1011,1012,1012,1012,1011,1011,1011,1011,1011,1010,1010
251,251,251,251,251,251,251,251,251,251,251
172,174,175,176,176,177,178,179,179,180,181
981,981,981,981,981,981,981,981,981,981,981
560,560,560,559,558,557,556,555,554,553,552
12,12,12,12,12,12,12,12,12,12,12
771,773,774,775,776,777,777,778,779,780,781
851,851,851,851,851,851,851,851,851,851,851
42,43,42,42,41,41,41,40,40,40,39
462,462,462,462,462,462,462,462,462,462,462
1011,1012,1012,1012,1012,1011,1011,1011,1011,1010,1010
252,252,252,252,252,252,252,252,252,252,252
172,174,174,175,176,177,177,178,179,180,180
981,981,981,981,981,981,981,981,981,981,981
561,561,560,559,558,557,556,555,554,553,552
12,12,12,12,12,12,12,12,12,12,12
771,773,774,774,775,776,777,778,778,779,780
851,851,851,851,851,851,851,851,851,851,851
42,43,42,42,42,41,41,41,40,40,39
462,462,462,462,462,462,462,462,462,462,462
1012,1012,1012,1012,1012,1011,1011,1011,1011,1011,1010
252,252,252,252,252,252,252,252,252,252,252
172,173,174,175,175,176,177,178,178,179,180
981,981,981,981,981,981,981,981,981,981,981
562,562,561,560,559,558,557,556,555,554,553
11,11,11,11,11,11,11,11,11,11,11
770,772,773,774,775,776,776,777,778,779,780
852,852,852,852,852,852,852,852,852,852,852
42,43,43,42,42,42,41,41,40,40,40
461,461,461,461,461,461,461,461,461,461,461
1012,1012,1012,1012,1012,1012,1011,1011,1011,1011,1011
253,253,253,253,253,253,253,253,253,253,253
171,173,174,174,175,176,176,177,178,179,179
980,980,980,980,980,980,980,980,980,980,980
562,562,561,560,559,558,557,556,556,555,554
11,11,11,11,11,11,11,11,11,11,11
770,772,773,773,774,775,776,777,777,778,779
852,852,852,852,852,852,852,852,852,852,852
43,43,43,43,42,42,41,41,41,40,40
461,461,461,461,461,461,461,461,461,461,461
1012,1013,1012,1012,1012,1012,1012,1011,1011,1011,1011
253,253,253,253,253,253,253,253,253,253,253
171,172,173,174,175,175,176,177,177,178,179
980,980,980,980,980,980,980,980,980,980,980
563,563,562,561,560,559,558,557,556,555,554
11,11,11,11,11,11,11,11,11,11,11
769,771,772,773,774,775,775,776,777,778,779
853,853,853,853,853,853,853,853,853,853,853
43,44,43,43,42,42,42,41,41,41,40
460,460,460,460,460,460,460,460,460,460,460
1012,1013,1013,1012,1012,1012,1012,1011,1011,1011,1011
254,254,254,254,254,254,254,254,254,254,254
170,172,173,173,174,175,176,176,177,178,178
980,980,980,980,980,980,980,980,980,980,980
563,563,562,561,561,560,559,558,557,556,555
11,11,11,11,11,11,11,11,11,11,11
769,771,772,772,773,774,775,776,776,777,778
853,853,853,853,853,853,853,853,853,853,853
43,44,43,43,43,42,42,41,41,41,40
459,459,459,459,459,459,459,459,459,459,459
1012,1013,1013,1012,1012,1012,1012,1012,1011,1011,1011
254,254,254,254,254,254,254,254,254,254,254
170,172,172,173,174,174,175,176,177,177,178
980,980,980,980,980,980,980,980,980,980,980
564,564,563,562,561,560,559,558,557,556,555
11,11,11,11,11,11,11,11,11,11,11
768,770,771,772,773,773,774,775,776,777,778
853,853,853,853,853,853,853,853,853,853,853
43,44,44,43,43,42,42,42,41,41,41
459,459,459,459,459,459,459,459,459,459,459
1012,1013,1013,1013,1012,1012,1012,1012,1011,1011,1011
255,255,255,255,255,255,255,255,255,255,255
169,171,172,173,173,174,175,175,176,177,178
979,979,979,979,979,979,979,979,979,979,979
565,565,564,563,562,561,560,559,558,557,556
11,11,11,11,11,11,11,11,11,11,11
768,770,770,771,772,773,774,775,775,776,777
854,854,854,854,854,854,854,854,854,854,854
44,44,44,43,43,43,42,42,42,41,41
458,458,458,458,458,458,458,458,458,458,458
1012,1013,1013,1013,1012,1012,1012,1012,1012,1011,1011
255,255,255,255,255,255,255,255,255,255,255
169,171,171,172,173,174,174,175,176,176,177
979,979,979,979,979,979,979,979,979,979,979
565,565,564,563,562,561,560,559,558,557,557
11,11,11,11,11,11,11,11,11,11,11
767,769,770,771,772,772,773,774,775,776,777
854,854,854,854,854,854,854,854,854,854,854
44,45,44,44,43,43,43,42,42,41,41
458,458,458,458,458,458,458,458,458,458,458
1012,1013,1013,1013,1013,1012,1012,1012,1012,1012,1011
256,256,256,256,256,256,256,256,256,256,256
168,170,171,172,172,173,174,175,175,176,177
979,979,979,979,979,979,979,979,979,979,979
566,566,565,564,563,562,561,560,559,558,557
11,11,11,11,11,11,11,11,11,11,11
767,769,769,770,771,772,773,774,774,775,776
855,855,855,855,855,855,855,855,855,855,855
44,45,44,44,44,43,43,42,42,42,41
457,457,457,457,457,457,457,457,457,457,457
1013,1013,1013,1013,1013,1013,1012,1012,1012,1012,1011
256,256,256,256,256,256,256,256,256,256,256
168,170,170,171,172,173,173,174,175,176,176
979,979,979,979,979,979,979,979,979,979,979
566,566,565,564,563,562,562,561,560,559,558
10,10,10,10,10,10,10,10,10,10,10
766,768,769,770,771,771,772,773,774,775,776
855,855,855,855,855,855,855,855,855,855,855
44,45,45,44,44,43,43,43,42,42,42
456,456,456,456,456,456,456,456,456,456,456
1013,1013,1013,1013,1013,1013,1012,1012,1012,1012,1012
257,257,257,257,257,257,257,257,257,257,257
168,169,170,171,171,172,173,174,174,175,176
978,978,978,978,978,978,978,978,978,978,978
567,567,566,565,564,563,562,561,560,559,558
10,10,10,10,10,10,10,10,10,10,10
766,768,768,769,770,771,772,773,773,774,775
856,856,856,856,856,856,856,856,856,856,856
45,45,45,44,44,44,43,43,43,42,42
456,456,456,456,456,456,456,456,456,456,456
1013,1014,1013,1013,1013,1013,1013,1012,1012,1012,1012
257,257,257,257,257,257,257,257,257,257,257
167,169,170,170,171,172,172,173,174,175,175
978,978,978,978,978,978,978,978,978,978,978
567,568,567,566,565,564,563,562,561,560,559
10,10,10,10,10,10,10,10,10,10,10
765,767,768,769,770,770,771,772,773,774,775
856,856,856,856,856,856,856,856,856,856,856
45,45,45,45,44,44,44,43,43,42,42
455,455,455,455,455,455,455,455,455,455,455
1013,1014,1013,1013,1013,1013,1013,1012,1012,1012,1012
258,258,258,258,258,258,258,258,258,258,258
167,168,169,170,171,171,172,173,173,174,175
978,978,978,978,978,978,978,978,978,978,978
568,568,567,566,565,564,563,562,561,560,559
10,10,10,10,10,10,10,10,10,10,10
765,767,767,768,769,770,771,772,772,773,774
856,856,856,856,856,856,856,856,856,856,856
45,46,45,45,45,44,44,43,43,43,42
455,455,455,455,455,455,455,455,455,455,455
1013,1014,1014,1013,1013,1013,1013,1013,1012,1012,1012
259,259,259,259,259,259,259,259,259,259,259
166,168,169,169,170,171,172,172,173,174,174
978,978,978,978,978,978,978,978,978,978,978
569,569,568,567,566,565,564,563,562,561,560
10,10,10,10,10,10,10,10,10,10,10
764,766,767,768,769,769,770,771,772,773,774
857,857,857,857,857,857,857,857,857,857,857
45,46,46,45,45,44,44,44,43,43,42
454,454,454,454,454,454,454,454,454,454,454
1013,1014,1014,1014,1013,1013,1013,1013,1013,1012,1012
259,259,259,259,259,259,259,259,259,259,259
166,168,168,169,170,170,171,172,173,173,174
978,978,978,978,978,978,978,978,978,978,978
569,569,568,567,566,565,564,564,563,562,561
10,10,10,10,10,10,10,10,10,10,10
764,766,766,767,768,769,770,771,771,772,773
857,857,857,857,857,857,857,857,857,857,857
46,46,46,45,45,45,44,44,43,43,43
453,453,453,453,453,453,453,453,453,453,453
1013,1014,1014,1014,1013,1013,1013,1013,1013,1012,1012
260,260,260,260,260,260,260,260,260,260,260
165,167,168,169,169,170,171,171,172,173,174
977,977,977,977,977,977,977,977,977,977,977
570,570,569,568,567,566,565,564,563,562,561
10,10,10,10,10,10,10,10,10,10,10
763,765,766,767,768,768,769,770,771,772,773
858,858,858,858,858,858,858,858,858,858,858
46,46,46,46,45,45,44,44,44,43,43
453,453,453,453,453,453,453,453,453,453,453
1013,1014,1014,1014,1014,1013,1013,1013,1013,1013,1012
260,260,260,260,260,260,260,260,260,260,260
165,167,167,168,169,170,170,171,172,172,173
977,977,977,977,977,977,977,977,977,977,977
570,570,569,569,568,567,566,565,564,563,562
10,10,10,10,10,10,10,10,10,10,10
763,765,765,766,767,768,769,770,770,771,772
858,858,858,858,858,858,858,858,858,858,858
46,47,46,46,45,45,45,44,44,44,43
452,452,452,452,452,452,452,452,452,452,452
1013,1014,1014,1014,1014,1014,1013,1013,1013,1013,1012
261,261,261,261,261,261,261,261,261,261,261
165,166,167,168,168,169,170,171,171,172,173
977,977,977,977,977,977,977,977,977,977,977
571,571,570,569,568,567,566,565,564,563,562
9,9,9,9,9,9,9,9,9,9,9
762,764,765,766,767,767,768,769,770,771,772
859,859,859,859,859,859,859,859,859,859,859
46,47,47,46,46,45,45,45,44,44,43
452,452,452,452,452,452,452,452,452,452,452
1014,1014,1014,1014,1014,1014,1013,1013,1013,1013,1013
261,261,261,261,261,261,261,261,261,261,261
164,166,167,167,168,169,169,170,171,172,172
977,977,977,977,977,977,977,977,977,977,977
572,572,571,570,569,568,567,566,565,564,563
9,9,9,9,9,9,9,9,9,9,9
762,764,764,765,766,767,768,769,769,770,771
859,859,859,859,859,859,859,859,859,859,859
47,47,47,46,46,46,45,45,44,44,44
451,451,451,451,451,451,451,451,451,451,451
1014,1015,1014,1014,1014,1014,1014,1013,1013,1013,1013
262,262,262,262,262,262,262,262,262,262,262
164,165,166,167,168,168,169,170,170,171,172
976,976,976,976,976,976,976,976,976,976,976
572,572,571,570,569,568,567,566,565,565,564
9,9,9,9,9,9,9,9,9,9,9
761,763,764,765,766,766,767,768,769,770,771
860,860,860,860,860,860,860,860,860,860,860
47,47,47,47,46,46,45,45,45,44,44
451,451,451,451,451,451,451,451,451,451,451
1014,1015,1014,1014,1014,1014,1014,1013,1013,1013,1013
262,262,262,262,262,262,262,262,262,262,262
163,165,166,166,167,168,169,169,170,171,171
976,976,976,976,976,976,976,976,976,976,976
573,573,572,571,570,569,568,567,566,565,564
9,9,9,9,9,9,9,9,9,9,9
761,762,763,764,765,766,767,768,768,769,770
860,860,860,860,860,860,860,860,860,860,860
47,48,47,47,46,46,46,45,45,44,44
450,450,450,450,450,450,450,450,450,450,450
1014,1015,1015,1014,1014,1014,1014,1014,1013,1013,1013
263,263,263,263,263,263,263,263,263,263,263
163,165,165,166,167,167,168,169,170,170,171
976,976,976,976,976,976,976,976,976,976,976
573,573,572,571,570,570,569,568,567,566,565
9,9,9,9,9,9,9,9,9,9,9
760,762,763,764,764,765,766,767,768,769,770
860,860,860,860,860,860,860,860,860,860,860
47,48,48,47,47,46,46,46,45,45,44
449,449,449,449,449,449,449,449,449,449,449
1014,1015,1015,1014,1014,1014,1014,1014,1014,1013,1013
263,263,263,263,263,263,263,263,263,263,263
162,164,165,166,166,167,168,168,169,170,171
976,976,976,976,976,976,976,976,976,976,976
574,574,573,572,571,570,569,568,567,566,565
9,9,9,9,9,9,9,9,9,9,9
760,761,762,763,764,765,766,767,767,768,769
861,861,861,861,861,861,861,861,861,861,861
48,48,48,47,47,47,46,46,45,45,45
449,449,449,449,449,449,449,449,449,449,449
1014,1015,1015,1015,1014,1014,1014,1014,1014,1013,1013
264,264,264,264,264,264,264,264,264,264,264
162,164,164,165,166,167,167,168,169,169,170
975,975,975,975,975,975,975,975,975,975,975
574,575,574,573,572,571,570,569,568,567,566
9,9,9,9,9,9,9,9,9,9,9
759,761,762,763,763,764,765,766,767,768,769
861,861,861,861,861,861,861,861,861,861,861
48,48,48,48,47,47,46,46,46,45,45
448,448,448,448,448,448,448,448,448,448,448
1014,1015,1015,1015,1015,1014,1014,1014,1014,1014,1013
264,264,264,264,264,264,264,264,264,264,264
162,163,164,165,165,166,167,168,168,169,170
975,975,975,975,975,975,975,975,975,975,975
575,575,574,573,572,571,570,569,568,567,566
9,9,9,9,9,9,9,9,9,9,9
759,760,761,762,763,764,765,765,766,767,768
862,862,862,862,862,862,862,862,862,862,862
48,49,48,48,47,47,47,46,46,45,45
448,448,448,448,448,448,448,448,448,448,448
1014,1015,1015,1015,1015,1014,1014,1014,1014,1014,1013
265,265,265,265,265,265,265,265,265,265,265
161,163,164,164,165,166,166,167,168,168,169
975,975,975,975,975,975,975,975,975,975,975
576,576,575,574,573,572,571,570,569,568,567
9,9,9,9,9,9,9,9,9,9,9
758,760,761,762,762,763,764,765,766,767,767
862,862,862,862,862,862,862,862,862,862,862
48,49,49,48,48,47,47,46,46,46,45
447,447,447,447,447,447,447,447,447,447,447
1014,1015,1015,1015,1015,1015,1014,1014,1014,1014,1014
265,265,265,265,265,265,265,265,265,265,265
161,162,163,164,165,165,166,167,167,168,169
975,975,975,975,975,975,975,975,975,975,975
576,576,575,574,573,572,571,571,570,569,568
8,8,8,8,8,8,8,8,8,8,8
758,759,760,761,762,763,764,764,765,766,767
863,863,863,863,863,863,863,863,863,863,863
49,49,49,48,48,48,47,47,46,46,46
446,446,446,446,446,446,446,446,446,446,446
1015,1015,1015,1015,1015,1015,1014,1014,1014,1014,1014
266,266,266,266,266,266,266,266,266,266,266
160,162,163,163,164,165,165,166,167,168,168
974,974,974,974,974,974,974,974,974,974,974
577,577,576,575,574,573,572,571,570,569,568
8,8,8,8,8,8,8,8,8,8,8
757,759,760,761,761,762,763,764,765,766,766
863,863,863,863,863,863,863,863,863,863,863
49,49,49,49,48,48,47,47,47,46,46
446,446,446,446,446,446,446,446,446,446,446
1015,1016,1015,1015,1015,1015,1015,1014,1014,1014,1014
266,266,266,266,266,266,266,266,266,266,266
160,162,162,163,164,164,165,166,166,167,168
974,974,974,974,974,974,974,974,974,974,974
577,577,576,576,575,574,573,572,571,570,569
8,8,8,8,8,8,8,8,8,8,8
757,758,759,760,761,762,763,763,764,765,766
863,863,863,863,863,863,863,863,863,863,863
49,50,49,49,48,48,48,47,47,46,46
445,445,445,445,445,445,445,445,445,445,445
1015,1016,1015,1015,1015,1015,1015,1015,1014,1014,1014
267,267,267,267,267,267,267,267,267,267,267
159,161,162,163,163,164,165,165,166,167,167
974,974,974,974,974,974,974,974,974,974,974
578,578,577,576,575,574,573,572,571,570,569
8,8,8,8,8,8,8,8,8,8,8
756,758,759,760,760,761,762,763,764,765,765
864,864,864,864,864,864,864,864,864,864,864
49,50,50,49,49,48,48,47,47,47,46
445,445,445,445,445,445,445,445,445,445,445
1015,1016,1016,1015,1015,1015,1015,1015,1014,1014,1014
267,267,267,267,267,267,267,267,267,267,267
159,161,161,162,163,163,164,165,166,166,167
974,974,974,974,974,974,974,974,974,974,974
579,579,578,577,576,575,574,573,572,571,570
8,8,8,8,8,8,8,8,8,8,8
755,757,758,759,760,761,762,762,763,764,765
864,864,864,864,864,864,864,864,864,864,864
50,50,50,49,49,49,48,48,47,47,47
444,444,444,444,444,444,444,444,444,444,444
1015,1016,1016,1016,1015,1015,1015,1015,1015,1014,1014
268,268,268,268,268,268,268,268,268,268,268
159,160,161,162,162,163,164,164,165,166,167
973,973,973,973,973,973,973,973,973,973,973
579,579,578,577,576,575,574,573,572,572,571
8,8,8,8,8,8,8,8,8,8,8
755,757,758,759,759,760,761,762,763,764,764
865,865,865,865,865,865,865,865,865,865,865
50,50,50,50,49,49,48,48,48,47,47
444,444,444,444,444,444,444,444,444,444,444
1015,1016,1016,1016,1015,1015,1015,1015,1015,1015,1014
268,268,268,268,268,268,268,268,268,268,268
158,160,161,161,162,163,163,164,165,165,166
973,973,973,973,973,973,973,973,973,973,973
580,580,579,578,577,576,575,574,573,572,571
8,8,8,8,8,8,8,8,8,8,8
754,756,757,758,759,760,761,761,762,763,764
865,865,865,865,865,865,865,865,865,865,865
50,51,50,50,49,49,49,48,48,47,47
443,443,443,443,443,443,443,443,443,443,443
1015,1016,1016,1016,1016,1015,1015,1015,1015,1015,1014
269,269,269,269,269,269,269,269,269,269,269
158,159,160,161,161,162,163,164,164,165,166
973,973,973,973,973,973,973,973,973,973,973
580,580,579,578,578,577,576,575,574,573,572
8,8,8,8,8,8,8,8,8,8,8
754,756,757,757,758,759,760,761,762,763,763
866,866,866,866,866,866,866,866,866,866,866
50,51,51,50,50,49,49,48,48,48,47
442,442,442,442,442,442,442,442,442,442,442
1015,1016,1016,1016,1016,1015,1015,1015,1015,1015,1015
269,269,269,269,269,269,269,269,269,269,269
157,159,160,160,161,162,162,163,164,165,165
973,973,973,973,973,973,973,973,973,973,973
581,581,580,579,578,577,576,575,574,573,572
8,8,8,8,8,8,8,8,8,8,8
753,755,756,757,758,759,759,760,761,762,763
866,866,866,866,866,866,866,866,866,866,866
51,51,51,50,50,50,49,49,48,48,47
442,442,442,442,442,442,442,442,442,442,442
1015,1016,1016,1016,1016,1016,1015,1015,1015,1015,1015
270,270,270,270,270,270,270,270,270,270,270
157,159,159,160,161,161,162,163,163,164,165
972,972,972,972,972,972,972,972,972,972,972
581,582,581,580,579,578,577,576,575,574,573
7,7,7,7,7,7,7,7,7,7,7
753,755,756,756,757,758,759,760,761,762,762
866,866,866,866,866,866,866,866,866,866,866
51,51,51,51,50,50,49,49,49,48,48
441,441,441,441,441,441,441,441,441,441,441
1016,1016,1016,1016,1016,1016,1016,1015,1015,1015,1015
270,270,270,270,270,270,270,270,270,270,270
156,158,159,160,160,161,162,162,163,164,164
972,972,972,972,972,972,972,972,972,972,972
582,582,581,580,579,578,577,576,575,574,574
7,7,7,7,7,7,7,7,7,7,7
752,754,755,756,757,758,758,759,760,761,762
867,867,867,867,867,867,867,867,867,867,867
51,52,51,51,50,50,50,49,49,48,48
441,441,441,441,441,441,441,441,441,441,441
1016,1016,1016,1016,1016,1016,1016,1015,1015,1015,1015
271,271,271,271,271,271,271,271,271,271,271
156,158,158,159,160,160,161,162,163,163,164
972,972,972,972,972,972,972,972,972,972,972
583,583,582,581,580,579,578,577,576,575,574
7,7,7,7,7,7,7,7,7,7,7
752,754,755,755,756,757,758,759,760,760,761
867,867,867,867,867,867,867,867,867,867,867
51,52,52,51,51,50,50,49,49,49,48
440,440,440,440,440,440,440,440,440,440,440
1016,1017,1016,1016,1016,1016,1016,1016,1015,1015,1015
271,271,271,271,271,271,271,271,271,271,271
156,157,158,159,159,160,161,161,162,163,164
971,971,971,971,971,971,971,971,971,971,971
583,583,582,581,580,579,579,578,577,576,575
7,7,7,7,7,7,7,7,7,7,7
751,753,754,755,756,757,757,758,759,760,761
868,868,868,868,868,868,868,868,868,868,868
52,52,52,51,51,51,50,50,49,49,48
439,439,439,439,439,439,439,439,439,439,439
1016,1017,1017,1016,1016,1016,1016,1016,1015,1015,1015
272,272,272,272,272,272,272,272,272,272,272
155,157,158,158,159,160,160,161,162,162,163
971,971,971,971,971,971,971,971,971,971,971
584,584,583,582,581,580,579,578,577,576,575
7,7,7,7,7,7,7,7,7,7,7
751,753,754,754,755,756,757,758,759,759,760
868,868,868,868,868,868,868,868,868,868,868
52,52,52,52,51,51,50,50,50,49,49
439,439,439,439,439,439,439,439,439,439,439
1016,1017,1017,1016,1016,1016,1016,1016,1016,1015,1015
272,272,272,272,272,272,272,272,272,272,272
155,156,157,158,158,159,160,161,161,162,163
971,971,971,971,971,971,971,971,971,971,971
584,584,584,583,582,581,580,579,578,577,576
7,7,7,7,7,7,7,7,7,7,7
750,752,753,754,755,756,756,757,758,759,760
868,868,868,868,868,868,868,868,868,868,868
52,53,52,52,51,51,51,50,50,49,49
438,438,438,438,438,438,438,438,438,438,438
1016,1017,1017,1017,1016,1016,1016,1016,1016,1016,1015
273,273,273,273,273,273,273,273,273,273,273
154,156,157,157,158,159,159,160,161,162,162
971,971,971,971,971,971,971,971,971,971,971
585,585,584,583,582,581,580,579,578,577,576
7,7,7,7,7,7,7,7,7,7,7
750,752,752,753,754,755,756,757,758,758,759
869,869,869,869,869,869,869,869,869,869,869
52,53,53,52,52,51,51,50,50,50,49
438,438,438,438,438,438,438,438,438,438,438
1016,1017,1017,1017,1017,1016,1016,1016,1016,1016,1015
273,273,273,273,273,273,273,273,273,273,273
154,156,156,157,158,158,159,160,160,161,162
970,970,970,970,970,970,970,970,970,970,970
586,586,585,584,583,582,581,580,579,578,577
7,7,7,7,7,7,7,7,7,7,7
749,751,752,753,754,755,755,756,757,758,759
869,869,869,869,869,869,869,869,869,869,869
53,53,53,52,52,52,51,51,50,50,49
437,437,437,437,437,437,437,437,437,437,437
1016,1017,1017,1017,1017,1016,1016,1016,1016,1016,1016
274,274,274,274,274,274,274,274,274,274,274
153,155,156,157,157,158,159,159,160,161,161
970,970,970,970,970,970,970,970,970,970,970
586,586,585,584,583,582,581,580,580,579,578
7,7,7,7,7,7,7,7,7,7,7
749,751,751,752,753,754,755,756,757,757,758
870,870,870,870,870,870,870,870,870,870,870
53,54,53,53,52,52,51,51,51,50,50
437,437,437,437,437,437,437,437,437,437,437
1016,1017,1017,1017,1017,1017,1016,1016,1016,1016,1016
275,275,275,275,275,275,275,275,275,275,275
153,155,155,156,157,157,158,159,160,160,161
970,970,970,970,970,970,970,970,970,970,970
587,587,586,585,584,583,582,581,580,579,578
7,7,7,7,7,7,7,7,7,7,7
748,750,751,752,753,753,754,755,756,757,758
870,870,870,870,870,870,870,870,870,870,870
53,54,53,53,52,52,52,51,51,50,50
436,436,436,436,436,436,436,436,436,436,436
1016,1017,1017,1017,1017,1017,1016,1016,1016,1016,1016
275,275,275,275,275,275,275,275,275,275,275
153,154,155,156,156,157,158,158,159,160,161
970,970,970,970,970,970,970,970,970,970,970
587,587,586,585,585,584,583,582,581,580,579
6,6,6,6,6,6,6,6,6,6,6
748,750,750,751,752,753,754,755,756,756,757
871,871,871,871,871,871,871,871,871,871,871
53,54,54,53,53,52,52,51,51,51,50
435,435,435,435,435,435,435,435,435,435,435
1017,1017,1017,1017,1017,1017,1017,1016,1016,1016,1016
276,276,276,276,276,276,276,276,276,276,276
152,154,155,155,156,157,157,158,159,159,160
969,969,969,969,969,969,969,969,969,969,969
588,588,587,586,585,584,583,582,581,580,579
6,6,6,6,6,6,6,6,6,6,6
747,749,750,751,752,752,753,754,755,756,757
871,871,871,871,871,871,871,871,871,871,871
54,54,54,53,53,53,52,52,51,51,50
435,435,435,435,435,435,435,435,435,435,435
1017,1017,1017,1017,1017,1017,1017,1017,1016,1016,1016
276,276,276,276,276,276,276,276,276,276,276
152,153,154,155,156,156,157,158,158,159,160
969,969,969,969,969,969,969,969,969,969,969
588,589,588,587,586,585,584,583,582,581,580
6,6,6,6,6,6,6,6,6,6,6
747,748,749,750,751,752,753,754,754,755,756
871,871,871,871,871,871,871,871,871,871,871
54,55,54,54,53,53,52,52,52,51,51
434,434,434,434,434,434,434,434,434,434,434
1017,1018,1017,1017,1017,1017,1017,1017,1016,1016,1016
277,277,277,277,277,277,277,277,277,277,277
151,153,154,154,155,156,156,157,158,159,159
969,969,969,969,969,969,969,969,969,969,969
589,589,588,587,586,585,584,583,582,581,581
6,6,6,6,6,6,6,6,6,6,6
746,748,749,750,751,751,752,753,754,755,756
872,872,872,872,872,872,872,872,872,872,872
54,55,54,54,54,53,53,52,52,51,51
434,434,434,434,434,434,434,434,434,434,434
1017,1018,1018,1017,1017,1017,1017,1017,1017,1016,1016
277,277,277,277,277,277,277,277,277,277,277
151,153,153,154,155,155,156,157,157,158,159
969,969,969,969,969,969,969,969,969,969,969
590,590,589,588,587,586,585,584,583,582,581
6,6,6,6,6,6,6,6,6,6,6
746,747,748,749,750,751,752,753,753,754,755
872,872,872,872,872,872,872,872,872,872,872
55,55,55,54,54,53,53,53,52,52,51
433,433,433,433,433,433,433,433,433,433,433
1017,1018,1018,1017,1017,1017,1017,1017,1017,1016,1016
278,278,278,278,278,278,278,278,278,278,278
151,152,153,154,154,155,156,156,157,158,158
968,968,968,968,968,968,968,968,968,968,968
590,590,589,588,587,586,586,585,584,583,582
6,6,6,6,6,6,6,6,6,6,6
745,747,748,749,749,750,751,752,753,754,755
873,873,873,873,873,873,873,873,873,873,873
55,55,55,54,54,54,53,53,52,52,52
432,432,432,432,432,432,432,432,432,432,432
1017,1018,1018,1018,1017,1017,1017,1017,1017,1017,1016
278,278,278,278,278,278,278,278,278,278,278
150,152,152,153,154,155,155,156,157,157,158
968,968,968,968,968,968,968,968,968,968,968
591,591,590,589,588,587,586,585,584,583,582
6,6,6,6,6,6,6,6,6,6,6
745,746,747,748,749,750,751,752,752,753,754
873,873,873,873,873,873,873,873,873,873,873
55,56,55,55,54,54,53,53,53,52,52
432,432,432,432,432,432,432,432,432,432,432
1017,1018,1018,1018,1018,1017,1017,1017,1017,1017,1017
279,279,279,279,279,279,279,279,279,279,279
150,151,152,153,153,154,155,155,156,157,158
968,968,968,968,968,968,968,968,968,968,968
591,591,590,590,589,588,587,586,585,584,583
6,6,6,6,6,6,6,6,6,6,6
744,746,747,748,748,749,750,751,752,753,754
874,874,874,874,874,874,874,874,874,874,874
55,56,55,55,55,54,54,53,53,52,52
431,431,431,431,431,431,431,431,431,431,431
1017,1018,1018,1018,1018,1017,1017,1017,1017,1017,1017
279,279,279,279,279,279,279,279,279,279,279
149,151,152,152,153,154,154,155,156,156,157
968,968,968,968,968,968,968,968,968,968,968
592,592,591,590,589,588,587,586,585,584,583
6,6,6,6,6,6,6,6,6,6,6
743,745,746,747,748,749,750,750,751,752,753
874,874,874,874,874,874,874,874,874,874,874
56,56,56,55,55,54,54,54,53,53,52
431,431,431,431,431,431,431,431,431,431,431
1017,1018,1018,1018,1018,1018,1017,1017,1017,1017,1017
280,280,280,280,280,280,280,280,280,280,280
149,151,151,152,153,153,154,155,155,156,157
967,967,967,967,967,967,967,967,967,967,967
593,593,592,591,590,589,588,587,586,585,584
6,6,6,6,6,6,6,6,6,6,6
743,745,746,747,747,748,749,750,751,752,753
874,874,874,874,874,874,874,874,874,874,874
56,56,56,56,55,55,54,54,53,53,53
430,430,430,430,430,430,430,430,430,430,430
1017,1018,1018,1018,1018,1018,1017,1017,1017,1017,1017
280,280,280,280,280,280,280,280,280,280,280
148,150,151,151,152,153,154,154,155,156,156
967,967,967,967,967,967,967,967,967,967,967
593,593,592,591,590,589,588,587,587,586,585
6,6,6,6,6,6,6,6,6,6,6
742,744,745,746,747,748,749,749,750,751,752
875,875,875,875,875,875,875,875,875,875,875
56,57,56,56,55,55,55,54,54,53,53
430,430,430,430,430,430,430,430,430,430,430
1017,1018,1018,1018,1018,1018,1018,1017,1017,1017,1017
281,281,281,281,281,281,281,281,281,281,281
148,150,150,151,152,152,153,154,154,155,156
967,967,967,967,967,967,967,967,967,967,967
594,594,593,592,591,590,589,588,587,586,585
5,5,5,5,5,5,5,5,5,5,5
742,744,745,745,746,747,748,749,750,751,751
875,875,875,875,875,875,875,875,875,875,875
56,57,57,56,56,55,55,54,54,53,53
429,429,429,429,429,429,429,429,429,429,429
1018,1018,1018,1018,1018,1018,1018,1018,1017,1017,1017
281,281,281,281,281,281,281,281,281,281,281
148,149,150,151,151,152,153,153,154,155,155
966,966,966,966,966,966,966,966,966,966,966
594,594,593,592,591,591,590,589,588,587,586
5,5,5,5,5,5,5,5,5,5,5
741,743,744,745,746,747,748,748,749,750,751
876,876,876,876,876,876,876,876,876,876,876
57,57,57,56,56,55,55,55,54,54,53
428,428,428,428,428,428,428,428,428,428,428
1018,1019,1018,1018,1018,1018,1018,1018,1017,1017,1017
282,282,282,282,282,282,282,282,282,282,282
147,149,150,150,151,152,152,153,154,154,155
966,966,966,966,966,966,966,966,966,966,966
595,595,594,593,592,591,590,589,588,587,586
5,5,5,5,5,5,5,5,5,5,5
741,743,744,744,745,746,747,748,749,750,750
876,876,876,876,876,876,876,876,876,876,876
57,57,57,57,56,56,55,55,54,54,54
428,428,428,428,428,428,428,428,428,428,428
1018,1019,1018,1018,1018,1018,1018,1018,1018,1017,1017
282,282,282,282,282,282,282,282,282,282,282
147,148,149,150,150,151,152,153,153,154,155
966,966,966,966,966,966,966,966,966,966,966
595,596,595,594,593,592,591,590,589,588,587
5,5,5,5,5,5,5,5,5,5,5
740,742,743,744,745,746,746,747,748,749,750
876,876,876,876,876,876,876,876,876,876,876
57,58,57,57,56,56,56,55,55,54,54
427,427,427,427,427,427,427,427,427,427,427
1018,1019,1019,1018,1018,1018,1018,1018,1018,1017,1017
283,283,283,283,283,283,283,283,283,283,283
146,148,149,149,150,151,151,152,153,154,154
966,966,966,966,966,966,966,966,966,966,966
596,596,595,594,593,592,591,590,589,588,588
5,5,5,5,5,5,5,5,5,5,5
740,742,743,743,744,745,746,747,748,749,749
877,877,877,877,877,877,877,877,877,877,877
57,58,58,57,57,56,56,55,55,55,54
427,427,427,427,427,427,427,427,427,427,427
1018,1019,1019,1019,1018,1018,1018,1018,1018,1018,1017
283,283,283,283,283,283,283,283,283,283,283
146,148,148,149,150,150,151,152,152,153,154
965,965,965,965,965,965,965,965,965,965,965
597,597,596,595,594,593,592,591,590,589,588
5,5,5,5,5,5,5,5,5,5,5
739,741,742,743,744,745,745,746,747,748,749
877,877,877,877,877,877,877,877,877,877,877
58,58,58,57,57,57,56,56,55,55,54
426,426,426,426,426,426,426,426,426,426,426
1018,1019,1019,1019,1018,1018,1018,1018,1018,1018,1018
284,284,284,284,284,284,284,284,284,284,284
146,147,148,149,149,150,151,151,152,153,153
965,965,965,965,965,965,965,965,965,965,965
597,597,596,595,594,593,592,592,591,590,589
5,5,5,5,5,5,5,5,5,5,5
739,741,741,742,743,744,745,746,747,747,748
878,878,878,878,878,878,878,878,878,878,878
58,59,58,58,57,57,56,56,55,55,55
425,425,425,425,425,425,425,425,425,425,425
1018,1019,1019,1019,1019,1018,1018,1018,1018,1018,1018
285,285,285,285,285,285,285,285,285,285,285
145,147,147,148,149,150,150,151,152,152,153
965,965,965,965,965,965,965,965,965,965,965
598,598,597,596,595,594,593,592,591,590,589
5,5,5,5,5,5,5,5,5,5,5
738,740,741,742,743,744,744,745,746,747,748
878,878,878,878,878,878,878,878,878,878,878
58,59,58,58,58,57,57,56,56,55,55
425,425,425,425,425,425,425,425,425,425,425
1018,1019,1019,1019,1019,1018,1018,1018,1018,1018,1018
285,285,285,285,285,285,285,285,285,285,285
145,146,147,148,148,149,150,150,151,152,153
965,965,965,965,965,965,965,965,965,965,965
598,598,597,597,596,595,594,593,592,591,590
5,5,5,5,5,5,5,5,5,5,5
738,740,740,741,742,743,744,745,746,746,747
878,878,878,878,878,878,878,878,878,878,878
59,59,59,58,58,57,57,56,56,56,55
424,424,424,424,424,424,424,424,424,424,424
1018,1019,1019,1019,1019,1019,1018,1018,1018,1018,1018
286,286,286,286,286,286,286,286,286,286,286
144,146,147,147,148,149,149,150,151,151,152
964,964,964,964,964,964,964,964,964,964,964
599,599,598,597,596,595,594,593,592,591,590
5,5,5,5,5,5,5,5,5,5,5
737,739,740,741,742,742,743,744,745,746,747
879,879,879,879,879,879,879,879,879,879,879
59,59,59,59,58,58,57,57,56,56,55
424,424,424,424,424,424,424,424,424,424,424
1018,1019,1019,1019,1019,1019,1019,1018,1018,1018,1018
286,286,286,286,286,286,286,286,286,286,286
144,146,146,147,148,148,149,150,150,151,152
964,964,964,964,964,964,964,964,964,964,964
600,600,599,598,597,596,595,594,593,592,591
5,5,5,5,5,5,5,5,5,5,5
737,739,739,740,741,742,743,744,745,745,746
879,879,879,879,879,879,879,879,879,879,879
59,60,59,59,58,58,57,57,57,56,56
423,423,423,423,423,423,423,423,423,423,423
1018,1019,1019,1019,1019,1019,1019,1018,1018,1018,1018
287,287,287,287,287,287,287,287,287,287,287
143,145,146,147,147,148,149,149,150,151,151
964,964,964,964,964,964,964,964,964,964,964
600,600,599,598,597,596,595,594,594,593,592
5,5,5,5,5,5,5,5,5,5,5
736,738,739,740,741,741,742,743,744,745,746
880,880,880,880,880,880,880,880,880,880,880
59,60,59,59,59,58,58,57,57,56,56
423,423,423,423,423,423,423,423,423,423,423
1019,1019,1019,1019,1019,1019,1019,1019,1018,1018,1018
287,287,287,287,287,287,287,287,287,287,287
143,145,145,146,147,147,148,149,149,150,151
963,963,963,963,963,963,963,963,963,963,963
601,601,600,599,598,597,596,595,594,593,592
4,4,4,4,4,4,4,4,4,4,4
736,737,738,739,740,741,742,743,743,744,745
880,880,880,880,880,880,880,880,880,880,880
60,60,60,59,59,58,58,58,57,57,56
422,422,422,422,422,422,422,422,422,422,422
1019,1019,1019,1019,1019,1019,1019,1019,1018,1018,1018
288,288,288,288,288,288,288,288,288,288,288
143,144,145,146,146,147,148,148,149,150,150
963,963,963,963,963,963,963,963,963,963,963
601,601,600,599,598,598,597,596,595,594,593
4,4,4,4,4,4,4,4,4,4,4
735,737,738,739,740,740,741,742,743,744,745
881,881,881,881,881,881,881,881,881,881,881
60,61,60,60,59,59,58,58,57,57,56
421,421,421,421,421,421,421,421,421,421,421
1019,1020,1019,1019,1019,1019,1019,1019,1019,1018,1018
288,288,288,288,288,288,288,288,288,288,288
142,144,145,145,146,147,147,148,149,149,150
963,963,963,963,963,963,963,963,963,963,963
602,602,601,600,599,598,597,596,595,594,593
4,4,4,4,4,4,4,4,4,4,4
735,736,737,738,739,740,741,742,742,743,744
881,881,881,881,881,881,881,881,881,881,881
60,61,60,60,59,59,59,58,58,57,57
421,421,421,421,421,421,421,421,421,421,421
1019,1020,1020,1019,1019,1019,1019,1019,1019,1019,1018
289,289,289,289,289,289,289,289,289,289,289
142,144,144,145,146,146,147,148,148,149,150
963,963,963,963,963,963,963,963,963,963,963
602,602,602,601,600,599,598,597,596,595,594
4,4,4,4,4,4,4,4,4,4,4
734,736,737,738,738,739,740,741,742,743,744
881,881,881,881,881,881,881,881,881,881,881
61,61,61,60,60,59,59,58,58,57,57
420,420,420,420,420,420,420,420,420,420,420
1019,1020,1020,1019,1019,1019,1019,1019,1019,1019,1018
289,289,289,289,289,289,289,289,289,289,289
141,143,144,144,145,146,146,147,148,148,149
962,962,962,962,962,962,962,962,962,962,962
603,603,602,601,600,599,598,597,596,595,595
4,4,4,4,4,4,4,4,4,4,4
733,735,736,737,738,739,740,741,741,742,743
882,882,882,882,882,882,882,882,882,882,882
61,61,61,60,60,60,59,59,58,58,57
420,420,420,420,420,420,420,420,420,420,420
1019,1020,1020,1020,1019,1019,1019,1019,1019,1019,1019
290,290,290,290,290,290,290,290,290,290,290
141,143,143,144,145,145,146,147,147,148,149
962,962,962,962,962,962,962,962,962,962,962
604,604,603,602,601,600,599,598,597,596,595
4,4,4,4,4,4,4,4,4,4,4
733,735,736,737,737,738,739,740,741,742,743
882,882,882,882,882,882,882,882,882,882,882
61,62,61,61,60,60,59,59,58,58,58
419,419,419,419,419,419,419,419,419,419,419
1019,1020,1020,1020,1019,1019,1019,1019,1019,1019,1019
290,290,290,290,290,290,290,290,290,290,290
141,142,143,144,144,145,146,146,147,148,148
962,962,962,962,962,962,962,962,962,962,962
604,604,603,602,601,600,599,599,598,597,596
4,4,4,4,4,4,4,4,4,4,4
732,734,735,736,737,738,739,739,740,741,742
883,883,883,883,883,883,883,883,883,883,883
61,62,61,61,61,60,60,59,59,58,58
419,419,419,419,419,419,419,419,419,419,419
1019,1020,1020,1020,1020,1019,1019,1019,1019,1019,1019
291,291,291,291,291,291,291,291,291,291,291
140,142,143,143,144,145,145,146,147,147,148
962,962,962,962,962,962,962,962,962,962,962
605,605,604,603,602,601,600,599,598,597,596
4,4,4,4,4,4,4,4,4,4,4
732,734,735,735,736,737,738,739,740,741,742
883,883,883,883,883,883,883,883,883,883,883
62,62,62,61,61,60,60,59,59,59,58
418,418,418,418,418,418,418,418,418,418,418
1019,1020,1020,1020,1020,1020,1019,1019,1019,1019,1019
291,291,291,291,291,291,291,291,291,291,291
140,141,142,143,143,144,145,145,146,147,148
961,961,961,961,961,961,961,961,961,961,961
605,605,604,603,603,602,601,600,599,598,597
4,4,4,4,4,4,4,4,4,4,4
731,733,734,735,736,737,738,738,739,740,741
883,883,883,883,883,883,883,883,883,883,883
62,62,62,62,61,61,60,60,59,59,58
417,417,417,417,417,417,417,417,417,417,417
1019,1020,1020,1020,1020,1020,1019,1019,1019,1019,1019
292,292,292,292,292,292,292,292,292,292,292
139,141,142,142,143,144,144,145,146,146,147
961,961,961,961,961,961,961,961,961,961,961
606,606,605,604,603,602,601,600,599,598,597
4,4,4,4,4,4,4,4,4,4,4
731,733,734,734,735,736,737,738,739,740,740
884,884,884,884,884,884,884,884,884,884,884
62,63,62,62,61,61,60,60,60,59,59
417,417,417,417,417,417,417,417,417,417,417
1019,1020,1020,1020,1020,1020,1020,1019,1019,1019,1019
292,292,292,292,292,292,292,292,292,292,292
139,141,141,142,143,143,144,145,145,146,147
961,961,961,961,961,961,961,961,961,961,961
606,607,606,605,604,603,602,601,600,599,598
4,4,4,4,4,4,4,4,4,4,4
730,732,733,734,735,736,736,737,738,739,740
884,884,884,884,884,884,884,884,884,884,884
62,63,63,62,62,61,61,60,60,59,59
416,416,416,416,416,416,416,416,416,416,416
1019,1020,1020,1020,1020,1020,1020,1019,1019,1019,1019
293,293,293,293,293,293,293,293,293,293,293
139,140,141,142,142,143,144,144,145,146,146
960,960,960,960,960,960,960,960,960,960,960
607,607,606,605,604,603,602,601,600,600,599
4,4,4,4,4,4,4,4,4,4,4
730,732,732,733,734,735,736,737,738,739,739
885,885,885,885,885,885,885,885,885,885,885
63,63,63,62,62,61,61,61,60,60,59
416,416,416,416,416,416,416,416,416,416,416
1019,1020,1020,1020,1020,1020,1020,1020,1019,1019,1019
294,294,294,294,294,294,294,294,294,294,294
138,140,141,141,142,143,143,144,145,145,146
960,960,960,960,960,960,960,960,960,960,960
608,608,607,606,605,604,603,602,601,600,599
4,4,4,4,4,4,4,4,4,4,4
729,731,732,733,734,735,735,736,737,738,739
885,885,885,885,885,885,885,885,885,885,885
63,64,63,63,62,62,61,61,60,60,59
415,415,415,415,415,415,415,415,415,415,415
1020,1020,1020,1020,1020,1020,1020,1020,1020,1019,1019
294,294,294,294,294,294,294,294,294,294,294
138,139,140,141,141,142,143,143,144,145,145
960,960,960,960,960,960,960,960,960,960,960
608,608,607,606,605,604,604,603,602,601,600
3,3,3,3,3,3,3,3,3,3,3
729,731,731,732,733,734,735,736,737,738,738
885,885,885,885,885,885,885,885,885,885,885
63,64,63,63,62,62,62,61,61,60,60
414,414,414,414,414,414,414,414,414,414,414
1020,1020,1020,1020,1020,1020,1020,1020,1020,1019,1019
295,295,295,295,295,295,295,295,295,295,295
137,139,140,140,141,142,142,143,144,144,145
960,960,960,960,960,960,960,960,960,960,960
609,609,608,607,606,605,604,603,602,601,600
3,3,3,3,3,3,3,3,3,3,3
728,730,731,732,733,733,734,735,736,737,738
886,886,886,886,886,886,886,886,886,886,886
64,64,64,63,63,62,62,61,61,60,60
414,414,414,414,414,414,414,414,414,414,414
1020,1021,1020,1020,1020,1020,1020,1020,1020,1020,1019
295,295,295,295,295,295,295,295,295,295,295
137,139,139,140,141,141,142,143,143,144,145
959,959,959,959,959,959,959,959,959,959,959
609,609,608,608,607,606,605,604,603,602,601
3,3,3,3,3,3,3,3,3,3,3
728,729,730,731,732,733,734,735,736,736,737
886,886,886,886,886,886,886,886,886,886,886
64,64,64,64,63,63,62,62,61,61,60
413,413,413,413,413,413,413,413,413,413,413
1020,1021,1021,1020,1020,1020,1020,1020,1020,1020,1019
296,296,296,296,296,296,296,296,296,296,296
137,138,139,140,140,141,142,142,143,144,144
959,959,959,959,959,959,959,959,959,959,959
610,610,609,608,607,606,605,604,603,602,601
3,3,3,3,3,3,3,3,3,3,3
727,729,730,731,732,732,733,734,735,736,737
887,887,887,887,887,887,887,887,887,887,887
64,65,64,64,63,63,62,62,61,61,61
413,413,413,413,413,413,413,413,413,413,413
1020,1021,1021,1020,1020,1020,1020,1020,1020,1020,1020
296,296,296,296,296,296,296,296,296,296,296
136,138,139,139,140,140,141,142,142,143,144
959,959,959,959,959,959,959,959,959,959,959
611,611,610,609,608,607,606,605,604,603,602
3,3,3,3,3,3,3,3,3,3,3
727,728,729,730,731,732,733,734,735,735,736
887,887,887,887,887,887,887,887,887,887,887
64,65,65,64,64,63,63,62,62,61,61
412,412,412,412,412,412,412,412,412,412,412
1020,1021,1021,1021,1020,1020,1020,1020,1020,1020,1020
297,297,297,297,297,297,297,297,297,297,297
136,137,138,139,139,140,141,141,142,143,143
958,958,958,958,958,958,958,958,958,958,958
611,611,610,609,608,607,606,605,605,604,603
3,3,3,3,3,3,3,3,3,3,3
726,728,729,730,730,731,732,733,734,735,736
887,887,887,887,887,887,887,887,887,887,887
65,65,65,64,64,63,63,63,62,62,61
412,412,412,412,412,412,412,412,412,412,412
1020,1021,1021,1021,1020,1020,1020,1020,1020,1020,1020
297,297,297,297,297,297,297,297,297,297,297
135,137,138,138,139,140,140,141,142,142,143
958,958,958,958,958,958,958,958,958,958,958
612,612,611,610,609,608,607,606,605,604,603
3,3,3,3,3,3,3,3,3,3,3
725,727,728,729,730,731,732,733,733,734,735
888,888,888,888,888,888,888,888,888,888,888
65,66,65,65,64,64,63,63,62,62,61
411,411,411,411,411,411,411,411,411,411,411
1020,1021,1021,1021,1021,1020,1020,1020,1020,1020,1020
298,298,298,298,298,298,298,298,298,298,298
135,137,137,138,139,139,140,141,141,142,143
958,958,958,958,958,958,958,958,958,958,958
612,612,611,610,609,609,608,607,606,605,604
3,3,3,3,3,3,3,3,3,3,3
725,727,728,729,729,730,731,732,733,734,735
888,888,888,888,888,888,888,888,888,888,888
65,66,65,65,64,64,64,63,63,62,62
410,410,410,410,410,410,410,410,410,410,410
1020,1021,1021,1021,1021,1021,1020,1020,1020,1020,1020
298,298,298,298,298,298,298,298,298,298,298
135,136,137,138,138,139,140,140,141,142,142
958,958,958,958,958,958,958,958,958,958,958
613,613,612,611,610,609,608,607,606,605,604
3,3,3,3,3,3,3,3,3,3,3
724,726,727,728,729,730,731,732,732,733,734
889,889,889,889,889,889,889,889,889,889,889
66,66,66,65,65,64,64,63,63,62,62
410,410,410,410,410,410,410,410,410,410,410
1020,1021,1021,1021,1021,1021,1020,1020,1020,1020,1020
299,299,299,299,299,299,299,299,299,299,299
134,136,137,137,138,138,139,140,140,141,142
957,957,957,957,957,957,957,957,957,957,957
613,613,613,612,611,610,609,608,607,606,605
3,3,3,3,3,3,3,3,3,3,3
724,726,727,727,728,729,730,731,732,733,734
889,889,889,889,889,889,889,889,889,889,889
66,66,66,65,65,65,64,64,63,63,62
409,409,409,409,409,409,409,409,409,409,409
1020,1021,1021,1021,1021,1021,1021,1020,1020,1020,1020
299,299,299,299,299,299,299,299,299,299,299
134,135,136,137,137,138,139,139,140,141,141
957,957,957,957,957,957,957,957,957,957,957
614,614,613,612,611,610,609,608,607,606,606
3,3,3,3,3,3,3,3,3,3,3
723,725,726,727,728,729,730,730,731,732,733
889,889,889,889,889,889,889,889,889,889,889
66,67,66,66,65,65,64,64,63,63,63
409,409,409,409,409,409,409,409,409,409,409
1020,1021,1021,1021,1021,1021,1021,1020,1020,1020,1020
300,300,300,300,300,300,300,300,300,300,300
133,135,136,136,137,138,138,139,140,140,141
957,957,957,957,957,957,957,957,957,957,957
615,615,614,613,612,611,610,609,608,607,606
3,3,3,3,3,3,3,3,3,3,3
723,725,726,726,727,728,729,730,731,732,733
890,890,890,890,890,890,890,890,890,890,890
67,67,67,66,66,65,65,64,64,63,63
408,408,408,408,408,408,408,408,408,408,408
1020,1021,1021,1021,1021,1021,1021,1021,1020,1020,1020
300,300,300,300,300,300,300,300,300,300,300
133,135,135,136,137,137,138,139,139,140,141
956,956,956,956,956,956,956,956,956,956,956
615,615,614,613,612,611,610,610,609,608,607
3,3,3,3,3,3,3,3,3,3,3
722,724,725,726,727,728,729,729,730,731,732
890,890,890,890,890,890,890,890,890,890,890
67,67,67,66,66,65,65,64,64,64,63
408,408,408,408,408,408,408,408,408,408,408
1020,1021,1021,1021,1021,1021,1021,1021,1021,1020,1020
301,301,301,301,301,301,301,301,301,301,301
133,134,135,136,136,137,138,138,139,140,140
956,956,956,956,956,956,956,956,956,956,956
616,616,615,614,613,612,611,610,609,608,607
3,3,3,3,3,3,3,3,3,3,3
722,724,724,725,726,727,728,729,730,731,731
891,891,891,891,891,891,891,891,891,891,891
67,68,67,67,66,66,65,65,64,64,63
407,407,407,407,407,407,407,407,407,407,407
1020,1021,1021,1021,1021,1021,1021,1021,1021,1020,1020
302,302,302,302,302,302,302,302,302,302,302
132,134,135,135,136,136,137,138,138,139,140
956,956,956,956,956,956,956,956,956,956,956
616,616,615,614,614,613,612,611,610,609,608
2,2,2,2,2,2,2,2,2,2,2
721,723,724,725,726,727,727,728,729,730,731
891,891,891,891,891,891,891,891,891,891,891
67,68,67,67,66,66,66,65,65,64,64
406,406,406,406,406,406,406,406,406,406,406
1021,1021,1021,1021,1021,1021,1021,1021,1021,1021,1020
302,302,302,302,302,302,302,302,302,302,302
132,133,134,135,135,136,137,137,138,139,139
955,955,955,955,955,955,955,955,955,955,955
617,617,616,615,614,613,612,611,610,609,608
2,2,2,2,2,2,2,2,2,2,2
721,723,723,724,725,726,727,728,729,730,730
891,891,891,891,891,891,891,891,891,891,891
68,68,68,67,67,66,66,65,65,64,64
406,406,406,406,406,406,406,406,406,406,406
1021,1022,1021,1021,1021,1021,1021,1021,1021,1021,1021
303,303,303,303,303,303,303,303,303,303,303
131,133,134,134,135,136,136,137,138,138,139
955,955,955,955,955,955,955,955,955,955,955
617,618,617,616,615,614,613,612,611,610,609
2,2,2,2,2,2,2,2,2,2,2
720,722,723,724,725,725,726,727,728,729,730
892,892,892,892,892,892,892,892,892,892,892
68,68,68,68,67,67,66,66,65,65,64
405,405,405,405,405,405,405,405,405,405,405
1021,1022,1021,1021,1021,1021,1021,1021,1021,1021,1021
303,303,303,303,303,303,303,303,303,303,303
131,133,133,134,135,135,136,137,137,138,139
955,955,955,955,955,955,955,955,955,955,955
618,618,617,616,615,614,613,612,611,611,610
2,2,2,2,2,2,2,2,2,2,2
720,721,722,723,724,725,726,727,728,728,729
892,892,892,892,892,892,892,892,892,892,892
68,69,68,68,67,67,66,66,65,65,65
405,405,405,405,405,405,405,405,405,405,405
1021,1022,1022,1021,1021,1021,1021,1021,1021,1021,1021
304,304,304,304,304,304,304,304,304,304,304
131,132,133,134,134,135,136,136,137,137,138
955,955,955,955,955,955,955,955,955,955,955
619,619,618,617,616,615,614,613,612,611,610
2,2,2,2,2,2,2,2,2,2,2
719,721,722,723,724,724,725,726,727,728,729
893,893,893,893,893,893,893,893,893,893,893
69,69,69,68,68,67,67,66,66,65,65
404,404,404,404,404,404,404,404,404,404,404
1021,1022,1022,1021,1021,1021,1021,1021,1021,1021,1021
304,304,304,304,304,304,304,304,304,304,304
130,132,133,133,134,134,135,136,136,137,138
954,954,954,954,954,954,954,954,954,954,954
619,619,618,617,616,615,615,614,613,612,611
2,2,2,2,2,2,2,2,2,2,2
718,720,721,722,723,724,725,726,727,727,728
893,893,893,893,893,893,893,893,893,893,893
69,69,69,68,68,67,67,66,66,66,65
404,404,404,404,404,404,404,404,404,404,404
1021,1022,1022,1022,1021,1021,1021,1021,1021,1021,1021
305,305,305,305,305,305,305,305,305,305,305
130,131,132,133,133,134,135,135,136,137,137
954,954,954,954,954,954,954,954,954,954,954
620,620,619,618,617,616,615,614,613,612,611
2,2,2,2,2,2,2,2,2,2,2
718,720,721,722,722,723,724,725,726,727,728
893,893,893,893,893,893,893,893,893,893,893
69,70,69,69,68,68,67,67,66,66,65
403,403,403,403,403,403,403,403,403,403,403
1021,1022,1022,1022,1022,1021,1021,1021,1021,1021,1021
305,305,305,305,305,305,305,305,305,305,305
129,131,132,132,133,134,134,135,136,136,137
954,954,954,954,954,954,954,954,954,954,954
620,620,619,619,618,617,616,615,614,613,612
2,2,2,2,2,2,2,2,2,2,2
717,719,720,721,722,723,724,725,725,726,727
894,894,894,894,894,894,894,894,894,894,894
69,70,69,69,69,68,68,67,67,66,66
402,402,402,402,402,402,402,402,402,402,402
1021,1022,1022,1022,1022,1021,1021,1021,1021,1021,1021
306,306,306,306,306,306,306,306,306,306,306
129,131,131,132,133,133,134,135,135,136,137
953,953,953,953,953,953,953,953,953,953,953
621,621,620,619,618,617,616,615,614,613,612
2,2,2,2,2,2,2,2,2,2,2
717,719,720,721,721,722,723,724,725,726,727
894,894,894,894,894,894,894,894,894,894,894
70,70,70,69,69,68,68,67,67,66,66
402,402,402,402,402,402,402,402,402,402,402
1021,1022,1022,1022,1022,1022,1021,1021,1021,1021,1021
306,306,306,306,306,306,306,306,306,306,306
129,130,131,132,132,133,134,134,135,135,136
953,953,953,953,953,953,953,953,953,953,953
621,622,621,620,619,618,617,616,615,614,613
2,2,2,2,2,2,2,2,2,2,2
716,718,719,720,721,722,723,723,724,725,726
895,895,895,895,895,895,895,895,895,895,895
70,71,70,70,69,69,68,68,67,67,66
401,401,401,401,401,401,401,401,401,401,401
1021,1022,1022,1022,1022,1022,1022,1021,1021,1021,1021
307,307,307,307,307,307,307,307,307,307,307
128,130,131,131,132,132,133,134,134,135,136
953,953,953,953,953,953,953,953,953,953,953
622,622,621,620,619,618,617,616,616,615,614
2,2,2,2,2,2,2,2,2,2,2
716,718,719,719,720,721,722,723,724,725,726
895,895,895,895,895,895,895,895,895,895,895
70,71,70,70,69,69,68,68,67,67,67
401,401,401,401,401,401,401,401,401,401,401
1021,1022,1022,1022,1022,1022,1022,1021,1021,1021,1021
307,307,307,307,307,307,307,307,307,307,307
128,130,130,131,131,132,133,133,134,135,135
953,953,953,953,953,953,953,953,953,953,953
623,623,622,621,620,619,618,617,616,615,614
2,2,2,2,2,2,2,2,2,2,2
715,717,718,719,720,721,722,722,723,724,725
895,895,895,895,895,895,895,895,895,895,895
71,71,71,70,70,69,69,68,68,67,67
400,400,400,400,400,400,400,400,400,400,400
1021,1022,1022,1022,1022,1022,1022,1022,1021,1021,1021
308,308,308,308,308,308,308,308,308,308,308
128,129,130,130,131,132,132,133,134,134,135
952,952,952,952,952,952,952,952,952,952,952
623,623,622,621,620,620,619,618,617,616,615
2,2,2,2,2,2,2,2,2,2,2
715,717,717,718,719,720,721,722,723,724,725
896,896,896,896,896,896,896,896,896,896,896
71,71,71,70,70,69,69,69,68,68,67
399,399,399,399,399,399,399,399,399,399,399
1021,1022,1022,1022,1022,1022,1022,1022,1021,1021,1021
309,309,309,309,309,309,309,309,309,309,309
127,129,129,130,131,131,132,133,133,134,135
952,952,952,952,952,952,952,952,952,952,952
624,624,623,622,621,620,619,618,617,616,615
2,2,2,2,2,2,2,2,2,2,2
714,716,717,718,719,720,720,721,722,723,724
896,896,896,896,896,896,896,896,896,896,896
71,72,71,71,70,70,69,69,68,68,67
399,399,399,399,399,399,399,399,399,399,399
1021,1022,1022,1022,1022,1022,1022,1022,1022,1021,1021
309,309,309,309,309,309,309,309,309,309,309
127,128,129,130,130,131,132,132,133,134,134
952,952,952,952,952,952,952,952,952,952,952
624,624,623,623,622,621,620,619,618,617,616
2,2,2,2,2,2,2,2,2,2,2
714,716,716,717,718,719,720,721,722,723,723
896,896,896,896,896,896,896,896,896,896,896
72,72,72,71,71,70,70,69,69,68,68
398,398,398,398,398,398,398,398,398,398,398
1021,1022,1022,1022,1022,1022,1022,1022,1022,1022,1021
310,310,310,310,310,310,310,310,310,310,310
126,128,129,129,130,131,131,132,132,133,134
951,951,951,951,951,951,951,951,951,951,951
625,625,624,623,622,621,620,619,618,617,617
2,2,2,2,2,2,2,2,2,2,2
713,715,716,717,718,719,719,720,721,722,723
897,897,897,897,897,897,897,897,897,897,897
72,72,72,71,71,70,70,69,69,68,68
398,398,398,398,398,398,398,398,398,398,398
1021,1022,1022,1022,1022,1022,1022,1022,1022,1022,1021
310,310,310,310,310,310,310,310,310,310,310
126,128,128,129,129,130,131,131,132,133,133
951,951,951,951,951,951,951,951,951,951,951
626,626,625,624,623,622,621,620,619,618,617
2,2,2,2,2,2,2,2,2,2,2
713,714,715,716,717,718,719,720,721,721,722
897,897,897,897,897,897,897,897,897,897,897
72,73,72,72,71,71,70,70,69,69,68
397,397,397,397,397,397,397,397,397,397,397
1021,1022,1022,1022,1022,1022,1022,1022,1022,1022,1022
311,311,311,311,311,311,311,311,311,311,311
126,127,128,128,129,130,130,131,132,132,133
951,951,951,951,951,951,951,951,951,951,951
626,626,625,624,623,622,621,620,620,619,618
1,1,1,1,1,1,1,1,1,1,1
712,714,715,716,717,717,718,719,720,721,722
898,898,898,898,898,898,898,898,898,898,898
72,73,72,72,71,71,70,70,70,69,69
397,397,397,397,397,397,397,397,397,397,397
1022,1022,1022,1022,1022,1022,1022,1022,1022,1022,1022
311,311,311,311,311,311,311,311,311,311,311
125,127,127,128,129,129,130,131,131,132,133
950,950,950,950,950,950,950,950,950,950,950
627,627,626,625,624,623,622,621,620,619,618
1,1,1,1,1,1,1,1,1,1,1
711,713,714,715,716,717,718,719,720,720,721
898,898,898,898,898,898,898,898,898,898,898
73,73,73,72,72,71,71,70,70,69,69
396,396,396,396,396,396,396,396,396,396,396
1022,1022,1022,1022,1022,1022,1022,1022,1022,1022,1022
312,312,312,312,312,312,312,312,312,312,312
125,126,127,128,128,129,130,130,131,132,132
950,950,950,950,950,950,950,950,950,950,950
627,627,626,625,624,624,623,622,621,620,619
1,1,1,1,1,1,1,1,1,1,1
711,713,714,715,715,716,717,718,719,720,721
898,898,898,898,898,898,898,898,898,898,898
73,74,73,73,72,72,71,71,70,70,69
395,395,395,395,395,395,395,395,395,395,395
1022,1023,1022,1022,1022,1022,1022,1022,1022,1022,1022
312,312,312,312,312,312,312,312,312,312,312
124,126,127,127,128,129,129,130,130,131,132
950,950,950,950,950,950,950,950,950,950,950
628,628,627,626,625,624,623,622,621,620,619
1,1,1,1,1,1,1,1,1,1,1
710,712,713,714,715,716,717,718,718,719,720
899,899,899,899,899,899,899,899,899,899,899
73,74,73,73,72,72,71,71,70,70,69
395,395,395,395,395,395,395,395,395,395,395
1022,1023,1023,1022,1022,1022,1022,1022,1022,1022,1022
313,313,313,313,313,313,313,313,313,313,313
124,126,126,127,128,128,129,129,130,131,131
949,949,949,949,949,949,949,949,949,949,949
628,628,628,627,626,625,624,623,622,621,620
1,1,1,1,1,1,1,1,1,1,1
710,712,713,713,714,715,716,717,718,719,720
899,899,899,899,899,899,899,899,899,899,899
74,74,74,73,73,72,72,71,71,70,70
394,394,394,394,394,394,394,394,394,394,394
1022,1023,1023,1022,1022,1022,1022,1022,1022,1022,1022
313,313,313,313,313,313,313,313,313,313,313
124,125,126,127,127,128,128,129,130,130,131
949,949,949,949,949,949,949,949,949,949,949
629,629,628,627,626,625,624,623,622,621,621
1,1,1,1,1,1,1,1,1,1,1
709,711,712,713,714,715,716,716,717,718,719
900,900,900,900,900,900,900,900,900,900,900
74,74,74,73,73,72,72,71,71,71,70
394,394,394,394,394,394,394,394,394,394,394
1022,1023,1023,1023,1022,1022,1022,1022,1022,1022,1022
314,314,314,314,314,314,314,314,314,314,314
123,125,126,126,127,127,128,129,129,130,131
949,949,949,949,949,949,949,949,949,949,949
630,630,629,628,627,626,625,624,623,622,621
1,1,1,1,1,1,1,1,1,1,1
709,711,712,712,713,714,715,716,717,718,719
900,900,900,900,900,900,900,900,900,900,900
74,75,74,74,73,73,72,72,71,71,70
393,393,393,393,393,393,393,393,393,393,393
1022,1023,1023,1023,1023,1022,1022,1022,1022,1022,1022
315,315,315,315,315,315,315,315,315,315,315
123,124,125,126,126,127,128,128,129,130,130
949,949,949,949,949,949,949,949,949,949,949
630,630,629,628,627,626,625,625,624,623,622
1,1,1,1,1,1,1,1,1,1,1
708,710,711,712,713,714,715,715,716,717,718
900,900,900,900,900,900,900,900,900,900,900
75,75,75,74,74,73,73,72,72,71,71
393,393,393,393,393,393,393,393,393,393,393
1022,1023,1023,1023,1023,1022,1022,1022,1022,1022,1022
315,315,315,315,315,315,315,315,315,315,315
122,124,125,125,126,127,127,128,129,129,130
948,948,948,948,948,948,948,948,948,948,948
631,631,630,629,628,627,626,625,624,623,622
1,1,1,1,1,1,1,1,1,1,1
708,710,710,711,712,713,714,715,716,717,718
901,901,901,901,901,901,901,901,901,901,901
75,75,75,74,74,73,73,72,72,71,71
392,392,392,392,392,392,392,392,392,392,392
1022,1023,1023,1023,1023,1023,1022,1022,1022,1022,1022
316,316,316,316,316,316,316,316,316,316,316
122,124,124,125,126,126,127,128,128,129,129
948,948,948,948,948,948,948,948,948,948,948
631,631,630,629,628,628,627,626,625,624,623
1,1,1,1,1,1,1,1,1,1,1
707,709,710,711,712,713,713,714,715,716,717
901,901,901,901,901,901,901,901,901,901,901
75,76,75,75,74,74,73,73,72,72,71
391,391,391,391,391,391,391,391,391,391,391
1022,1023,1023,1023,1023,1023,1022,1022,1022,1022,1022
316,316,316,316,316,316,316,316,316,316,316
122,123,124,125,125,126,126,127,128,128,129
948,948,948,948,948,948,948,948,948,948,948
632,632,631,630,629,628,627,626,625,624,623
1,1,1,1,1,1,1,1,1,1,1
707,708,709,710,711,712,713,714,715,716,716
901,901,901,901,901,901,901,901,901,901,901
76,76,75,75,74,74,73,73,73,72,72
391,391,391,391,391,391,391,391,391,391,391
1022,1023,1023,1023,1023,1023,1023,1022,1022,1022,1022
317,317,317,317,317,317,317,317,317,317,317
121,123,124,124,125,125,126,127,127,128,129
947,947,947,947,947,947,947,947,947,947,947
632,632,632,631,630,629,628,627,626,625,624
1,1,1,1,1,1,1,1,1,1,1
706,708,709,710,711,711,712,713,714,715,716
902,902,902,902,902,902,902,902,902,902,902
76,76,76,75,75,74,74,73,73,72,72
390,390,390,390,390,390,390,390,390,390,390
1022,1023,1023,1023,1023,1023,1023,1023,1022,1022,1022
317,317,317,317,317,317,317,317,317,317,317
121,123,123,124,124,125,126,126,127,128,128
947,947,947,947,947,947,947,947,947,947,947
633,633,632,631,630,629,628,627,626,626,625
1,1,1,1,1,1,1,1,1,1,1
705,707,708,709,710,711,712,713,714,714,715
902,902,902,902,902,902,902,902,902,902,902
76,77,76,76,75,75,74,74,73,73,72
390,390,390,390,390,390,390,390,390,390,390
1022,1023,1023,1023,1023,1023,1023,1023,1022,1022,1022
318,318,318,318,318,318,318,318,318,318,318
121,122,123,123,124,125,125,126,127,127,128
947,947,947,947,947,947,947,947,947,947,947
634,634,633,632,631,630,629,628,627,626,625
1,1,1,1,1,1,1,1,1,1,1
705,707,708,709,709,710,711,712,713,714,715
903,903,903,903,903,903,903,903,903,903,903
76,77,76,76,75,75,74,74,73,73,72
389,389,389,389,389,389,389,389,389,389,389
1022,1023,1023,1023,1023,1023,1023,1023,1023,1022,1022
318,318,318,318,318,318,318,318,318,318,318
120,122,122,123,124,124,125,126,126,127,127
946,946,946,946,946,946,946,946,946,946,946
634,634,633,632,631,630,629,629,628,627,626
1,1,1,1,1,1,1,1,1,1,1
704,706,707,708,709,710,711,712,713,713,714
903,903,903,903,903,903,903,903,903,903,903
77,77,77,76,76,75,75,74,74,73,73
389,389,389,389,389,389,389,389,389,389,389
1022,1023,1023,1023,1023,1023,1023,1023,1023,1022,1022
319,319,319,319,319,319,319,319,319,319,319
120,121,122,123,123,124,125,125,126,126,127
946,946,946,946,946,946,946,946,946,946,946
635,635,634,633,632,631,630,629,628,627,626
1,1,1,1,1,1,1,1,1,1,1
704,706,707,708,708,709,710,711,712,713,714
903,903,903,903,903,903,903,903,903,903,903
77,78,77,77,76,76,75,75,74,74,73
388,388,388,388,388,388,388,388,388,388,388
1022,1023,1023,1023,1023,1023,1023,1023,1023,1023,1022
319,319,319,319,319,319,319,319,319,319,319
119,121,122,122,123,124,124,125,125,126,127
946,946,946,946,946,946,946,946,946,946,946
635,635,634,633,633,632,631,630,629,628,627
1,1,1,1,1,1,1,1,1,1,1
703,705,706,707,708,709,710,711,711,712,713
904,904,904,904,904,904,904,904,904,904,904
77,78,77,77,76,76,75,75,74,74,73
387,387,387,387,387,387,387,387,387,387,387
1022,1023,1023,1023,1023,1023,1023,1023,1023,1023,1023
320,320,320,320,320,320,320,320,320,320,320
119,121,121,122,123,123,124,124,125,126,126
945,945,945,945,945,945,945,945,945,945,945
636,636,635,634,633,632,631,630,629,628,627
1,1,1,1,1,1,1,1,1,1,1
703,705,706,706,707,708,709,710,711,712,713
904,904,904,904,904,904,904,904,904,904,904
78,78,78,77,77,76,76,75,75,74,74
387,387,387,387,387,387,387,387,387,387,387
1022,1023,1023,1023,1023,1023,1023,1023,1023,1023,1023
321,321,321,321,321,321,321,321,321,321,321
119,120,121,122,122,123,123,124,125,125,126
945,945,945,945,945,945,945,945,945,945,945
636,636,636,635,634,633,632,631,630,629,628
1,1,1,1,1,1,1,1,1,1,1
702,704,705,706,707,708,709,709,710,711,712
905,905,905,905,905,905,905,905,905,905,905
78,78,78,77,77,76,76,75,75,74,74
386,386,386,386,386,386,386,386,386,386,386
1022,1023,1023,1023,1023,1023,1023,1023,1023,1023,1023
321,321,321,321,321,321,321,321,321,321,321
118,120,121,121,122,122,123,124,124,125,126
945,945,945,945,945,945,945,945,945,945,945
637,637,636,635,634,633,632,631,630,630,629
1,1,1,1,1,1,1,1,1,1,1
702,704,704,705,706,707,708,709,710,711,712
905,905,905,905,905,905,905,905,905,905,905
78,79,78,78,77,77,76,76,75,75,74
386,386,386,386,386,386,386,386,386,386,386
1022,1023,1023,1023,1023,1023,1023,1023,1023,1023,1023
322,322,322,322,322,322,322,322,322,322,322
118,120,120,121,121,122,123,123,124,125,125
945,945,945,945,945,945,945,945,945,945,945
638,638,637,636,635,634,633,632,631,630,629
1,1,1,1,1,1,1,1,1,1,1
701,703,704,705,706,707,707,708,709,710,711
905,905,905,905,905,905,905,905,905,905,905
79,79,79,78,78,77,77,76,76,75,75
385,385,385,385,385,385,385,385,385,385,385
1022,1023,1023,1023,1023,1023,1023,1023,1023,1023,1023
322,322,322,322,322,322,322,322,322,322,322
118,119,120,120,121,122,122,123,124,124,125
944,944,944,944,944,944,944,944,944,944,944
638,638,637,636,635,634,633,633,632,631,630
1,1,1,1,1,1,1,1,1,1,1
701,702,703,704,705,706,707,708,709,710,710
906,906,906,906,906,906,906,906,906,906,906
79,79,79,78,78,77,77,76,76,75,75
385,385,385,385,385,385,385,385,385,385,385
1022,1023,1023,1023,1023,1023,1023,1023,1023,1023,1023
323,323,323,323,323,323,323,323,323,323,323
117,119,119,120,121,121,122,123,123,124,124
944,944,944,944,944,944,944,944,944,944,944
639,639,638,637,636,635,634,633,632,631,630
1,1,1,1,1,1,1,1,1,1,1
700,702,703,704,705,705,706,707,708,709,710
906,906,906,906,906,906,906,906,906,906,906
79,80,79,79,78,78,77,77,76,76,75
384,384,384,384,384,384,384,384,384,384,384
1023,1023,1023,1023,1023,1023,1023,1023,1023,1023,1023
323,323,323,323,323,323,323,323,323,323,323
117,118,119,120,120,121,122,122,123,123,124
944,944,944,944,944,944,944,944,944,944,944
639,639,638,637,637,636,635,634,633,632,631
0,0,0,0,0,0,0,0,0,0,0
699,701,702,703,704,705,706,707,708,709,709
906,906,906,906,906,906,906,906,906,906,906
80,80,80,79,79,78,77,77,76,76,75
383,383,383,383,383,383,383,383,383,383,383
1023,1023,1023,1023,1023,1023,1023,1023,1023,1023,1023
324,324,324,324,324,324,324,324,324,324,324
116,118,119,119,120,121,121,122,122,123,124
943,943,943,943,943,943,943,943,943,943,943
640,640,639,638,637,636,635,634,633,632,631
0,0,0,0,0,0,0,0,0,0,0
699,701,702,703,704,704,705,706,707,708,709
907,907,907,907,907,907,907,907,907,907,907
80,80,80,79,79,78,78,77,77,76,76
383,383,383,383,383,383,383,383,383,383,383
1023,1023,1023,1023,1023,1023,1023,1023,1023,1023,1023
324,324,324,324,324,324,324,324,324,324,324
116,118,118,119,120,120,121,121,122,123,123
943,943,943,943,943,943,943,943,943,943,943
640,640,640,639,638,637,636,635,634,633,632
0,0,0,0,0,0,0,0,0,0,0
698,700,701,702,703,704,705,706,707,707,708
907,907,907,907,907,907,907,907,907,907,907
80,81,80,80,79,79,78,78,77,77,76
382,382,382,382,382,382,382,382,382,382,382
1023,1023,1023,1023,1023,1023,1023,1023,1023,1023,1023
325,325,325,325,325,325,325,325,325,325,325
116,117,118,119,119,120,120,121,122,122,123
943,943,943,943,943,943,943,943,943,943,943
641,641,640,639,638,637,636,635,634,634,633
0,0,0,0,0,0,0,0,0,0,0
698,700,701,702,702,703,704,705,706,707,708
908,908,908,908,908,908,908,908,908,908,908
81,81,80,80,79,79,78,78,77,77,76
382,382,382,382,382,382,382,382,382,382,382
1023,1023,1023,1023,1023,1023,1023,1023,1023,1023,1023
325,325,325,325,325,325,325,325,325,325,325
115,117,118,118,119,119,120,121,121,122,122
942,942,942,942,942,942,942,942,942,942,942
642,642,641,640,639,638,637,636,635,634,633
0,0,0,0,0,0,0,0,0,0,0
697,699,700,701,702,703,704,705,705,706,707
908,908,908,908,908,908,908,908,908,908,908
81,81,81,80,80,79,79,78,78,77,77
381,381,381,381,381,381,381,381,381,381,381
1023,1023,1023,1023,1023,1023,1023,1023,1023,1023,1023
326,326,326,326,326,326,326,326,326,326,326
115,117,117,118,118,119,120,120,121,121,122
942,942,942,942,942,942,942,942,942,942,942
642,642,641,640,639,638,637,637,636,635,634
0,0,0,0,0,0,0,0,0,0,0
697,699,700,700,701,702,703,704,705,706,707
908,908,908,908,908,908,908,908,908,908,908
81,82,81,81,80,80,79,79,78,78,77
381,381,381,381,381,381,381,381,381,381,381
1023,1023,1023,1023,1023,1023,1023,1023,1023,1023,1023
327,327,327,327,327,327,327,327,327,327,327
115,116,117,117,118,119,119,120,120,121,122
942,942,942,942,942,942,942,942,942,942,942
643,643,642,641,640,639,638,637,636,635,634
0,0,0,0,0,0,0,0,0,0,0
696,698,699,700,701,702,703,703,704,705,706
909,909,909,909,909,909,909,909,909,909,909
81,82,81,81,80,80,79,79,78,78,77
380,380,380,380,380,380,380,380,380,380,380
1023,1023,1023,1023,1023,1023,1023,1023,1023,1023,1023
327,327,327,327,327,327,327,327,327,327,327
114,116,116,117,118,118,119,119,120,121,121
941,941,941,941,941,941,941,941,941,941,941
643,643,642,641,641,640,639,638,637,636,635
0,0,0,0,0,0,0,0,0,0,0
696,698,698,699,700,701,702,703,704,705,706
909,909,909,909,909,909,909,909,909,909,909
82,82,82,81,81,80,80,79,79,78,78
379,379,379,379,379,379,379,379,379,379,379
1023,1023,1023,1023,1023,1023,1023,1023,1023,1023,1023
328,328,328,328,328,328,328,328,328,328,328
114,115,116,117,117,118,118,119,120,120,121
941,941,941,941,941,941,941,941,941,941,941
644,644,643,642,641,640,639,638,637,636,635
0,0,0,0,0,0,0,0,0,0,0
695,697,698,699,700,701,701,702,703,704,705
909,909,909,909,909,909,909,909,909,909,909
82,83,82,82,81,81,80,79,79,78,78
379,379,379,379,379,379,379,379,379,379,379
1023,1023,1023,1023,1023,1023,1023,1023,1023,1023,1023
328,328,328,328,328,328,328,328,328,328,328
113,115,116,116,117,117,118,119,119,120,121
941,941,941,941,941,941,941,941,941,941,941
644,644,644,643,642,641,640,639,638,637,636
0,0,0,0,0,0,0,0,0,0,0
695,696,697,698,699,700,701,702,703,704,704
910,910,910,910,910,910,910,910,910,910,910
82,83,82,82,81,81,80,80,79,79,78
378,378,378,378,378,378,378,378,378,378,378
1023,1023,1023,1023,1023,1023,1023,1023,1023,1023,1023
329,329,329,329,329,329,329,329,329,329,329
113,115,115,116,117,117,118,118,119,120,120
940,940,940,940,940,940,940,940,940,940,940
645,645,644,643,642,641,640,639,638,638,637
0,0,0,0,0,0,0,0,0,0,0
694,696,697,698,699,699,700,701,702,703,704
910,910,910,910,910,910,910,910,910,910,910
83,83,83,82,82,81,81,80,80,79,79
378,378,378,378,378,378,378,378,378,378,378
1023,1023,1023,1023,1023,1023,1023,1023,1023,1023,1023
329,329,329,329,329,329,329,329,329,329,329
113,114,115,116,116,117,117,118,119,119,120
940,940,940,940,940,940,940,940,940,940,940
646,646,645,644,643,642,641,640,639,638,637
0,0,0,0,0,0,0,0,0,0,0
693,695,696,697,698,699,700,701,702,703,703
910,910,910,910,910,910,910,910,910,910,910
83,84,83,83,82,81,81,80,80,79,79
377,377,377,377,377,377,377,377,377,377,377
1023,1023,1023,1023,1023,1023,1023,1023,1023,1023,1023
330,330,330,330,330,330,330,330,330,330,330
112,114,115,115,116,116,117,118,118,119,119
940,940,940,940,940,940,940,940,940,940,940
646,646,645,644,643,642,641,641,640,639,638
0,0,0,0,0,0,0,0,0,0,0
693,695,696,697,697,698,699,700,701,702,703
911,911,911,911,911,911,911,911,911,911,911
83,84,83,83,82,82,81,81,80,80,79
377,377,377,377,377,377,377,377,377,377,377
1023,1023,1023,1023,1023,1023,1023,1023,1023,1023,1023
330,330,330,330,330,330,330,330,330,330,330
112,114,114,115,115,116,117,117,118,118,119
939,939,939,939,939,939,939,939,939,939,939
647,647,646,645,644,643,642,641,640,639,638
0,0,0,0,0,0,0,0,0,0,0
692,694,695,696,697,698,699,700,701,701,702
911,911,911,911,911,911,911,911,911,911,911
84,84,84,83,83,82,82,81,81,80,79
376,376,376,376,376,376,376,376,376,376,376
1023,1023,1023,1023,1023,1023,1023,1023,1023,1023,1023
331,331,331,331,331,331,331,331,331,331,331
112,113,114,114,115,116,116,117,117,118,119
939,939,939,939,939,939,939,939,939,939,939
647,647,646,645,644,644,643,642,641,640,639
0,0,0,0,0,0,0,0,0,0,0
692,694,695,695,696,697,698,699,700,701,702
912,912,912,912,912,912,912,912,912,912,912
84,85,84,83,83,82,82,81,81,80,80
375,375,375,375,375,375,375,375,375,375,375
1023,1023,1023,1023,1023,1023,1023,1023,1023,1023,1023
332,332,332,332,332,332,332,332,332,332,332
111,113,113,114,115,115,116,116,117,118,118
939,939,939,939,939,939,939,939,939,939,939
648,648,647,646,645,644,643,642,641,640,639
0,0,0,0,0,0,0,0,0,0,0
691,693,694,695,696,697,698,699,699,700,701
912,912,912,912,912,912,912,912,912,912,912
84,85,84,84,83,83,82,82,81,81,80
375,375,375,375,375,375,375,375,375,375,375
1023,1023,1023,1023,1023,1023,1023,1023,1023,1023,1023
332,332,332,332,332,332,332,332,332,332,332
111,112,113,114,114,115,115,116,117,117,118
938,938,938,938,938,938,938,938,938,938,938
648,648,647,647,646,645,644,643,642,641,640
0,0,0,0,0,0,0,0,0,0,0
691,693,693,694,695,696,697,698,699,700,701
912,912,912,912,912,912,912,912,912,912,912
85,85,85,84,84,83,83,82,81,81,80
374,374,374,374,374,374,374,374,374,374,374
1023,1023,1023,1023,1023,1023,1023,1023,1023,1023,1023
333,333,333,333,333,333,333,333,333,333,333
110,112,113,113,114,115,115,116,116,117,118
938,938,938,938,938,938,938,938,938,938,938
649,649,648,647,646,645,644,643,642,642,641
0,0,0,0,0,0,0,0,0,0,0
690,692,693,694,695,696,697,697,698,699,700
913,913,913,913,913,913,913,913,913,913,913
85,85,85,84,84,83,83,82,82,81,81
374,374,374,374,374,374,374,374,374,374,374
1023,1023,1023,1023,1023,1023,1023,1023,1023,1023,1023
333,333,333,333,333,333,333,333,333,333,333
110,112,112,113,114,114,115,115,116,117,117
938,938,938,938,938,938,938,938,938,938,938
649,650,649,648,647,646,645,644,643,642,641
0,0,0,0,0,0,0,0,0,0,0
690,691,692,693,694,695,696,697,698,699,700
913,913,913,913,913,913,913,913,913,913,913
85,86,85,85,84,84,83,83,82,82,81
373,373,373,373,373,373,373,373,373,373,373
1023,1023,1023,1023,1023,1023,1023,1023,1023,1023,1023
334,334,334,334,334,334,334,334,334,334,334
110,111,112,113,113,114,114,115,116,116,117
937,937,937,937,937,937,937,937,937,937,937
650,650,649,648,647,646,645,645,644,643,642
0,0,0,0,0,0,0,0,0,0,0
689,691,692,693,694,695,695,696,697,698,699
913,913,913,913,913,913,913,913,913,913,913
86,86,86,85,85,84,83,83,82,82,81
373,373,373,373,373,373,373,373,373,373,373
1023,1023,1023,1023,1023,1023,1023,1023,1023,1023,1023
334,334,334,334,334,334,334,334,334,334,334
109,111,112,112,113,113,114,115,115,116,116
937,937,937,937,937,937,937,937,937,937,937
651,651,650,649,648,647,646,645,644,643,642
0,0,0,0,0,0,0,0,0,0,0
688,690,691,692,693,694,695,696,697,698,698
914,914,914,914,914,914,914,914,914,914,914
86,86,86,85,85,84,84,83,83,82,82
372,372,372,372,372,372,372,372,372,372,372
1023,1023,1023,1023,1023,1023,1023,1023,1023,1023,1023
335,335,335,335,335,335,335,335,335,335,335
109,111,111,112,112,113,114,114,115,115,116
937,937,937,937,937,937,937,937,937,937,937
651,651,650,649,648,648,647,646,645,644,643
0,0,0,0,0,0,0,0,0,0,0
688,690,691,692,693,693,694,695,696,697,698
914,914,914,914,914,914,914,914,914,914,914
86,87,86,86,85,85,84,84,83,83,82
372,372,372,372,372,372,372,372,372,372,372
1023,1023,1023,1023,1023,1023,1023,1023,1023,1023,1023
335,335,335,335,335,335,335,335,335,335,335
109,110,111,111,112,113,113,114,114,115,116
937,937,937,937,937,937,937,937,937,937,937
652,652,651,650,649,648,647,646,645,644,643
0,0,0,0,0,0,0,0,0,0,0
687,689,690,691,692,693,694,695,696,696,697
915,915,915,915,915,915,915,915,915,915,915
87,87,87,86,86,85,84,84,83,83,82
371,371,371,371,371,371,371,371,371,371,371
1023,1023,1023,1023,1023,1023,1023,1023,1023,1023,1023
336,336,336,336,336,336,336,336,336,336,336
108,110,110,111,112,112,113,114,114,115,115
936,936,936,936,936,936,936,936,936,936,936
652,652,651,651,650,649,648,647,646,645,644
0,0,0,0,0,0,0,0,0,0,0
687,689,690,691,691,692,693,694,695,696,697
915,915,915,915,915,915,915,915,915,915,915
87,87,87,86,86,85,85,84,84,83,83
370,370,370,370,370,370,370,370,370,370,370
1023,1023,1023,1023,1023,1023,1023,1023,1023,1023,1023
336,336,336,336,336,336,336,336,336,336,336
108,110,110,111,111,112,113,113,114,114,115
936,936,936,936,936,936,936,936,936,936,936
653,653,652,651,650,649,648,647,646,646,645
0,0,0,0,0,0,0,0,0,0,0
686,688,689,690,691,692,693,694,694,695,696
915,915,915,915,915,915,915,915,915,915,915
87,88,87,87,86,86,85,85,84,84,83
370,370,370,370,370,370,370,370,370,370,370
1023,1023,1023,1023,1023,1023,1023,1023,1023,1023,1023
337,337,337,337,337,337,337,337,337,337,337
108,109,110,110,111,112,112,113,113,114,115
936,936,936,936,936,936,936,936,936,936,936
653,654,653,652,651,650,649,648,647,646,645
0,0,0,0,0,0,0,0,0,0,0
686,688,689,689,690,691,692,693,694,695,696
916,916,916,916,916,916,916,916,916,916,916
88,88,88,87,86,86,85,85,84,84,83
369,369,369,369,369,369,369,369,369,369,369
1023,1023,1023,1023,1023,1023,1023,1023,1023,1023,1023
338,338,338,338,338,338,338,338,338,338,338
107,109,109,110,111,111,112,112,113,114,114
935,935,935,935,935,935,935,935,935,935,935
654,654,653,652,651,650,649,649,648,647,646
0,0,0,0,0,0,0,0,0,0,0
685,687,688,689,690,691,692,692,693,694,695
916,916,916,916,916,916,916,916,916,916,916
88,88,88,87,87,86,86,85,85,84,84
369,369,369,369,369,369,369,369,369,369,369
1023,1023,1023,1023,1023,1023,1023,1023,1023,1023,1023
338,338,338,338,338,338,338,338,338,338,338
107,108,109,110,110,111,111,112,113,113,114
935,935,935,935,935,935,935,935,935,935,935
655,655,654,653,652,651,650,649,648,647,646
0,0,0,0,0,0,0,0,0,0,0
685,686,687,688,689,690,691,692,693,694,695
916,916,916,916,916,916,916,916,916,916,916
88,89,88,88,87,87,86,86,85,84,84
368,368,368,368,368,368,368,368,368,368,368
1023,1023,1023,1023,1023,1023,1023,1023,1023,1023,1023
339,339,339,339,339,339,339,339,339,339,339
106,108,109,109,110,110,111,112,112,113,113
935,935,935,935,935,935,935,935,935,935,935
655,655,654,653,652,652,651,650,649,648,647
0,0,0,0,0,0,0,0,0,0,0
684,686,687,688,689,690,690,691,692,693,694
917,917,917,917,917,917,917,917,917,917,917
89,89,89,88,87,87,86,86,85,85,84
368,368,368,368,368,368,368,368,368,368,368
1023,1023,1023,1023,1023,1023,1023,1023,1023,1023,1023
339,339,339,339,339,339,339,339,339,339,339
106,108,108,109,110,110,111,111,112,112,113
934,934,934,934,934,934,934,934,934,934,934
656,656,655,654,653,652,651,650,649,648,647
0,0,0,0,0,0,0,0,0,0,0
683,685,686,687,688,689,690,691,692,693,694
917,917,917,917,917,917,917,917,917,917,917
89,89,89,88,88,87,87,86,86,85,85
367,367,367,367,367,367,367,367,367,367,367
1023,1023,1023,1023,1023,1023,1023,1023,1023,1023,1023
340,340,340,340,340,340,340,340,340,340,340
106,107,108,109,109,110,110,111,112,112,113
934,934,934,934,934,934,934,934,934,934,934
656,656,655,655,654,653,652,651,650,649,648
0,0,0,0,0,0,0,0,0,0,0
683,685,686,687,688,688,689,690,691,692,693
917,917,917,917,917,917,917,917,917,917,917
89,90,89,89,88,88,87,87,86,85,85
366,366,366,366,366,366,366,366,366,366,366
1023,1023,1023,1023,1023,1023,1023,1023,1023,1023,1023
340,340,340,340,340,340,340,340,340,340,340
105,107,108,108,109,109,110,111,111,112,112
934,934,934,934,934,934,934,934,934,934,934
657,657,656,655,654,653,652,651,650,650,649
0,0,0,0,0,0,0,0,0,0,0
682,684,685,686,687,688,689,690,691,692,692
918,918,918,918,918,918,918,918,918,918,918
90,90,90,89,88,88,87,87,86,86,85
366,366,366,366,366,366,366,366,366,366,366
1023,1023,1023,1023,1023,1023,1023,1023,1023,1023,1023
341,341,341,341,341,341,341,341,341,341,341
105,107,107,108,108,109,110,110,111,111,112
933,933,933,933,933,933,933,933,933,933,933
657,657,657,656,655,654,653,652,651,650,649
0,0,0,0,0,0,0,0,0,0,0
682,684,685,686,686,687,688,689,690,691,692
918,918,918,918,918,918,918,918,918,918,918
90,90,90,89,89,88,88,87,87,86,86
365,365,365,365,365,365,365,365,365,365,365
1023,1023,1023,1023,1023,1023,1023,1023,1023,1023,1023
341,341,341,341,341,341,341,341,341,341,341
105,106,107,107,108,109,109,110,110,111,112
933,933,933,933,933,933,933,933,933,933,933
658,658,657,656,655,654,653,652,652,651,650
0,0,0,0,0,0,0,0,0,0,0
681,683,684,685,686,687,688,689,690,690,691
918,918,918,918,918,918,918,918,918,918,918
90,91,90,90,89,89,88,88,87,86,86
365,365,365,365,365,365,365,365,365,365,365
1023,1023,1023,1023,1023,1023,1023,1023,1023,1023,1023
342,342,342,342,342,342,342,342,342,342,342
104,106,107,107,108,108,109,109,110,111,111
933,933,933,933,933,933,933,933,933,933,933
659,659,658,657,656,655,654,653,652,651,650
0,0,0,0,0,0,0,0,0,0,0
681,683,684,684,685,686,687,688,689,690,691
919,919,919,919,919,919,919,919,919,919,919
91,91,91,90,89,89,88,88,87,87,86
364,364,364,364,364,364,364,364,364,364,364
1023,1023,1023,1023,1023,1023,1023,1023,1023,1023,1023
343,343,343,343,343,343,343,343,343,343,343
104,106,106,107,107,108,109,109,110,110,111
932,932,932,932,932,932,932,932,932,932,932
659,659,658,657,656,655,655,654,653,652,651
0,0,0,0,0,0,0,0,0,0,0
680,682,683,684,685,686,687,688,688,689,690
919,919,919,919,919,919,919,919,919,919,919
91,91,91,90,90,89,89,88,88,87,87
364,364,364,364,364,364,364,364,364,364,364
1023,1023,1023,1023,1023,1023,1023,1023,1023,1023,1023
343,343,343,343,343,343,343,343,343,343,343
104,105,106,106,107,108,108,109,109,110,111
932,932,932,932,932,932,932,932,932,932,932
660,660,659,658,657,656,655,654,653,652,651
0,0,0,0,0,0,0,0,0,0,0
680,681,682,683,684,685,686,687,688,689,690
920,920,920,920,920,920,920,920,920,920,920
91,92,91,91,90,90,89,88,88,87,87
363,363,363,363,363,363,363,363,363,363,363
1023,1023,1023,1023,1023,1023,1023,1023,1023,1023,1023
344,344,344,344,344,344,344,344,344,344,344
103,105,105,106,107,107,108,108,109,110,110
932,932,932,932,932,932,932,932,932,932,932
660,660,659,658,658,657,656,655,654,653,652
0,0,0,0,0,0,0,0,0,0,0
679,681,682,683,684,685,685,686,687,688,689
920,920,920,920,920,920,920,920,920,920,920
92,92,92,91,90,90,89,89,88,88,87
362,362,362,362,362,362,362,362,362,362,362
1023,1023,1023,1023,1023,1023,1023,1023,1023,1023,1023
344,344,344,344,344,344,344,344,344,344,344
103,104,105,106,106,107,107,108,109,109,110
931,931,931,931,931,931,931,931,931,931,931
661,661,660,659,658,657,656,655,654,653,653
0,0,0,0,0,0,0,0,0,0,0
678,680,681,682,683,684,685,686,687,688,689
920,920,920,920,920,920,920,920,920,920,920
92,92,92,91,91,90,90,89,89,88,88
362,362,362,362,362,362,362,362,362,362,362
1023,1023,1023,1023,1023,1023,1023,1023,1023,1023,1023
345,345,345,345,345,345,345,345,345,345,345
103,104,105,105,106,106,107,108,108,109,109
931,931,931,931,931,931,931,931,931,931,931
661,661,661,660,659,658,657,656,655,654,653
0,0,0,0,0,0,0,0,0,0,0
678,680,681,682,683,683,684,685,686,687,688
921,921,921,921,921,921,921,921,921,921,921
92,93,92,92,91,91,90,89,89,88,88
361,361,361,361,361,361,361,361,361,361,361
1023,1023,1023,1023,1023,1023,1023,1023,1023,1023,1023
345,345,345,345,345,345,345,345,345,345,345
102,104,104,105,106,106,107,107,108,108,109
930,930,930,930,930,930,930,930,930,930,930
662,662,661,660,659,658,657,656,656,655,654
0,0,0,0,0,0,0,0,0,0,0
677,679,680,681,682,683,684,685,686,687,687
921,921,921,921,921,921,921,921,921,921,921
93,93,93,92,91,91,90,90,89,89,88
361,361,361,361,361,361,361,361,361,361,361
1023,1023,1023,1023,1023,1023,1023,1023,1023,1023,1023
346,346,346,346,346,346,346,346,346,346,346
102,103,104,105,105,106,106,107,108,108,109
930,930,930,930,930,930,930,930,930,930,930
662,663,662,661,660,659,658,657,656,655,654
0,0,0,0,0,0,0,0,0,0,0
677,679,680,681,681,682,683,684,685,686,687
921,921,921,921,921,921,921,921,921,921,921
93,93,93,92,92,91,91,90,90,89,89
360,360,360,360,360,360,360,360,360,360,360
1023,1023,1023,1023,1023,1023,1023,1023,1023,1023,1023
346,346,346,346,346,346,346,346,346,346,346
102,103,104,104,105,105,106,107,107,108,108
930,930,930,930,930,930,930,930,930,930,930
663,663,662,661,660,659,659,658,657,656,655
0,0,0,0,0,0,0,0,0,0,0
676,678,679,680,681,682,683,684,685,685,686
922,922,922,922,922,922,922,922,922,922,922
93,94,93,93,92,92,91,90,90,89,89
360,360,360,360,360,360,360,360,360,360,360
1023,1023,1023,1023,1023,1023,1023,1023,1023,1023,1023
347,347,347,347,347,347,347,347,347,347,347
101,103,103,104,104,105,106,106,107,107,108
929,929,929,929,929,929,929,929,929,929,929
664,664,663,662,661,660,659,658,657,656,655
0,0,0,0,0,0,0,0,0,0,0
676,678,679,679,680,681,682,683,684,685,686
922,922,922,922,922,922,922,922,922,922,922
94,94,94,93,92,92,91,91,90,90,89
359,359,359,359,359,359,359,359,359,359,359
1023,1023,1023,1023,1023,1023,1023,1023,1023,1023,1023
348,348,348,348,348,348,348,348,348,348,348
101,102,103,104,104,105,105,106,106,107,108
929,929,929,929,929,929,929,929,929,929,929
664,664,663,662,661,661,660,659,658,657,656
0,0,0,0,0,0,0,0,0,0,0
675,677,678,679,680,681,682,683,683,684,685
922,922,922,922,922,922,922,922,922,922,922
94,94,94,93,93,92,92,91,91,90,90
359,359,359,359,359,359,359,359,359,359,359
1023,1023,1023,1023,1023,1023,1023,1023,1023,1023,1023
348,348,348,348,348,348,348,348,348,348,348
100,102,103,103,104,104,105,106,106,107,107
929,929,929,929,929,929,929,929,929,929,929
665,665,664,663,662,661,660,659,658,657,657
0,0,0,0,0,0,0,0,0,0,0
675,676,677,678,679,680,681,682,683,684,685
923,923,923,923,923,923,923,923,923,923,923
94,95,94,94,93,93,92,91,91,90,90
358,358,358,358,358,358,358,358,358,358,358
1023,1023,1023,1023,1023,1023,1023,1023,1023,1023,1023
349,349,349,349,349,349,349,349,349,349,349
100,102,102,103,103,104,105,105,106,106,107
928,928,928,928,928,928,928,928,928,928,928
665,665,664,664,663,662,661,660,659,658,657
0,0,0,0,0,0,0,0,0,0,0
674,676,677,678,679,680,680,681,682,683,684
923,923,923,923,923,923,923,923,923,923,923
95,95,95,94,93,93,92,92,91,91,90
357,357,357,357,357,357,357,357,357,357,357
1023,1023,1023,1023,1023,1023,1023,1023,1023,1023,1023
349,349,349,349,349,349,349,349,349,349,349
100,101,102,102,103,104,104,105,105,106,107
928,928,928,928,928,928,928,928,928,928,928
666,666,665,664,663,662,661,660,659,659,658
0,0,0,0,0,0,0,0,0,0,0
673,675,676,677,678,679,680,681,682,683,684
923,923,923,923,923,923,923,923,923,923,923
95,95,95,94,94,93,93,92,92,91,91
357,357,357,357,357,357,357,357,357,357,357
1023,1023,1023,1023,1023,1023,1023,1023,1023,1023,1023
350,350,350,350,350,350,350,350,350,350,350
99,101,102,102,103,103,104,104,105,106,106
928,928,928,928,928,928,928,928,928,928,928
666,667,666,665,664,663,662,661,660,659,658
0,0,0,0,0,0,0,0,0,0,0
673,675,676,677,678,678,679,680,681,682,683
924,924,924,924,924,924,924,924,924,924,924
95,96,95,95,94,94,93,92,92,91,91
356,356,356,356,356,356,356,356,356,356,356
1023,1023,1023,1023,1023,1023,1023,1023,1023,1023,1023
350,350,350,350,350,350,350,350,350,350,350
99,101,101,102,102,103,104,104,105,105,106
927,927,927,927,927,927,927,927,927,927,927
667,667,666,665,664,663,662,662,661,660,659
0,0,0,0,0,0,0,0,0,0,0
672,674,675,676,677,678,679,680,681,682,682
924,924,924,924,924,924,924,924,924,924,924
96,96,96,95,95,94,93,93,92,92,91
356,356,356,356,356,356,356,356,356,356,356
1023,1023,1023,1023,1023,1023,1023,1023,1023,1023,1023
351,351,351,351,351,351,351,351,351,351,351
99,100,101,101,102,103,103,104,104,105,105
927,927,927,927,927,927,927,927,927,927,927
668,668,667,666,665,664,663,662,661,660,659
0,0,0,0,0,0,0,0,0,0,0
672,674,675,676,676,677,678,679,680,681,682
924,924,924,924,924,924,924,924,924,924,924
96,97,96,95,95,94,94,93,93,92,92
355,355,355,355,355,355,355,355,355,355,355
1023,1023,1023,1023,1023,1023,1023,1023,1023,1023,1023
352,352,352,352,352,352,352,352,352,352,352
98,100,100,101,102,102,103,103,104,105,105
927,927,927,927,927,927,927,927,927,927,927
668,668,667,666,665,665,664,663,662,661,660
0,0,0,0,0,0,0,0,0,0,0
671,673,674,675,676,677,678,679,680,680,681
925,925,925,925,925,925,925,925,925,925,925
96,97,96,96,95,95,94,94,93,92,92
355,355,355,355,355,355,355,355,355,355,355
1023,1023,1023,1023,1023,1023,1023,1023,1023,1023,1023
352,352,352,352,352,352,352,352,352,352,352
98,100,100,101,101,102,102,103,104,104,105
926,926,926,926,926,926,926,926,926,926,926
669,669,668,667,666,665,664,663,662,661,660
0,0,0,0,0,0,0,0,0,0,0
671,673,673,674,675,676,677,678,679,680,681
925,925,925,925,925,925,925,925,925,925,925
97,97,97,96,96,95,94,94,93,93,92
354,354,354,354,354,354,354,354,354,354,354
1023,1023,1023,1023,1023,1023,1023,1023,1023,1023,1023
353,353,353,353,353,353,353,353,353,353,353
98,99,100,100,101,102,102,103,103,104,104
926,926,926,926,926,926,926,926,926,926,926
669,669,668,667,667,666,665,664,663,662,661
0,0,0,0,0,0,0,0,0,0,0
670,672,673,674,675,676,677,677,678,679,680
926,926,926,926,926,926,926,926,926,926,926
97,98,97,96,96,95,95,94,94,93,93
353,353,353,353,353,353,353,353,353,353,353
1023,1023,1023,1023,1023,1023,1023,1023,1023,1023,1023
353,353,353,353,353,353,353,353,353,353,353
97,99,99,100,101,101,102,102,103,103,104
926,926,926,926,926,926,926,926,926,926,926
670,670,669,668,667,666,665,664,663,663,662
0,0,0,0,0,0,0,0,0,0,0
670,671,672,673,674,675,676,677,678,679,680
926,926,926,926,926,926,926,926,926,926,926
97,98,97,97,96,96,95,95,94,93,93
353,353,353,353,353,353,353,353,353,353,353
1023,1023,1023,1023,1023,1023,1023,1023,1023,1023,1023
354,354,354,354,354,354,354,354,354,354,354
97,99,99,100,100,101,101,102,103,103,104
925,925,925,925,925,925,925,925,925,925,925
670,670,670,669,668,667,666,665,664,663,662
0,0,0,0,0,0,0,0,0,0,0
669,671,672,673,674,675,675,676,677,678,679
926,926,926,926,926,926,926,926,926,926,926
98,98,98,97,97,96,95,95,94,94,93
352,352,352,352,352,352,352,352,352,352,352
1023,1023,1023,1023,1023,1023,1023,1023,1023,1023,1023
354,354,354,354,354,354,354,354,354,354,354
97,98,99,99,100,100,101,102,102,103,103
925,925,925,925,925,925,925,925,925,925,925
671,671,670,669,668,667,666,665,665,664,663
0,0,0,0,0,0,0,0,0,0,0
668,670,671,672,673,674,675,676,677,678,679
927,927,927,927,927,927,927,927,927,927,927
98,99,98,97,97,96,96,95,95,94,94
352,352,352,352,352,352,352,352,352,352,352
1023,1023,1023,1023,1023,1023,1023,1023,1023,1023,1023
355,355,355,355,355,355,355,355,355,355,355
96,98,98,99,100,100,101,101,102,102,103
925,925,925,925,925,925,925,925,925,925,925
671,672,671,670,669,668,667,666,665,664,663
0,0,0,0,0,0,0,0,0,0,0
668,670,671,672,673,673,674,675,676,677,678
927,927,927,927,927,927,927,927,927,927,927
99,99,98,98,97,97,96,96,95,94,94
351,351,351,351,351,351,351,351,351,351,351
1023,1023,1023,1023,1023,1023,1023,1023,1023,1023,1023
355,355,355,355,355,355,355,355,355,355,355
96,97,98,99,99,100,100,101,101,102,103
924,924,924,924,924,924,924,924,924,924,924
672,672,671,670,669,668,668,667,666,665,664
0,0,0,0,0,0,0,0,0,0,0
667,669,670,671,672,673,674,675,676,677,677
927,927,927,927,927,927,927,927,927,927,927
99,99,99,98,98,97,96,96,95,95,94
351,351,351,351,351,351,351,351,351,351,351
1023,1023,1023,1023,1023,1023,1023,1023,1023,1023,1023
356,356,356,356,356,356,356,356,356,356,356
96,97,98,98,99,99,100,101,101,102,102
924,924,924,924,924,924,924,924,924,924,924
673,673,672,671,670,669,668,667,666,665,664
0,0,0,0,0,0,0,0,0,0,0
667,669,670,670,671,672,673,674,675,676,677
928,928,928,928,928,928,928,928,928,928,928
99,100,99,98,98,97,97,96,96,95,95
350,350,350,350,350,350,350,350,350,350,350
1023,1023,1023,1023,1023,1023,1023,1023,1023,1023,1023
357,357,357,357,357,357,357,357,357,357,357
95,97,97,98,98,99,100,100,101,101,102
924,924,924,924,924,924,924,924,924,924,924
673,673,672,671,670,670,669,668,667,666,665
0,0,0,0,0,0,0,0,0,0,0
666,668,669,670,671,672,673,674,675,675,676
928,928,928,928,928,928,928,928,928,928,928
100,100,99,99,98,98,97,97,96,95,95
350,350,350,350,350,350,350,350,350,350,350
1023,1023,1023,1023,1023,1023,1023,1023,1023,1023,1023
357,357,357,357,357,357,357,357,357,357,357
95,96,97,98,98,99,99,100,100,101,102
923,923,923,923,923,923,923,923,923,923,923
674,674,673,672,671,670,669,668,667,666,666
0,0,0,0,0,0,0,0,0,0,0
666,668,668,669,670,671,672,673,674,675,676
928,928,928,928,928,928,928,928,928,928,928
100,100,100,99,99,98,97,97,96,96,95
349,349,349,349,349,349,349,349,349,349,349
1023,1023,1023,1023,1023,1023,1023,1023,1023,1023,1023
358,358,358,358,358,358,358,358,358,358,358
95,96,97,97,98,98,99,100,100,101,101
923,923,923,923,923,923,923,923,923,923,923
674,674,673,673,672,671,670,669,668,667,666
0,0,0,0,0,0,0,0,0,0,0
665,667,668,669,670,671,672,672,673,674,675
929,929,929,929,929,929,929,929,929,929,929
100,101,100,100,99,98,98,97,97,96,96
348,348,348,348,348,348,348,348,348,348,348
1023,1023,1023,1023,1023,1023,1023,1023,1023,1023,1023
358,358,358,358,358,358,358,358,358,358,358
94,96,96,97,97,98,99,99,100,100,101
923,923,923,923,923,923,923,923,923,923,923
675,675,674,673,672,671,670,669,668,668,667
0,0,0,0,0,0,0,0,0,0,0
664,666,667,668,669,670,671,672,673,674,675
929,929,929,929,929,929,929,929,929,929,929
101,101,100,100,99,99,98,98,97,96,96
348,348,348,348,348,348,348,348,348,348,348
1023,1023,1023,1023,1023,1023,1023,1023,1023,1023,1023
359,359,359,359,359,359,359,359,359,359,359
94,95,96,97,97,98,98,99,99,100,101
922,922,922,922,922,922,922,922,922,922,922
675,675,675,674,673,672,671,670,669,668,667
0,0,0,0,0,0,0,0,0,0,0
664,666,667,668,669,670,670,671,672,673,674
929,929,929,929,929,929,929,929,929,929,929
101,101,101,100,100,99,99,98,97,97,96
347,347,347,347,347,347,347,347,347,347,347
1023,1023,1023,1023,1023,1023,1023,1023,1023,1023,1023
359,359,359,359,359,359,359,359,359,359,359
94,95,96,96,97,97,98,98,99,100,100
922,922,922,922,922,922,922,922,922,922,922
676,676,675,674,673,672,671,671,670,669,668
0,0,0,0,0,0,0,0,0,0,0
663,665,666,667,668,669,670,671,672,673,674
930,930,930,930,930,930,930,930,930,930,930
101,102,101,101,100,99,99,98,98,97,97
347,347,347,347,347,347,347,347,347,347,347
1023,1023,1023,1023,1023,1023,1023,1023,1023,1023,1023
360,360,360,360,360,360,360,360,360,360,360
93,95,95,96,96,97,98,98,99,99,100
922,922,922,922,922,922,922,922,922,922,922
676,677,676,675,674,673,672,671,670,669,668
0,0,0,0,0,0,0,0,0,0,0
663,665,666,667,667,668,669,670,671,672,673
930,930,930,930,930,930,930,930,930,930,930
102,102,102,101,100,100,99,99,98,98,97
346,346,346,346,346,346,346,346,346,346,346
1023,1023,1023,1023,1023,1023,1023,1023,1023,1023,1023
360,360,360,360,360,360,360,360,360,360,360
93,94,95,96,96,97,97,98,98,99,99
921,921,921,921,921,921,921,921,921,921,921
677,677,676,675,674,673,673,672,671,670,669
0,0,0,0,0,0,0,0,0,0,0
662,664,665,666,667,668,669,670,671,672,672
930,930,930,930,930,930,930,930,930,930,930
102,102,102,101,101,100,100,99,98,98,97
346,346,346,346,346,346,346,346,346,346,346
1023,1023,1023,1023,1023,1023,1023,1023,1023,1023,1023
361,361,361,361,361,361,361,361,361,361,361
93,94,95,95,96,96,97,97,98,99,99
921,921,921,921,921,921,921,921,921,921,921
678,678,677,676,675,674,673,672,671,670,669
0,0,0,0,0,0,0,0,0,0,0
662,664,665,665,666,667,668,669,670,671,672
931,931,931,931,931,931,931,931,931,931,931
102,103,102,102,101,100,100,99,99,98,98
345,345,345,345,345,345,345,345,345,345,345
1023,1023,1023,1023,1023,1023,1023,1023,1023,1023,1023
362,362,362,362,362,362,362,362,362,362,362
92,94,94,95,95,96,97,97,98,98,99
920,920,920,920,920,920,920,920,920,920,920
678,678,677,676,676,675,674,673,672,671,670
0,0,0,0,0,0,0,0,0,0,0
661,663,664,665,666,667,668,669,669,670,671
931,931,931,931,931,931,931,931,931,931,931
103,103,103,102,101,101,100,100,99,99,98
345,345,345,345,345,345,345,345,345,345,345
1023,1023,1023,1023,1023,1023,1023,1023,1023,1023,1023
362,362,362,362,362,362,362,362,362,362,362
92,93,94,95,95,96,96,97,97,98,98
920,920,920,920,920,920,920,920,920,920,920
679,679,678,677,676,675,674,673,672,671,671
0,0,0,0,0,0,0,0,0,0,0
661,662,663,664,665,666,667,668,669,670,671
931,931,931,931,931,931,931,931,931,931,931
103,104,103,102,102,101,101,100,99,99,98
344,344,344,344,344,344,344,344,344,344,344
1023,1023,1023,1023,1023,1023,1023,1023,1023,1023,1023
363,363,363,363,363,363,363,363,363,363,363
91,93,94,94,95,95,96,96,97,98,98
920,920,920,920,920,920,920,920,920,920,920
679,679,678,678,677,676,675,674,673,672,671
0,0,0,0,0,0,0,0,0,0,0
660,662,663,664,665,666,667,667,668,669,670
932,932,932,932,932,932,932,932,932,932,932
103,104,103,103,102,102,101,100,100,99,99
343,343,343,343,343,343,343,343,343,343,343
1023,1023,1023,1023,1023,1023,1023,1023,1023,1023,1023
363,363,363,363,363,363,363,363,363,363,363
91,93,93,94,94,95,95,96,97,97,98
919,919,919,919,919,919,919,919,919,919,919
680,680,679,678,677,676,675,674,674,673,672
0,0,0,0,0,0,0,0,0,0,0
659,661,662,663,664,665,666,667,668,669,670
932,932,932,932,932,932,932,932,932,932,932
104,104,104,103,102,102,101,101,100,100,99
343,343,343,343,343,343,343,343,343,343,343
1023,1023,1023,1023,1023,1023,1023,1023,1023,1023,1023
364,364,364,364,364,364,364,364,364,364,364
91,92,93,93,94,95,95,96,96,97,97
919,919,919,919,919,919,919,919,919,919,919
680,680,680,679,678,677,676,675,674,673,672
0,0,0,0,0,0,0,0,0,0,0
659,661,662,663,664,664,665,666,667,668,669
932,932,932,932,932,932,932,932,932,932,932
104,105,104,103,103,102,102,101,101,100,99
342,342,342,342,342,342,342,342,342,342,342
1023,1023,1023,1023,1023,1023,1023,1023,1023,1023,1023
364,364,364,364,364,364,364,364,364,364,364
90,92,93,93,94,94,95,95,96,96,97
919,919,919,919,919,919,919,919,919,919,919
681,681,680,679,678,677,676,676,675,674,673
0,0,0,0,0,0,0,0,0,0,0
658,660,661,662,663,664,665,666,667,668,669
933,933,933,933,933,933,933,933,933,933,933
105,105,104,104,103,103,102,101,101,100,100
342,342,342,342,342,342,342,342,342,342,342
1023,1023,1023,1023,1023,1023,1023,1023,1023,1023,1023
365,365,365,365,365,365,365,365,365,365,365
90,92,92,93,93,94,94,95,96,96,97
918,918,918,918,918,918,918,918,918,918,918
682,682,681,680,679,678,677,676,675,674,673
0,0,0,0,0,0,0,0,0,0,0
658,660,661,661,662,663,664,665,666,667,668
933,933,933,933,933,933,933,933,933,933,933
105,105,105,104,104,103,102,102,101,101,100
341,341,341,341,341,341,341,341,341,341,341
1023,1023,1023,1023,1023,1023,1023,1023,1023,1023,1023
366,366,366,366,366,366,366,366,366,366,366
90,91,92,92,93,94,94,95,95,96,96
918,918,918,918,918,918,918,918,918,918,918
682,682,681,680,679,679,678,677,676,675,674
0,0,0,0,0,0,0,0,0,0,0
657,659,660,661,662,663,664,665,666,666,667
933,933,933,933,933,933,933,933,933,933,933
105,106,105,104,104,103,103,102,102,101,100
341,341,341,341,341,341,341,341,341,341,341
1023,1023,1023,1023,1023,1023,1023,1023,1023,1023,1023
366,366,366,366,366,366,366,366,366,366,366
89,91,92,92,93,93,94,94,95,95,96
918,918,918,918,918,918,918,918,918,918,918
683,683,682,681,680,679,678,677,676,675,674
0,0,0,0,0,0,0,0,0,0,0
657,659,659,660,661,662,663,664,665,666,667
934,934,934,934,934,934,934,934,934,934,934
106,106,105,105,104,104,103,103,102,101,101
340,340,340,340,340,340,340,340,340,340,340
1023,1023,1023,1023,1023,1023,1023,1023,1023,1023,1023
367,367,367,367,367,367,367,367,367,367,367
89,91,91,92,92,93,93,94,95,95,96
917,917,917,917,917,917,917,917,917,917,917
683,683,682,681,681,680,679,678,677,676,675
0,0,0,0,0,0,0,0,0,0,0
656,658,659,660,661,662,663,663,664,665,666
934,934,934,934,934,934,934,934,934,934,934
106,106,106,105,105,104,103,103,102,102,101
340,340,340,340,340,340,340,340,340,340,340
1023,1023,1023,1023,1023,1023,1023,1023,1023,1023,1023
367,367,367,367,367,367,367,367,367,367,367
89,90,91,91,92,93,93,94,94,95,95
917,917,917,917,917,917,917,917,917,917,917
684,684,683,682,681,680,679,678,677,677,676
0,0,0,0,0,0,0,0,0,0,0
655,657,658,659,660,661,662,663,664,665,666
934,934,934,934,934,934,934,934,934,934,934
106,107,106,106,105,104,104,103,103,102,101
339,339,339,339,339,339,339,339,339,339,339
1023,1023,1023,1023,1023,1023,1023,1023,1023,1023,1023
368,368,368,368,368,368,368,368,368,368,368
88,90,91,91,92,92,93,93,94,94,95
917,917,917,917,917,917,917,917,917,917,917
684,684,683,683,682,681,680,679,678,677,676
0,0,0,0,0,0,0,0,0,0,0
655,657,658,659,660,661,661,662,663,664,665
935,935,935,935,935,935,935,935,935,935,935
107,107,106,106,105,105,104,104,103,102,102
338,338,338,338,338,338,338,338,338,338,338
1023,1023,1023,1023,1023,1023,1023,1023,1023,1023,1023
368,368,368,368,368,368,368,368,368,368,368
88,90,90,91,91,92,92,93,94,94,95
916,916,916,916,916,916,916,916,916,916,916
685,685,684,683,682,681,680,679,679,678,677
0,0,0,0,0,0,0,0,0,0,0
654,656,657,658,659,660,661,662,663,664,665
935,935,935,935,935,935,935,935,935,935,935
107,107,107,106,106,105,104,104,103,103,102
338,338,338,338,338,338,338,338,338,338,338
1023,1023,1023,1023,1023,1023,1023,1023,1023,1023,1023
369,369,369,369,369,369,369,369,369,369,369
88,89,90,90,91,92,92,93,93,94,94
916,916,916,916,916,916,916,916,916,916,916
685,685,685,684,683,682,681,680,679,678,677
0,0,0,0,0,0,0,0,0,0,0
654,656,657,658,658,659,660,661,662,663,664
935,935,935,935,935,935,935,935,935,935,935
107,108,107,107,106,105,105,104,104,103,103
337,337,337,337,337,337,337,337,337,337,337
1023,1023,1023,1023,1023,1023,1023,1023,1023,1023,1023
370,370,370,370,370,370,370,370,370,370,370
87,89,90,90,91,91,92,92,93,93,94
915,915,915,915,915,915,915,915,915,915,915
686,686,685,684,683,682,681,681,680,679,678
0,0,0,0,0,0,0,0,0,0,0
653,655,656,657,658,659,660,661,662,663,663
936,936,936,936,936,936,936,936,936,936,936
108,108,108,107,106,106,105,105,104,103,103
337,337,337,337,337,337,337,337,337,337,337
1023,1023,1023,1023,1023,1023,1023,1023,1023,1023,1023
370,370,370,370,370,370,370,370,370,370,370
87,89,89,90,90,91,91,92,93,93,94
915,915,915,915,915,915,915,915,915,915,915
686,687,686,685,684,683,682,681,680,679,678
0,0,0,0,0,0,0,0,0,0,0
653,655,655,656,657,658,659,660,661,662,663
936,936,936,936,936,936,936,936,936,936,936
108,109,108,107,107,106,106,105,104,104,103
336,336,336,336,336,336,336,336,336,336,336
1023,1023,1023,1023,1023,1023,1023,1023,1023,1023,1023
371,371,371,371,371,371,371,371,371,371,371
87,88,89,89,90,91,91,92,92,93,93
915,915,915,915,915,915,915,915,915,915,915
687,687,686,685,684,684,683,682,681,680,679
0,0,0,0,0,0,0,0,0,0,0
652,654,655,656,657,658,659,660,660,661,662
936,936,936,936,936,936,936,936,936,936,936
108,109,108,108,107,107,106,105,105,104,104
336,336,336,336,336,336,336,336,336,336,336
1023,1023,1023,1023,1023,1023,1023,1023,1023,1023,1023
371,371,371,371,371,371,371,371,371,371,371
87,88,89,89,90,90,91,91,92,92,93
914,914,914,914,914,914,914,914,914,914,914
688,688,687,686,685,684,683,682,681,680,680
0,0,0,0,0,0,0,0,0,0,0
651,653,654,655,656,657,658,659,660,661,662
937,937,937,937,937,937,937,937,937,937,937
109,109,109,108,107,107,106,106,105,105,104
335,335,335,335,335,335,335,335,335,335,335
1023,1023,1023,1023,1023,1023,1023,1023,1023,1023,1023
372,372,372,372,372,372,372,372,372,372,372
86,88,88,89,89,90,90,91,92,92,93
914,914,914,914,914,914,914,914,914,914,914
688,688,687,686,686,685,684,683,682,681,680
0,0,0,0,0,0,0,0,0,0,0
651,653,654,655,656,657,657,658,659,660,661
937,937,937,937,937,937,937,937,937,937,937
109,110,109,108,108,107,107,106,105,105,104
335,335,335,335,335,335,335,335,335,335,335
1023,1023,1023,1023,1023,1023,1023,1023,1023,1023,1023
372,372,372,372,372,372,372,372,372,372,372
86,87,88,88,89,90,90,91,91,92,92
914,914,914,914,914,914,914,914,914,914,914
689,689,688,687,686,685,684,683,682,682,681
0,0,0,0,0,0,0,0,0,0,0
650,652,653,654,655,656,657,658,659,660,661
937,937,937,937,937,937,937,937,937,937,937
110,110,109,109,108,108,107,106,106,105,105
334,334,334,334,334,334,334,334,334,334,334
1023,1023,1023,1023,1023,1023,1023,1023,1023,1023,1023
373,373,373,373,373,373,373,373,373,373,373
86,87,88,88,89,89,90,90,91,91,92
913,913,913,913,913,913,913,913,913,913,913
689,689,688,688,687,686,685,684,683,682,681
0,0,0,0,0,0,0,0,0,0,0
650,652,653,654,655,655,656,657,658,659,660
938,938,938,938,938,938,938,938,938,938,938
110,110,110,109,109,108,107,107,106,106,105
333,333,333,333,333,333,333,333,333,333,333
1023,1023,1023,1023,1023,1023,1023,1023,1023,1023,1023
373,373,373,373,373,373,373,373,373,373,373
85,87,87,88,88,89,89,90,91,91,92
913,913,913,913,913,913,913,913,913,913,913
690,690,689,688,687,686,685,684,684,683,682
0,0,0,0,0,0,0,0,0,0,0
649,651,652,653,654,655,656,657,658,659,659
938,938,938,938,938,938,938,938,938,938,938
110,111,110,110,109,108,108,107,107,106,105
333,333,333,333,333,333,333,333,333,333,333
1023,1023,1023,1023,1023,1023,1023,1023,1023,1023,1023
374,374,374,374,374,374,374,374,374,374,374
85,86,87,87,88,89,89,90,90,91,91
913,913,913,913,913,913,913,913,913,913,913
690,690,690,689,688,687,686,685,684,683,682
0,0,0,0,0,0,0,0,0,0,0
649,651,652,652,653,654,655,656,657,658,659
938,938,938,938,938,938,938,938,938,938,938
111,111,110,110,109,109,108,107,107,106,106
332,332,332,332,332,332,332,332,332,332,332
1023,1023,1023,1023,1023,1023,1023,1023,1023,1023,1023
375,375,375,375,375,375,375,375,375,375,375
85,86,87,87,88,88,89,89,90,90,91
912,912,912,912,912,912,912,912,912,912,912
691,691,690,689,688,687,686,686,685,684,683
0,0,0,0,0,0,0,0,0,0,0
648,650,651,652,653,654,655,656,657,657,658
939,939,939,939,939,939,939,939,939,939,939
111,111,111,110,110,109,108,108,107,107,106
332,332,332,332,332,332,332,332,332,332,332
1023,1023,1023,1023,1023,1023,1023,1023,1023,1023,1023
375,375,375,375,375,375,375,375,375,375,375
84,86,86,87,87,88,88,89,90,90,91
912,912,912,912,912,912,912,912,912,912,912
691,692,691,690,689,688,687,686,685,684,683
0,0,0,0,0,0,0,0,0,0,0
648,649,650,651,652,653,654,655,656,657,658
939,939,939,939,939,939,939,939,939,939,939
111,112,111,111,110,109,109,108,108,107,106
331,331,331,331,331,331,331,331,331,331,331
1023,1023,1023,1023,1023,1023,1023,1023,1023,1023,1023
376,376,376,376,376,376,376,376,376,376,376
84,85,86,86,87,88,88,89,89,90,90
911,911,911,911,911,911,911,911,911,911,911
692,692,691,690,689,689,688,687,686,685,684
0,0,0,0,0,0,0,0,0,0,0
647,649,650,651,652,653,654,654,655,656,657
939,939,939,939,939,939,939,939,939,939,939
112,112,112,111,110,110,109,109,108,107,107
331,331,331,331,331,331,331,331,331,331,331
1023,1023,1023,1023,1023,1023,1023,1023,1023,1023,1023
376,376,376,376,376,376,376,376,376,376,376
84,85,86,86,87,87,88,88,89,89,90
911,911,911,911,911,911,911,911,911,911,911
693,693,692,691,690,689,688,687,686,685,685
0,0,0,0,0,0,0,0,0,0,0
646,648,649,650,651,652,653,654,655,656,657
940,940,940,940,940,940,940,940,940,940,940
112,113,112,111,111,110,110,109,108,108,107
330,330,330,330,330,330,330,330,330,330,330
1023,1023,1023,1023,1023,1023,1023,1023,1023,1023,1023
377,377,377,377,377,377,377,377,377,377,377
83,85,85,86,86,87,87,88,89,89,90
911,911,911,911,911,911,911,911,911,911,911
693,693,692,691,691,690,689,688,687,686,685
0,0,0,0,0,0,0,0,0,0,0
646,648,649,650,651,651,652,653,654,655,656
940,940,940,940,940,940,940,940,940,940,940
112,113,112,112,111,110,110,109,109,108,108
330,330,330,330,330,330,330,330,330,330,330
1023,1023,1023,1023,1023,1023,1023,1023,1023,1023,1023
377,377,377,377,377,377,377,377,377,377,377
83,84,85,86,86,87,87,88,88,89,89
910,910,910,910,910,910,910,910,910,910,910
694,694,693,692,691,690,689,688,687,687,686
0,0,0,0,0,0,0,0,0,0,0
645,647,648,649,650,651,652,653,654,655,656
940,940,940,940,940,940,940,940,940,940,940
113,113,113,112,111,111,110,110,109,108,108
329,329,329,329,329,329,329,329,329,329,329
1023,1023,1023,1023,1023,1023,1023,1023,1023,1023,1023
378,378,378,378,378,378,378,378,378,378,378
83,84,85,85,86,86,87,87,88,88,89
910,910,910,910,910,910,910,910,910,910,910
694,694,693,693,692,691,690,689,688,687,686
0,0,0,0,0,0,0,0,0,0,0
645,647,648,648,649,650,651,652,653,654,655
941,941,941,941,941,941,941,941,941,941,941
113,114,113,112,112,111,111,110,109,109,108
328,328,328,328,328,328,328,328,328,328,328
1023,1023,1023,1023,1023,1023,1023,1023,1023,1023,1023
379,379,379,379,379,379,379,379,379,379,379
82,84,84,85,85,86,86,87,88,88,89
910,910,910,910,910,910,910,910,910,910,910
695,695,694,693,692,691,690,689,689,688,687
0,0,0,0,0,0,0,0,0,0,0
644,646,647,648,649,650,651,652,653,653,654
941,941,941,941,941,941,941,941,941,941,941
114,114,113,113,112,112,111,110,110,109,109
328,328,328,328,328,328,328,328,328,328,328
1023,1023,1023,1023,1023,1023,1023,1023,1023,1023,1023
379,379,379,379,379,379,379,379,379,379,379
82,83,84,85,85,86,86,87,87,88,88
909,909,909,909,909,909,909,909,909,909,909
695,695,695,694,693,692,691,690,689,688,687
0,0,0,0,0,0,0,0,0,0,0
644,645,646,647,648,649,650,651,652,653,654
941,941,941,941,941,941,941,941,941,941,941
114,114,114,113,113,112,111,111,110,110,109
327,327,327,327,327,327,327,327,327,327,327
1023,1023,1023,1023,1023,1023,1023,1023,1023,1023,1023
380,380,380,380,380,380,380,380,380,380,380
82,83,84,84,85,85,86,86,87,87,88
909,909,909,909,909,909,909,909,909,909,909
696,696,695,694,693,692,691,691,690,689,688
0,0,0,0,0,0,0,0,0,0,0
643,645,646,647,648,649,650,650,651,652,653
942,942,942,942,942,942,942,942,942,942,942
114,115,114,114,113,112,112,111,111,110,109
327,327,327,327,327,327,327,327,327,327,327
1023,1023,1023,1023,1023,1023,1023,1023,1023,1023,1023
380,380,380,380,380,380,380,380,380,380,380
81,83,83,84,84,85,85,86,87,87,88
908,908,908,908,908,908,908,908,908,908,908
696,697,696,695,694,693,692,691,690,689,688
0,0,0,0,0,0,0,0,0,0,0
642,644,645,646,647,648,649,650,651,652,653
942,942,942,942,942,942,942,942,942,942,942
115,115,115,114,113,113,112,111,111,110,110
326,326,326,326,326,326,326,326,326,326,326
1023,1023,1023,1023,1023,1023,1023,1023,1023,1023,1023
381,381,381,381,381,381,381,381,381,381,381
81,83,83,84,84,85,85,86,86,87,87
908,908,908,908,908,908,908,908,908,908,908
697,697,696,695,694,693,693,692,691,690,689
0,0,0,0,0,0,0,0,0,0,0
642,644,645,646,647,647,648,649,650,651,652
942,942,942,942,942,942,942,942,942,942,942
115,115,115,114,114,113,112,112,111,111,110
326,326,326,326,326,326,326,326,326,326,326
1023,1023,1023,1023,1023,1023,1023,1023,1023,1023,1023
381,381,381,381,381,381,381,381,381,381,381
81,82,83,83,84,84,85,85,86,86,87
908,908,908,908,908,908,908,908,908,908,908
698,698,697,696,695,694,693,692,691,690,690
0,0,0,0,0,0,0,0,0,0,0
641,643,644,645,646,647,648,649,650,651,652
942,942,942,942,942,942,942,942,942,942,942
115,116,115,115,114,113,113,112,112,111,110
325,325,325,325,325,325,325,325,325,325,325
1023,1023,1023,1023,1023,1023,1023,1023,1023,1023,1023
382,382,382,382,382,382,382,382,382,382,382
80,82,82,83,83,84,85,85,86,86,87
907,907,907,907,907,907,907,907,907,907,907
698,698,697,696,695,695,694,693,692,691,690
0,0,0,0,0,0,0,0,0,0,0
641,643,644,644,645,646,647,648,649,650,651
943,943,943,943,943,943,943,943,943,943,943
116,116,116,115,114,114,113,113,112,111,111
325,325,325,325,325,325,325,325,325,325,325
1023,1023,1023,1023,1023,1023,1023,1023,1023,1023,1023
383,383,383,383,383,383,383,383,383,383,383
80,82,82,83,83,84,84,85,85,86,86
907,907,907,907,907,907,907,907,907,907,907
699,699,698,697,696,695,694,693,692,692,691
0,0,0,0,0,0,0,0,0,0,0
640,642,643,644,645,646,647,648,649,650,650
943,943,943,943,943,943,943,943,943,943,943
116,117,116,115,115,114,114,113,112,112,111
324,324,324,324,324,324,324,324,324,324,324
1023,1023,1023,1023,1023,1023,1023,1023,1023,1023,1023
383,383,383,383,383,383,383,383,383,383,383
80,81,82,82,83,83,84,84,85,85,86
907,907,907,907,907,907,907,907,907,907,907
699,699,698,697,697,696,695,694,693,692,691
0,0,0,0,0,0,0,0,0,0,0
640,641,642,643,644,645,646,647,648,649,650
943,943,943,943,943,943,943,943,943,943,943
117,117,116,116,115,115,114,113,113,112,112
324,324,324,324,324,324,324,324,324,324,324
1023,1023,1023,1023,1023,1023,1023,1023,1023,1023,1023
384,384,384,384,384,384,384,384,384,384,384
79,81,81,82,83,83,84,84,85,85,86
906,906,906,906,906,906,906,906,906,906,906
700,700,699,698,697,696,695,694,694,693,692
0,0,0,0,0,0,0,0,0,0,0
639,641,642,643,644,645,646,647,647,648,649
944,944,944,944,944,944,944,944,944,944,944
117,117,117,116,116,115,114,114,113,112,112
323,323,323,323,323,323,323,323,323,323,323
1022,1023,1023,1023,1023,1023,1023,1023,1023,1023,1023
384,384,384,384,384,384,384,384,384,384,384
79,81,81,82,82,83,83,84,84,85,85
906,906,906,906,906,906,906,906,906,906,906
700,700,699,699,698,697,696,695,694,693,692
1,1,1,1,1,1,1,1,1,1,1
638,640,641,642,643,644,645,646,647,648,649
944,944,944,944,944,944,944,944,944,944,944
117,118,117,117,116,115,115,114,113,113,112
322,322,322,322,322,322,322,322,322,322,322
1022,1023,1023,1023,1023,1023,1023,1023,1023,1023,1023
385,385,385,385,385,385,385,385,385,385,385
79,80,81,81,82,82,83,83,84,84,85
905,905,905,905,905,905,905,905,905,905,905
701,701,700,699,698,697,696,696,695,694,693
1,1,1,1,1,1,1,1,1,1,1
638,640,641,642,643,644,644,645,646,647,648
944,944,944,944,944,944,944,944,944,944,944
118,118,117,117,116,116,115,114,114,113,113
322,322,322,322,322,322,322,322,322,322,322
1022,1023,1023,1023,1023,1023,1023,1023,1023,1023,1023
385,385,385,385,385,385,385,385,385,385,385
78,80,81,81,82,82,83,83,84,84,85
905,905,905,905,905,905,905,905,905,905,905
701,701,701,700,699,698,697,696,695,694,693
1,1,1,1,1,1,1,1,1,1,1
637,639,640,641,642,643,644,645,646,647,648
945,945,945,945,945,945,945,945,945,945,945
118,118,118,117,117,116,115,115,114,114,113
321,321,321,321,321,321,321,321,321,321,321
1022,1023,1023,1023,1023,1023,1023,1023,1023,1023,1023
386,386,386,386,386,386,386,386,386,386,386
78,80,80,81,81,82,82,83,83,84,84
905,905,905,905,905,905,905,905,905,905,905
702,702,701,700,699,698,698,697,696,695,694
1,1,1,1,1,1,1,1,1,1,1
637,639,640,641,641,642,643,644,645,646,647
945,945,945,945,945,945,945,945,945,945,945
118,119,118,118,117,116,116,115,115,114,113
321,321,321,321,321,321,321,321,321,321,321
1022,1023,1023,1023,1023,1023,1023,1023,1023,1023,1023
387,387,387,387,387,387,387,387,387,387,387
78,79,80,80,81,81,82,82,83,84,84
904,904,904,904,904,904,904,904,904,904,904
702,703,702,701,700,699,698,697,696,695,694
1,1,1,1,1,1,1,1,1,1,1
636,638,639,640,641,642,643,644,645,646,646
945,945,945,945,945,945,945,945,945,945,945
119,119,119,118,117,117,116,116,115,114,114
320,320,320,320,320,320,320,320,320,320,320
1022,1023,1023,1023,1023,1023,1023,1023,1023,1023,1023
387,387,387,387,387,387,387,387,387,387,387
78,79,80,80,81,81,82,82,83,83,84
904,904,904,904,904,904,904,904,904,904,904
703,703,702,701,700,700,699,698,697,696,695
1,1,1,1,1,1,1,1,1,1,1
636,637,638,639,640,641,642,643,644,645,646
946,946,946,946,946,946,946,946,946,946,946
119,120,119,118,118,117,117,116,115,115,114
320,320,320,320,320,320,320,320,320,320,320
1022,1023,1023,1023,1023,1023,1023,1023,1023,1023,1023
388,388,388,388,388,388,388,388,388,388,388
77,79,79,80,80,81,81,82,82,83,83
904,904,904,904,904,904,904,904,904,904,904
704,704,703,702,701,700,699,698,697,696,696
1,1,1,1,1,1,1,1,1,1,1
635,637,638,639,640,641,642,643,643,644,645
946,946,946,946,946,946,946,946,946,946,946
120,120,119,119,118,118,117,116,116,115,114
319,319,319,319,319,319,319,319,319,319,319
1022,1023,1023,1023,1023,1023,1023,1023,1023,1023,1023
388,388,388,388,388,388,388,388,388,388,388
77,78,79,79,80,80,81,82,82,83,83
903,903,903,903,903,903,903,903,903,903,903
704,704,703,702,702,701,700,699,698,697,696
1,1,1,1,1,1,1,1,1,1,1
634,636,637,638,639,640,641,642,643,644,645
946,946,946,946,946,946,946,946,946,946,946
120,120,120,119,119,118,117,117,116,115,115
319,319,319,319,319,319,319,319,319,319,319
1022,1023,1023,1023,1023,1023,1023,1023,1023,1023,1023
389,389,389,389,389,389,389,389,389,389,389
77,78,79,79,80,80,81,81,82,82,83
903,903,903,903,903,903,903,903,903,903,903
705,705,704,703,702,701,700,699,698,698,697
1,1,1,1,1,1,1,1,1,1,1
634,636,637,638,639,640,640,641,642,643,644
947,947,947,947,947,947,947,947,947,947,947
120,121,120,120,119,118,118,117,116,116,115
318,318,318,318,318,318,318,318,318,318,318
1022,1023,1023,1023,1023,1023,1023,1023,1023,1023,1023
389,389,389,389,389,389,389,389,389,389,389
76,78,78,79,79,80,80,81,81,82,82
902,902,902,902,902,902,902,902,902,902,902
705,705,704,703,703,702,701,700,699,698,697
1,1,1,1,1,1,1,1,1,1,1
633,635,636,637,638,639,640,641,642,643,644
947,947,947,947,947,947,947,947,947,947,947
121,121,121,120,119,119,118,117,117,116,116
318,318,318,318,318,318,318,318,318,318,318
1022,1023,1023,1023,1023,1023,1023,1023,1023,1023,1023
390,390,390,390,390,390,390,390,390,390,390
76,77,78,79,79,80,80,81,81,82,82
902,902,902,902,902,902,902,902,902,902,902
706,706,705,704,703,702,701,700,700,699,698
1,1,1,1,1,1,1,1,1,1,1
633,635,636,637,637,638,639,640,641,642,643
947,947,947,947,947,947,947,947,947,947,947
121,122,121,120,120,119,118,118,117,117,116
317,317,317,317,317,317,317,317,317,317,317
1022,1023,1023,1023,1023,1023,1023,1023,1023,1023,1023
391,391,391,391,391,391,391,391,391,391,391
76,77,78,78,79,79,80,80,81,81,82
902,902,902,902,902,902,902,902,902,902,902
706,706,705,705,704,703,702,701,700,699,698
1,1,1,1,1,1,1,1,1,1,1
632,634,635,636,637,638,639,640,641,642,642
947,947,947,947,947,947,947,947,947,947,947
122,122,121,121,120,119,119,118,118,117,116
316,316,316,316,316,316,316,316,316,316,316
1022,1023,1023,1023,1023,1023,1023,1023,1023,1023,1023
391,391,391,391,391,391,391,391,391,391,391
75,77,77,78,78,79,79,80,80,81,81
901,901,901,901,901,901,901,901,901,901,901
707,707,706,705,704,703,702,702,701,700,699
1,1,1,1,1,1,1,1,1,1,1
632,633,634,635,636,637,638,639,640,641,642
948,948,948,948,948,948,948,948,948,948,948
122,122,122,121,120,120,119,119,118,117,117
316,316,316,316,316,316,316,316,316,316,316
1022,1023,1023,1023,1023,1023,1023,1023,1023,1023,1023
392,392,392,392,392,392,392,392,392,392,392
75,77,77,78,78,79,79,80,80,81,81
901,901,901,901,901,901,901,901,901,901,901
707,707,707,706,705,704,703,702,701,700,699
1,1,1,1,1,1,1,1,1,1,1
631,633,634,635,636,637,638,639,639,640,641
948,948,948,948,948,948,948,948,948,948,948
122,123,122,121,121,120,120,119,118,118,117
315,315,315,315,315,315,315,315,315,315,315
1022,1023,1023,1023,1023,1023,1023,1023,1023,1023,1023
392,392,392,392,392,392,392,392,392,392,392
75,76,77,77,78,78,79,79,80,80,81
901,901,901,901,901,901,901,901,901,901,901
708,708,707,706,705,704,704,703,702,701,700
1,1,1,1,1,1,1,1,1,1,1
630,632,633,634,635,636,637,638,639,640,641
948,948,948,948,948,948,948,948,948,948,948
123,123,122,122,121,121,120,119,119,118,117
315,315,315,315,315,315,315,315,315,315,315
1022,1023,1023,1023,1023,1023,1023,1023,1023,1023,1023
393,393,393,393,393,393,393,393,393,393,393
74,76,76,77,77,78,78,79,80,80,81
900,900,900,900,900,900,900,900,900,900,900
708,709,708,707,706,705,704,703,702,701,701
1,1,1,1,1,1,1,1,1,1,1
630,632,633,634,635,636,636,637,638,639,640
949,949,949,949,949,949,949,949,949,949,949
123,123,123,122,122,121,120,120,119,118,118
314,314,314,314,314,314,314,314,314,314,314
1022,1023,1023,1023,1023,1023,1023,1023,1023,1023,1023
393,393,393,393,393,393,393,393,393,393,393
74,76,76,77,77,78,78,79,79,80,80
900,900,900,900,900,900,900,900,900,900,900
709,709,708,707,706,706,705,704,703,702,701
1,1,1,1,1,1,1,1,1,1,1
629,631,632,633,634,635,636,637,638,639,640
949,949,949,949,949,949,949,949,949,949,949
123,124,123,123,122,121,121,120,119,119,118
314,314,314,314,314,314,314,314,314,314,314
1022,1023,1023,1023,1023,1023,1023,1023,1023,1023,1023
394,394,394,394,394,394,394,394,394,394,394
74,75,76,76,77,77,78,78,79,79,80
899,899,899,899,899,899,899,899,899,899,899
710,710,709,708,707,706,705,704,703,702,702
1,1,1,1,1,1,1,1,1,1,1
629,631,632,633,633,634,635,636,637,638,639
949,949,949,949,949,949,949,949,949,949,949
124,124,124,123,122,122,121,120,120,119,119
313,313,313,313,313,313,313,313,313,313,313
1022,1023,1023,1023,1023,1023,1023,1023,1023,1023,1023
395,395,395,395,395,395,395,395,395,395,395
74,75,76,76,77,77,78,78,79,79,80
899,899,899,899,899,899,899,899,899,899,899
710,710,709,708,708,707,706,705,704,703,702
1,1,1,1,1,1,1,1,1,1,1
628,630,631,632,633,634,635,636,637,638,638
950,950,950,950,950,950,950,950,950,950,950
124,125,124,123,123,122,121,121,120,120,119
313,313,313,313,313,313,313,313,313,313,313
1022,1023,1023,1023,1023,1023,1023,1023,1023,1023,1023
395,395,395,395,395,395,395,395,395,395,395
73,75,75,76,76,77,77,78,78,79,79
899,899,899,899,899,899,899,899,899,899,899
711,711,710,709,708,707,706,705,704,704,703
1,1,1,1,1,1,1,1,1,1,1
628,629,630,631,632,633,634,635,636,637,638
950,950,950,950,950,950,950,950,950,950,950
125,125,124,124,123,122,122,121,121,120,119
312,312,312,312,312,312,312,312,312,312,312
1022,1023,1023,1023,1023,1023,1023,1023,1023,1023,1023
396,396,396,396,396,396,396,396,396,396,396
73,74,75,75,76,76,77,77,78,78,79
898,898,898,898,898,898,898,898,898,898,898
711,711,710,709,709,708,707,706,705,704,703
1,1,1,1,1,1,1,1,1,1,1
627,629,630,631,632,633,634,635,635,636,637
950,950,950,950,950,950,950,950,950,950,950
125,125,125,124,123,123,122,122,121,120,120
312,312,312,312,312,312,312,312,312,312,312
1022,1023,1023,1023,1023,1023,1023,1023,1023,1023,1023
396,396,396,396,396,396,396,396,396,396,396
73,74,75,75,76,76,77,77,78,78,79
898,898,898,898,898,898,898,898,898,898,898
712,712,711,710,709,708,707,706,706,705,704
1,1,1,1,1,1,1,1,1,1,1
626,628,629,630,631,632,633,634,635,636,637
951,951,951,951,951,951,951,951,951,951,951
125,126,125,124,124,123,123,122,121,121,120
311,311,311,311,311,311,311,311,311,311,311
1022,1023,1023,1023,1023,1023,1023,1023,1023,1023,1023
397,397,397,397,397,397,397,397,397,397,397
72,74,74,75,75,76,76,77,77,78,78
897,897,897,897,897,897,897,897,897,897,897
712,712,711,711,710,709,708,707,706,705,704
2,2,2,2,2,2,2,2,2,2,2
626,628,629,630,631,632,632,633,634,635,636
951,951,951,951,951,951,951,951,951,951,951
126,126,125,125,124,124,123,122,122,121,120
310,310,310,310,310,310,310,310,310,310,310
1021,1023,1023,1023,1023,1023,1023,1023,1023,1023,1023
397,397,397,397,397,397,397,397,397,397,397
72,73,74,74,75,75,76,77,77,78,78
897,897,897,897,897,897,897,897,897,897,897
713,713,712,711,710,709,708,708,707,706,705
2,2,2,2,2,2,2,2,2,2,2
625,627,628,629,630,631,632,633,634,635,636
951,951,951,951,951,951,951,951,951,951,951
126,126,126,125,125,124,123,123,122,121,121
310,310,310,310,310,310,310,310,310,310,310
1021,1022,1023,1023,1023,1023,1023,1023,1023,1023,1023
398,398,398,398,398,398,398,398,398,398,398
72,73,74,74,75,75,76,76,77,77,78
897,897,897,897,897,897,897,897,897,897,897
713,713,713,712,711,710,709,708,707,706,705
2,2,2,2,2,2,2,2,2,2,2
625,627,628,628,629,630,631,632,633,634,635
951,951,951,951,951,951,951,951,951,951,951
127,127,126,126,125,124,124,123,122,122,121
309,309,309,309,309,309,309,309,309,309,309
1021,1022,1023,1023,1023,1023,1023,1023,1023,1023,1023
399,399,399,399,399,399,399,399,399,399,399
71,73,73,74,74,75,75,76,76,77,77
896,896,896,896,896,896,896,896,896,896,896
714,714,713,712,711,710,710,709,708,707,706
2,2,2,2,2,2,2,2,2,2,2
624,626,627,628,629,630,631,632,633,634,634
952,952,952,952,952,952,952,952,952,952,952
127,127,127,126,125,125,124,123,123,122,122
309,309,309,309,309,309,309,309,309,309,309
1021,1022,1022,1023,1023,1023,1023,1023,1023,1023,1023
399,399,399,399,399,399,399,399,399,399,399
71,73,73,74,74,75,75,76,76,77,77
896,896,896,896,896,896,896,896,896,896,896
714,715,714,713,712,711,710,709,708,707,707
2,2,2,2,2,2,2,2,2,2,2
624,625,626,627,628,629,630,631,632,633,634
952,952,952,952,952,952,952,952,952,952,952
127,128,127,126,126,125,124,124,123,123,122
308,308,308,308,308,308,308,308,308,308,308
1021,1022,1022,1023,1023,1023,1023,1023,1023,1023,1023
400,400,400,400,400,400,400,400,400,400,400
71,72,73,73,74,74,75,75,76,76,77
896,896,896,896,896,896,896,896,896,896,896
715,715,714,713,712,712,711,710,709,708,707
2,2,2,2,2,2,2,2,2,2,2
623,625,626,627,628,629,630,631,631,632,633
952,952,952,952,952,952,952,952,952,952,952
128,128,127,127,126,126,125,124,124,123,122
308,308,308,308,308,308,308,308,308,308,308
1021,1022,1022,1022,1023,1023,1023,1023,1023,1023,1023
400,400,400,400,400,400,400,400,400,400,400
70,72,72,73,73,74,74,75,75,76,76
895,895,895,895,895,895,895,895,895,895,895
715,716,715,714,713,712,711,710,709,709,708
2,2,2,2,2,2,2,2,2,2,2
622,624,625,626,627,628,629,630,631,632,633
953,953,953,953,953,953,953,953,953,953,953
128,128,128,127,127,126,125,125,124,123,123
307,307,307,307,307,307,307,307,307,307,307
1021,1022,1022,1022,1022,1023,1023,1023,1023,1023,1023
401,401,401,401,401,401,401,401,401,401,401
70,72,72,73,73,74,74,75,75,76,76
895,895,895,895,895,895,895,895,895,895,895
716,716,715,714,713,713,712,711,710,709,708
2,2,2,2,2,2,2,2,2,2,2
622,624,625,626,627,628,628,629,630,631,632
953,953,953,953,953,953,953,953,953,953,953
128,129,128,128,127,126,126,125,124,124,123
307,307,307,307,307,307,307,307,307,307,307
1021,1022,1022,1022,1022,1023,1023,1023,1023,1023,1023
401,401,401,401,401,401,401,401,401,401,401
70,71,72,72,73,73,74,74,75,75,76
894,894,894,894,894,894,894,894,894,894,894
717,717,716,715,714,713,712,711,710,710,709
2,2,2,2,2,2,2,2,2,2,2
621,623,624,625,626,627,628,629,630,631,632
953,953,953,953,953,953,953,953,953,953,953
129,129,129,128,127,127,126,125,125,124,124
306,306,306,306,306,306,306,306,306,306,306
1021,1022,1022,1022,1022,1022,1023,1023,1023,1023,1023
402,402,402,402,402,402,402,402,402,402,402
70,71,72,72,73,73,74,74,75,75,76
894,894,894,894,894,894,894,894,894,894,894
717,717,716,715,715,714,713,712,711,710,709
2,2,2,2,2,2,2,2,2,2,2
621,623,624,624,625,626,627,628,629,630,631
954,954,954,954,954,954,954,954,954,954,954
129,130,129,128,128,127,126,126,125,125,124
306,306,306,306,306,306,306,306,306,306,306
1021,1022,1022,1022,1022,1022,1022,1023,1023,1023,1023
403,403,403,403,403,403,403,403,403,403,403
69,71,71,72,72,73,73,74,74,75,75
894,894,894,894,894,894,894,894,894,894,894
718,718,717,716,715,714,713,712,712,711,710
2,2,2,2,2,2,2,2,2,2,2
620,622,623,624,625,626,627,628,629,630,630
954,954,954,954,954,954,954,954,954,954,954
130,130,129,129,128,127,127,126,126,125,124
305,305,305,305,305,305,305,305,305,305,305
1021,1022,1022,1022,1022,1022,1022,1023,1023,1023,1023
403,403,403,403,403,403,403,403,403,403,403
69,70,71,71,72,72,73,73,74,74,75
893,893,893,893,893,893,893,893,893,893,893
718,718,717,717,716,715,714,713,712,711,710
2,2,2,2,2,2,2,2,2,2,2
619,621,622,623,624,625,626,627,628,629,630
954,954,954,954,954,954,954,954,954,954,954
130,130,130,129,128,128,127,127,126,125,125
305,305,305,305,305,305,305,305,305,305,305
1021,1022,1022,1022,1022,1022,1022,1022,1023,1023,1023
404,404,404,404,404,404,404,404,404,404,404
69,70,71,71,72,72,73,73,74,74,75
893,893,893,893,893,893,893,893,893,893,893
719,719,718,717,716,715,714,714,713,712,711
2,2,2,2,2,2,2,2,2,2,2
619,621,622,623,624,625,626,627,627,628,629
954,954,954,954,954,954,954,954,954,954,954
130,131,130,129,129,128,128,127,126,126,125
304,304,304,304,304,304,304,304,304,304,304
1021,1022,1022,1022,1022,1022,1022,1022,1023,1023,1023
404,404,404,404,404,404,404,404,404,404,404
68,70,70,71,71,72,72,73,73,74,74
892,892,892,892,892,892,892,892,892,892,892
719,719,719,718,717,716,715,714,713,712,711
2,2,2,2,2,2,2,2,2,2,2
618,620,621,622,623,624,625,626,627,628,629
955,955,955,955,955,955,955,955,955,955,955
131,131,131,130,129,129,128,127,127,126,125
303,303,303,303,303,303,303,303,303,303,303
1021,1022,1022,1022,1022,1022,1022,1022,1022,1023,1023
405,405,405,405,405,405,405,405,405,405,405
68,70,70,71,71,72,72,73,73,74,74
892,892,892,892,892,892,892,892,892,892,892
720,720,719,718,717,716,716,715,714,713,712
2,2,2,2,2,2,2,2,2,2,2
618,620,621,622,623,623,624,625,626,627,628
955,955,955,955,955,955,955,955,955,955,955
131,132,131,130,130,129,128,128,127,126,126
303,303,303,303,303,303,303,303,303,303,303
1021,1022,1022,1022,1022,1022,1022,1022,1022,1022,1023
406,406,406,406,406,406,406,406,406,406,406
68,69,70,70,71,71,72,72,73,73,74
892,892,892,892,892,892,892,892,892,892,892
720,720,720,719,718,717,716,715,714,713,712
2,2,2,2,2,2,2,2,2,2,2
617,619,620,621,622,623,624,625,626,627,628
955,955,955,955,955,955,955,955,955,955,955
132,132,131,131,130,129,129,128,127,127,126
302,302,302,302,302,302,302,302,302,302,302
1021,1022,1022,1022,1022,1022,1022,1022,1022,1022,1023
406,406,406,406,406,406,406,406,406,406,406
68,69,69,70,70,71,71,72,72,73,73
891,891,891,891,891,891,891,891,891,891,891
721,721,720,719,718,717,717,716,715,714,713
2,2,2,2,2,2,2,2,2,2,2
617,619,620,620,621,622,623,624,625,626,627
956,956,956,956,956,956,956,956,956,956,956
132,132,132,131,130,130,129,128,128,127,127
302,302,302,302,302,302,302,302,302,302,302
1021,1022,1022,1022,1022,1022,1022,1022,1022,1022,1022
407,407,407,407,407,407,407,407,407,407,407
67,69,69,70,70,71,71,72,72,73,73
891,891,891,891,891,891,891,891,891,891,891
721,722,721,720,719,718,717,716,715,714,714
3,3,3,3,3,3,3,3,3,3,3
616,618,619,620,621,622,623,624,625,626,626
956,956,956,956,956,956,956,956,956,956,956
132,133,132,131,131,130,130,129,128,128,127
301,301,301,301,301,301,301,301,301,301,301
1020,1022,1022,1022,1022,1022,1022,1022,1022,1022,1022
407,407,407,407,407,407,407,407,407,407,407
67,68,69,69,70,70,71,71,72,72,73
890,890,890,890,890,890,890,890,890,890,890
722,722,721,720,719,719,718,717,716,715,714
3,3,3,3,3,3,3,3,3,3,3
615,617,618,619,620,621,622,623,624,625,626
956,956,956,956,956,956,956,956,956,956,956
133,133,132,132,131,131,130,129,129,128,127
301,301,301,301,301,301,301,301,301,301,301
1020,1022,1022,1022,1022,1022,1022,1022,1022,1022,1022
408,408,408,408,408,408,408,408,408,408,408
67,68,69,69,70,70,71,71,72,72,73
890,890,890,890,890,890,890,890,890,890,890
722,723,722,721,720,719,718,717,716,716,715
3,3,3,3,3,3,3,3,3,3,3
615,617,618,619,620,621,622,622,623,624,625
956,956,956,956,956,956,956,956,956,956,956
133,134,133,132,132,131,130,130,129,128,128
300,300,300,300,300,300,300,300,300,300,300
1020,1021,1022,1022,1022,1022,1022,1022,1022,1022,1022
408,408,408,408,408,408,408,408,408,408,408
66,68,68,69,69,70,70,71,71,72,72
890,890,890,890,890,890,890,890,890,890,890
723,723,722,721,721,720,719,718,717,716,715
3,3,3,3,3,3,3,3,3,3,3
614,616,617,618,619,620,621,622,623,624,625
957,957,957,957,957,957,957,957,957,957,957
134,134,133,133,132,131,131,130,129,129,128
300,300,300,300,300,300,300,300,300,300,300
1020,1021,1021,1022,1022,1022,1022,1022,1022,1022,1022
409,409,409,409,409,409,409,409,409,409,409
66,68,68,69,69,69,70,70,71,71,72
889,889,889,889,889,889,889,889,889,889,889
724,724,723,722,721,720,719,718,718,717,716
3,3,3,3,3,3,3,3,3,3,3
614,616,617,618,619,619,620,621,622,623,624
957,957,957,957,957,957,957,957,957,957,957
134,134,134,133,132,132,131,130,130,129,129
299,299,299,299,299,299,299,299,299,299,299
1020,1021,1021,1022,1022,1022,1022,1022,1022,1022,1022
410,410,410,410,410,410,410,410,410,410,410
66,67,68,68,69,69,70,70,71,71,72
889,889,889,889,889,889,889,889,889,889,889
724,724,723,722,722,721,720,719,718,717,716
3,3,3,3,3,3,3,3,3,3,3
613,615,616,617,618,619,620,621,622,623,624
957,957,957,957,957,957,957,957,957,957,957
134,135,134,133,133,132,131,131,130,130,129
299,299,299,299,299,299,299,299,299,299,299
1020,1021,1021,1021,1022,1022,1022,1022,1022,1022,1022
410,410,410,410,410,410,410,410,410,410,410
65,67,67,68,68,69,69,70,70,71,71
888,888,888,888,888,888,888,888,888,888,888
725,725,724,723,722,721,720,719,719,718,717
3,3,3,3,3,3,3,3,3,3,3
613,615,615,616,617,618,619,620,621,622,623
958,958,958,958,958,958,958,958,958,958,958
135,135,134,134,133,133,132,131,131,130,129
298,298,298,298,298,298,298,298,298,298,298
1020,1021,1021,1021,1021,1022,1022,1022,1022,1022,1022
411,411,411,411,411,411,411,411,411,411,411
65,67,67,68,68,69,69,70,70,71,71
888,888,888,888,888,888,888,888,888,888,888
725,725,724,724,723,722,721,720,719,718,717
3,3,3,3,3,3,3,3,3,3,3
612,614,615,616,617,618,619,620,621,622,622
958,958,958,958,958,958,958,958,958,958,958
135,136,135,134,134,133,132,132,131,130,130
298,298,298,298,298,298,298,298,298,298,298
1020,1021,1021,1021,1021,1022,1022,1022,1022,1022,1022
411,411,411,411,411,411,411,411,411,411,411
65,66,67,67,68,68,69,69,70,70,71
888,888,888,888,888,888,888,888,888,888,888
726,726,725,724,723,722,721,721,720,719,718
3,3,3,3,3,3,3,3,3,3,3
611,613,614,615,616,617,618,619,620,621,622
958,958,958,958,958,958,958,958,958,958,958
136,136,135,135,134,133,133,132,131,131,130
297,297,297,297,297,297,297,297,297,297,297
1020,1021,1021,1021,1021,1021,1022,1022,1022,1022,1022
412,412,412,412,412,412,412,412,412,412,412
65,66,67,67,68,68,68,69,69,70,70
887,887,887,887,887,887,887,887,887,887,887
726,726,725,725,724,723,722,721,720,719,718
3,3,3,3,3,3,3,3,3,3,3
611,613,614,615,616,617,618,618,619,620,621
959,959,959,959,959,959,959,959,959,959,959
136,136,136,135,134,134,133,132,132,131,130
296,296,296,296,296,296,296,296,296,296,296
1020,1021,1021,1021,1021,1021,1022,1022,1022,1022,1022
412,412,412,412,412,412,412,412,412,412,412
64,66,66,67,67,68,68,69,69,70,70
887,887,887,887,887,887,887,887,887,887,887
727,727,726,725,724,723,723,722,721,720,719
3,3,3,3,3,3,3,3,3,3,3
610,612,613,614,615,616,617,618,619,620,621
959,959,959,959,959,959,959,959,959,959,959
136,137,136,135,135,134,133,133,132,132,131
296,296,296,296,296,296,296,296,296,296,296
1020,1021,1021,1021,1021,1021,1021,1022,1022,1022,1022
413,413,413,413,413,413,413,413,413,413,413
64,66,66,66,67,67,68,68,69,69,70
886,886,886,886,886,886,886,886,886,886,886
727,727,727,726,725,724,723,722,721,720,720
3,3,3,3,3,3,3,3,3,3,3
610,612,613,614,614,615,616,617,618,619,620
959,959,959,959,959,959,959,959,959,959,959
137,137,136,136,135,135,134,133,133,132,131
295,295,295,295,295,295,295,295,295,295,295
1020,1021,1021,1021,1021,1021,1021,1021,1022,1022,1022
414,414,414,414,414,414,414,414,414,414,414
64,65,66,66,67,67,68,68,69,69,70
886,886,886,886,886,886,886,886,886,886,886
728,728,727,726,725,724,724,723,722,721,720
3,3,3,3,3,3,3,3,3,3,3
609,611,612,613,614,615,616,617,618,619,620
959,959,959,959,959,959,959,959,959,959,959
137,138,137,136,136,135,134,134,133,132,132
295,295,295,295,295,295,295,295,295,295,295
1020,1021,1021,1021,1021,1021,1021,1021,1022,1022,1022
414,414,414,414,414,414,414,414,414,414,414
63,65,65,66,66,67,67,68,68,69,69
886,886,886,886,886,886,886,886,886,886,886
728,729,728,727,726,725,724,723,722,721,721
3,3,3,3,3,3,3,3,3,3,3
609,610,611,612,613,614,615,616,617,618,619
960,960,960,960,960,960,960,960,960,960,960
138,138,137,137,136,135,135,134,133,133,132
294,294,294,294,294,294,294,294,294,294,294
1020,1021,1021,1021,1021,1021,1021,1021,1021,1022,1022
415,415,415,415,415,415,415,415,415,415,415
63,65,65,66,66,67,67,68,68,68,69
885,885,885,885,885,885,885,885,885,885,885
729,729,728,727,726,726,725,724,723,722,721
3,3,3,3,3,3,3,3,3,3,3
608,610,611,612,613,614,615,616,617,617,618
960,960,960,960,960,960,960,960,960,960,960
138,138,138,137,136,136,135,134,134,133,132
294,294,294,294,294,294,294,294,294,294,294
1019,1021,1021,1021,1021,1021,1021,1021,1021,1022,1022
415,415,415,415,415,415,415,415,415,415,415
63,64,65,65,66,66,67,67,68,68,69
885,885,885,885,885,885,885,885,885,885,885
729,730,729,728,727,726,725,724,723,723,722
4,4,4,4,4,4,4,4,4,4,4
607,609,610,611,612,613,614,615,616,617,618
960,960,960,960,960,960,960,960,960,960,960
138,139,138,137,137,136,135,135,134,133,133
293,293,293,293,293,293,293,293,293,293,293
1019,1021,1021,1021,1021,1021,1021,1021,1021,1021,1022
416,416,416,416,416,416,416,416,416,416,416
63,64,65,65,66,66,66,67,67,68,68
884,884,884,884,884,884,884,884,884,884,884
730,730,729,728,727,727,726,725,724,723,722
4,4,4,4,4,4,4,4,4,4,4
607,609,610,611,612,613,613,614,615,616,617
961,961,961,961,961,961,961,961,961,961,961
139,139,138,138,137,137,136,135,135,134,133
293,293,293,293,293,293,293,293,293,293,293
1019,1020,1021,1021,1021,1021,1021,1021,1021,1021,1021
416,416,416,416,416,416,416,416,416,416,416
62,64,64,65,65,66,66,67,67,68,68
884,884,884,884,884,884,884,884,884,884,884
731,731,730,729,728,727,726,725,725,724,723
4,4,4,4,4,4,4,4,4,4,4
606,608,609,610,611,612,613,614,615,616,617
961,961,961,961,961,961,961,961,961,961,961
139,140,139,138,138,137,136,136,135,134,134
292,292,292,292,292,292,292,292,292,292,292
1019,1020,1021,1021,1021,1021,1021,1021,1021,1021,1021
417,417,417,417,417,417,417,417,417,417,417
62,64,64,64,65,65,66,66,67,67,68
884,884,884,884,884,884,884,884,884,884,884
731,731,730,729,729,728,727,726,725,724,723
4,4,4,4,4,4,4,4,4,4,4
606,608,609,609,610,611,612,613,614,615,616
961,961,961,961,961,961,961,961,961,961,961
140,140,139,139,138,137,137,136,135,135,134
292,292,292,292,292,292,292,292,292,292,292
1019,1020,1020,1021,1021,1021,1021,1021,1021,1021,1021
418,418,418,418,418,418,418,418,418,418,418
62,63,64,64,65,65,66,66,67,67,67
883,883,883,883,883,883,883,883,883,883,883
732,732,731,730,729,728,727,726,726,725,724
4,4,4,4,4,4,4,4,4,4,4
605,607,608,609,610,611,612,613,614,615,616
961,961,961,961,961,961,961,961,961,961,961
140,140,140,139,138,138,137,136,136,135,134
291,291,291,291,291,291,291,291,291,291,291
1019,1020,1020,1020,1021,1021,1021,1021,1021,1021,1021
418,418,418,418,418,418,418,418,418,418,418
62,63,63,64,64,65,65,66,66,67,67
883,883,883,883,883,883,883,883,883,883,883
732,732,731,730,730,729,728,727,726,725,724
4,4,4,4,4,4,4,4,4,4,4
604,606,607,608,609,610,611,612,613,614,615
962,962,962,962,962,962,962,962,962,962,962
140,141,140,139,139,138,137,137,136,135,135
291,291,291,291,291,291,291,291,291,291,291
1019,1020,1020,1020,1021,1021,1021,1021,1021,1021,1021
419,419,419,419,419,419,419,419,419,419,419
61,63,63,64,64,65,65,65,66,66,67
882,882,882,882,882,882,882,882,882,882,882
733,733,732,731,730,729,728,728,727,726,725
4,4,4,4,4,4,4,4,4,4,4
604,606,607,608,609,610,611,612,612,613,614
962,962,962,962,962,962,962,962,962,962,962
141,141,140,140,139,139,138,137,137,136,135
290,290,290,290,290,290,290,290,290,290,290
1019,1020,1020,1020,1020,1021,1021,1021,1021,1021,1021
419,419,419,419,419,419,419,419,419,419,419
61,62,63,63,64,64,65,65,66,66,67
882,882,882,882,882,882,882,882,882,882,882
733,733,732,732,731,730,729,728,727,726,725
4,4,4,4,4,4,4,4,4,4,4
603,605,606,607,608,609,610,611,612,613,614
962,962,962,962,962,962,962,962,962,962,962
141,142,141,140,140,139,138,138,137,136,136
290,290,290,290,290,290,290,290,290,290,290
1019,1020,1020,1020,1020,1021,1021,1021,1021,1021,1021
420,420,420,420,420,420,420,420,420,420,420
61,62,63,63,64,64,64,65,65,66,66
882,882,882,882,882,882,882,882,882,882,882
734,734,733,732,731,730,729,729,728,727,726
4,4,4,4,4,4,4,4,4,4,4
603,605,606,607,608,608,609,610,611,612,613
962,962,962,962,962,962,962,962,962,962,962
142,142,141,141,140,139,139,138,137,137,136
289,289,289,289,289,289,289,289,289,289,289
1019,1020,1020,1020,1020,1020,1021,1021,1021,1021,1021
421,421,421,421,421,421,421,421,421,421,421
60,62,62,63,63,64,64,65,65,66,66
881,881,881,881,881,881,881,881,881,881,881
734,734,733,733,732,731,730,729,728,727,727
4,4,4,4,4,4,4,4,4,4,4
602,604,605,606,607,608,609,610,611,612,613
963,963,963,963,963,963,963,963,963,963,963
142,142,142,141,140,140,139,138,138,137,136
289,289,289,289,289,289,289,289,289,289,289
1019,1020,1020,1020,1020,1020,1020,1021,1021,1021,1021
421,421,421,421,421,421,421,421,421,421,421
60,62,62,62,63,63,64,64,65,65,66
881,881,881,881,881,881,881,881,881,881,881
735,735,734,733,732,731,731,730,729,728,727
4,4,4,4,4,4,4,4,4,4,4
602,604,604,605,606,607,608,609,610,611,612
963,963,963,963,963,963,963,963,963,963,963
142,143,142,141,141,140,139,139,138,137,137
288,288,288,288,288,288,288,288,288,288,288
1019,1020,1020,1020,1020,1020,1020,1021,1021,1021,1021
422,422,422,422,422,422,422,422,422,422,422
60,61,62,62,63,63,64,64,65,65,65
880,880,880,880,880,880,880,880,880,880,880
735,735,735,734,733,732,731,730,729,728,728
4,4,4,4,4,4,4,4,4,4,4
601,603,604,605,606,607,608,609,610,611,611
963,963,963,963,963,963,963,963,963,963,963
143,143,143,142,141,141,140,139,139,138,137
287,287,287,287,287,287,287,287,287,287,287
1019,1020,1020,1020,1020,1020,1020,1020,1021,1021,1021
422,422,422,422,422,422,422,422,422,422,422
60,61,61,62,62,63,63,64,64,65,65
880,880,880,880,880,880,880,880,880,880,880
736,736,735,734,733,732,732,731,730,729,728
4,4,4,4,4,4,4,4,4,4,4
600,602,603,604,605,606,607,608,609,610,611
964,964,964,964,964,964,964,964,964,964,964
143,144,143,142,142,141,140,140,139,138,138
287,287,287,287,287,287,287,287,287,287,287
1018,1020,1020,1020,1020,1020,1020,1020,1021,1021,1021
423,423,423,423,423,423,423,423,423,423,423
59,61,61,62,62,63,63,63,64,64,65
880,880,880,880,880,880,880,880,880,880,880
736,736,736,735,734,733,732,731,730,730,729
5,5,5,5,5,5,5,5,5,5,5
600,602,603,604,605,606,607,607,608,609,610
964,964,964,964,964,964,964,964,964,964,964
144,144,143,143,142,141,141,140,139,139,138
286,286,286,286,286,286,286,286,286,286,286
1018,1020,1020,1020,1020,1020,1020,1020,1020,1021,1021
423,423,423,423,423,423,423,423,423,423,423
59,60,61,61,62,62,63,63,64,64,65
879,879,879,879,879,879,879,879,879,879,879
737,737,736,735,734,734,733,732,731,730,729
5,5,5,5,5,5,5,5,5,5,5
599,601,602,603,604,605,606,607,608,609,610
964,964,964,964,964,964,964,964,964,964,964
144,144,144,143,142,142,141,140,140,139,138
286,286,286,286,286,286,286,286,286,286,286
1018,1019,1020,1020,1020,1020,1020,1020,1020,1020,1021
424,424,424,424,424,424,424,424,424,424,424
59,60,61,61,62,62,62,63,63,64,64
879,879,879,879,879,879,879,879,879,879,879
737,738,737,736,735,734,733,732,731,731,730
5,5,5,5,5,5,5,5,5,5,5
599,601,602,603,603,604,605,606,607,608,609
964,964,964,964,964,964,964,964,964,964,964
144,145,144,143,143,142,141,141,140,139,139
285,285,285,285,285,285,285,285,285,285,285
1018,1019,1020,1020,1020,1020,1020,1020,1020,1020,1021
425,425,425,425,425,425,425,425,425,425,425
58,60,60,61,61,62,62,63,63,64,64
878,878,878,878,878,878,878,878,878,878,878
738,738,737,736,735,735,734,733,732,731,730
5,5,5,5,5,5,5,5,5,5,5
598,600,601,602,603,604,605,606,607,608,609
965,965,965,965,965,965,965,965,965,965,965
145,145,145,144,143,143,142,141,141,140,139
285,285,285,285,285,285,285,285,285,285,285
1018,1019,1019,1020,1020,1020,1020,1020,1020,1020,1020
425,425,425,425,425,425,425,425,425,425,425
58,60,60,61,61,61,62,62,63,63,64
878,878,878,878,878,878,878,878,878,878,878
738,739,738,737,736,735,734,733,733,732,731
5,5,5,5,5,5,5,5,5,5,5
598,599,600,601,602,603,604,605,606,607,608
965,965,965,965,965,965,965,965,965,965,965
145,146,145,144,144,143,142,142,141,140,140
284,284,284,284,284,284,284,284,284,284,284
1018,1019,1019,1019,1020,1020,1020,1020,1020,1020,1020
426,426,426,426,426,426,426,426,426,426,426
58,59,60,60,61,61,62,62,63,63,63
877,877,877,877,877,877,877,877,877,877,877
739,739,738,737,737,736,735,734,733,732,731
5,5,5,5,5,5,5,5,5,5,5
597,599,600,601,602,603,604,605,606,606,607
965,965,965,965,965,965,965,965,965,965,965
146,146,145,145,144,143,143,142,141,141,140
284,284,284,284,284,284,284,284,284,284,284
1018,1019,1019,1019,1020,1020,1020,1020,1020,1020,1020
426,426,426,426,426,426,426,426,426,426,426
58,59,60,60,60,61,61,62,62,63,63
877,877,877,877,877,877,877,877,877,877,877
740,740,739,738,737,736,735,734,734,733,732
5,5,5,5,5,5,5,5,5,5,5
596,598,599,600,601,602,603,604,605,606,607
966,966,966,966,966,966,966,966,966,966,966
146,146,146,145,144,144,143,142,142,141,140
283,283,283,283,283,283,283,283,283,283,283
1018,1019,1019,1019,1019,1020,1020,1020,1020,1020,1020
427,427,427,427,427,427,427,427,427,427,427
57,59,59,60,60,61,61,62,62,62,63
877,877,877,877,877,877,877,877,877,877,877
740,740,739,738,738,737,736,735,734,733,732
5,5,5,5,5,5,5,5,5,5,5
596,598,599,600,601,602,602,603,604,605,606
966,966,966,966,966,966,966,966,966,966,966
147,147,146,146,145,144,144,143,142,142,141
283,283,283,283,283,283,283,283,283,283,283
1018,1019,1019,1019,1019,1020,1020,1020,1020,1020,1020
428,428,428,428,428,428,428,428,428,428,428
57,59,59,59,60,60,61,61,62,62,63
876,876,876,876,876,876,876,876,876,876,876
741,741,740,739,738,737,736,736,735,734,733
5,5,5,5,5,5,5,5,5,5,5
595,597,598,599,600,601,602,603,604,605,606
966,966,966,966,966,966,966,966,966,966,966
147,147,147,146,145,145,144,143,143,142,141
282,282,282,282,282,282,282,282,282,282,282
1018,1019,1019,1019,1019,1019,1020,1020,1020,1020,1020
428,428,428,428,428,428,428,428,428,428,428
57,58,59,59,60,60,61,61,61,62,62
876,876,876,876,876,876,876,876,876,876,876
741,741,740,740,739,738,737,736,735,734,733
5,5,5,5,5,5,5,5,5,5,5
595,597,598,598,599,600,601,602,603,604,605
966,966,966,966,966,966,966,966,966,966,966
147,148,147,146,146,145,144,144,143,142,142
282,282,282,282,282,282,282,282,282,282,282
1018,1019,1019,1019,1019,1019,1019,1020,1020,1020,1020
429,429,429,429,429,429,429,429,429,429,429
57,58,58,59,59,60,60,61,61,62,62
875,875,875,875,875,875,875,875,875,875,875
742,742,741,740,739,738,737,737,736,735,734
5,5,5,5,5,5,5,5,5,5,5
594,596,597,598,599,600,601,602,603,604,605
967,967,967,967,967,967,967,967,967,967,967
148,148,147,147,146,145,145,144,143,143,142
281,281,281,281,281,281,281,281,281,281,281
1018,1019,1019,1019,1019,1019,1019,1020,1020,1020,1020
429,429,429,429,429,429,429,429,429,429,429
56,58,58,59,59,59,60,60,61,61,62
875,875,875,875,875,875,875,875,875,875,875
742,742,741,741,740,739,738,737,736,735,735
6,6,6,6,6,6,6,6,6,6,6
593,595,596,597,598,599,600,601,602,603,604
967,967,967,967,967,967,967,967,967,967,967
148,149,148,147,147,146,145,144,144,143,142
281,281,281,281,281,281,281,281,281,281,281
1017,1019,1019,1019,1019,1019,1019,1019,1020,1020,1020
430,430,430,430,430,430,430,430,430,430,430
56,57,58,58,59,59,60,60,61,61,61
875,875,875,875,875,875,875,875,875,875,875
743,743,742,741,740,739,739,738,737,736,735
6,6,6,6,6,6,6,6,6,6,6
593,595,596,597,598,599,600,601,601,602,603
967,967,967,967,967,967,967,967,967,967,967
149,149,148,148,147,146,146,145,144,144,143
280,280,280,280,280,280,280,280,280,280,280
1017,1019,1019,1019,1019,1019,1019,1019,1019,1020,1020
430,430,430,430,430,430,430,430,430,430,430
56,57,58,58,59,59,59,60,60,61,61
874,874,874,874,874,874,874,874,874,874,874
743,743,742,742,741,740,739,738,737,736,736
6,6,6,6,6,6,6,6,6,6,6
592,594,595,596,597,598,599,600,601,602,603
967,967,967,967,967,967,967,967,967,967,967
149,149,149,148,147,147,146,145,145,144,143
280,280,280,280,280,280,280,280,280,280,280
1017,1018,1019,1019,1019,1019,1019,1019,1019,1020,1020
431,431,431,431,431,431,431,431,431,431,431
55,57,57,58,58,59,59,60,60,60,61
874,874,874,874,874,874,874,874,874,874,874
744,744,743,742,741,740,740,739,738,737,736
6,6,6,6,6,6,6,6,6,6,6
592,594,595,596,597,597,598,599,600,601,602
968,968,968,968,968,968,968,968,968,968,968
149,150,149,148,148,147,146,146,145,144,144
279,279,279,279,279,279,279,279,279,279,279
1017,1018,1018,1019,1019,1019,1019,1019,1019,1019,1020
432,432,432,432,432,432,432,432,432,432,432
55,57,57,58,58,58,59,59,60,60,61
873,873,873,873,873,873,873,873,873,873,873
744,744,744,743,742,741,740,739,738,737,737
6,6,6,6,6,6,6,6,6,6,6
591,593,594,595,596,597,598,599,600,601,602
968,968,968,968,968,968,968,968,968,968,968
150,150,150,149,148,147,147,146,145,145,144
278,278,278,278,278,278,278,278,278,278,278
1017,1018,1018,1019,1019,1019,1019,1019,1019,1019,1020
432,432,432,432,432,432,432,432,432,432,432
55,56,57,57,58,58,59,59,59,60,60
873,873,873,873,873,873,873,873,873,873,873
745,745,744,743,742,741,741,740,739,738,737
6,6,6,6,6,6,6,6,6,6,6
591,593,593,594,595,596,597,598,599,600,601
968,968,968,968,968,968,968,968,968,968,968
150,151,150,149,149,148,147,147,146,145,145
278,278,278,278,278,278,278,278,278,278,278
1017,1018,1018,1018,1019,1019,1019,1019,1019,1019,1019
433,433,433,433,433,433,433,433,433,433,433
55,56,57,57,57,58,58,59,59,60,60
872,872,872,872,872,872,872,872,872,872,872
745,745,745,744,743,742,741,740,739,739,738
6,6,6,6,6,6,6,6,6,6,6
590,592,593,594,595,596,597,598,599,600,600
968,968,968,968,968,968,968,968,968,968,968
151,151,150,150,149,148,148,147,146,146,145
277,277,277,277,277,277,277,277,277,277,277
1017,1018,1018,1018,1019,1019,1019,1019,1019,1019,1019
433,433,433,433,433,433,433,433,433,433,433
54,56,56,57,57,58,58,58,59,59,60
872,872,872,872,872,872,872,872,872,872,872
746,746,745,744,743,743,742,741,740,739,738
6,6,6,6,6,6,6,6,6,6,6
589,591,592,593,594,595,596,597,598,599,600
969,969,969,969,969,969,969,969,969,969,969
151,151,151,150,149,149,148,147,147,146,145
277,277,277,277,277,277,277,277,277,277,277
1017,1018,1018,1018,1018,1019,1019,1019,1019,1019,1019
434,434,434,434,434,434,434,434,434,434,434
54,56,56,56,57,57,58,58,59,59,60
872,872,872,872,872,872,872,872,872,872,872
746,746,746,745,744,743,742,741,740,740,739
6,6,6,6,6,6,6,6,6,6,6
589,591,592,593,594,595,596,596,597,598,599
969,969,969,969,969,969,969,969,969,969,969
152,152,151,150,150,149,148,148,147,146,146
276,276,276,276,276,276,276,276,276,276,276
1017,1018,1018,1018,1018,1018,1019,1019,1019,1019,1019
434,434,434,434,434,434,434,434,434,434,434
54,55,56,56,57,57,57,58,58,59,59
871,871,871,871,871,871,871,871,871,871,871
747,747,746,745,744,744,743,742,741,740,739
6,6,6,6,6,6,6,6,6,6,6
588,590,591,592,593,594,595,596,597,598,599
969,969,969,969,969,969,969,969,969,969,969
152,152,152,151,150,150,149,148,148,147,146
276,276,276,276,276,276,276,276,276,276,276
1017,1018,1018,1018,1018,1018,1019,1019,1019,1019,1019
435,435,435,435,435,435,435,435,435,435,435
54,55,55,56,56,57,57,58,58,59,59
871,871,871,871,871,871,871,871,871,871,871
747,748,747,746,745,744,743,742,742,741,740
6,6,6,6,6,6,6,6,6,6,6
588,590,591,591,592,593,594,595,596,597,598
970,970,970,970,970,970,970,970,970,970,970
152,153,152,151,151,150,149,149,148,147,147
275,275,275,275,275,275,275,275,275,275,275
1017,1018,1018,1018,1018,1018,1018,1019,1019,1019,1019
436,436,436,436,436,436,436,436,436,436,436
53,55,55,56,56,57,57,57,58,58,59
870,870,870,870,870,870,870,870,870,870,870
748,748,747,746,745,745,744,743,742,741,740
7,7,7,7,7,7,7,7,7,7,7
587,589,590,591,592,593,594,595,596,597,598
970,970,970,970,970,970,970,970,970,970,970
153,153,152,152,151,150,150,149,148,148,147
275,275,275,275,275,275,275,275,275,275,275
1016,1018,1018,1018,1018,1018,1018,1018,1019,1019,1019
436,436,436,436,436,436,436,436,436,436,436
53,55,55,55,56,56,57,57,58,58,58
870,870,870,870,870,870,870,870,870,870,870
748,749,748,747,746,745,744,743,743,742,741
7,7,7,7,7,7,7,7,7,7,7
586,588,589,590,591,592,593,594,595,596,597
970,970,970,970,970,970,970,970,970,970,970
153,154,153,152,151,151,150,149,149,148,147
274,274,274,274,274,274,274,274,274,274,274
1016,1017,1018,1018,1018,1018,1018,1018,1019,1019,1019
437,437,437,437,437,437,437,437,437,437,437
53,54,55,55,56,56,56,57,57,58,58
870,870,870,870,870,870,870,870,870,870,870
749,749,748,747,747,746,745,744,743,742,741
7,7,7,7,7,7,7,7,7,7,7
586,588,589,590,591,592,593,594,595,595,596
970,970,970,970,970,970,970,970,970,970,970
154,154,153,153,152,151,151,150,149,148,148
274,274,274,274,274,274,274,274,274,274,274
1016,1017,1018,1018,1018,1018,1018,1018,1018,1019,1019
437,437,437,437,437,437,437,437,437,437,437
53,54,54,55,55,56,56,57,57,57,58
869,869,869,869,869,869,869,869,869,869,869
749,750,749,748,747,746,745,744,744,743,742
7,7,7,7,7,7,7,7,7,7,7
585,587,588,589,590,591,592,593,594,595,596
971,971,971,971,971,971,971,971,971,971,971
154,154,154,153,152,152,151,150,150,149,148
273,273,273,273,273,273,273,273,273,273,273
1016,1017,1017,1018,1018,1018,1018,1018,1018,1019,1019
438,438,438,438,438,438,438,438,438,438,438
52,54,54,55,55,55,56,56,57,57,58
869,869,869,869,869,869,869,869,869,869,869
750,750,749,748,748,747,746,745,744,743,742
7,7,7,7,7,7,7,7,7,7,7
585,587,588,589,590,590,591,592,593,594,595
971,971,971,971,971,971,971,971,971,971,971
154,155,154,153,153,152,151,151,150,149,149
273,273,273,273,273,273,273,273,273,273,273
1016,1017,1017,1018,1018,1018,1018,1018,1018,1018,1019
439,439,439,439,439,439,439,439,439,439,439
52,53,54,54,55,55,56,56,56,57,57
868,868,868,868,868,868,868,868,868,868,868
751,751,750,749,748,747,746,746,745,744,743
7,7,7,7,7,7,7,7,7,7,7
584,586,587,588,589,590,591,592,593,594,595
971,971,971,971,971,971,971,971,971,971,971
155,155,155,154,153,152,152,151,150,150,149
272,272,272,272,272,272,272,272,272,272,272
1016,1017,1017,1017,1018,1018,1018,1018,1018,1018,1018
439,439,439,439,439,439,439,439,439,439,439
52,53,54,54,54,55,55,56,56,57,57
868,868,868,868,868,868,868,868,868,868,868
751,751,750,749,749,748,747,746,745,744,743
7,7,7,7,7,7,7,7,7,7,7
584,586,586,587,588,589,590,591,592,593,594
971,971,971,971,971,971,971,971,971,971,971
155,156,155,154,154,153,152,152,151,150,149
272,272,272,272,272,272,272,272,272,272,272
1016,1017,1017,1017,1017,1018,1018,1018,1018,1018,1018
440,440,440,440,440,440,440,440,440,440,440
52,53,53,54,54,55,55,56,56,56,57
867,867,867,867,867,867,867,867,867,867,867
752,752,751,750,749,748,747,747,746,745,744
7,7,7,7,7,7,7,7,7,7,7
583,585,586,587,588,589,590,591,592,593,594
972,972,972,972,972,972,972,972,972,972,972
156,156,155,155,154,153,153,152,151,151,150
271,271,271,271,271,271,271,271,271,271,271
1016,1017,1017,1017,1017,1018,1018,1018,1018,1018,1018
440,440,440,440,440,440,440,440,440,440,440
51,53,53,54,54,54,55,55,56,56,57
867,867,867,867,867,867,867,867,867,867,867
752,752,751,751,750,749,748,747,746,745,745
7,7,7,7,7,7,7,7,7,7,7
582,584,585,586,587,588,589,590,591,592,593
972,972,972,972,972,972,972,972,972,972,972
156,156,156,155,154,154,153,152,152,151,150
271,271,271,271,271,271,271,271,271,271,271
1016,1017,1017,1017,1017,1017,1018,1018,1018,1018,1018
441,441,441,441,441,441,441,441,441,441,441
51,52,53,53,54,54,55,55,55,56,56
867,867,867,867,867,867,867,867,867,867,867
753,753,752,751,750,749,748,748,747,746,745
7,7,7,7,7,7,7,7,7,7,7
582,584,585,586,587,588,589,589,590,591,592
972,972,972,972,972,972,972,972,972,972,972
157,157,156,156,155,154,153,153,152,151,151
270,270,270,270,270,270,270,270,270,270,270
1016,1017,1017,1017,1017,1017,1017,1018,1018,1018,1018
441,441,441,441,441,441,441,441,441,441,441
51,52,53,53,53,54,54,55,55,56,56
866,866,866,866,866,866,866,866,866,866,866
753,753,752,752,751,750,749,748,747,746,746
8,8,8,8,8,8,8,8,8,8,8
581,583,584,585,586,587,588,589,590,591,592
972,972,972,972,972,972,972,972,972,972,972
157,157,157,156,155,155,154,153,153,152,151
270,270,270,270,270,270,270,270,270,270,270
1015,1017,1017,1017,1017,1017,1017,1018,1018,1018,1018
442,442,442,442,442,442,442,442,442,442,442
50,52,52,53,53,54,54,54,55,55,56
866,866,866,866,866,866,866,866,866,866,866
754,754,753,752,751,750,750,749,748,747,746
8,8,8,8,8,8,8,8,8,8,8
581,583,584,585,585,586,587,588,589,590,591
973,973,973,973,973,973,973,973,973,973,973
157,158,157,156,156,155,154,154,153,152,152
269,269,269,269,269,269,269,269,269,269,269
1015,1016,1017,1017,1017,1017,1017,1017,1018,1018,1018
443,443,443,443,443,443,443,443,443,443,443
50,52,52,52,53,53,54,54,55,55,56
865,865,865,865,865,865,865,865,865,865,865
754,754,753,753,752,751,750,749,748,747,747
8,8,8,8,8,8,8,8,8,8,8
580,582,583,584,585,586,587,588,589,590,591
973,973,973,973,973,973,973,973,973,973,973
158,158,157,157,156,155,155,154,153,153,152
269,269,269,269,269,269,269,269,269,269,269
1015,1016,1017,1017,1017,1017,1017,1017,1018,1018,1018
443,443,443,443,443,443,443,443,443,443,443
50,51,52,52,53,53,54,54,54,55,55
865,865,865,865,865,865,865,865,865,865,865
755,755,754,753,752,751,751,750,749,748,747
8,8,8,8,8,8,8,8,8,8,8
579,581,582,583,584,585,586,587,588,589,590
973,973,973,973,973,973,973,973,973,973,973
158,159,158,157,157,156,155,154,154,153,152
268,268,268,268,268,268,268,268,268,268,268
1015,1016,1016,1017,1017,1017,1017,1017,1017,1018,1018
444,444,444,444,444,444,444,444,444,444,444
50,51,52,52,52,53,53,54,54,55,55
864,864,864,864,864,864,864,864,864,864,864
755,755,755,754,753,752,751,750,749,749,748
8,8,8,8,8,8,8,8,8,8,8
579,581,582,583,584,585,586,587,588,588,589
973,973,973,973,973,973,973,973,973,973,973
159,159,158,158,157,156,156,155,154,153,153
268,268,268,268,268,268,268,268,268,268,268
1015,1016,1016,1017,1017,1017,1017,1017,1017,1017,1018
444,444,444,444,444,444,444,444,444,444,444
49,51,51,52,52,53,53,53,54,54,55
864,864,864,864,864,864,864,864,864,864,864
756,756,755,754,753,752,752,751,750,749,748
8,8,8,8,8,8,8,8,8,8,8
578,580,581,582,583,584,585,586,587,588,589
974,974,974,974,974,974,974,974,974,974,974
159,159,159,158,157,157,156,155,155,154,153
267,267,267,267,267,267,267,267,267,267,267
1015,1016,1016,1016,1017,1017,1017,1017,1017,1017,1018
445,445,445,445,445,445,445,445,445,445,445
49,51,51,51,52,52,53,53,54,54,54
864,864,864,864,864,864,864,864,864,864,864
756,756,756,755,754,753,752,751,750,750,749
8,8,8,8,8,8,8,8,8,8,8
578,580,581,582,583,584,584,585,586,587,588
974,974,974,974,974,974,974,974,974,974,974
160,160,159,158,158,157,156,156,155,154,154
266,266,266,266,266,266,266,266,266,266,266
1015,1016,1016,1016,1016,1017,1017,1017,1017,1017,1017
446,446,446,446,446,446,446,446,446,446,446
49,50,51,51,52,52,52,53,53,54,54
863,863,863,863,863,863,863,863,863,863,863
757,757,756,755,754,754,753,752,751,750,749
8,8,8,8,8,8,8,8,8,8,8
577,579,580,581,582,583,584,585,586,587,588
974,974,974,974,974,974,974,974,974,974,974
160,160,160,159,158,158,157,156,155,155,154
266,266,266,266,266,266,266,266,266,266,266
1015,1016,1016,1016,1016,1017,1017,1017,1017,1017,1017
446,446,446,446,446,446,446,446,446,446,446
49,50,51,51,51,52,52,53,53,53,54
863,863,863,863,863,863,863,863,863,863,863
757,757,757,756,755,754,753,752,751,751,750
8,8,8,8,8,8,8,8,8,8,8
577,579,579,580,581,582,583,584,585,586,587
974,974,974,974,974,974,974,974,974,974,974
160,161,160,159,159,158,157,157,156,155,154
265,265,265,265,265,265,265,265,265,265,265
1015,1016,1016,1016,1016,1016,1017,1017,1017,1017,1017
447,447,447,447,447,447,447,447,447,447,447
48,50,50,51,51,52,52,52,53,53,54
862,862,862,862,862,862,862,862,862,862,862
758,758,757,756,755,755,754,753,752,751,750
9,9,9,9,9,9,9,9,9,9,9
576,578,579,580,581,582,583,584,585,586,587
975,975,975,975,975,975,975,975,975,975,975
161,161,160,160,159,158,158,157,156,156,155
265,265,265,265,265,265,265,265,265,265,265
1014,1016,1016,1016,1016,1016,1016,1017,1017,1017,1017
447,447,447,447,447,447,447,447,447,447,447
48,50,50,50,51,51,52,52,53,53,53
862,862,862,862,862,862,862,862,862,862,862
758,758,758,757,756,755,754,753,753,752,751
9,9,9,9,9,9,9,9,9,9,9
575,577,578,579,580,581,582,583,584,585,586
975,975,975,975,975,975,975,975,975,975,975
161,162,161,160,160,159,158,157,157,156,155
264,264,264,264,264,264,264,264,264,264,264
1014,1016,1016,1016,1016,1016,1016,1017,1017,1017,1017
448,448,448,448,448,448,448,448,448,448,448
48,49,50,50,51,51,51,52,52,53,53
861,861,861,861,861,861,861,861,861,861,861
759,759,758,757,756,756,755,754,753,752,751
9,9,9,9,9,9,9,9,9,9,9
575,577,578,579,580,581,582,582,583,584,585
975,975,975,975,975,975,975,975,975,975,975
162,162,161,161,160,159,159,158,157,156,156
264,264,264,264,264,264,264,264,264,264,264
1014,1015,1016,1016,1016,1016,1016,1016,1017,1017,1017
448,448,448,448,448,448,448,448,448,448,448
48,49,50,50,50,51,51,52,52,52,53
861,861,861,861,861,861,861,861,861,861,861
759,759,759,758,757,756,755,754,754,753,752
9,9,9,9,9,9,9,9,9,9,9
574,576,577,578,579,580,581,582,583,584,585
975,975,975,975,975,975,975,975,975,975,975
162,162,162,161,160,160,159,158,158,157,156
263,263,263,263,263,263,263,263,263,263,263
1014,1015,1015,1016,1016,1016,1016,1016,1017,1017,1017
449,449,449,449,449,449,449,449,449,449,449
47,49,49,50,50,51,51,51,52,52,53
861,861,861,861,861,861,861,861,861,861,861
760,760,759,758,757,757,756,755,754,753,752
9,9,9,9,9,9,9,9,9,9,9
574,576,577,578,578,579,580,581,582,583,584
976,976,976,976,976,976,976,976,976,976,976
163,163,162,161,161,160,159,159,158,157,157
263,263,263,263,263,263,263,263,263,263,263
1014,1015,1015,1016,1016,1016,1016,1016,1016,1017,1017
450,450,450,450,450,450,450,450,450,450,450
47,49,49,49,50,50,51,51,52,52,52
860,860,860,860,860,860,860,860,860,860,860
760,761,760,759,758,757,756,755,755,754,753
9,9,9,9,9,9,9,9,9,9,9
573,575,576,577,578,579,580,581,582,583,584
976,976,976,976,976,976,976,976,976,976,976
163,163,163,162,161,161,160,159,158,158,157
262,262,262,262,262,262,262,262,262,262,262
1014,1015,1015,1015,1016,1016,1016,1016,1016,1016,1017
450,450,450,450,450,450,450,450,450,450,450
47,48,49,49,50,50,50,51,51,52,52
860,860,860,860,860,860,860,860,860,860,860
761,761,760,759,759,758,757,756,755,754,753
9,9,9,9,9,9,9,9,9,9,9
572,574,575,576,577,578,579,580,581,582,583
976,976,976,976,976,976,976,976,976,976,976
163,164,163,162,162,161,160,160,159,158,157
262,262,262,262,262,262,262,262,262,262,262
1014,1015,1015,1015,1016,1016,1016,1016,1016,1016,1017
451,451,451,451,451,451,451,451,451,451,451
47,48,49,49,49,50,50,51,51,51,52
859,859,859,859,859,859,859,859,859,859,859
761,762,761,760,759,758,757,756,756,755,754
9,9,9,9,9,9,9,9,9,9,9
572,574,575,576,577,578,579,580,581,581,582
976,976,976,976,976,976,976,976,976,976,976
164,164,163,163,162,161,161,160,159,159,158
261,261,261,261,261,261,261,261,261,261,261
1014,1015,1015,1015,1015,1016,1016,1016,1016,1016,1016
451,451,451,451,451,451,451,451,451,451,451
46,48,48,49,49,50,50,50,51,51,52
859,859,859,859,859,859,859,859,859,859,859
762,762,761,760,760,759,758,757,756,755,754
9,9,9,9,9,9,9,9,9,9,9
571,573,574,575,576,577,578,579,580,581,582
977,977,977,977,977,977,977,977,977,977,977
164,165,164,163,163,162,161,160,160,159,158
261,261,261,261,261,261,261,261,261,261,261
1014,1015,1015,1015,1015,1015,1016,1016,1016,1016,1016
452,452,452,452,452,452,452,452,452,452,452
46,48,48,48,49,49,50,50,50,51,51
858,858,858,858,858,858,858,858,858,858,858
762,763,762,761,760,759,758,758,757,756,755
10,10,10,10,10,10,10,10,10,10,10
571,573,574,575,576,576,577,578,579,580,581
977,977,977,977,977,977,977,977,977,977,977
165,165,164,164,163,162,162,161,160,159,159
260,260,260,260,260,260,260,260,260,260,260
1013,1015,1015,1015,1015,1015,1016,1016,1016,1016,1016
453,453,453,453,453,453,453,453,453,453,453
46,47,48,48,49,49,49,50,50,51,51
858,858,858,858,858,858,858,858,858,858,858
763,763,762,761,761,760,759,758,757,756,755
10,10,10,10,10,10,10,10,10,10,10
570,572,573,574,575,576,577,578,579,580,581
977,977,977,977,977,977,977,977,977,977,977
165,165,165,164,163,163,162,161,161,160,159
260,260,260,260,260,260,260,260,260,260,260
1013,1014,1015,1015,1015,1015,1015,1016,1016,1016,1016
453,453,453,453,453,453,453,453,453,453,453
46,47,48,48,48,49,49,50,50,50,51
858,858,858,858,858,858,858,858,858,858,858
763,764,763,762,761,760,759,759,758,757,756
10,10,10,10,10,10,10,10,10,10,10
570,571,572,573,574,575,576,577,578,579,580
977,977,977,977,977,977,977,977,977,977,977
166,166,165,165,164,163,162,162,161,160,160
259,259,259,259,259,259,259,259,259,259,259
1013,1014,1015,1015,1015,1015,1015,1015,1016,1016,1016
454,454,454,454,454,454,454,454,454,454,454
45,47,47,48,48,49,49,49,50,50,51
857,857,857,857,857,857,857,857,857,857,857
764,764,763,762,762,761,760,759,758,757,757
10,10,10,10,10,10,10,10,10,10,10
569,571,572,573,574,575,576,577,578,579,580
978,978,978,978,978,978,978,978,978,978,978
166,166,166,165,164,164,163,162,161,161,160
259,259,259,259,259,259,259,259,259,259,259
1013,1014,1014,1015,1015,1015,1015,1015,1016,1016,1016
454,454,454,454,454,454,454,454,454,454,454
45,47,47,47,48,48,49,49,49,50,50
857,857,857,857,857,857,857,857,857,857,857
764,765,764,763,762,761,760,760,759,758,757
10,10,10,10,10,10,10,10,10,10,10
568,570,571,572,573,574,575,576,577,578,579
978,978,978,978,978,978,978,978,978,978,978
166,167,166,165,165,164,163,163,162,161,160
258,258,258,258,258,258,258,258,258,258,258
1013,1014,1014,1015,1015,1015,1015,1015,1015,1016,1016
455,455,455,455,455,455,455,455,455,455,455
45,46,47,47,48,48,48,49,49,50,50
856,856,856,856,856,856,856,856,856,856,856
765,765,764,763,763,762,761,760,759,758,758
10,10,10,10,10,10,10,10,10,10,10
568,570,571,572,573,574,575,575,576,577,578
978,978,978,978,978,978,978,978,978,978,978
167,167,167,166,165,164,164,163,162,162,161
258,258,258,258,258,258,258,258,258,258,258
1013,1014,1014,1014,1015,1015,1015,1015,1015,1016,1016
456,456,456,456,456,456,456,456,456,456,456
45,46,47,47,47,48,48,49,49,49,50
856,856,856,856,856,856,856,856,856,856,856
766,766,765,764,763,762,761,761,760,759,758
10,10,10,10,10,10,10,10,10,10,10
567,569,570,571,572,573,574,575,576,577,578
978,978,978,978,978,978,978,978,978,978,978
167,168,167,166,166,165,164,163,163,162,161
257,257,257,257,257,257,257,257,257,257,257
1013,1014,1014,1014,1014,1015,1015,1015,1015,1015,1016
456,456,456,456,456,456,456,456,456,456,456
45,46,46,47,47,48,48,48,49,49,50
855,855,855,855,855,855,855,855,855,855,855
766,766,765,764,764,763,762,761,760,759,759
10,10,10,10,10,10,10,10,10,10,10
567,569,570,570,571,572,573,574,575,576,577
979,979,979,979,979,979,979,979,979,979,979
168,168,167,167,166,165,165,164,163,162,162
257,257,257,257,257,257,257,257,257,257,257
1013,1014,1014,1014,1014,1015,1015,1015,1015,1015,1015
457,457,457,457,457,457,457,457,457,457,457
44,46,46,46,47,47,48,48,48,49,49
855,855,855,855,855,855,855,855,855,855,855
767,767,766,765,764,763,762,762,761,760,759
10,10,10,10,10,10,10,10,10,10,10
566,568,569,570,571,572,573,574,575,576,577
979,979,979,979,979,979,979,979,979,979,979
168,169,168,167,166,166,165,164,164,163,162
256,256,256,256,256,256,256,256,256,256,256
1012,1014,1014,1014,1014,1014,1015,1015,1015,1015,1015
457,457,457,457,457,457,457,457,457,457,457
44,45,46,46,47,47,47,48,48,49,49
855,855,855,855,855,855,855,855,855,855,855
767,767,766,766,765,764,763,762,761,760,760
11,11,11,11,11,11,11,11,11,11,11
565,567,568,569,570,571,572,573,574,575,576
979,979,979,979,979,979,979,979,979,979,979
169,169,168,168,167,166,165,165,164,163,163
256,256,256,256,256,256,256,256,256,256,256
1012,1014,1014,1014,1014,1014,1015,1015,1015,1015,1015
458,458,458,458,458,458,458,458,458,458,458
44,45,46,46,46,47,47,48,48,48,49
854,854,854,854,854,854,854,854,854,854,854
768,768,767,766,765,764,764,763,762,761,760
11,11,11,11,11,11,11,11,11,11,11
565,567,568,569,570,571,572,573,574,574,575
979,979,979,979,979,979,979,979,979,979,979
169,169,169,168,167,167,166,165,164,164,163
255,255,255,255,255,255,255,255,255,255,255
1012,1013,1014,1014,1014,1014,1014,1015,1015,1015,1015
458,458,458,458,458,458,458,458,458,458,458
44,45,45,46,46,47,47,47,48,48,49
854,854,854,854,854,854,854,854,854,854,854
768,768,767,767,766,765,764,763,762,762,761
11,11,11,11,11,11,11,11,11,11,11
564,566,567,568,569,570,571,572,573,574,575
980,980,980,980,980,980,980,980,980,980,980
170,170,169,168,168,167,166,166,165,164,163
255,255,255,255,255,255,255,255,255,255,255
1012,1013,1014,1014,1014,1014,1014,1014,1015,1015,1015
459,459,459,459,459,459,459,459,459,459,459
43,45,45,45,46,46,47,47,47,48,48
853,853,853,853,853,853,853,853,853,853,853
769,769,768,767,766,765,765,764,763,762,761
11,11,11,11,11,11,11,11,11,11,11
564,566,567,568,569,569,570,571,572,573,574
980,980,980,980,980,980,980,980,980,980,980
170,170,170,169,168,167,167,166,165,165,164
254,254,254,254,254,254,254,254,254,254,254
1012,1013,1013,1014,1014,1014,1014,1014,1015,1015,1015
460,460,460,460,460,460,460,460,460,460,460
43,44,45,45,46,46,46,47,47,48,48
853,853,853,853,853,853,853,853,853,853,853
769,769,768,768,767,766,765,764,763,763,762
11,11,11,11,11,11,11,11,11,11,11
563,565,566,567,568,569,570,571,572,573,574
980,980,980,980,980,980,980,980,980,980,980
170,171,170,169,169,168,167,166,166,165,164
254,254,254,254,254,254,254,254,254,254,254
1012,1013,1013,1013,1014,1014,1014,1014,1014,1015,1015
460,460,460,460,460,460,460,460,460,460,460
43,44,45,45,45,46,46,47,47,47,48
852,852,852,852,852,852,852,852,852,852,852
770,770,769,768,767,766,766,765,764,763,762
11,11,11,11,11,11,11,11,11,11,11
563,564,565,566,567,568,569,570,571,572,573
980,980,980,980,980,980,980,980,980,980,980
171,171,170,170,169,168,168,167,166,165,165
253,253,253,253,253,253,253,253,253,253,253
1012,1013,1013,1013,1014,1014,1014,1014,1014,1015,1015
461,461,461,461,461,461,461,461,461,461,461
43,44,44,45,45,46,46,46,47,47,48
852,852,852,852,852,852,852,852,852,852,852
770,770,769,769,768,767,766,765,764,764,763
11,11,11,11,11,11,11,11,11,11,11
562,564,565,566,567,568,569,570,571,572,573
981,981,981,981,981,981,981,981,981,981,981
171,172,171,170,169,169,168,167,167,166,165
253,253,253,253,253,253,253,253,253,253,253
1012,1013,1013,1013,1013,1014,1014,1014,1014,1014,1015
461,461,461,461,461,461,461,461,461,461,461
42,44,44,45,45,45,46,46,47,47,47
851,851,851,851,851,851,851,851,851,851,851
771,771,770,769,768,767,767,766,765,764,763
11,11,11,11,11,11,11,11,11,11,11
561,563,564,565,566,567,568,569,570,571,572
981,981,981,981,981,981,981,981,981,981,981
172,172,171,171,170,169,168,168,167,166,166
252,252,252,252,252,252,252,252,252,252,252
1011,1013,1013,1013,1013,1013,1014,1014,1014,1014,1014
462,462,462,462,462,462,462,462,462,462,462
42,44,44,44,45,45,45,46,46,47,47
851,851,851,851,851,851,851,851,851,851,851
771,771,770,770,769,768,767,766,765,765,764
12,12,12,12,12,12,12,12,12,12,12
561,563,564,565,566,567,568,568,569,570,571
981,981,981,981,981,981,981,981,981,981,981
172,172,172,171,170,170,169,168,167,167,166
252,252,252,252,252,252,252,252,252,252,252
1011,1013,1013,1013,1013,1013,1014,1014,1014,1014,1014
463,463,463,463,463,463,463,463,463,463,463
42,43,44,44,44,45,45,46,46,46,47
851,851,851,851,851,851,851,851,851,851,851
772,772,771,770,769,768,768,767,766,765,764
12,12,12,12,12,12,12,12,12,12,12
560,562,563,564,565,566,567,568,569,570,571
981,981,981,981,981,981,981,981,981,981,981
173,173,172,171,171,170,169,169,168,167,166
251,251,251,251,251,251,251,251,251,251,251
1011,1012,1013,1013,1013,1013,1013,1014,1014,1014,1014
463,463,463,463,463,463,463,463,463,463,463
42,43,43,44,44,45,45,45,46,46,47
850,850,850,850,850,850,850,850,850,850,850
772,772,771,771,770,769,768,767,766,766,765
12,12,12,12,12,12,12,12,12,12,12
560,562,562,563,564,565,566,567,568,569,570
981,981,981,981,981,981,981,981,981,981,981
173,173,173,172,171,170,170,169,168,168,167
251,251,251,251,251,251,251,251,251,251,251
1011,1012,1013,1013,1013,1013,1013,1014,1014,1014,1014
464,464,464,464,464,464,464,464,464,464,464
41,43,43,44,44,44,45,45,46,46,46
850,850,850,850,850,850,850,850,850,850,850
773,773,772,771,770,769,769,768,767,766,765
12,12,12,12,12,12,12,12,12,12,12
559,561,562,563,564,565,566,567,568,569,570
982,982,982,982,982,982,982,982,982,982,982
174,174,173,172,172,171,170,169,169,168,167
250,250,250,250,250,250,250,250,250,250,250
1011,1012,1012,1013,1013,1013,1013,1013,1014,1014,1014
464,464,464,464,464,464,464,464,464,464,464
41,43,43,43,44,44,45,45,45,46,46
849,849,849,849,849,849,849,849,849,849,849
773,773,772,772,771,770,769,768,767,767,766
12,12,12,12,12,12,12,12,12,12,12
558,560,561,562,563,564,565,566,567,568,569
982,982,982,982,982,982,982,982,982,982,982
174,174,174,173,172,171,171,170,169,168,168
250,250,250,250,250,250,250,250,250,250,250
1011,1012,1012,1012,1013,1013,1013,1013,1013,1014,1014
465,465,465,465,465,465,465,465,465,465,465
41,42,43,43,43,44,44,45,45,45,46
849,849,849,849,849,849,849,849,849,849,849
774,774,773,772,771,770,770,769,768,767,766
12,12,12,12,12,12,12,12,12,12,12
558,560,561,562,563,564,565,566,566,567,568
982,982,982,982,982,982,982,982,982,982,982
174,175,174,173,173,172,171,170,170,169,168
249,249,249,249,249,249,249,249,249,249,249
1011,1012,1012,1012,1013,1013,1013,1013,1013,1014,1014
465,465,465,465,465,465,465,465,465,465,465
41,42,42,43,43,44,44,44,45,45,46
848,848,848,848,848,848,848,848,848,848,848
774,774,773,773,772,771,770,769,768,768,767
12,12,12,12,12,12,12,12,12,12,12
557,559,560,561,562,563,564,565,566,567,568
982,982,982,982,982,982,982,982,982,982,982
175,175,174,174,173,172,172,171,170,169,169
249,249,249,249,249,249,249,249,249,249,249
1011,1012,1012,1012,1012,1013,1013,1013,1013,1013,1014
466,466,466,466,466,466,466,466,466,466,466
40,42,42,43,43,43,44,44,45,45,45
848,848,848,848,848,848,848,848,848,848,848
775,775,774,773,772,772,771,770,769,768,767
12,12,12,12,12,12,12,12,12,12,12
557,559,560,561,561,562,563,564,565,566,567
983,983,983,983,983,983,983,983,983,983,983
175,176,175,174,173,173,172,171,171,170,169
248,248,248,248,248,248,248,248,248,248,248
1010,1012,1012,1012,1012,1013,1013,1013,1013,1013,1014
467,467,467,467,467,467,467,467,467,467,467
40,42,42,42,43,43,44,44,44,45,45
847,847,847,847,847,847,847,847,847,847,847
775,775,775,774,773,772,771,770,770,769,768
13,13,13,13,13,13,13,13,13,13,13
556,558,559,560,561,562,563,564,565,566,567
983,983,983,983,983,983,983,983,983,983,983
176,176,175,175,174,173,172,172,171,170,170
248,248,248,248,248,248,248,248,248,248,248
1010,1012,1012,1012,1012,1012,1013,1013,1013,1013,1013
467,467,467,467,467,467,467,467,467,467,467
40,41,42,42,43,43,43,44,44,44,45
847,847,847,847,847,847,847,847,847,847,847
776,776,775,774,773,773,772,771,770,769,768
13,13,13,13,13,13,13,13,13,13,13
555,557,558,559,560,561,562,563,564,565,566
983,983,983,983,983,983,983,983,983,983,983
176,176,176,175,174,174,173,172,171,171,170
247,247,247,247,247,247,247,247,247,247,247
1010,1011,1012,1012,1012,1012,1012,1013,1013,1013,1013
468,468,468,468,468,468,468,468,468,468,468
40,41,42,42,42,43,43,43,44,44,45
847,847,847,847,847,847,847,847,847,847,847
776,776,776,775,774,773,772,771,771,770,769
13,13,13,13,13,13,13,13,13,13,13
555,557,558,559,560,561,562,563,564,565,565
983,983,983,983,983,983,983,983,983,983,983
177,177,176,175,175,174,173,173,172,171,170
247,247,247,247,247,247,247,247,247,247,247
1010,1011,1011,1012,1012,1012,1012,1013,1013,1013,1013
468,468,468,468,468,468,468,468,468,468,468
40,41,41,42,42,42,43,43,44,44,44
846,846,846,846,846,846,846,846,846,846,846
777,777,776,775,774,774,773,772,771,770,769
13,13,13,13,13,13,13,13,13,13,13
554,556,557,558,559,560,561,562,563,564,565
984,984,984,984,984,984,984,984,984,984,984
177,177,177,176,175,174,174,173,172,172,171
246,246,246,246,246,246,246,246,246,246,246
1010,1011,1011,1012,1012,1012,1012,1012,1013,1013,1013
469,469,469,469,469,469,469,469,469,469,469
39,41,41,41,42,42,43,43,43,44,44
846,846,846,846,846,846,846,846,846,846,846
777,777,777,776,775,774,773,772,772,771,770
13,13,13,13,13,13,13,13,13,13,13
554,556,557,558,559,560,560,561,562,563,564
984,984,984,984,984,984,984,984,984,984,984
178,178,177,176,176,175,174,173,173,172,171
246,246,246,246,246,246,246,246,246,246,246
1010,1011,1011,1011,1012,1012,1012,1012,1012,1013,1013
470,470,470,470,470,470,470,470,470,470,470
39,40,41,41,42,42,42,43,43,44,44
845,845,845,845,845,845,845,845,845,845,845
778,778,777,776,775,775,774,773,772,771,770
13,13,13,13,13,13,13,13,13,13,13
553,555,556,557,558,559,560,561,562,563,564
984,984,984,984,984,984,984,984,984,984,984
178,178,178,177,176,175,175,174,173,172,172
245,245,245,245,245,245,245,245,245,245,245
1010,1011,1011,1011,1012,1012,1012,1012,1012,1013,1013
470,470,470,470,470,470,470,470,470,470,470
39,40,41,41,41,42,42,43,43,43,44
845,845,845,845,845,845,845,845,845,845,845
778,778,778,777,776,775,774,773,773,772,771
13,13,13,13,13,13,13,13,13,13,13
553,554,555,556,557,558,559,560,561,562,563
984,984,984,984,984,984,984,984,984,984,984
178,179,178,177,176,176,175,174,174,173,172
245,245,245,245,245,245,245,245,245,245,245
1009,1011,1011,1011,1011,1012,1012,1012,1012,1012,1013
471,471,471,471,471,471,471,471,471,471,471
39,40,40,41,41,42,42,42,43,43,43
844,844,844,844,844,844,844,844,844,844,844
779,779,778,777,776,776,775,774,773,772,771
14,14,14,14,14,14,14,14,14,14,14
552,554,555,556,557,558,559,560,561,562,563
984,984,984,984,984,984,984,984,984,984,984
179,179,178,178,177,176,175,175,174,173,173
244,244,244,244,244,244,244,244,244,244,244
1009,1011,1011,1011,1011,1011,1012,1012,1012,1012,1013
471,471,471,471,471,471,471,471,471,471,471
38,40,40,41,41,41,42,42,42,43,43
844,844,844,844,844,844,844,844,844,844,844
779,779,779,778,777,776,775,774,774,773,772
14,14,14,14,14,14,14,14,14,14,14
551,553,554,555,556,557,558,559,560,561,562
985,985,985,985,985,985,985,985,985,985,985
179,180,179,178,177,177,176,175,174,174,173
244,244,244,244,244,244,244,244,244,244,244
1009,1010,1011,1011,1011,1011,1012,1012,1012,1012,1012
472,472,472,472,472,472,472,472,472,472,472
38,40,40,40,41,41,41,42,42,43,43
843,843,843,843,843,843,843,843,843,843,843
780,780,779,778,777,777,776,775,774,773,772
14,14,14,14,14,14,14,14,14,14,14
551,553,554,555,556,557,558,559,559,560,561
985,985,985,985,985,985,985,985,985,985,985
180,180,179,179,178,177,176,176,175,174,173
243,243,243,243,243,243,243,243,243,243,243
1009,1010,1011,1011,1011,1011,1011,1012,1012,1012,1012
473,473,473,473,473,473,473,473,473,473,473
38,39,40,40,40,41,41,42,42,42,43
843,843,843,843,843,843,843,843,843,843,843
780,780,780,779,778,777,776,775,775,774,773
14,14,14,14,14,14,14,14,14,14,14
550,552,553,554,555,556,557,558,559,560,561
985,985,985,985,985,985,985,985,985,985,985
180,180,180,179,178,178,177,176,175,175,174
243,243,243,243,243,243,243,243,243,243,243
1009,1010,1010,1011,1011,1011,1011,1012,1012,1012,1012
473,473,473,473,473,473,473,473,473,473,473
38,39,40,40,40,41,41,41,42,42,43
843,843,843,843,843,843,843,843,843,843,843
781,781,780,779,778,778,777,776,775,774,773
14,14,14,14,14,14,14,14,14,14,14
550,552,553,553,554,555,556,557,558,559,560
985,985,985,985,985,985,985,985,985,985,985
181,181,180,179,179,178,177,177,176,175,174
242,242,242,242,242,242,242,242,242,242,242
1009,1010,1010,1010,1011,1011,1011,1011,1012,1012,1012
474,474,474,474,474,474,474,474,474,474,474
38,39,39,40,40,40,41,41,42,42,42
842,842,842,842,842,842,842,842,842,842,842
781,781,781,780,779,778,777,776,776,775,774
14,14,14,14,14,14,14,14,14,14,14
549,551,552,553,554,555,556,557,558,559,560
986,986,986,986,986,986,986,986,986,986,986
181,181,181,180,179,178,178,177,176,176,175
242,242,242,242,242,242,242,242,242,242,242
1009,1010,1010,1010,1011,1011,1011,1011,1011,1012,1012
474,474,474,474,474,474,474,474,474,474,474
37,39,39,39,40,40,41,41,41,42,42
842,842,842,842,842,842,842,842,842,842,842
782,782,781,780,779,779,778,777,776,775,774
14,14,14,14,14,14,14,14,14,14,14
548,550,551,552,553,554,555,556,557,558,559
986,986,986,986,986,986,986,986,986,986,986
182,182,181,180,180,179,178,177,177,176,175
241,241,241,241,241,241,241,241,241,241,241
1009,1010,1010,1010,1010,1011,1011,1011,1011,1012,1012
475,475,475,475,475,475,475,475,475,475,475
37,38,39,39,40,40,40,41,41,41,42
841,841,841,841,841,841,841,841,841,841,841
782,782,782,781,780,779,778,777,777,776,775
15,15,15,15,15,15,15,15,15,15,15
548,550,551,552,553,554,555,556,557,557,558
986,986,986,986,986,986,986,986,986,986,986
182,182,182,181,180,179,179,178,177,176,176
241,241,241,241,241,241,241,241,241,241,241
1008,1010,1010,1010,1010,1011,1011,1011,1011,1011,1012
475,475,475,475,475,475,475,475,475,475,475
37,38,39,39,39,40,40,40,41,41,42
841,841,841,841,841,841,841,841,841,841,841
783,783,782,781,780,780,779,778,777,776,775
15,15,15,15,15,15,15,15,15,15,15
547,549,550,551,552,553,554,555,556,557,558
986,986,986,986,986,986,986,986,986,986,986
182,183,182,181,181,180,179,178,178,177,176
240,240,240,240,240,240,240,240,240,240,240
1008,1009,1010,1010,1010,1010,1011,1011,1011,1011,1011
476,476,476,476,476,476,476,476,476,476,476
37,38,38,39,39,39,40,40,41,41,41
840,840,840,840,840,840,840,840,840,840,840
783,783,783,782,781,780,779,778,778,777,776
15,15,15,15,15,15,15,15,15,15,15
547,549,550,551,552,552,553,554,555,556,557
986,986,986,986,986,986,986,986,986,986,986
183,183,182,182,181,180,179,179,178,177,177
240,240,240,240,240,240,240,240,240,240,240
1008,1009,1010,1010,1010,1010,1010,1011,1011,1011,1011
477,477,477,477,477,477,477,477,477,477,477
36,38,38,39,39,39,40,40,40,41,41
840,840,840,840,840,840,840,840,840,840,840
784,784,783,782,781,781,780,779,778,777,776
15,15,15,15,15,15,15,15,15,15,15
546,548,549,550,551,552,553,554,555,556,557
987,987,987,987,987,987,987,987,987,987,987
183,184,183,182,181,181,180,179,178,178,177
239,239,239,239,239,239,239,239,239,239,239
1008,1009,1009,1010,1010,1010,1010,1011,1011,1011,1011
477,477,477,477,477,477,477,477,477,477,477
36,38,38,38,39,39,39,40,40,41,41
839,839,839,839,839,839,839,839,839,839,839
784,784,784,783,782,781,780,779,779,778,777
15,15,15,15,15,15,15,15,15,15,15
545,547,548,549,550,551,552,553,554,555,556
987,987,987,987,987,987,987,987,987,987,987
184,184,183,183,182,181,180,180,179,178,177
239,239,239,239,239,239,239,239,239,239,239
1008,1009,1009,1010,1010,1010,1010,1010,1011,1011,1011
478,478,478,478,478,478,478,478,478,478,478
36,37,38,38,38,39,39,40,40,40,41
839,839,839,839,839,839,839,839,839,839,839
785,785,784,783,782,782,781,780,779,778,777
15,15,15,15,15,15,15,15,15,15,15
545,547,548,549,550,551,552,553,554,555,556
987,987,987,987,987,987,987,987,987,987,987
184,185,184,183,182,182,181,180,179,179,178
238,238,238,238,238,238,238,238,238,238,238
1008,1009,1009,1009,1010,1010,1010,1010,1011,1011,1011
478,478,478,478,478,478,478,478,478,478,478
36,37,38,38,38,39,39,39,40,40,40
839,839,839,839,839,839,839,839,839,839,839
785,785,785,784,783,782,781,780,780,779,778
15,15,15,15,15,15,15,15,15,15,15
544,546,547,548,549,550,551,552,553,554,555
987,987,987,987,987,987,987,987,987,987,987
185,185,184,183,183,182,181,181,180,179,178
238,238,238,238,238,238,238,238,238,238,238
1008,1009,1009,1009,1009,1010,1010,1010,1010,1011,1011
479,479,479,479,479,479,479,479,479,479,479
36,37,37,38,38,38,39,39,39,40,40
838,838,838,838,838,838,838,838,838,838,838
786,786,785,784,783,783,782,781,780,779,778
16,16,16,16,16,16,16,16,16,16,16
544,546,547,548,549,550,550,551,552,553,554
988,988,988,988,988,988,988,988,988,988,988
185,185,185,184,183,182,182,181,180,180,179
237,237,237,237,237,237,237,237,237,237,237
1007,1009,1009,1009,1009,1010,1010,1010,1010,1010,1011
480,480,480,480,480,480,480,480,480,480,480
35,37,37,37,38,38,39,39,39,40,40
838,838,838,838,838,838,838,838,838,838,838
786,786,786,785,784,783,782,781,781,780,779
16,16,16,16,16,16,16,16,16,16,16
543,545,546,547,548,549,550,551,552,553,554
988,988,988,988,988,988,988,988,988,988,988
186,186,185,184,184,183,182,181,181,180,179
237,237,237,237,237,237,237,237,237,237,237
1007,1008,1009,1009,1009,1009,1010,1010,1010,1010,1011
480,480,480,480,480,480,480,480,480,480,480
35,36,37,37,38,38,38,39,39,39,40
837,837,837,837,837,837,837,837,837,837,837
787,787,786,785,784,784,783,782,781,780,779
16,16,16,16,16,16,16,16,16,16,16
543,545,545,546,547,548,549,550,551,552,553
988,988,988,988,988,988,988,988,988,988,988
186,186,186,185,184,183,183,182,181,180,180
236,236,236,236,236,236,236,236,236,236,236
1007,1008,1009,1009,1009,1009,1010,1010,1010,1010,1010
481,481,481,481,481,481,481,481,481,481,481
35,36,37,37,37,38,38,38,39,39,40
837,837,837,837,837,837,837,837,837,837,837
787,787,787,786,785,784,783,782,782,781,780
16,16,16,16,16,16,16,16,16,16,16
542,544,545,546,547,548,549,550,551,552,553
988,988,988,988,988,988,988,988,988,988,988
187,187,186,185,185,184,183,182,182,181,180
236,236,236,236,236,236,236,236,236,236,236
1007,1008,1008,1009,1009,1009,1009,1010,1010,1010,1010
481,481,481,481,481,481,481,481,481,481,481
35,36,36,37,37,37,38,38,39,39,39
836,836,836,836,836,836,836,836,836,836,836
788,788,787,786,785,785,784,783,782,781,780
16,16,16,16,16,16,16,16,16,16,16
541,543,544,545,546,547,548,549,550,551,552
988,988,988,988,988,988,988,988,988,988,988
187,187,187,186,185,184,184,183,182,181,181
235,235,235,235,235,235,235,235,235,235,235
1007,1008,1008,1009,1009,1009,1009,1009,1010,1010,1010
482,482,482,482,482,482,482,482,482,482,482
34,36,36,37,37,37,38,38,38,39,39
836,836,836,836,836,836,836,836,836,836,836
788,788,788,787,786,785,784,783,783,782,781
16,16,16,16,16,16,16,16,16,16,16
541,543,544,545,546,547,548,549,549,550,551
989,989,989,989,989,989,989,989,989,989,989
187,188,187,186,185,185,184,183,183,182,181
235,235,235,235,235,235,235,235,235,235,235
1007,1008,1008,1008,1009,1009,1009,1009,1010,1010,1010
483,483,483,483,483,483,483,483,483,483,483
34,36,36,36,37,37,37,38,38,38,39
835,835,835,835,835,835,835,835,835,835,835
789,789,788,787,786,786,785,784,783,782,781
16,16,16,16,16,16,16,16,16,16,16
540,542,543,544,545,546,547,548,549,550,551
989,989,989,989,989,989,989,989,989,989,989
188,188,187,187,186,185,184,184,183,182,181
234,234,234,234,234,234,234,234,234,234,234
1006,1008,1008,1008,1008,1009,1009,1009,1009,1010,1010
483,483,483,483,483,483,483,483,483,483,483
34,35,36,36,36,37,37,38,38,38,39
835,835,835,835,835,835,835,835,835,835,835
789,789,789,788,787,786,785,784,784,783,782
17,17,17,17,17,17,17,17,17,17,17
540,542,543,543,544,545,546,547,548,549,550
989,989,989,989,989,989,989,989,989,989,989
188,189,188,187,186,186,185,184,183,183,182
234,234,234,234,234,234,234,234,234,234,234
1006,1008,1008,1008,1008,1009,1009,1009,1009,1009,1010
484,484,484,484,484,484,484,484,484,484,484
34,35,36,36,36,37,37,37,38,38,38
834,834,834,834,834,834,834,834,834,834,834
790,790,789,788,787,787,786,785,784,783,783
17,17,17,17,17,17,17,17,17,17,17
539,541,542,543,544,545,546,547,548,549,550
989,989,989,989,989,989,989,989,989,989,989
189,189,188,188,187,186,185,185,184,183,182
233,233,233,233,233,233,233,233,233,233,233
1006,1007,1008,1008,1008,1008,1009,1009,1009,1009,1010
484,484,484,484,484,484,484,484,484,484,484
34,35,35,36,36,36,37,37,37,38,38
834,834,834,834,834,834,834,834,834,834,834
790,790,790,789,788,787,786,785,785,784,783
17,17,17,17,17,17,17,17,17,17,17
538,540,541,542,543,544,545,546,547,548,549
989,989,989,989,989,989,989,989,989,989,989
189,190,189,188,187,187,186,185,184,184,183
233,233,233,233,233,233,233,233,233,233,233
1006,1007,1008,1008,1008,1008,1008,1009,1009,1009,1009
485,485,485,485,485,485,485,485,485,485,485
33,35,35,35,36,36,37,37,37,38,38
833,833,833,833,833,833,833,833,833,833,833
791,791,790,789,788,788,787,786,785,784,784
17,17,17,17,17,17,17,17,17,17,17
538,540,541,542,543,544,545,546,547,548,548
990,990,990,990,990,990,990,990,990,990,990
190,190,189,188,188,187,186,186,185,184,183
232,232,232,232,232,232,232,232,232,232,232
1006,1007,1007,1008,1008,1008,1008,1009,1009,1009,1009
485,485,485,485,485,485,485,485,485,485,485
33,35,35,35,36,36,36,37,37,37,38
833,833,833,833,833,833,833,833,833,833,833
791,791,791,790,789,788,787,786,786,785,784
17,17,17,17,17,17,17,17,17,17,17
537,539,540,541,542,543,544,545,546,547,548
990,990,990,990,990,990,990,990,990,990,990
190,190,190,189,188,187,187,186,185,184,184
232,232,232,232,232,232,232,232,232,232,232
1006,1007,1007,1007,1008,1008,1008,1008,1009,1009,1009
486,486,486,486,486,486,486,486,486,486,486
33,34,35,35,35,36,36,36,37,37,38
833,833,833,833,833,833,833,833,833,833,833
792,792,791,790,789,789,788,787,786,785,785
17,17,17,17,17,17,17,17,17,17,17
537,539,540,541,542,542,543,544,545,546,547
990,990,990,990,990,990,990,990,990,990,990
191,191,190,189,189,188,187,186,186,185,184
231,231,231,231,231,231,231,231,231,231,231
1006,1007,1007,1007,1008,1008,1008,1008,1009,1009,1009
487,487,487,487,487,487,487,487,487,487,487
33,34,34,35,35,36,36,36,37,37,37
832,832,832,832,832,832,832,832,832,832,832
792,792,792,791,790,789,788,787,787,786,785
18,18,18,18,18,18,18,18,18,18,18
536,538,539,540,541,542,543,544,545,546,547
990,990,990,990,990,990,990,990,990,990,990
191,191,191,190,189,188,188,187,186,185,185
231,231,231,231,231,231,231,231,231,231,231
1005,1007,1007,1007,1007,1008,1008,1008,1008,1009,1009
487,487,487,487,487,487,487,487,487,487,487
33,34,34,35,35,35,36,36,36,37,37
832,832,832,832,832,832,832,832,832,832,832
793,793,792,791,790,790,789,788,787,786,785
18,18,18,18,18,18,18,18,18,18,18
535,537,538,539,540,541,542,543,544,545,546
991,991,991,991,991,991,991,991,991,991,991
192,192,191,190,190,189,188,187,187,186,185
230,230,230,230,230,230,230,230,230,230,230
1005,1007,1007,1007,1007,1008,1008,1008,1008,1008,1009
488,488,488,488,488,488,488,488,488,488,488
32,34,34,34,35,35,35,36,36,37,37
831,831,831,831,831,831,831,831,831,831,831
793,793,792,792,791,790,789,788,788,787,786
18,18,18,18,18,18,18,18,18,18,18
535,537,538,539,540,541,542,543,544,545,546
991,991,991,991,991,991,991,991,991,991,991
192,192,192,191,190,189,189,188,187,186,186
230,230,230,230,230,230,230,230,230,230,230
1005,1006,1007,1007,1007,1007,1008,1008,1008,1008,1009
488,488,488,488,488,488,488,488,488,488,488
32,34,34,34,35,35,35,36,36,36,37
831,831,831,831,831,831,831,831,831,831,831
794,794,793,792,791,791,790,789,788,787,786
18,18,18,18,18,18,18,18,18,18,18
534,536,537,538,539,540,541,542,543,544,545
991,991,991,991,991,991,991,991,991,991,991
192,193,192,191,190,190,189,188,187,187,186
229,229,229,229,229,229,229,229,229,229,229
1005,1006,1006,1007,1007,1007,1007,1008,1008,1008,1008
489,489,489,489,489,489,489,489,489,489,489
32,33,34,34,34,35,35,35,36,36,36
830,830,830,830,830,830,830,830,830,830,830
794,794,793,793,792,791,790,789,789,788,787
18,18,18,18,18,18,18,18,18,18,18
534,536,537,538,539,540,541,541,542,543,544
991,991,991,991,991,991,991,991,991,991,991
193,193,192,192,191,190,189,189,188,187,186
229,229,229,229,229,229,229,229,229,229,229
1005,1006,1006,1007,1007,1007,1007,1008,1008,1008,1008
490,490,490,490,490,490,490,490,490,490,490
32,33,33,34,34,34,35,35,36,36,36
830,830,830,830,830,830,830,830,830,830,830
795,795,794,793,792,792,791,790,789,788,787
18,18,18,18,18,18,18,18,18,18,18
533,535,536,537,538,539,540,541,542,543,544
991,991,991,991,991,991,991,991,991,991,991
193,194,193,192,191,191,190,189,188,188,187
228,228,228,228,228,228,228,228,228,228,228
1005,1006,1006,1006,1007,1007,1007,1007,1008,1008,1008
490,490,490,490,490,490,490,490,490,490,490
32,33,33,34,34,34,35,35,35,36,36
829,829,829,829,829,829,829,829,829,829,829
795,795,794,794,793,792,791,790,790,789,788
18,18,18,18,18,18,18,18,18,18,18
533,535,535,536,537,538,539,540,541,542,543
992,992,992,992,992,992,992,992,992,992,992
194,194,193,193,192,191,190,190,189,188,187
228,228,228,228,228,228,228,228,228,228,228
1004,1006,1006,1006,1006,1007,1007,1007,1007,1008,1008
491,491,491,491,491,491,491,491,491,491,491
31,33,33,33,34,34,34,35,35,35,36
829,829,829,829,829,829,829,829,829,829,829
796,796,795,794,793,793,792,791,790,789,788
19,19,19,19,19,19,19,19,19,19,19
532,534,535,536,537,538,539,540,541,542,543
992,992,992,992,992,992,992,992,992,992,992
194,195,194,193,192,192,191,190,189,189,188
227,227,227,227,227,227,227,227,227,227,227
1004,1006,1006,1006,1006,1007,1007,1007,1007,1008,1008
491,491,491,491,491,491,491,491,491,491,491
31,32,33,33,33,34,34,35,35,35,36
828,828,828,828,828,828,828,828,828,828,828
796,796,795,795,794,793,792,791,791,790,789
19,19,19,19,19,19,19,19,19,19,19
531,533,534,535,536,537,538,539,540,541,542
992,992,992,992,992,992,992,992,992,992,992
195,195,194,194,193,192,191,191,190,189,188
227,227,227,227,227,227,227,227,227,227,227
1004,1005,1006,1006,1006,1006,1007,1007,1007,1007,1008
492,492,492,492,492,492,492,492,492,492,492
31,32,33,33,33,34,34,34,35,35,35
828,828,828,828,828,828,828,828,828,828,828
797,797,796,795,794,794,793,792,791,790,789
19,19,19,19,19,19,19,19,19,19,19
531,533,534,535,536,537,538,539,539,540,541
992,992,992,992,992,992,992,992,992,992,992
195,196,195,194,193,192,192,191,190,189,189
226,226,226,226,226,226,226,226,226,226,226
1004,1005,1006,1006,1006,1006,1007,1007,1007,1007,1008
493,493,493,493,493,493,493,493,493,493,493
31,32,32,33,33,33,34,34,34,35,35
828,828,828,828,828,828,828,828,828,828,828
797,797,796,796,795,794,793,792,792,791,790
19,19,19,19,19,19,19,19,19,19,19
530,532,533,534,535,536,537,538,539,540,541
992,992,992,992,992,992,992,992,992,992,992
196,196,195,194,194,193,192,191,191,190,189
226,226,226,226,226,226,226,226,226,226,226
1004,1005,1005,1006,1006,1006,1006,1007,1007,1007,1007
493,493,493,493,493,493,493,493,493,493,493
31,32,32,33,33,33,34,34,34,35,35
827,827,827,827,827,827,827,827,827,827,827
798,798,797,796,795,795,794,793,792,791,790
19,19,19,19,19,19,19,19,19,19,19
530,532,533,533,534,535,536,537,538,539,540
993,993,993,993,993,993,993,993,993,993,993
196,196,196,195,194,193,193,192,191,190,190
225,225,225,225,225,225,225,225,225,225,225
1004,1005,1005,1005,1006,1006,1006,1006,1007,1007,1007
494,494,494,494,494,494,494,494,494,494,494
30,32,32,32,33,33,33,34,34,34,35
827,827,827,827,827,827,827,827,827,827,827
798,798,797,797,796,795,794,793,793,792,791
19,19,19,19,19,19,19,19,19,19,19
529,531,532,533,534,535,536,537,538,539,540
993,993,993,993,993,993,993,993,993,993,993
197,197,196,195,195,194,193,192,192,191,190
225,225,225,225,225,225,225,225,225,225,225
1004,1005,1005,1005,1006,1006,1006,1006,1007,1007,1007
494,494,494,494,494,494,494,494,494,494,494
30,31,32,32,32,33,33,33,34,34,35
826,826,826,826,826,826,826,826,826,826,826
798,799,798,797,796,795,795,794,793,792,791
20,20,20,20,20,20,20,20,20,20,20
528,530,531,532,533,534,535,536,537,538,539
993,993,993,993,993,993,993,993,993,993,993
197,197,197,196,195,194,194,193,192,191,191
224,224,224,224,224,224,224,224,224,224,224
1003,1005,1005,1005,1005,1006,1006,1006,1006,1007,1007
495,495,495,495,495,495,495,495,495,495,495
30,31,32,32,32,33,33,33,34,34,34
826,826,826,826,826,826,826,826,826,826,826
799,799,798,798,797,796,795,794,794,793,792
20,20,20,20,20,20,20,20,20,20,20
528,530,531,532,533,534,535,536,537,538,538
993,993,993,993,993,993,993,993,993,993,993
198,198,197,196,196,195,194,193,193,192,191
224,224,224,224,224,224,224,224,224,224,224
1003,1004,1005,1005,1005,1005,1006,1006,1006,1007,1007
495,495,495,495,495,495,495,495,495,495,495
30,31,31,32,32,32,33,33,33,34,34
825,825,825,825,825,825,825,825,825,825,825
799,800,799,798,797,796,796,795,794,793,792
20,20,20,20,20,20,20,20,20,20,20
527,529,530,531,532,533,534,535,536,537,538
993,993,993,993,993,993,993,993,993,993,993
198,198,198,197,196,195,194,194,193,192,191
223,223,223,223,223,223,223,223,223,223,223
1003,1004,1005,1005,1005,1005,1006,1006,1006,1006,1007
496,496,496,496,496,496,496,496,496,496,496
30,31,31,32,32,32,33,33,33,34,34
825,825,825,825,825,825,825,825,825,825,825
800,800,799,799,798,797,796,795,795,794,793
20,20,20,20,20,20,20,20,20,20,20
527,529,530,531,532,532,533,534,535,536,537
994,994,994,994,994,994,994,994,994,994,994
199,199,198,197,196,196,195,194,193,193,192
223,223,223,223,223,223,223,223,223,223,223
1003,1004,1004,1005,1005,1005,1005,1006,1006,1006,1006
497,497,497,497,497,497,497,497,497,497,497
29,31,31,31,32,32,32,33,33,33,34
824,824,824,824,824,824,824,824,824,824,824
800,801,800,799,798,797,797,796,795,794,793
20,20,20,20,20,20,20,20,20,20,20
526,528,529,530,531,532,533,534,535,536,537
994,994,994,994,994,994,994,994,994,994,994
199,199,198,198,197,196,195,195,194,193,192
222,222,222,222,222,222,222,222,222,222,222
1003,1004,1004,1004,1005,1005,1005,1006,1006,1006,1006
497,497,497,497,497,497,497,497,497,497,497
29,30,31,31,31,32,32,32,33,33,33
824,824,824,824,824,824,824,824,824,824,824
801,801,800,800,799,798,797,796,796,795,794
20,20,20,20,20,20,20,20,20,20,20
525,527,528,529,530,531,532,533,534,535,536
994,994,994,994,994,994,994,994,994,994,994
199,200,199,198,197,197,196,195,194,194,193
222,222,222,222,222,222,222,222,222,222,222
1003,1004,1004,1004,1005,1005,1005,1005,1006,1006,1006
498,498,498,498,498,498,498,498,498,498,498
29,30,31,31,31,32,32,32,33,33,33
823,823,823,823,823,823,823,823,823,823,823
801,802,801,800,799,798,798,797,796,795,794
21,21,21,21,21,21,21,21,21,21,21
525,527,528,529,530,531,532,533,534,535,536
994,994,994,994,994,994,994,994,994,994,994
200,200,199,199,198,197,196,196,195,194,193
221,221,221,221,221,221,221,221,221,221,221
1002,1004,1004,1004,1004,1005,1005,1005,1005,1006,1006
498,498,498,498,498,498,498,498,498,498,498
29,30,30,31,31,31,32,32,32,33,33
823,823,823,823,823,823,823,823,823,823,823
802,802,801,801,800,799,798,797,797,796,795
21,21,21,21,21,21,21,21,21,21,21
524,526,527,528,529,530,531,532,533,534,535
994,994,994,994,994,994,994,994,994,994,994
200,201,200,199,198,198,197,196,195,195,194
221,221,221,221,221,221,221,221,221,221,221
1002,1003,1004,1004,1004,1005,1005,1005,1005,1006,1006
499,499,499,499,499,499,499,499,499,499,499
29,30,30,31,31,31,32,32,32,33,33
822,822,822,822,822,822,822,822,822,822,822
802,803,802,801,800,799,799,798,797,796,795
21,21,21,21,21,21,21,21,21,21,21
524,526,527,528,529,530,530,531,532,533,534
995,995,995,995,995,995,995,995,995,995,995
201,201,200,200,199,198,197,197,196,195,194
220,220,220,220,220,220,220,220,220,220,220
1002,1003,1004,1004,1004,1004,1005,1005,1005,1005,1006
500,500,500,500,500,500,500,500,500,500,500
28,30,30,30,31,31,31,32,32,32,33
822,822,822,822,822,822,822,822,822,822,822
803,803,802,801,801,800,799,798,797,797,796
21,21,21,21,21,21,21,21,21,21,21
523,525,526,527,528,529,530,531,532,533,534
995,995,995,995,995,995,995,995,995,995,995
201,202,201,200,199,198,198,197,196,195,195
220,220,220,220,220,220,220,220,220,220,220
1002,1003,1003,1004,1004,1004,1004,1005,1005,1005,1006
500,500,500,500,500,500,500,500,500,500,500
28,29,30,30,30,31,31,31,32,32,32
821,821,821,821,821,821,821,821,821,821,821
803,804,803,802,801,800,800,799,798,797,796
21,21,21,21,21,21,21,21,21,21,21
523,524,525,526,527,528,529,530,531,532,533
995,995,995,995,995,995,995,995,995,995,995
202,202,201,200,200,199,198,197,197,196,195
219,219,219,219,219,219,219,219,219,219,219
1002,1003,1003,1003,1004,1004,1004,1005,1005,1005,1005
501,501,501,501,501,501,501,501,501,501,501
28,29,30,30,30,31,31,31,32,32,32
821,821,821,821,821,821,821,821,821,821,821
804,804,803,802,802,801,800,799,798,798,797
21,21,21,21,21,21,21,21,21,21,21
522,524,525,526,527,528,529,530,531,532,533
995,995,995,995,995,995,995,995,995,995,995
202,202,202,201,200,199,199,198,197,196,196
219,219,219,219,219,219,219,219,219,219,219
1001,1003,1003,1003,1004,1004,1004,1004,1005,1005,1005
501,501,501,501,501,501,501,501,501,501,501
28,29,29,30,30,30,31,31,31,32,32
821,821,821,821,821,821,821,821,821,821,821
804,805,804,803,802,801,801,800,799,798,797
22,22,22,22,22,22,22,22,22,22,22
521,523,524,525,526,527,528,529,530,531,532
995,995,995,995,995,995,995,995,995,995,995
203,203,202,201,201,200,199,198,198,197,196
218,218,218,218,218,218,218,218,218,218,218
1001,1003,1003,1003,1003,1004,1004,1004,1005,1005,1005
502,502,502,502,502,502,502,502,502,502,502
28,29,29,30,30,30,31,31,31,31,32
820,820,820,820,820,820,820,820,820,820,820
805,805,804,803,803,802,801,800,799,799,798
22,22,22,22,22,22,22,22,22,22,22
521,523,524,525,526,527,528,529,529,530,531
996,996,996,996,996,996,996,996,996,996,996
203,203,203,202,201,200,200,199,198,197,197
218,218,218,218,218,218,218,218,218,218,218
1001,1002,1003,1003,1003,1004,1004,1004,1004,1005,1005
503,503,503,503,503,503,503,503,503,503,503
27,29,29,29,30,30,30,31,31,31,32
820,820,820,820,820,820,820,820,820,820,820
805,805,805,804,803,802,802,801,800,799,798
22,22,22,22,22,22,22,22,22,22,22
520,522,523,524,525,526,527,528,529,530,531
996,996,996,996,996,996,996,996,996,996,996
204,204,203,202,202,201,200,199,199,198,197
217,217,217,217,217,217,217,217,217,217,217
1001,1002,1003,1003,1003,1003,1004,1004,1004,1004,1005
503,503,503,503,503,503,503,503,503,503,503
27,29,29,29,29,30,30,30,31,31,31
819,819,819,819,819,819,819,819,819,819,819
806,806,805,804,804,803,802,801,800,800,799
22,22,22,22,22,22,22,22,22,22,22
520,522,523,523,524,525,526,527,528,529,530
996,996,996,996,996,996,996,996,996,996,996
204,204,204,203,202,201,201,200,199,198,197
217,217,217,217,217,217,217,217,217,217,217
1001,1002,1002,1003,1003,1003,1003,1004,1004,1004,1005
504,504,504,504,504,504,504,504,504,504,504
27,28,29,29,29,30,30,30,31,31,31
819,819,819,819,819,819,819,819,819,819,819
806,806,806,805,804,803,802,802,801,800,799
22,22,22,22,22,22,22,22,22,22,22
519,521,522,523,524,525,526,527,528,529,530
996,996,996,996,996,996,996,996,996,996,996
205,205,204,203,203,202,201,200,199,199,198
217,217,217,217,217,217,217,217,217,217,217
1001,1002,1002,1002,1003,1003,1003,1004,1004,1004,1004
504,504,504,504,504,504,504,504,504,504,504
27,28,28,29,29,29,30,30,30,31,31
818,818,818,818,818,818,818,818,818,818,818
807,807,806,805,805,804,803,802,801,801,800
22,22,22,22,22,22,22,22,22,22,22
518,520,521,522,523,524,525,526,527,528,529
996,996,996,996,996,996,996,996,996,996,996
205,205,205,204,203,202,201,201,200,199,198
216,216,216,216,216,216,216,216,216,216,216
1000,1002,1002,1002,1003,1003,1003,1003,1004,1004,1004
505,505,505,505,505,505,505,505,505,505,505
27,28,28,29,29,29,30,30,30,30,31
818,818,818,818,818,818,818,818,818,818,818
807,807,807,806,805,804,803,803,802,801,800
23,23,23,23,23,23,23,23,23,23,23
518,520,521,522,523,524,525,526,527,528,528
996,996,996,996,996,996,996,996,996,996,996
206,206,205,204,203,203,202,201,200,200,199
216,216,216,216,216,216,216,216,216,216,216
1000,1002,1002,1002,1002,1003,1003,1003,1004,1004,1004
505,505,505,505,505,505,505,505,505,505,505
26,28,28,28,29,29,29,30,30,30,31
817,817,817,817,817,817,817,817,817,817,817
808,808,807,806,806,805,804,803,802,802,801
23,23,23,23,23,23,23,23,23,23,23
517,519,520,521,522,523,524,525,526,527,528
997,997,997,997,997,997,997,997,997,997,997
206,206,205,205,204,203,202,202,201,200,199
215,215,215,215,215,215,215,215,215,215,215
1000,1001,1002,1002,1002,1003,1003,1003,1003,1004,1004
506,506,506,506,506,506,506,506,506,506,506
26,28,28,28,28,29,29,29,30,30,30
817,817,817,817,817,817,817,817,817,817,817
808,808,808,807,806,805,804,804,803,802,801
23,23,23,23,23,23,23,23,23,23,23
517,519,520,521,522,522,523,524,525,526,527
997,997,997,997,997,997,997,997,997,997,997
207,207,206,205,204,204,203,202,201,201,200
215,215,215,215,215,215,215,215,215,215,215
1000,1001,1002,1002,1002,1002,1003,1003,1003,1003,1004
507,507,507,507,507,507,507,507,507,507,507
26,27,28,28,28,29,29,29,30,30,30
816,816,816,816,816,816,816,816,816,816,816
809,809,808,807,807,806,805,804,803,803,802
23,23,23,23,23,23,23,23,23,23,23
516,518,519,520,521,522,523,524,525,526,527
997,997,997,997,997,997,997,997,997,997,997
207,207,206,206,205,204,203,203,202,201,200
214,214,214,214,214,214,214,214,214,214,214
1000,1001,1001,1002,1002,1002,1002,1003,1003,1003,1004
507,507,507,507,507,507,507,507,507,507,507
26,27,27,28,28,28,29,29,29,30,30
816,816,816,816,816,816,816,816,816,816,816
809,809,809,808,807,806,805,805,804,803,802
23,23,23,23,23,23,23,23,23,23,23
515,517,518,519,520,521,522,523,524,525,526
997,997,997,997,997,997,997,997,997,997,997
207,208,207,206,205,205,204,203,202,202,201
214,214,214,214,214,214,214,214,214,214,214
1000,1001,1001,1001,1002,1002,1002,1003,1003,1003,1003
508,508,508,508,508,508,508,508,508,508,508
26,27,27,28,28,28,29,29,29,29,30
815,815,815,815,815,815,815,815,815,815,815
810,810,809,808,807,807,806,805,804,804,803
24,24,24,24,24,24,24,24,24,24,24
515,517,518,519,520,521,522,523,524,525,526
997,997,997,997,997,997,997,997,997,997,997
208,208,207,207,206,205,204,204,203,202,201
213,213,213,213,213,213,213,213,213,213,213
999,1001,1001,1001,1002,1002,1002,1002,1003,1003,1003
508,508,508,508,508,508,508,508,508,508,508
26,27,27,27,28,28,28,29,29,29,30
815,815,815,815,815,815,815,815,815,815,815
810,810,810,809,808,807,806,806,805,804,803
24,24,24,24,24,24,24,24,24,24,24
514,516,517,518,519,520,521,522,523,524,525
998,998,998,998,998,998,998,998,998,998,998
208,209,208,207,206,206,205,204,203,202,202
213,213,213,213,213,213,213,213,213,213,213
999,1001,1001,1001,1001,1002,1002,1002,1003,1003,1003
509,509,509,509,509,509,509,509,509,509,509
25,27,27,27,28,28,28,28,29,29,29
814,814,814,814,814,814,814,814,814,814,814
811,811,810,809,808,808,807,806,805,804,804
24,24,24,24,24,24,24,24,24,24,24
514,516,517,518,519,520,520,521,522,523,524
998,998,998,998,998,998,998,998,998,998,998
209,209,208,208,207,206,205,204,204,203,202
212,212,212,212,212,212,212,212,212,212,212
999,1000,1001,1001,1001,1001,1002,1002,1002,1003,1003
510,510,510,510,510,510,510,510,510,510,510
25,26,27,27,27,28,28,28,29,29,29
814,814,814,814,814,814,814,814,814,814,814
811,811,810,810,809,808,807,807,806,805,804
24,24,24,24,24,24,24,24,24,24,24
513,515,516,517,518,519,520,521,522,523,524
998,998,998,998,998,998,998,998,998,998,998
209,210,209,208,207,206,206,205,204,203,203
212,212,212,212,212,212,212,212,212,212,212
999,1000,1000,1001,1001,1001,1002,1002,1002,1002,1003
510,510,510,510,510,510,510,510,510,510,510
25,26,27,27,27,27,28,28,28,29,29
813,813,813,813,813,813,813,813,813,813,813
812,812,811,810,809,809,808,807,806,805,805
24,24,24,24,24,24,24,24,24,24,24
513,514,515,516,517,518,519,520,521,522,523
998,998,998,998,998,998,998,998,998,998,998
210,210,209,208,208,207,206,205,205,204,203
211,211,211,211,211,211,211,211,211,211,211
999,1000,1000,1001,1001,1001,1001,1002,1002,1002,1003
511,511,511,511,511,511,511,511,511,511,511
25,26,26,27,27,27,28,28,28,29,29
813,813,813,813,813,813,813,813,813,813,813
812,812,811,811,810,809,808,808,807,806,805
24,24,24,24,24,24,24,24,24,24,24
512,514,515,516,517,518,519,520,521,522,523
998,998,998,998,998,998,998,998,998,998,998
210,211,210,209,208,207,207,206,205,204,204
211,211,211,211,211,211,211,211,211,211,211
999,1000,1000,1000,1001,1001,1001,1002,1002,1002,1002
511,511,511,511,511,511,511,511,511,511,511
25,26,26,26,27,27,27,28,28,28,29
812,812,812,812,812,812,812,812,812,812,812
812,813,812,811,810,810,809,808,807,806,806
25,25,25,25,25,25,25,25,25,25,25
511,513,514,515,516,517,518,519,520,521,522
999,999,999,999,999,999,999,999,999,999,999
211,211,210,209,209,208,207,206,206,205,204
210,210,210,210,210,210,210,210,210,210,210
998,1000,1000,1000,1001,1001,1001,1001,1002,1002,1002
512,512,512,512,512,512,512,512,512,512,512
24,26,26,26,27,27,27,28,28,28,28
812,812,812,812,812,812,812,812,812,812,812
813,813,812,812,811,810,809,808,808,807,806
25,25,25,25,25,25,25,25,25,25,25
511,513,514,515,516,517,518,519,519,520,521
999,999,999,999,999,999,999,999,999,999,999
211,211,211,210,209,208,208,207,206,205,204
210,210,210,210,210,210,210,210,210,210,210
998,999,1000,1000,1000,1001,1001,1001,1001,1002,1002
513,513,513,513,513,513,513,513,513,513,513
24,26,26,26,26,27,27,27,28,28,28
812,812,812,812,812,812,812,812,812,812,812
813,814,813,812,811,811,810,809,808,807,807
25,25,25,25,25,25,25,25,25,25,25
510,512,513,514,515,516,517,518,519,520,521
999,999,999,999,999,999,999,999,999,999,999
212,212,211,210,210,209,208,207,207,206,205
209,209,209,209,209,209,209,209,209,209,209
998,999,1000,1000,1000,1000,1001,1001,1001,1002,1002
513,513,513,513,513,513,513,513,513,513,513
24,25,26,26,26,27,27,27,27,28,28
811,811,811,811,811,811,811,811,811,811,811
814,814,813,813,812,811,810,809,809,808,807
25,25,25,25,25,25,25,25,25,25,25
510,512,513,513,514,515,516,517,518,519,520
999,999,999,999,999,999,999,999,999,999,999
212,212,212,211,210,209,209,208,207,206,205
209,209,209,209,209,209,209,209,209,209,209
998,999,999,1000,1000,1000,1001,1001,1001,1001,1002
514,514,514,514,514,514,514,514,514,514,514
24,25,25,26,26,26,27,27,27,28,28
811,811,811,811,811,811,811,811,811,811,811
814,815,814,813,812,811,811,810,809,808,808
25,25,25,25,25,25,25,25,25,25,25
509,511,512,513,514,515,516,517,518,519,520
999,999,999,999,999,999,999,999,999,999,999
213,213,212,211,211,210,209,208,207,207,206
208,208,208,208,208,208,208,208,208,208,208
998,999,999,999,1000,1000,1000,1001,1001,1001,1002
514,514,514,514,514,514,514,514,514,514,514
24,25,25,26,26,26,26,27,27,27,28
810,810,810,810,810,810,810,810,810,810,810
815,815,814,814,813,812,811,810,810,809,808
26,26,26,26,26,26,26,26,26,26,26
508,510,511,512,513,514,515,516,517,518,519
999,999,999,999,999,999,999,999,999,999,999
213,213,213,212,211,210,209,209,208,207,206
208,208,208,208,208,208,208,208,208,208,208
997,999,999,999,1000,1000,1000,1000,1001,1001,1001
515,515,515,515,515,515,515,515,515,515,515
24,25,25,25,26,26,26,27,27,27,28
810,810,810,810,810,810,810,810,810,810,810
815,816,815,814,813,812,812,811,810,809,809
26,26,26,26,26,26,26,26,26,26,26
508,510,511,512,513,514,515,516,517,517,518
1000,1000,1000,1000,1000,1000,1000,1000,1000,1000,1000
214,214,213,212,212,211,210,209,208,208,207
207,207,207,207,207,207,207,207,207,207,207
997,999,999,999,999,1000,1000,1000,1001,1001,1001
515,515,515,515,515,515,515,515,515,515,515
23,25,25,25,26,26,26,26,27,27,27
809,809,809,809,809,809,809,809,809,809,809
816,816,815,814,814,813,812,811,811,810,809
26,26,26,26,26,26,26,26,26,26,26
507,509,510,511,512,513,514,515,516,517,518
1000,1000,1000,1000,1000,1000,1000,1000,1000,1000,1000
214,214,214,213,212,211,210,210,209,208,207
207,207,207,207,207,207,207,207,207,207,207
997,998,999,999,999,1000,1000,1000,1000,1001,1001
516,516,516,516,516,516,516,516,516,516,516
23,24,25,25,25,26,26,26,27,27,27
809,809,809,809,809,809,809,809,809,809,809
816,817,816,815,814,813,813,812,811,810,809
26,26,26,26,26,26,26,26,26,26,26
507,509,510,511,511,512,513,514,515,516,517
1000,1000,1000,1000,1000,1000,1000,1000,1000,1000,1000
215,215,214,213,212,212,211,210,209,209,208
206,206,206,206,206,206,206,206,206,206,206
997,998,998,999,999,999,1000,1000,1000,1001,1001
517,517,517,517,517,517,517,517,517,517,517
23,24,25,25,25,25,26,26,26,27,27
808,808,808,808,808,808,808,808,808,808,808
817,817,816,815,815,814,813,812,812,811,810
26,26,26,26,26,26,26,26,26,26,26
506,508,509,510,511,512,513,514,515,516,517
1000,1000,1000,1000,1000,1000,1000,1000,1000,1000,1000
215,215,215,214,213,212,211,211,210,209,208
206,206,206,206,206,206,206,206,206,206,206
997,998,998,999,999,999,999,1000,1000,1000,1001
517,517,517,517,517,517,517,517,517,517,517
23,24,24,25,25,25,26,26,26,26,27
808,808,808,808,808,808,808,808,808,808,808
817,817,817,816,815,814,814,813,812,811,810
26,26,26,26,26,26,26,26,26,26,26
505,507,508,509,510,511,512,513,514,515,516
1000,1000,1000,1000,1000,1000,1000,1000,1000,1000,1000
216,216,215,214,213,213,212,211,210,210,209
206,206,206,206,206,206,206,206,206,206,206
996,998,998,998,999,999,999,1000,1000,1000,1000
518,518,518,518,518,518,518,518,518,518,518
23,24,24,24,25,25,25,26,26,26,27
807,807,807,807,807,807,807,807,807,807,807
818,818,817,816,816,815,814,813,812,812,811
27,27,27,27,27,27,27,27,27,27,27
505,507,508,509,510,511,512,513,514,515,516
1000,1000,1000,1000,1000,1000,1000,1000,1000,1000,1000
216,216,215,215,214,213,212,212,211,210,209
205,205,205,205,205,205,205,205,205,205,205
996,998,998,998,999,999,999,999,1000,1000,1000
518,518,518,518,518,518,518,518,518,518,518
22,24,24,24,25,25,25,25,26,26,26
807,807,807,807,807,807,807,807,807,807,807
818,818,818,817,816,815,815,814,813,812,811
27,27,27,27,27,27,27,27,27,27,27
504,506,507,508,509,510,511,512,513,514,515
1001,1001,1001,1001,1001,1001,1001,1001,1001,1001,1001
217,217,216,215,214,214,213,212,211,210,210
205,205,205,205,205,205,205,205,205,205,205
996,997,998,998,998,999,999,999,1000,1000,1000
519,519,519,519,519,519,519,519,519,519,519
22,24,24,24,24,25,25,25,26,26,26
806,806,806,806,806,806,806,806,806,806,806
819,819,818,817,817,816,815,814,813,813,812
27,27,27,27,27,27,27,27,27,27,27
504,506,507,508,509,510,510,511,512,513,514
1001,1001,1001,1001,1001,1001,1001,1001,1001,1001,1001
217,217,216,216,215,214,213,213,212,211,210
204,204,204,204,204,204,204,204,204,204,204
996,997,998,998,998,998,999,999,999,1000,1000
520,520,520,520,520,520,520,520,520,520,520
22,23,24,24,24,25,25,25,25,26,26
806,806,806,806,806,806,806,806,806,806,806
819,819,819,818,817,816,815,815,814,813,812
27,27,27,27,27,27,27,27,27,27,27
503,505,506,507,508,509,510,511,512,513,514
1001,1001,1001,1001,1001,1001,1001,1001,1001,1001,1001
217,218,217,216,215,215,214,213,212,211,211
204,204,204,204,204,204,204,204,204,204,204
996,997,997,998,998,998,999,999,999,999,1000
520,520,520,520,520,520,520,520,520,520,520
22,23,23,24,24,24,25,25,25,26,26
805,805,805,805,805,805,805,805,805,805,805
820,820,819,818,817,817,816,815,814,814,813
27,27,27,27,27,27,27,27,27,27,27
503,504,505,506,507,508,509,510,511,512,513
1001,1001,1001,1001,1001,1001,1001,1001,1001,1001,1001
218,218,217,217,216,215,214,213,213,212,211
203,203,203,203,203,203,203,203,203,203,203
996,997,997,997,998,998,998,999,999,999,1000
521,521,521,521,521,521,521,521,521,521,521
22,23,23,24,24,24,24,25,25,25,26
805,805,805,805,805,805,805,805,805,805,805
820,820,820,819,818,817,816,816,815,814,813
28,28,28,28,28,28,28,28,28,28,28
502,504,505,506,507,508,509,510,511,512,513
1001,1001,1001,1001,1001,1001,1001,1001,1001,1001,1001
218,219,218,217,216,216,215,214,213,212,212
203,203,203,203,203,203,203,203,203,203,203
995,997,997,997,998,998,998,998,999,999,999
521,521,521,521,521,521,521,521,521,521,521
22,23,23,23,24,24,24,25,25,25,25
804,804,804,804,804,804,804,804,804,804,804
821,821,820,819,818,818,817,816,815,815,814
28,28,28,28,28,28,28,28,28,28,28
501,503,504,505,506,507,508,509,510,511,512
1002,1002,1002,1002,1002,1002,1002,1002,1002,1002,1002
219,219,218,218,217,216,215,214,214,213,212
202,202,202,202,202,202,202,202,202,202,202
995,996,997,997,997,998,998,998,999,999,999
522,522,522,522,522,522,522,522,522,522,522
21,23,23,23,24,24,24,24,25,25,25
804,804,804,804,804,804,804,804,804,804,804
821,821,820,820,819,818,817,817,816,815,814
28,28,28,28,28,28,28,28,28,28,28
501,503,504,505,506,507,508,508,509,510,511
1002,1002,1002,1002,1002,1002,1002,1002,1002,1002,1002
219,220,219,218,217,216,216,215,214,213,213
202,202,202,202,202,202,202,202,202,202,202
995,996,997,997,997,997,998,998,998,999,999
523,523,523,523,523,523,523,523,523,523,523
21,23,23,23,23,24,24,24,25,25,25
803,803,803,803,803,803,803,803,803,803,803
821,822,821,820,819,819,818,817,816,816,815
28,28,28,28,28,28,28,28,28,28,28
500,502,503,504,505,506,507,508,509,510,511
1002,1002,1002,1002,1002,1002,1002,1002,1002,1002,1002
220,220,219,219,218,217,216,215,215,214,213
201,201,201,201,201,201,201,201,201,201,201
995,996,996,997,997,997,998,998,998,999,999
523,523,523,523,523,523,523,523,523,523,523
21,22,23,23,23,23,24,24,24,25,25
803,803,803,803,803,803,803,803,803,803,803
822,822,821,821,820,819,818,818,817,816,815
28,28,28,28,28,28,28,28,28,28,28
500,502,502,503,504,505,506,507,508,509,510
1002,1002,1002,1002,1002,1002,1002,1002,1002,1002,1002
220,221,220,219,218,217,217,216,215,214,214
201,201,201,201,201,201,201,201,201,201,201
995,996,996,996,997,997,997,998,998,998,999
524,524,524,524,524,524,524,524,524,524,524
21,22,22,23,23,23,24,24,24,24,25
802,802,802,802,802,802,802,802,802,802,802
822,823,822,821,820,820,819,818,817,816,816
29,29,29,29,29,29,29,29,29,29,29
499,501,502,503,504,505,506,507,508,509,510
1002,1002,1002,1002,1002,1002,1002,1002,1002,1002,1002
221,221,220,219,219,218,217,216,216,215,214
200,200,200,200,200,200,200,200,200,200,200
994,996,996,996,997,997,997,998,998,998,998
524,524,524,524,524,524,524,524,524,524,524
21,22,22,23,23,23,23,24,24,24,25
802,802,802,802,802,802,802,802,802,802,802
823,823,822,822,821,820,819,818,818,817,816
29,29,29,29,29,29,29,29,29,29,29
498,500,501,502,503,504,505,506,507,508,509
1002,1002,1002,1002,1002,1002,1002,1002,1002,1002,1002
221,222,221,220,219,218,218,217,216,215,214
200,200,200,200,200,200,200,200,200,200,200
994,995,996,996,996,997,997,997,998,998,998
525,525,525,525,525,525,525,525,525,525,525
21,22,22,22,23,23,23,24,24,24,24
801,801,801,801,801,801,801,801,801,801,801
823,824,823,822,821,820,820,819,818,817,817
29,29,29,29,29,29,29,29,29,29,29
498,500,501,502,503,504,505,506,507,507,508
1003,1003,1003,1003,1003,1003,1003,1003,1003,1003,1003
222,222,221,220,220,219,218,217,217,216,215
199,199,199,199,199,199,199,199,199,199,199
994,995,996,996,996,997,997,997,997,998,998
525,525,525,525,525,525,525,525,525,525,525
20,22,22,22,23,23,23,23,24,24,24
801,801,801,801,801,801,801,801,801,801,801
824,824,823,822,822,821,820,819,819,818,817
29,29,29,29,29,29,29,29,29,29,29
497,499,500,501,502,503,504,505,506,507,508
1003,1003,1003,1003,1003,1003,1003,1003,1003,1003,1003
222,223,222,221,220,219,219,218,217,216,215
199,199,199,199,199,199,199,199,199,199,199
994,995,995,996,996,996,997,997,997,998,998
526,526,526,526,526,526,526,526,526,526,526
20,22,22,22,22,23,23,23,23,24,24
800,800,800,800,800,800,800,800,800,800,800
824,825,824,823,822,821,821,820,819,818,818
29,29,29,29,29,29,29,29,29,29,29
497,499,500,501,501,502,503,504,505,506,507
1003,1003,1003,1003,1003,1003,1003,1003,1003,1003,1003
223,223,222,221,221,220,219,218,217,217,216
199,199,199,199,199,199,199,199,199,199,199
994,995,995,996,996,996,996,997,997,997,998
527,527,527,527,527,527,527,527,527,527,527
20,21,22,22,22,22,23,23,23,24,24
800,800,800,800,800,800,800,800,800,800,800
825,825,824,823,823,822,821,820,820,819,818
30,30,30,30,30,30,30,30,30,30,30
496,498,499,500,501,502,503,504,505,506,507
1003,1003,1003,1003,1003,1003,1003,1003,1003,1003,1003
223,224,223,222,221,220,220,219,218,217,216
198,198,198,198,198,198,198,198,198,198,198
993,995,995,995,996,996,996,997,997,997,998
527,527,527,527,527,527,527,527,527,527,527
20,21,21,22,22,22,23,23,23,23,24
799,799,799,799,799,799,799,799,799,799,799
825,825,825,824,823,822,822,821,820,819,819
30,30,30,30,30,30,30,30,30,30,30
495,497,498,499,500,501,502,503,504,505,506
1003,1003,1003,1003,1003,1003,1003,1003,1003,1003,1003
224,224,223,222,222,221,220,219,218,218,217
198,198,198,198,198,198,198,198,198,198,198
993,994,995,995,995,996,996,996,997,997,997
528,528,528,528,528,528,528,528,528,528,528
20,21,21,22,22,22,22,23,23,23,24
799,799,799,799,799,799,799,799,799,799,799
826,826,825,824,824,823,822,821,821,820,819
30,30,30,30,30,30,30,30,30,30,30
495,497,498,499,500,501,502,503,504,505,506
1003,1003,1003,1003,1003,1003,1003,1003,1003,1003,1003
224,224,224,223,222,221,221,220,219,218,217
197,197,197,197,197,197,197,197,197,197,197
993,994,995,995,995,996,996,996,997,997,997
528,528,528,528,528,528,528,528,528,528,528
20,21,21,21,22,22,22,22,23,23,23
798,798,798,798,798,798,798,798,798,798,798
826,826,826,825,824,823,823,822,821,820,819
30,30,30,30,30,30,30,30,30,30,30
494,496,497,498,499,500,501,502,503,504,505
1004,1004,1004,1004,1004,1004,1004,1004,1004,1004,1004
225,225,224,223,223,222,221,220,219,219,218
197,197,197,197,197,197,197,197,197,197,197
993,994,994,995,995,995,996,996,996,997,997
529,529,529,529,529,529,529,529,529,529,529
19,21,21,21,21,22,22,22,23,23,23
798,798,798,798,798,798,798,798,798,798,798
827,827,826,825,825,824,823,822,821,821,820
30,30,30,30,30,30,30,30,30,30,30
494,496,497,498,499,499,500,501,502,503,504
1004,1004,1004,1004,1004,1004,1004,1004,1004,1004,1004
225,225,225,224,223,222,221,221,220,219,218
196,196,196,196,196,196,196,196,196,196,196
993,994,994,995,995,995,996,996,996,996,997
530,530,530,530,530,530,530,530,530,530,530
19,21,21,21,21,22,22,22,22,23,23
798,798,798,798,798,798,798,798,798,798,798
827,827,827,826,825,824,823,823,822,821,820
31,31,31,31,31,31,31,31,31,31,31
493,495,496,497,498,499,500,501,502,503,504
1004,1004,1004,1004,1004,1004,1004,1004,1004,1004,1004
226,226,225,224,224,223,222,221,220,220,219
196,196,196,196,196,196,196,196,196,196,196
992,994,994,994,995,995,995,996,996,996,997
530,530,530,530,530,530,530,530,530,530,530
19,20,21,21,21,21,22,22,22,23,23
797,797,797,797,797,797,797,797,797,797,797
828,828,827,826,825,825,824,823,822,822,821
31,31,31,31,31,31,31,31,31,31,31
492,494,495,496,497,498,499,500,501,502,503
1004,1004,1004,1004,1004,1004,1004,1004,1004,1004,1004
226,226,226,225,224,223,222,222,221,220,219
195,195,195,195,195,195,195,195,195,195,195
992,993,994,994,994,995,995,995,996,996,996
531,531,531,531,531,531,531,531,531,531,531
19,20,20,21,21,21,22,22,22,22,23
797,797,797,797,797,797,797,797,797,797,797
828,828,827,827,826,825,824,824,823,822,821
31,31,31,31,31,31,31,31,31,31,31
492,494,495,496,497,498,499,500,501,502,503
1004,1004,1004,1004,1004,1004,1004,1004,1004,1004,1004
227,227,226,225,225,224,223,222,221,221,220
195,195,195,195,195,195,195,195,195,195,195
992,993,994,994,994,995,995,995,996,996,996
531,531,531,531,531,531,531,531,531,531,531
19,20,20,21,21,21,21,22,22,22,22
796,796,796,796,796,796,796,796,796,796,796
828,829,828,827,826,826,825,824,823,823,822
31,31,31,31,31,31,31,31,31,31,31
491,493,494,495,496,497,498,499,500,501,502
1004,1004,1004,1004,1004,1004,1004,1004,1004,1004,1004
227,227,227,226,225,224,223,223,222,221,220
194,194,194,194,194,194,194,194,194,194,194
992,993,993,994,994,994,995,995,995,996,996
532,532,532,532,532,532,532,532,532,532,532
19,20,20,20,21,21,21,21,22,22,22
796,796,796,796,796,796,796,796,796,796,796
829,829,828,828,827,826,825,825,824,823,822
31,31,31,31,31,31,31,31,31,31,31
491,493,494,495,496,497,498,498,499,500,501
1004,1004,1004,1004,1004,1004,1004,1004,1004,1004,1004
228,228,227,226,225,225,224,223,222,222,221
194,194,194,194,194,194,194,194,194,194,194
992,993,993,994,994,994,995,995,995,995,996
533,533,533,533,533,533,533,533,533,533,533
18,20,20,20,21,21,21,21,22,22,22
795,795,795,795,795,795,795,795,795,795,795
829,830,829,828,827,827,826,825,824,824,823
32,32,32,32,32,32,32,32,32,32,32
490,492,493,494,495,496,497,498,499,500,501
1005,1005,1005,1005,1005,1005,1005,1005,1005,1005,1005
228,228,228,227,226,225,224,224,223,222,221
193,193,193,193,193,193,193,193,193,193,193
991,993,993,993,994,994,994,995,995,995,996
533,533,533,533,533,533,533,533,533,533,533
18,20,20,20,20,21,21,21,21,22,22
795,795,795,795,795,795,795,795,795,795,795
830,830,829,829,828,827,826,826,825,824,823
32,32,32,32,32,32,32,32,32,32,32
490,492,492,493,494,495,496,497,498,499,500
1005,1005,1005,1005,1005,1005,1005,1005,1005,1005,1005
229,229,228,227,226,226,225,224,223,222,222
193,193,193,193,193,193,193,193,193,193,193
991,992,993,993,993,994,994,994,995,995,995
534,534,534,534,534,534,534,534,534,534,534
18,19,20,20,20,20,21,21,21,22,22
794,794,794,794,794,794,794,794,794,794,794
830,831,830,829,828,828,827,826,825,824,824
32,32,32,32,32,32,32,32,32,32,32
489,491,492,493,494,495,496,497,498,499,500
1005,1005,1005,1005,1005,1005,1005,1005,1005,1005,1005
229,229,229,228,227,226,225,225,224,223,222
192,192,192,192,192,192,192,192,192,192,192
991,992,993,993,993,994,994,994,995,995,995
534,534,534,534,534,534,534,534,534,534,534
18,19,19,20,20,20,21,21,21,21,22
794,794,794,794,794,794,794,794,794,794,794
831,831,830,829,829,828,827,826,826,825,824
32,32,32,32,32,32,32,32,32,32,32
488,490,491,492,493,494,495,496,497,498,499
1005,1005,1005,1005,1005,1005,1005,1005,1005,1005,1005
230,230,229,228,227,227,226,225,224,223,223
192,192,192,192,192,192,192,192,192,192,192
991,992,992,993,993,993,994,994,994,995,995
535,535,535,535,535,535,535,535,535,535,535
18,19,19,20,20,20,20,21,21,21,21
793,793,793,793,793,793,793,793,793,793,793
831,831,831,830,829,828,828,827,826,825,825
32,32,32,32,32,32,32,32,32,32,32
488,490,491,492,493,494,495,496,497,497,498
1005,1005,1005,1005,1005,1005,1005,1005,1005,1005,1005
230,230,230,229,228,227,226,226,225,224,223
192,192,192,192,192,192,192,192,192,192,192
991,992,992,993,993,993,994,994,994,995,995
536,536,536,536,536,536,536,536,536,536,536
18,19,19,19,20,20,20,20,21,21,21
793,793,793,793,793,793,793,793,793,793,793
832,832,831,830,830,829,828,827,827,826,825
33,33,33,33,33,33,33,33,33,33,33
487,489,490,491,492,493,494,495,496,497,498
1005,1005,1005,1005,1005,1005,1005,1005,1005,1005,1005
231,231,230,229,228,228,227,226,225,224,224
191,191,191,191,191,191,191,191,191,191,191
990,992,992,992,993,993,993,994,994,994,995
536,536,536,536,536,536,536,536,536,536,536
18,19,19,19,20,20,20,20,21,21,21
792,792,792,792,792,792,792,792,792,792,792
832,832,832,831,830,829,829,828,827,826,826
33,33,33,33,33,33,33,33,33,33,33
487,489,490,491,491,492,493,494,495,496,497
1006,1006,1006,1006,1006,1006,1006,1006,1006,1006,1006
231,231,231,230,229,228,227,227,226,225,224
191,191,191,191,191,191,191,191,191,191,191
990,991,992,992,992,993,993,993,994,994,994
537,537,537,537,537,537,537,537,537,537,537
17,19,19,19,19,20,20,20,20,21,21
792,792,792,792,792,792,792,792,792,792,792
833,833,832,831,831,830,829,828,828,827,826
33,33,33,33,33,33,33,33,33,33,33
486,488,489,490,491,492,493,494,495,496,497
1006,1006,1006,1006,1006,1006,1006,1006,1006,1006,1006
232,232,231,230,229,229,228,227,226,225,225
190,190,190,190,190,190,190,190,190,190,190
990,991,992,992,992,993,993,993,994,994,994
537,537,537,537,537,537,537,537,537,537,537
17,18,19,19,19,19,20,20,20,21,21
791,791,791,791,791,791,791,791,791,791,791
833,833,833,832,831,830,830,829,828,827,826
33,33,33,33,33,33,33,33,33,33,33
485,487,488,489,490,491,492,493,494,495,496
1006,1006,1006,1006,1006,1006,1006,1006,1006,1006,1006
232,232,232,231,230,229,228,227,227,226,225
190,190,190,190,190,190,190,190,190,190,190
990,991,991,992,992,992,993,993,993,994,994
538,538,538,538,538,538,538,538,538,538,538
17,18,19,19,19,19,20,20,20,20,21
791,791,791,791,791,791,791,791,791,791,791
834,834,833,832,831,831,830,829,828,828,827
33,33,33,33,33,33,33,33,33,33,33
485,487,488,489,490,491,492,493,494,495,495
1006,1006,1006,1006,1006,1006,1006,1006,1006,1006,1006
233,233,232,231,230,230,229,228,227,226,226
189,189,189,189,189,189,189,189,189,189,189
989,991,991,991,992,992,993,993,993,994,994
538,538,538,538,538,538,538,538,538,538,538
17,18,18,19,19,19,19,20,20,20,20
790,790,790,790,790,790,790,790,790,790,790
834,834,833,833,832,831,830,830,829,828,827
34,34,34,34,34,34,34,34,34,34,34
484,486,487,488,489,490,491,492,493,494,495
1006,1006,1006,1006,1006,1006,1006,1006,1006,1006,1006
233,233,232,232,231,230,229,228,228,227,226
189,189,189,189,189,189,189,189,189,189,189
989,991,991,991,992,992,992,993,993,993,994
539,539,539,539,539,539,539,539,539,539,539
17,18,18,18,19,19,19,20,20,20,20
790,790,790,790,790,790,790,790,790,790,790
834,835,834,833,832,832,831,830,829,829,828
34,34,34,34,34,34,34,34,34,34,34
484,486,487,488,489,489,490,491,492,493,494
1006,1006,1006,1006,1006,1006,1006,1006,1006,1006,1006
234,234,233,232,231,231,230,229,228,227,227
188,188,188,188,188,188,188,188,188,188,188
989,990,991,991,991,992,992,992,993,993,993
540,540,540,540,540,540,540,540,540,540,540
17,18,18,18,19,19,19,19,20,20,20
789,789,789,789,789,789,789,789,789,789,789
835,835,834,834,833,832,831,831,830,829,828
34,34,34,34,34,34,34,34,34,34,34
483,485,486,487,488,489,490,491,492,493,494
1006,1006,1006,1006,1006,1006,1006,1006,1006,1006,1006
234,234,233,233,232,231,230,229,229,228,227
188,188,188,188,188,188,188,188,188,188,188
989,990,991,991,991,992,992,992,993,993,993
540,540,540,540,540,540,540,540,540,540,540
16,18,18,18,18,19,19,19,19,20,20
789,789,789,789,789,789,789,789,789,789,789
835,836,835,834,833,833,832,831,830,830,829
34,34,34,34,34,34,34,34,34,34,34
482,484,485,486,487,488,489,490,491,492,493
1007,1007,1007,1007,1007,1007,1007,1007,1007,1007,1007
235,235,234,233,232,232,231,230,229,228,228
187,187,187,187,187,187,187,187,187,187,187
989,990,990,991,991,991,992,992,992,993,993
541,541,541,541,541,541,541,541,541,541,541
16,18,18,18,18,19,19,19,19,20,20
788,788,788,788,788,788,788,788,788,788,788
836,836,835,835,834,833,832,832,831,830,829
34,34,34,34,34,34,34,34,34,34,34
482,484,485,486,487,488,489,490,491,492,493
1007,1007,1007,1007,1007,1007,1007,1007,1007,1007,1007
235,235,234,234,233,232,231,230,230,229,228
187,187,187,187,187,187,187,187,187,187,187
988,990,990,990,991,991,991,992,992,992,993
541,541,541,541,541,541,541,541,541,541,541
16,17,18,18,18,18,19,19,19,19,20
788,788,788,788,788,788,788,788,788,788,788
836,837,836,835,834,834,833,832,831,830,830
35,35,35,35,35,35,35,35,35,35,35
481,483,484,485,486,487,488,489,490,491,492
1007,1007,1007,1007,1007,1007,1007,1007,1007,1007,1007
236,236,235,234,233,233,232,231,230,229,229
187,187,187,187,187,187,187,187,187,187,187
988,990,990,990,991,991,991,992,992,992,993
542,542,542,542,542,542,542,542,542,542,542
16,17,17,18,18,18,18,19,19,19,20
787,787,787,787,787,787,787,787,787,787,787
837,837,836,835,835,834,833,832,832,831,830
35,35,35,35,35,35,35,35,35,35,35
481,483,484,485,486,487,488,488,489,490,491
1007,1007,1007,1007,1007,1007,1007,1007,1007,1007,1007
236,236,235,235,234,233,232,231,231,230,229
186,186,186,186,186,186,186,186,186,186,186
988,989,990,990,990,991,991,991,992,992,992
543,543,543,543,543,543,543,543,543,543,543
16,17,17,18,18,18,18,19,19,19,19
787,787,787,787,787,787,787,787,787,787,787
837,837,837,836,835,834,834,833,832,831,831
35,35,35,35,35,35,35,35,35,35,35
480,482,483,484,485,486,487,488,489,490,491
1007,1007,1007,1007,1007,1007,1007,1007,1007,1007,1007
237,237,236,235,234,234,233,232,231,230,229
186,186,186,186,186,186,186,186,186,186,186
988,989,989,990,990,991,991,991,992,992,992
543,543,543,543,543,543,543,543,543,543,543
16,17,17,17,18,18,18,18,19,19,19
786,786,786,786,786,786,786,786,786,786,786
838,838,837,836,836,835,834,833,833,832,831
35,35,35,35,35,35,35,35,35,35,35
480,482,482,483,484,485,486,487,488,489,490
1007,1007,1007,1007,1007,1007,1007,1007,1007,1007,1007
237,237,236,236,235,234,233,232,232,231,230
185,185,185,185,185,185,185,185,185,185,185
988,989,989,990,990,990,991,991,991,992,992
544,544,544,544,544,544,544,544,544,544,544
16,17,17,17,18,18,18,18,19,19,19
786,786,786,786,786,786,786,786,786,786,786
838,838,838,837,836,835,835,834,833,832,832
36,36,36,36,36,36,36,36,36,36,36
479,481,482,483,484,485,486,487,488,489,490
1008,1008,1008,1008,1008,1008,1008,1008,1008,1008,1008
238,238,237,236,235,235,234,233,232,231,230
185,185,185,185,185,185,185,185,185,185,185
987,989,989,989,990,990,990,991,991,991,992
544,544,544,544,544,544,544,544,544,544,544
15,17,17,17,17,18,18,18,18,19,19
785,785,785,785,785,785,785,785,785,785,785
839,839,838,837,837,836,835,834,834,833,832
36,36,36,36,36,36,36,36,36,36,36
478,480,481,482,483,484,485,486,487,488,489
1008,1008,1008,1008,1008,1008,1008,1008,1008,1008,1008
238,238,237,237,236,235,234,233,233,232,231
184,184,184,184,184,184,184,184,184,184,184
987,988,989,989,990,990,990,991,991,991,992
545,545,545,545,545,545,545,545,545,545,545
15,16,17,17,17,17,18,18,18,18,19
785,785,785,785,785,785,785,785,785,785,785
839,839,838,838,837,836,836,835,834,833,832
36,36,36,36,36,36,36,36,36,36,36
478,480,481,482,483,484,485,486,486,487,488
1008,1008,1008,1008,1008,1008,1008,1008,1008,1008,1008
239,239,238,237,236,236,235,234,233,232,231
184,184,184,184,184,184,184,184,184,184,184
987,988,989,989,989,990,990,990,991,991,991
546,546,546,546,546,546,546,546,546,546,546
15,16,17,17,17,17,18,18,18,18,19
784,784,784,784,784,784,784,784,784,784,784
839,840,839,838,837,837,836,835,834,834,833
36,36,36,36,36,36,36,36,36,36,36
477,479,480,481,482,483,484,485,486,487,488
1008,1008,1008,1008,1008,1008,1008,1008,1008,1008,1008
239,239,238,238,237,236,235,234,234,233,232
183,183,183,183,183,183,183,183,183,183,183
987,988,988,989,989,989,990,990,990,991,991
546,546,546,546,546,546,546,546,546,546,546
15,16,16,17,17,17,17,18,18,18,18
784,784,784,784,784,784,784,784,784,784,784
840,840,839,839,838,837,836,836,835,834,833
36,36,36,36,36,36,36,36,36,36,36
477,479,480,481,481,482,483,484,485,486,487
1008,1008,1008,1008,1008,1008,1008,1008,1008,1008,1008
240,240,239,238,237,236,236,235,234,233,232
183,183,183,183,183,183,183,183,183,183,183
986,988,988,989,989,989,990,990,990,991,991
547,547,547,547,547,547,547,547,547,547,547
15,16,16,17,17,17,17,18,18,18,18
783,783,783,783,783,783,783,783,783,783,783
840,841,840,839,838,838,837,836,835,835,834
37,37,37,37,37,37,37,37,37,37,37
476,478,479,480,481,482,483,484,485,486,487
1008,1008,1008,1008,1008,1008,1008,1008,1008,1008,1008
240,240,239,239,238,237,236,235,235,234,233
182,182,182,182,182,182,182,182,182,182,182
986,988,988,988,989,989,989,990,990,990,991
547,547,547,547,547,547,547,547,547,547,547
15,16,16,16,17,17,17,17,18,18,18
783,783,783,783,783,783,783,783,783,783,783
841,841,840,840,839,838,837,837,836,835,834
37,37,37,37,37,37,37,37,37,37,37
475,477,478,479,480,481,482,483,484,485,486
1008,1008,1008,1008,1008,1008,1008,1008,1008,1008,1008
241,241,240,239,238,237,237,236,235,234,233
182,182,182,182,182,182,182,182,182,182,182
986,987,988,988,988,989,989,989,990,990,991
548,548,548,548,548,548,548,548,548,548,548
15,16,16,16,16,17,17,17,17,18,18
782,782,782,782,782,782,782,782,782,782,782
841,841,841,840,839,839,838,837,836,836,835
37,37,37,37,37,37,37,37,37,37,37
475,477,478,479,480,481,482,483,484,485,485
1009,1009,1009,1009,1009,1009,1009,1009,1009,1009,1009
241,241,240,240,239,238,237,236,236,235,234
182,182,182,182,182,182,182,182,182,182,182
986,987,988,988,988,989,989,989,990,990,990
548,548,548,548,548,548,548,548,548,548,548
14,16,16,16,16,17,17,17,17,18,18
782,782,782,782,782,782,782,782,782,782,782
842,842,841,840,840,839,838,837,837,836,835
37,37,37,37,37,37,37,37,37,37,37
474,476,477,478,479,480,481,482,483,484,485
1009,1009,1009,1009,1009,1009,1009,1009,1009,1009,1009
242,242,241,240,239,238,238,237,236,235,234
181,181,181,181,181,181,181,181,181,181,181
986,987,987,988,988,988,989,989,989,990,990
549,549,549,549,549,549,549,549,549,549,549
14,15,16,16,16,16,17,17,17,17,18
781,781,781,781,781,781,781,781,781,781,781
842,842,842,841,840,839,839,838,837,836,836
38,38,38,38,38,38,38,38,38,38,38
474,476,477,478,479,479,480,481,482,483,484
1009,1009,1009,1009,1009,1009,1009,1009,1009,1009,1009
242,242,241,241,240,239,238,237,237,236,235
181,181,181,181,181,181,181,181,181,181,181
985,987,987,987,988,988,988,989,989,990,990
550,550,550,550,550,550,550,550,550,550,550
14,15,16,16,16,16,17,17,17,17,17
781,781,781,781,781,781,781,781,781,781,781
843,843,842,841,841,840,839,838,838,837,836
38,38,38,38,38,38,38,38,38,38,38
473,475,476,477,478,479,480,481,482,483,484
1009,1009,1009,1009,1009,1009,1009,1009,1009,1009,1009
243,243,242,241,240,239,239,238,237,236,235
180,180,180,180,180,180,180,180,180,180,180
985,986,987,987,988,988,988,989,989,989,990
550,550,550,550,550,550,550,550,550,550,550
14,15,15,16,16,16,16,17,17,17,17
780,780,780,780,780,780,780,780,780,780,780
843,843,843,842,841,840,840,839,838,837,837
38,38,38,38,38,38,38,38,38,38,38
473,474,475,476,477,478,479,480,481,482,483
1009,1009,1009,1009,1009,1009,1009,1009,1009,1009,1009
243,243,242,242,241,240,239,238,238,237,236
180,180,180,180,180,180,180,180,180,180,180
985,986,987,987,987,988,988,988,989,989,989
551,551,551,551,551,551,551,551,551,551,551
14,15,15,16,16,16,16,16,17,17,17
780,780,780,780,780,780,780,780,780,780,780
843,844,843,842,842,841,840,839,839,838,837
38,38,38,38,38,38,38,38,38,38,38
472,474,475,476,477,478,479,480,481,482,483
1009,1009,1009,1009,1009,1009,1009,1009,1009,1009,1009
244,244,243,242,241,240,240,239,238,237,236
179,179,179,179,179,179,179,179,179,179,179
985,986,986,987,987,987,988,988,989,989,989
551,551,551,551,551,551,551,551,551,551,551
14,15,15,15,16,16,16,16,17,17,17
779,779,779,779,779,779,779,779,779,779,779
844,844,843,843,842,841,841,840,839,838,838
38,38,38,38,38,38,38,38,38,38,38
471,473,474,475,476,477,478,479,480,481,482
1009,1009,1009,1009,1009,1009,1009,1009,1009,1009,1009
244,244,243,243,242,241,240,239,239,238,237
179,179,179,179,179,179,179,179,179,179,179
984,986,986,987,987,987,988,988,988,989,989
552,552,552,552,552,552,552,552,552,552,552
14,15,15,15,15,16,16,16,16,17,17
779,779,779,779,779,779,779,779,779,779,779
844,845,844,843,842,842,841,840,839,839,838
39,39,39,39,39,39,39,39,39,39,39
471,473,474,475,476,477,478,478,479,480,481
1010,1010,1010,1010,1010,1010,1010,1010,1010,1010,1010
245,245,244,243,242,241,241,240,239,238,237
178,178,178,178,178,178,178,178,178,178,178
984,986,986,986,987,987,987,988,988,988,989
553,553,553,553,553,553,553,553,553,553,553
13,15,15,15,15,16,16,16,16,17,17
778,778,778,778,778,778,778,778,778,778,778
845,845,844,844,843,842,841,841,840,839,838
39,39,39,39,39,39,39,39,39,39,39
470,472,473,474,475,476,477,478,479,480,481
1010,1010,1010,1010,1010,1010,1010,1010,1010,1010,1010
245,245,244,244,243,242,241,240,240,239,238
178,178,178,178,178,178,178,178,178,178,178
984,985,986,986,986,987,987,988,988,988,989
553,553,553,553,553,553,553,553,553,553,553
13,15,15,15,15,15,16,16,16,16,17
778,778,778,778,778,778,778,778,778,778,778
845,846,845,844,843,843,842,841,840,840,839
39,39,39,39,39,39,39,39,39,39,39
470,472,472,473,474,475,476,477,478,479,480
1010,1010,1010,1010,1010,1010,1010,1010,1010,1010,1010
246,246,245,244,243,242,242,241,240,239,238
178,178,178,178,178,178,178,178,178,178,178
984,985,985,986,986,987,987,987,988,988,988
554,554,554,554,554,554,554,554,554,554,554
13,14,15,15,15,15,16,16,16,16,16
777,777,777,777,777,777,777,777,777,777,777
846,846,845,845,844,843,842,842,841,840,839
39,39,39,39,39,39,39,39,39,39,39
469,471,472,473,474,475,476,477,478,479,480
1010,1010,1010,1010,1010,1010,1010,1010,1010,1010,1010
246,246,245,245,244,243,242,241,241,240,239
177,177,177,177,177,177,177,177,177,177,177
984,985,985,986,986,986,987,987,987,988,988
554,554,554,554,554,554,554,554,554,554,554
13,14,14,15,15,15,15,16,16,16,16
777,777,777,777,777,777,777,777,777,777,777
846,846,846,845,844,843,843,842,841,841,840
40,40,40,40,40,40,40,40,40,40,40
468,470,471,472,473,474,475,476,477,478,479
1010,1010,1010,1010,1010,1010,1010,1010,1010,1010,1010
247,247,246,245,244,243,243,242,241,240,239
177,177,177,177,177,177,177,177,177,177,177
983,985,985,985,986,986,987,987,987,988,988
555,555,555,555,555,555,555,555,555,555,555
13,14,14,15,15,15,15,15,16,16,16
776,776,776,776,776,776,776,776,776,776,776
847,847,846,845,845,844,843,842,842,841,840
40,40,40,40,40,40,40,40,40,40,40
468,470,471,472,473,474,475,476,477,477,478
1010,1010,1010,1010,1010,1010,1010,1010,1010,1010,1010
247,247,246,246,245,244,243,242,242,241,240
176,176,176,176,176,176,176,176,176,176,176
983,984,985,985,986,986,986,987,987,987,988
555,555,555,555,555,555,555,555,555,555,555
13,14,14,14,15,15,15,15,16,16,16
776,776,776,776,776,776,776,776,776,776,776
847,847,847,846,845,844,844,843,842,841,841
40,40,40,40,40,40,40,40,40,40,40
467,469,470,471,472,473,474,475,476,477,478
1010,1010,1010,1010,1010,1010,1010,1010,1010,1010,1010
248,248,247,246,245,244,244,243,242,241,240
176,176,176,176,176,176,176,176,176,176,176
983,984,985,985,985,986,986,986,987,987,988
556,556,556,556,556,556,556,556,556,556,556
13,14,14,14,15,15,15,15,15,16,16
775,775,775,775,775,775,775,775,775,775,775
847,848,847,846,846,845,844,843,843,842,841
40,40,40,40,40,40,40,40,40,40,40
467,469,470,471,471,472,473,474,475,476,477
1010,1010,1010,1010,1010,1010,1010,1010,1010,1010,1010
248,248,247,247,246,245,244,243,243,242,241
175,175,175,175,175,175,175,175,175,175,175
983,984,984,985,985,985,986,986,987,987,987
557,557,557,557,557,557,557,557,557,557,557
12,14,14,14,14,15,15,15,15,16,16
775,775,775,775,775,775,775,775,775,775,775
848,848,847,847,846,845,845,844,843,842,842
41,41,41,41,41,41,41,41,41,41,41
466,468,469,470,471,472,473,474,475,476,477
1011,1011,1011,1011,1011,1011,1011,1011,1011,1011,1011
249,249,248,247,246,245,245,244,243,242,241
175,175,175,175,175,175,175,175,175,175,175
982,984,984,985,985,985,986,986,986,987,987
557,557,557,557,557,557,557,557,557,557,557
12,14,14,14,14,14,15,15,15,15,16
774,774,774,774,774,774,774,774,774,774,774
848,849,848,847,846,846,845,844,844,843,842
41,41,41,41,41,41,41,41,41,41,41
465,467,468,469,470,471,472,473,474,475,476
1011,1011,1011,1011,1011,1011,1011,1011,1011,1011,1011
249,249,248,248,247,246,245,244,244,243,242
174,174,174,174,174,174,174,174,174,174,174
982,984,984,984,985,985,985,986,986,986,987
558,558,558,558,558,558,558,558,558,558,558
12,13,14,14,14,14,15,15,15,15,15
774,774,774,774,774,774,774,774,774,774,774
849,849,848,848,847,846,845,845,844,843,843
41,41,41,41,41,41,41,41,41,41,41
465,467,468,469,470,471,472,473,474,475,475
1011,1011,1011,1011,1011,1011,1011,1011,1011,1011,1011
250,250,249,248,247,246,246,245,244,243,242
174,174,174,174,174,174,174,174,174,174,174
982,983,984,984,984,985,985,986,986,986,987
558,558,558,558,558,558,558,558,558,558,558
12,13,14,14,14,14,14,15,15,15,15
773,773,773,773,773,773,773,773,773,773,773
849,850,849,848,847,847,846,845,844,844,843
41,41,41,41,41,41,41,41,41,41,41
464,466,467,468,469,470,471,472,473,474,475
1011,1011,1011,1011,1011,1011,1011,1011,1011,1011,1011
250,250,249,249,248,247,246,245,245,244,243
174,174,174,174,174,174,174,174,174,174,174
982,983,983,984,984,985,985,985,986,986,986
559,559,559,559,559,559,559,559,559,559,559
12,13,13,14,14,14,14,14,15,15,15
773,773,773,773,773,773,773,773,773,773,773
850,850,849,849,848,847,846,846,845,844,843
41,41,41,41,41,41,41,41,41,41,41
464,466,467,468,469,470,470,471,472,473,474
1011,1011,1011,1011,1011,1011,1011,1011,1011,1011,1011
251,251,250,249,248,248,247,246,245,244,243
173,173,173,173,173,173,173,173,173,173,173
981,983,983,984,984,984,985,985,985,986,986
560,560,560,560,560,560,560,560,560,560,560
12,13,13,13,14,14,14,14,15,15,15
772,772,772,772,772,772,772,772,772,772,772
850,850,850,849,848,848,847,846,845,845,844
42,42,42,42,42,42,42,42,42,42,42
463,465,466,467,468,469,470,471,472,473,474
1011,1011,1011,1011,1011,1011,1011,1011,1011,1011,1011
251,251,250,250,249,248,247,246,246,245,244
173,173,173,173,173,173,173,173,173,173,173
981,983,983,983,984,984,984,985,985,986,986
560,560,560,560,560,560,560,560,560,560,560
12,13,13,13,14,14,14,14,14,15,15
772,772,772,772,772,772,772,772,772,772,772
851,851,850,849,849,848,847,847,846,845,844
42,42,42,42,42,42,42,42,42,42,42
463,464,465,466,467,468,469,470,471,472,473
1011,1011,1011,1011,1011,1011,1011,1011,1011,1011,1011
252,252,251,250,249,249,248,247,246,245,244
172,172,172,172,172,172,172,172,172,172,172
981,982,983,983,984,984,984,985,985,985,986
561,561,561,561,561,561,561,561,561,561,561
12,13,13,13,13,14,14,14,14,15,15
771,771,771,771,771,771,771,771,771,771,771
851,851,851,850,849,848,848,847,846,845,845
42,42,42,42,42,42,42,42,42,42,42
462,464,465,466,467,468,469,470,471,472,473
1011,1011,1011,1011,1011,1011,1011,1011,1011,1011,1011
252,252,252,251,250,249,248,247,247,246,245
172,172,172,172,172,172,172,172,172,172,172
981,982,983,983,983,984,984,984,985,985,986
561,561,561,561,561,561,561,561,561,561,561
11,13,13,13,13,14,14,14,14,14,15
771,771,771,771,771,771,771,771,771,771,771
851,852,851,850,850,849,848,847,847,846,845
42,42,42,42,42,42,42,42,42,42,42
461,463,464,465,466,467,468,469,470,471,472
1012,1012,1012,1012,1012,1012,1012,1012,1012,1012,1012
253,253,252,251,250,250,249,248,247,246,245
171,171,171,171,171,171,171,171,171,171,171
981,982,982,983,983,983,984,984,985,985,985
562,562,562,562,562,562,562,562,562,562,562
11,13,13,13,13,13,14,14,14,14,14
770,770,770,770,770,770,770,770,770,770,770
852,852,851,851,850,849,849,848,847,846,846
43,43,43,43,43,43,43,43,43,43,43
461,463,464,465,466,467,468,468,469,470,471
1012,1012,1012,1012,1012,1012,1012,1012,1012,1012,1012
253,253,253,252,251,250,249,248,248,247,246
171,171,171,171,171,171,171,171,171,171,171
980,982,982,982,983,983,984,984,984,985,985
563,563,563,563,563,563,563,563,563,563,563
11,12,13,13,13,13,13,14,14,14,14
770,770,770,770,770,770,770,770,770,770,770
852,853,852,851,850,850,849,848,848,847,846
43,43,43,43,43,43,43,43,43,43,43
460,462,463,464,465,466,467,468,469,470,471
1012,1012,1012,1012,1012,1012,1012,1012,1012,1012,1012
254,254,253,252,251,251,250,249,248,247,246
170,170,170,170,170,170,170,170,170,170,170
980,981,982,982,983,983,983,984,984,984,985
563,563,563,563,563,563,563,563,563,563,563
11,12,12,13,13,13,13,14,14,14,14
769,769,769,769,769,769,769,769,769,769,769
853,853,852,852,851,850,849,849,848,847,847
43,43,43,43,43,43,43,43,43,43,43
460,462,463,463,464,465,466,467,468,469,470
1012,1012,1012,1012,1012,1012,1012,1012,1012,1012,1012
254,254,254,253,252,251,250,249,249,248,247
170,170,170,170,170,170,170,170,170,170,170
980,981,982,982,982,983,983,983,984,984,985
564,564,564,564,564,564,564,564,564,564,564
11,12,12,13,13,13,13,13,14,14,14
769,769,769,769,769,769,769,769,769,769,769
853,854,853,852,851,851,850,849,848,848,847
43,43,43,43,43,43,43,43,43,43,43
459,461,462,463,464,465,466,467,468,469,470
1012,1012,1012,1012,1012,1012,1012,1012,1012,1012,1012
255,255,254,253,252,252,251,250,249,248,247
170,170,170,170,170,170,170,170,170,170,170
980,981,981,982,982,982,983,983,984,984,984
564,564,564,564,564,564,564,564,564,564,564
11,12,12,12,13,13,13,13,14,14,14
768,768,768,768,768,768,768,768,768,768,768
854,854,853,853,852,851,850,850,849,848,847
44,44,44,44,44,44,44,44,44,44,44
458,460,461,462,463,464,465,466,467,468,469
1012,1012,1012,1012,1012,1012,1012,1012,1012,1012,1012
255,255,255,254,253,252,251,250,250,249,248
169,169,169,169,169,169,169,169,169,169,169
979,981,981,981,982,982,983,983,983,984,984
565,565,565,565,565,565,565,565,565,565,565
11,12,12,12,13,13,13,13,13,14,14
768,768,768,768,768,768,768,768,768,768,768
854,854,854,853,852,852,851,850,849,849,848
44,44,44,44,44,44,44,44,44,44,44
458,460,461,462,463,464,465,466,467,467,468
1012,1012,1012,1012,1012,1012,1012,1012,1012,1012,1012
256,256,255,254,253,253,252,251,250,249,248
169,169,169,169,169,169,169,169,169,169,169
979,980,981,981,982,982,982,983,983,984,984
565,565,565,565,565,565,565,565,565,565,565
11,12,12,12,12,13,13,13,13,13,14
767,767,767,767,767,767,767,767,767,767,767
855,855,854,853,853,852,851,851,850,849,848
44,44,44,44,44,44,44,44,44,44,44
457,459,460,461,462,463,464,465,466,467,468
1012,1012,1012,1012,1012,1012,1012,1012,1012,1012,1012
256,256,256,255,254,253,252,251,251,250,249
168,168,168,168,168,168,168,168,168,168,168
979,980,981,981,981,982,982,983,983,983,984
566,566,566,566,566,566,566,566,566,566,566
10,12,12,12,12,12,13,13,13,13,14
767,767,767,767,767,767,767,767,767,767,767
855,855,855,854,853,852,852,851,850,849,849
44,44,44,44,44,44,44,44,44,44,44
457,459,460,461,462,462,463,464,465,466,467
1013,1013,1013,1013,1013,1013,1013,1013,1013,1013,1013
257,257,256,255,254,254,253,252,251,250,249
168,168,168,168,168,168,168,168,168,168,168
979,980,980,981,981,982,982,982,983,983,983
567,567,567,567,567,567,567,567,567,567,567
10,12,12,12,12,12,13,13,13,13,13
766,766,766,766,766,766,766,766,766,766,766
855,856,855,854,854,853,852,851,851,850,849
45,45,45,45,45,45,45,45,45,45,45
456,458,459,460,461,462,463,464,465,466,467
1013,1013,1013,1013,1013,1013,1013,1013,1013,1013,1013
257,257,257,256,255,254,253,252,252,251,250
167,167,167,167,167,167,167,167,167,167,167
978,980,980,981,981,981,982,982,982,983,983
567,567,567,567,567,567,567,567,567,567,567
10,11,12,12,12,12,12,13,13,13,13
765,765,765,765,765,765,765,765,765,765,765
856,856,855,855,854,853,853,852,851,850,850
45,45,45,45,45,45,45,45,45,45,45
455,457,458,459,460,461,462,463,464,465,466
1013,1013,1013,1013,1013,1013,1013,1013,1013,1013,1013
258,258,257,256,255,255,254,253,252,251,250
167,167,167,167,167,167,167,167,167,167,167
978,980,980,980,981,981,981,982,982,983,983
568,568,568,568,568,568,568,568,568,568,568
10,11,11,12,12,12,12,13,13,13,13
765,765,765,765,765,765,765,765,765,765,765
856,857,856,855,854,854,853,852,852,851,850
45,45,45,45,45,45,45,45,45,45,45
455,457,458,459,460,461,462,463,464,465,466
1013,1013,1013,1013,1013,1013,1013,1013,1013,1013,1013
258,258,258,257,256,255,254,253,253,252,251
166,166,166,166,166,166,166,166,166,166,166
978,979,980,980,980,981,981,982,982,982,983
568,568,568,568,568,568,568,568,568,568,568
10,11,11,12,12,12,12,12,13,13,13
764,764,764,764,764,764,764,764,764,764,764
857,857,856,856,855,854,853,853,852,851,851
45,45,45,45,45,45,45,45,45,45,45
454,456,457,458,459,460,461,462,463,464,465
1013,1013,1013,1013,1013,1013,1013,1013,1013,1013,1013
259,259,258,257,256,256,255,254,253,252,251
166,166,166,166,166,166,166,166,166,166,166
978,979,979,980,980,981,981,981,982,982,983
569,569,569,569,569,569,569,569,569,569,569
10,11,11,11,12,12,12,12,12,13,13
764,764,764,764,764,764,764,764,764,764,764
857,857,857,856,855,855,854,853,852,852,851
45,45,45,45,45,45,45,45,45,45,45
454,456,457,458,459,460,460,461,462,463,464
1013,1013,1013,1013,1013,1013,1013,1013,1013,1013,1013
259,259,259,258,257,256,255,254,254,253,252
166,166,166,166,166,166,166,166,166,166,166
977,979,979,980,980,980,981,981,982,982,982
570,570,570,570,570,570,570,570,570,570,570
10,11,11,11,12,12,12,12,12,13,13
763,763,763,763,763,763,763,763,763,763,763
858,858,857,856,856,855,854,854,853,852,851
46,46,46,46,46,46,46,46,46,46,46
453,455,456,457,458,459,460,461,462,463,464
1013,1013,1013,1013,1013,1013,1013,1013,1013,1013,1013
260,260,259,258,257,257,256,255,254,253,252
165,165,165,165,165,165,165,165,165,165,165
977,979,979,979,980,980,981,981,981,982,982
570,570,570,570,570,570,570,570,570,570,570
10,11,11,11,11,12,12,12,12,12,13
763,763,763,763,763,763,763,763,763,763,763
858,858,858,857,856,855,855,854,853,853,852
46,46,46,46,46,46,46,46,46,46,46
453,455,455,456,457,458,459,460,461,462,463
1013,1013,1013,1013,1013,1013,1013,1013,1013,1013,1013
260,260,260,259,258,257,256,255,255,254,253
165,165,165,165,165,165,165,165,165,165,165
977,978,979,979,979,980,980,981,981,981,982
571,571,571,571,571,571,571,571,571,571,571
10,11,11,11,11,11,12,12,12,12,13
762,762,762,762,762,762,762,762,762,762,762
858,859,858,857,857,856,855,854,854,853,852
46,46,46,46,46,46,46,46,46,46,46
452,454,455,456,457,458,459,460,461,462,463
1014,1014,1014,1014,1014,1014,1014,1014,1014,1014,1014
261,261,260,259,258,258,257,256,255,254,253
164,164,164,164,164,164,164,164,164,164,164
977,978,978,979,979,980,980,980,981,981,982
571,571,571,571,571,571,571,571,571,571,571
9,11,11,11,11,11,12,12,12,12,12
762,762,762,762,762,762,762,762,762,762,762
859,859,858,858,857,856,856,855,854,853,853
46,46,46,46,46,46,46,46,46,46,46
451,453,454,455,456,457,458,459,460,461,462
1014,1014,1014,1014,1014,1014,1014,1014,1014,1014,1014
261,262,261,260,259,258,257,256,256,255,254
164,164,164,164,164,164,164,164,164,164,164
976,978,978,979,979,979,980,980,981,981,981
572,572,572,572,572,572,572,572,572,572,572
9,10,11,11,11,11,11,12,12,12,12
761,761,761,761,761,761,761,761,761,761,761
859,860,859,858,857,857,856,855,855,854,853
47,47,47,47,47,47,47,47,47,47,47
451,453,454,455,456,457,458,459,459,460,461
1014,1014,1014,1014,1014,1014,1014,1014,1014,1014,1014
262,262,261,260,260,259,258,257,256,255,254
163,163,163,163,163,163,163,163,163,163,163
976,978,978,978,979,979,980,980,980,981,981
572,572,572,572,572,572,572,572,572,572,572
9,10,11,11,11,11,11,12,12,12,12
761,761,761,761,761,761,761,761,761,761,761
860,860,859,859,858,857,856,856,855,854,854
47,47,47,47,47,47,47,47,47,47,47
450,452,453,454,455,456,457,458,459,460,461
1014,1014,1014,1014,1014,1014,1014,1014,1014,1014,1014
262,263,262,261,260,259,258,258,257,256,255
163,163,163,163,163,163,163,163,163,163,163
976,977,978,978,979,979,979,980,980,980,981
573,573,573,573,573,573,573,573,573,573,573
9,10,10,11,11,11,11,11,12,12,12
760,760,760,760,760,760,760,760,760,760,760
860,860,860,859,858,858,857,856,856,855,854
47,47,47,47,47,47,47,47,47,47,47
450,452,453,454,454,455,456,457,458,459,460
1014,1014,1014,1014,1014,1014,1014,1014,1014,1014,1014
263,263,262,261,261,260,259,258,257,256,256
163,163,163,163,163,163,163,163,163,163,163
976,977,977,978,978,979,979,979,980,980,981
574,574,574,574,574,574,574,574,574,574,574
9,10,10,11,11,11,11,11,11,12,12
760,760,760,760,760,760,760,760,760,760,760
861,861,860,860,859,858,857,857,856,855,855
47,47,47,47,47,47,47,47,47,47,47
449,451,452,453,454,455,456,457,458,459,460
1014,1014,1014,1014,1014,1014,1014,1014,1014,1014,1014
263,264,263,262,261,260,259,259,258,257,256
162,162,162,162,162,162,162,162,162,162,162
975,977,977,978,978,978,979,979,980,980,980
574,574,574,574,574,574,574,574,574,574,574
9,10,10,10,11,11,11,11,11,12,12
759,759,759,759,759,759,759,759,759,759,759
861,861,861,860,859,859,858,857,856,856,855
48,48,48,48,48,48,48,48,48,48,48
448,450,451,452,453,454,455,456,457,458,459
1014,1014,1014,1014,1014,1014,1014,1014,1014,1014,1014
264,264,263,262,262,261,260,259,258,257,257
162,162,162,162,162,162,162,162,162,162,162
975,977,977,977,978,978,979,979,979,980,980
575,575,575,575,575,575,575,575,575,575,575
9,10,10,10,10,11,11,11,11,11,12
759,759,759,759,759,759,759,759,759,759,759
861,862,861,860,860,859,858,858,857,856,855
48,48,48,48,48,48,48,48,48,48,48
448,450,451,452,453,454,455,456,457,458,458
1014,1014,1014,1014,1014,1014,1014,1014,1014,1014,1014
264,265,264,263,262,261,260,260,259,258,257
161,161,161,161,161,161,161,161,161,161,161
975,976,977,977,978,978,978,979,979,980,980
575,575,575,575,575,575,575,575,575,575,575
9,10,10,10,10,11,11,11,11,11,12
758,758,758,758,758,758,758,758,758,758,758
862,862,862,861,860,859,859,858,857,857,856
48,48,48,48,48,48,48,48,48,48,48
447,449,450,451,452,453,454,455,456,457,458
1014,1014,1014,1014,1014,1014,1014,1014,1014,1014,1014
265,265,264,263,263,262,261,260,259,258,258
161,161,161,161,161,161,161,161,161,161,161
975,976,976,977,977,978,978,978,979,979,980
576,576,576,576,576,576,576,576,576,576,576
8,10,10,10,10,10,11,11,11,11,11
758,758,758,758,758,758,758,758,758,758,758
862,863,862,861,861,860,859,858,858,857,856
48,48,48,48,48,48,48,48,48,48,48
447,449,450,451,452,453,453,454,455,456,457
1015,1015,1015,1015,1015,1015,1015,1015,1015,1015,1015
265,266,265,264,263,262,261,261,260,259,258
160,160,160,160,160,160,160,160,160,160,160
974,976,976,977,977,977,978,978,979,979,979
577,577,577,577,577,577,577,577,577,577,577
8,10,10,10,10,10,10,11,11,11,11
757,757,757,757,757,757,757,757,757,757,757
863,863,862,862,861,860,860,859,858,857,857
49,49,49,49,49,49,49,49,49,49,49
446,448,449,450,451,452,453,454,455,456,457
1015,1015,1015,1015,1015,1015,1015,1015,1015,1015,1015
266,266,265,264,264,263,262,261,260,259,259
160,160,160,160,160,160,160,160,160,160,160
974,976,976,976,977,977,978,978,978,979,979
577,577,577,577,577,577,577,577,577,577,577
8,9,10,10,10,10,10,11,11,11,11
757,757,757,757,757,757,757,757,757,757,757
863,864,863,862,861,861,860,859,859,858,857
49,49,49,49,49,49,49,49,49,49,49
446,448,448,449,450,451,452,453,454,455,456
1015,1015,1015,1015,1015,1015,1015,1015,1015,1015,1015
267,267,266,265,264,263,262,262,261,260,259
160,160,160,160,160,160,160,160,160,160,160
974,975,976,976,977,977,977,978,978,979,979
578,578,578,578,578,578,578,578,578,578,578
8,9,10,10,10,10,10,10,11,11,11
756,756,756,756,756,756,756,756,756,756,756
864,864,863,863,862,861,860,860,859,858,858
49,49,49,49,49,49,49,49,49,49,49
445,447,448,449,450,451,452,453,454,455,456
1015,1015,1015,1015,1015,1015,1015,1015,1015,1015,1015
267,267,266,265,265,264,263,262,261,260,260
159,159,159,159,159,159,159,159,159,159,159
974,975,975,976,976,977,977,978,978,978,979
578,578,578,578,578,578,578,578,578,578,578
8,9,9,10,10,10,10,10,11,11,11
756,756,756,756,756,756,756,756,756,756,756
864,864,864,863,862,862,861,860,859,859,858
49,49,49,49,49,49,49,49,49,49,49
444,446,447,448,449,450,451,452,453,454,455
1015,1015,1015,1015,1015,1015,1015,1015,1015,1015,1015
268,268,267,266,265,264,263,263,262,261,260
159,159,159,159,159,159,159,159,159,159,159
973,975,975,976,976,976,977,977,978,978,978
579,579,579,579,579,579,579,579,579,579,579
8,9,9,9,10,10,10,10,10,11,11
755,755,755,755,755,755,755,755,755,755,755
864,865,864,863,863,862,861,861,860,859,858
50,50,50,50,50,50,50,50,50,50,50
444,446,447,448,449,450,451,452,452,453,454
1015,1015,1015,1015,1015,1015,1015,1015,1015,1015,1015
268,268,267,267,266,265,264,263,262,261,261
158,158,158,158,158,158,158,158,158,158,158
973,975,975,975,976,976,977,977,977,978,978
579,579,579,579,579,579,579,579,579,579,579
8,9,9,9,10,10,10,10,10,10,11
755,755,755,755,755,755,755,755,755,755,755
865,865,865,864,863,862,862,861,860,860,859
50,50,50,50,50,50,50,50,50,50,50
443,445,446,447,448,449,450,451,452,453,454
1015,1015,1015,1015,1015,1015,1015,1015,1015,1015,1015
269,269,268,267,266,265,265,264,263,262,261
158,158,158,158,158,158,158,158,158,158,158
973,974,975,975,976,976,976,977,977,978,978
580,580,580,580,580,580,580,580,580,580,580
8,9,9,9,9,10,10,10,10,10,11
754,754,754,754,754,754,754,754,754,754,754
865,866,865,864,864,863,862,861,861,860,859
50,50,50,50,50,50,50,50,50,50,50
443,445,446,447,447,448,449,450,451,452,453
1015,1015,1015,1015,1015,1015,1015,1015,1015,1015,1015
269,269,268,268,267,266,265,264,263,262,262
157,157,157,157,157,157,157,157,157,157,157
973,974,974,975,975,976,976,977,977,977,978
581,581,581,581,581,581,581,581,581,581,581
8,9,9,9,9,10,10,10,10,10,10
754,754,754,754,754,754,754,754,754,754,754
866,866,865,865,864,863,863,862,861,860,860
50,50,50,50,50,50,50,50,50,50,50
442,444,445,446,447,448,449,450,451,452,453
1015,1015,1015,1015,1015,1015,1015,1015,1015,1015,1015
270,270,269,268,267,266,266,265,264,263,262
157,157,157,157,157,157,157,157,157,157,157
972,974,974,975,975,975,976,976,977,977,977
581,581,581,581,581,581,581,581,581,581,581
8,9,9,9,9,9,10,10,10,10,10
753,753,753,753,753,753,753,753,753,753,753
866,866,866,865,864,864,863,862,862,861,860
51,51,51,51,51,51,51,51,51,51,51
441,443,444,445,446,447,448,449,450,451,452
1016,1016,1016,1016,1016,1016,1016,1016,1016,1016,1016
270,270,269,269,268,267,266,265,264,264,263
157,157,157,157,157,157,157,157,157,157,157
972,974,974,974,975,975,976,976,976,977,977
582,582,582,582,582,582,582,582,582,582,582
7,9,9,9,9,9,9,10,10,10,10
753,753,753,753,753,753,753,753,753,753,753
867,867,866,866,865,864,863,863,862,861,861
51,51,51,51,51,51,51,51,51,51,51
441,443,444,445,446,447,448,449,450,450,451
1016,1016,1016,1016,1016,1016,1016,1016,1016,1016,1016
271,271,270,269,268,267,267,266,265,264,263
156,156,156,156,156,156,156,156,156,156,156
972,973,974,974,975,975,975,976,976,977,977
582,582,582,582,582,582,582,582,582,582,582
7,8,9,9,9,9,9,10,10,10,10
752,752,752,752,752,752,752,752,752,752,752
867,867,867,866,865,865,864,863,862,862,861
51,51,51,51,51,51,51,51,51,51,51
440,442,443,444,445,446,447,448,449,450,451
1016,1016,1016,1016,1016,1016,1016,1016,1016,1016,1016
271,271,270,270,269,268,267,266,265,265,264
156,156,156,156,156,156,156,156,156,156,156
972,973,973,974,974,975,975,976,976,976,977
583,583,583,583,583,583,583,583,583,583,583
7,8,9,9,9,9,9,9,10,10,10
752,752,752,752,752,752,752,752,752,752,752
867,868,867,866,866,865,864,864,863,862,861
52,52,52,52,52,52,52,52,52,52,52
440,442,443,444,445,445,446,447,448,449,450
1016,1016,1016,1016,1016,1016,1016,1016,1016,1016,1016
272,272,271,270,269,268,268,267,266,265,264
155,155,155,155,155,155,155,155,155,155,155
971,973,973,974,974,974,975,975,976,976,977
584,584,584,584,584,584,584,584,584,584,584
7,8,8,9,9,9,9,9,10,10,10
751,751,751,751,751,751,751,751,751,751,751
868,868,867,867,866,865,865,864,863,863,862
52,52,52,52,52,52,52,52,52,52,52
439,441,442,443,444,445,446,447,448,449,450
1016,1016,1016,1016,1016,1016,1016,1016,1016,1016,1016
272,272,272,271,270,269,268,267,266,266,265
155,155,155,155,155,155,155,155,155,155,155
971,973,973,973,974,974,975,975,975,976,976
584,584,584,584,584,584,584,584,584,584,584
7,8,8,9,9,9,9,9,9,10,10
751,751,751,751,751,751,751,751,751,751,751
868,869,868,867,867,866,865,864,864,863,862
52,52,52,52,52,52,52,52,52,52,52
439,441,441,442,443,444,445,446,447,448,449
1016,1016,1016,1016,1016,1016,1016,1016,1016,1016,1016
273,273,272,271,270,269,269,268,267,266,265
154,154,154,154,154,154,154,154,154,154,154
971,972,973,973,974,974,974,975,975,976,976
585,585,585,585,585,585,585,585,585,585,585
7,8,8,8,9,9,9,9,9,9,10
750,750,750,750,750,750,750,750,750,750,750
869,869,868,868,867,866,866,865,864,863,863
52,52,52,52,52,52,52,52,52,52,52
438,440,441,442,443,444,445,446,447,448,449
1016,1016,1016,1016,1016,1016,1016,1016,1016,1016,1016
273,273,273,272,271,270,269,268,267,267,266
154,154,154,154,154,154,154,154,154,154,154
971,972,972,973,973,974,974,975,975,975,976
585,585,585,585,585,585,585,585,585,585,585
7,8,8,8,8,9,9,9,9,9,10
749,749,749,749,749,749,749,749,749,749,749
869,869,869,868,867,867,866,865,865,864,863
53,53,53,53,53,53,53,53,53,53,53
437,439,440,441,442,443,444,445,446,447,448
1016,1016,1016,1016,1016,1016,1016,1016,1016,1016,1016
274,274,273,272,271,271,270,269,268,267,266
154,154,154,154,154,154,154,154,154,154,154
970,972,972,973,973,973,974,974,975,975,976
586,586,586,586,586,586,586,586,586,586,586
7,8,8,8,8,9,9,9,9,9,9
749,749,749,749,749,749,749,749,749,749,749
870,870,869,868,868,867,866,866,865,864,864
53,53,53,53,53,53,53,53,53,53,53
437,439,440,441,442,443,444,444,445,446,447
1016,1016,1016,1016,1016,1016,1016,1016,1016,1016,1016
274,274,274,273,272,271,270,269,268,268,267
153,153,153,153,153,153,153,153,153,153,153
970,971,972,972,973,973,974,974,974,975,975
586,586,586,586,586,586,586,586,586,586,586
7,8,8,8,8,8,9,9,9,9,9
748,748,748,748,748,748,748,748,748,748,748
870,870,870,869,868,868,867,866,865,865,864
53,53,53,53,53,53,53,53,53,53,53
436,438,439,440,441,442,443,444,445,446,447
1016,1016,1016,1016,1016,1016,1016,1016,1016,1016,1016
275,275,274,273,272,272,271,270,269,268,267
153,153,153,153,153,153,153,153,153,153,153
970,971,972,972,972,973,973,974,974,975,975
587,587,587,587,587,587,587,587,587,587,587
7,8,8,8,8,8,9,9,9,9,9
748,748,748,748,748,748,748,748,748,748,748
870,871,870,869,869,868,867,867,866,865,864
53,53,53,53,53,53,53,53,53,53,53
436,438,439,440,440,441,442,443,444,445,446
1017,1017,1017,1017,1017,1017,1017,1017,1017,1017,1017
275,275,275,274,273,272,271,270,270,269,268
152,152,152,152,152,152,152,152,152,152,152
970,971,971,972,972,973,973,973,974,974,975
588,588,588,588,588,588,588,588,588,588,588
6,8,8,8,8,8,8,9,9,9,9
747,747,747,747,747,747,747,747,747,747,747
871,871,870,870,869,868,868,867,866,866,865
54,54,54,54,54,54,54,54,54,54,54
435,437,438,439,440,441,442,443,444,445,446
1017,1017,1017,1017,1017,1017,1017,1017,1017,1017,1017
276,276,275,274,273,273,272,271,270,269,268
152,152,152,152,152,152,152,152,152,152,152
969,971,971,972,972,972,973,973,974,974,974
588,588,588,588,588,588,588,588,588,588,588
6,7,8,8,8,8,8,8,9,9,9
747,747,747,747,747,747,747,747,747,747,747
871,872,871,870,869,869,868,867,867,866,865
54,54,54,54,54,54,54,54,54,54,54
434,436,437,438,439,440,441,442,443,444,445
1017,1017,1017,1017,1017,1017,1017,1017,1017,1017,1017
276,277,276,275,274,273,272,271,271,270,269
152,152,152,152,152,152,152,152,152,152,152
969,970,971,971,972,972,973,973,973,974,974
589,589,589,589,589,589,589,589,589,589,589
6,7,8,8,8,8,8,8,9,9,9
746,746,746,746,746,746,746,746,746,746,746
872,872,871,871,870,869,869,868,867,866,866
54,54,54,54,54,54,54,54,54,54,54
434,436,437,438,439,440,441,442,443,443,444
1017,1017,1017,1017,1017,1017,1017,1017,1017,1017,1017
277,277,276,275,275,274,273,272,271,270,269
151,151,151,151,151,151,151,151,151,151,151
969,970,971,971,971,972,972,973,973,974,974
589,589,589,589,589,589,589,589,589,589,589
6,7,7,8,8,8,8,8,8,9,9
746,746,746,746,746,746,746,746,746,746,746
872,872,872,871,870,870,869,868,868,867,866
54,54,54,54,54,54,54,54,54,54,54
433,435,436,437,438,439,440,441,442,443,444
1017,1017,1017,1017,1017,1017,1017,1017,1017,1017,1017
277,278,277,276,275,274,273,272,272,271,270
151,151,151,151,151,151,151,151,151,151,151
968,970,970,971,971,972,972,972,973,973,974
590,590,590,590,590,590,590,590,590,590,590
6,7,7,8,8,8,8,8,8,9,9
745,745,745,745,745,745,745,745,745,745,745
873,873,872,871,871,870,869,869,868,867,867
55,55,55,55,55,55,55,55,55,55,55
433,435,436,437,438,438,439,440,441,442,443
1017,1017,1017,1017,1017,1017,1017,1017,1017,1017,1017
278,278,277,276,276,275,274,273,272,271,270
150,150,150,150,150,150,150,150,150,150,150
968,970,970,970,971,971,972,972,973,973,973
591,591,591,591,591,591,591,591,591,591,591
6,7,7,7,8,8,8,8,8,8,9
745,745,745,745,745,745,745,745,745,745,745
873,873,873,872,871,870,870,869,868,868,867
55,55,55,55,55,55,55,55,55,55,55
432,434,435,436,437,438,439,440,441,442,443
1017,1017,1017,1017,1017,1017,1017,1017,1017,1017,1017
278,279,278,277,276,275,274,274,273,272,271
150,150,150,150,150,150,150,150,150,150,150
968,969,970,970,971,971,972,972,972,973,973
591,591,591,591,591,591,591,591,591,591,591
6,7,7,7,7,8,8,8,8,8,8
744,744,744,744,744,744,744,744,744,744,744
873,874,873,872,872,871,870,870,869,868,867
55,55,55,55,55,55,55,55,55,55,55
432,434,434,435,436,437,438,439,440,441,442
1017,1017,1017,1017,1017,1017,1017,1017,1017,1017,1017
279,279,278,277,277,276,275,274,273,272,271
149,149,149,149,149,149,149,149,149,149,149
968,969,970,970,970,971,971,972,972,973,973
592,592,592,592,592,592,592,592,592,592,592
6,7,7,7,7,8,8,8,8,8,8
744,744,744,744,744,744,744,744,744,744,744
874,874,873,873,872,871,871,870,869,869,868
55,55,55,55,55,55,55,55,55,55,55
431,433,434,435,436,437,438,439,440,441,442
1017,1017,1017,1017,1017,1017,1017,1017,1017,1017,1017
280,280,279,278,277,276,275,275,274,273,272
149,149,149,149,149,149,149,149,149,149,149
967,969,969,970,970,971,971,971,972,972,973
592,592,592,592,592,592,592,592,592,592,592
6,7,7,7,7,7,8,8,8,8,8
743,743,743,743,743,743,743,743,743,743,743
874,874,874,873,872,872,871,870,870,869,868
56,56,56,56,56,56,56,56,56,56,56
430,432,433,434,435,436,437,438,439,440,441
1017,1017,1017,1017,1017,1017,1017,1017,1017,1017,1017
280,280,279,278,278,277,276,275,274,273,273
149,149,149,149,149,149,149,149,149,149,149
967,969,969,969,970,970,971,971,972,972,972
593,593,593,593,593,593,593,593,593,593,593
6,7,7,7,7,7,8,8,8,8,8
743,743,743,743,743,743,743,743,743,743,743
875,875,874,874,873,872,871,871,870,869,869
56,56,56,56,56,56,56,56,56,56,56
430,432,433,434,435,436,437,437,438,439,440
1017,1017,1017,1017,1017,1017,1017,1017,1017,1017,1017
281,281,280,279,278,277,276,276,275,274,273
148,148,148,148,148,148,148,148,148,148,148
967,968,969,969,970,970,970,971,971,972,972
593,593,593,593,593,593,593,593,593,593,593
6,7,7,7,7,7,7,8,8,8,8
742,742,742,742,742,742,742,742,742,742,742
875,875,875,874,873,873,872,871,871,870,869
56,56,56,56,56,56,56,56,56,56,56
429,431,432,433,434,435,436,437,438,439,440
1018,1018,1018,1018,1018,1018,1018,1018,1018,1018,1018
281,281,280,280,279,278,277,276,275,274,274
148,148,148,148,148,148,148,148,148,148,148
967,968,968,969,969,970,970,971,971,971,972
594,594,594,594,594,594,594,594,594,594,594
5,7,7,7,7,7,7,7,8,8,8
742,742,742,742,742,742,742,742,742,742,742
875,876,875,874,874,873,872,872,871,870,870
57,57,57,57,57,57,57,57,57,57,57
429,431,432,433,433,434,435,436,437,438,439
1018,1018,1018,1018,1018,1018,1018,1018,1018,1018,1018
282,282,281,280,279,278,277,277,276,275,274
147,147,147,147,147,147,147,147,147,147,147
966,968,968,969,969,970,970,970,971,971,972
595,595,595,595,595,595,595,595,595,595,595
5,6,7,7,7,7,7,7,8,8,8
741,741,741,741,741,741,741,741,741,741,741
876,876,875,875,874,873,873,872,871,871,870
57,57,57,57,57,57,57,57,57,57,57
428,430,431,432,433,434,435,436,437,438,439
1018,1018,1018,1018,1018,1018,1018,1018,1018,1018,1018
282,282,281,281,280,279,278,277,276,275,275
147,147,147,147,147,147,147,147,147,147,147
966,967,968,968,969,969,970,970,971,971,971
595,595,595,595,595,595,595,595,595,595,595
5,6,7,7,7,7,7,7,7,8,8
741,741,741,741,741,741,741,741,741,741,741
876,877,876,875,875,874,873,872,872,871,870
57,57,57,57,57,57,57,57,57,57,57
427,429,430,431,432,433,434,435,436,437,438
1018,1018,1018,1018,1018,1018,1018,1018,1018,1018,1018
283,283,282,281,280,279,279,278,277,276,275
147,147,147,147,147,147,147,147,147,147,147
966,967,968,968,969,969,969,970,970,971,971
596,596,596,596,596,596,596,596,596,596,596
5,6,6,7,7,7,7,7,7,8,8
740,740,740,740,740,740,740,740,740,740,740
877,877,876,876,875,874,874,873,872,872,871
57,57,57,57,57,57,57,57,57,57,57
427,429,430,431,432,433,434,435,436,436,437
1018,1018,1018,1018,1018,1018,1018,1018,1018,1018,1018
283,283,283,282,281,280,279,278,277,276,276
146,146,146,146,146,146,146,146,146,146,146
966,967,967,968,968,969,969,970,970,970,971
596,596,596,596,596,596,596,596,596,596,596
5,6,6,6,7,7,7,7,7,7,8
740,740,740,740,740,740,740,740,740,740,740
877,877,877,876,875,875,874,873,873,872,871
58,58,58,58,58,58,58,58,58,58,58
426,428,429,430,431,432,433,434,435,436,437
1018,1018,1018,1018,1018,1018,1018,1018,1018,1018,1018
284,284,283,282,281,280,280,279,278,277,276
146,146,146,146,146,146,146,146,146,146,146
965,967,967,968,968,968,969,969,970,970,971
597,597,597,597,597,597,597,597,597,597,597
5,6,6,6,7,7,7,7,7,7,7
739,739,739,739,739,739,739,739,739,739,739
877,878,877,876,876,875,874,874,873,872,872
58,58,58,58,58,58,58,58,58,58,58
426,428,429,430,431,432,432,433,434,435,436
1018,1018,1018,1018,1018,1018,1018,1018,1018,1018,1018
284,284,284,283,282,281,280,279,278,278,277
145,145,145,145,145,145,145,145,145,145,145
965,966,967,967,968,968,969,969,969,970,970
598,598,598,598,598,598,598,598,598,598,598
5,6,6,6,6,7,7,7,7,7,7
738,738,738,738,738,738,738,738,738,738,738
878,878,878,877,876,876,875,874,873,873,872
58,58,58,58,58,58,58,58,58,58,58
425,427,428,429,430,431,432,433,434,435,436
1018,1018,1018,1018,1018,1018,1018,1018,1018,1018,1018
285,285,284,283,282,281,281,280,279,278,277
145,145,145,145,145,145,145,145,145,145,145
965,966,967,967,967,968,968,969,969,970,970
598,598,598,598,598,598,598,598,598,598,598
5,6,6,6,6,7,7,7,7,7,7
738,738,738,738,738,738,738,738,738,738,738
878,879,878,877,877,876,875,875,874,873,873
58,58,58,58,58,58,58,58,58,58,58
425,427,427,428,429,430,431,432,433,434,435
1018,1018,1018,1018,1018,1018,1018,1018,1018,1018,1018
285,285,285,284,283,282,281,280,279,279,278
144,144,144,144,144,144,144,144,144,144,144
964,966,966,967,967,968,968,969,969,969,970
599,599,599,599,599,599,599,599,599,599,599
5,6,6,6,6,6,7,7,7,7,7
737,737,737,737,737,737,737,737,737,737,737
879,879,878,878,877,876,876,875,874,874,873
59,59,59,59,59,59,59,59,59,59,59
424,426,427,428,429,430,431,432,433,434,435
1018,1018,1018,1018,1018,1018,1018,1018,1018,1018,1018
286,286,285,284,283,283,282,281,280,279,278
144,144,144,144,144,144,144,144,144,144,144
964,966,966,966,967,967,968,968,969,969,970
599,599,599,599,599,599,599,599,599,599,599
5,6,6,6,6,6,6,7,7,7,7
737,737,737,737,737,737,737,737,737,737,737
879,879,879,878,877,877,876,875,875,874,873
59,59,59,59,59,59,59,59,59,59,59
423,425,426,427,428,429,430,431,432,433,434
1018,1018,1018,1018,1018,1018,1018,1018,1018,1018,1018
286,287,286,285,284,283,282,281,280,280,279
144,144,144,144,144,144,144,144,144,144,144
964,965,966,966,967,967,968,968,968,969,969
600,600,600,600,600,600,600,600,600,600,600
5,6,6,6,6,6,6,7,7,7,7
736,736,736,736,736,736,736,736,736,736,736
880,880,879,879,878,877,876,876,875,874,874
59,59,59,59,59,59,59,59,59,59,59
423,425,426,427,428,429,430,431,431,432,433
1018,1018,1018,1018,1018,1018,1018,1018,1018,1018,1018
287,287,286,285,284,284,283,282,281,280,279
143,143,143,143,143,143,143,143,143,143,143
964,965,965,966,966,967,967,968,968,969,969
600,600,600,600,600,600,600,600,600,600,600
4,6,6,6,6,6,6,6,7,7,7
736,736,736,736,736,736,736,736,736,736,736
880,880,880,879,878,878,877,876,876,875,874
60,60,60,60,60,60,60,60,60,60,60
422,424,425,426,427,428,429,430,431,432,433
1019,1019,1019,1019,1019,1019,1019,1019,1019,1019,1019
287,288,287,286,285,284,283,282,282,281,280
143,143,143,143,143,143,143,143,143,143,143
963,965,965,966,966,967,967,967,968,968,969
601,601,601,601,601,601,601,601,601,601,601
4,6,6,6,6,6,6,6,7,7,7
735,735,735,735,735,735,735,735,735,735,735
880,881,880,879,879,878,877,877,876,875,875
60,60,60,60,60,60,60,60,60,60,60
422,424,425,426,426,427,428,429,430,431,432
1019,1019,1019,1019,1019,1019,1019,1019,1019,1019,1019
288,288,287,286,286,285,284,283,282,281,280
142,142,142,142,142,142,142,142,142,142,142
963,964,965,965,966,966,967,967,968,968,968
602,602,602,602,602,602,602,602,602,602,602
4,5,6,6,6,6,6,6,6,7,7
735,735,735,735,735,735,735,735,735,735,735
881,881,880,880,879,878,878,877,876,876,875
60,60,60,60,60,60,60,60,60,60,60
421,423,424,425,426,427,428,429,430,431,432
1019,1019,1019,1019,1019,1019,1019,1019,1019,1019,1019
289,289,288,287,286,285,284,283,283,282,281
142,142,142,142,142,142,142,142,142,142,142
963,964,965,965,966,966,966,967,967,968,968
602,602,602,602,602,602,602,602,602,602,602
4,5,5,6,6,6,6,6,6,6,7
734,734,734,734,734,734,734,734,734,734,734
881,882,881,880,879,879,878,877,877,876,875
60,60,60,60,60,60,60,60,60,60,60
421,422,423,424,425,426,427,428,429,430,431
1019,1019,1019,1019,1019,1019,1019,1019,1019,1019,1019
289,289,288,287,287,286,285,284,283,282,281
142,142,142,142,142,142,142,142,142,142,142
962,964,964,965,965,966,966,967,967,968,968
603,603,603,603,603,603,603,603,603,603,603
4,5,5,6,6,6,6,6,6,6,7
734,734,734,734,734,734,734,734,734,734,734
882,882,881,881,880,879,879,878,877,877,876
61,61,61,61,61,61,61,61,61,61,61
420,422,423,424,425,426,427,428,429,430,430
1019,1019,1019,1019,1019,1019,1019,1019,1019,1019,1019
290,290,289,288,287,286,285,285,284,283,282
141,141,141,141,141,141,141,141,141,141,141
962,964,964,965,965,965,966,966,967,967,968
603,603,603,603,603,603,603,603,603,603,603
4,5,5,5,6,6,6,6,6,6,6
733,733,733,733,733,733,733,733,733,733,733
882,882,882,881,880,880,879,878,878,877,876
61,61,61,61,61,61,61,61,61,61,61
419,421,422,423,424,425,426,427,428,429,430
1019,1019,1019,1019,1019,1019,1019,1019,1019,1019,1019
290,290,289,289,288,287,286,285,284,283,282
141,141,141,141,141,141,141,141,141,141,141
962,963,964,964,965,965,966,966,967,967,967
604,604,604,604,604,604,604,604,604,604,604
4,5,5,5,6,6,6,6,6,6,6
733,733,733,733,733,733,733,733,733,733,733
882,883,882,881,881,880,879,879,878,877,877
61,61,61,61,61,61,61,61,61,61,61
419,421,422,423,424,425,425,426,427,428,429
1019,1019,1019,1019,1019,1019,1019,1019,1019,1019,1019
291,291,290,289,288,287,286,286,285,284,283
140,140,140,140,140,140,140,140,140,140,140
962,963,964,964,964,965,965,966,966,967,967
605,605,605,605,605,605,605,605,605,605,605
4,5,5,5,5,6,6,6,6,6,6
732,732,732,732,732,732,732,732,732,732,732
883,883,882,882,881,880,880,879,878,878,877
62,62,62,62,62,62,62,62,62,62,62
418,420,421,422,423,424,425,426,427,428,429
1019,1019,1019,1019,1019,1019,1019,1019,1019,1019,1019
291,291,290,290,289,288,287,286,285,284,284
140,140,140,140,140,140,140,140,140,140,140
961,963,963,964,964,965,965,966,966,966,967
605,605,605,605,605,605,605,605,605,605,605
4,5,5,5,5,5,6,6,6,6,6
732,732,732,732,732,732,732,732,732,732,732
883,884,883,882,882,881,880,880,879,878,878
62,62,62,62,62,62,62,62,62,62,62
418,420,421,421,422,423,424,425,426,427,428
1019,1019,1019,1019,1019,1019,1019,1019,1019,1019,1019
292,292,291,290,289,288,287,287,286,285,284
140,140,140,140,140,140,140,140,140,140,140
961,963,963,963,964,964,965,965,966,966,967
606,606,606,606,606,606,606,606,606,606,606
4,5,5,5,5,5,6,6,6,6,6
731,731,731,731,731,731,731,731,731,731,731
884,884,883,883,882,881,881,880,879,879,878
62,62,62,62,62,62,62,62,62,62,62
417,419,420,421,422,423,424,425,426,427,428
1019,1019,1019,1019,1019,1019,1019,1019,1019,1019,1019
292,292,291,291,290,289,288,287,286,285,285
139,139,139,139,139,139,139,139,139,139,139
961,962,963,963,964,964,965,965,965,966,966
606,606,606,606,606,606,606,606,606,606,606
4,5,5,5,5,5,5,6,6,6,6
730,730,730,730,730,730,730,730,730,730,730
884,884,884,883,882,882,881,880,880,879,878
62,62,62,62,62,62,62,62,62,62,62
416,418,419,420,421,422,423,424,425,426,427
1019,1019,1019,1019,1019,1019,1019,1019,1019,1019,1019
293,293,292,291,290,289,289,288,287,286,285
139,139,139,139,139,139,139,139,139,139,139
961,962,962,963,963,964,964,965,965,966,966
607,607,607,607,607,607,607,607,607,607,607
4,5,5,5,5,5,5,6,6,6,6
730,730,730,730,730,730,730,730,730,730,730
884,885,884,883,883,882,881,881,880,879,879
63,63,63,63,63,63,63,63,63,63,63
416,418,419,420,421,422,423,424,424,425,426
1019,1019,1019,1019,1019,1019,1019,1019,1019,1019,1019
293,293,293,292,291,290,289,288,287,286,286
138,138,138,138,138,138,138,138,138,138,138
960,962,962,963,963,964,964,964,965,965,966
607,607,607,607,607,607,607,607,607,607,607
4,5,5,5,5,5,5,5,6,6,6
729,729,729,729,729,729,729,729,729,729,729
885,885,884,884,883,883,882,881,880,880,879
63,63,63,63,63,63,63,63,63,63,63
415,417,418,419,420,421,422,423,424,425,426
1020,1020,1020,1020,1020,1020,1020,1020,1020,1020,1020
294,294,293,292,291,290,290,289,288,287,286
138,138,138,138,138,138,138,138,138,138,138
960,961,962,962,963,963,964,964,965,965,966
608,608,608,608,608,608,608,608,608,608,608
3,5,5,5,5,5,5,5,5,6,6
729,729,729,729,729,729,729,729,729,729,729
885,886,885,884,884,883,882,882,881,880,880
63,63,63,63,63,63,63,63,63,63,63
415,417,418,419,420,420,421,422,423,424,425
1020,1020,1020,1020,1020,1020,1020,1020,1020,1020,1020
294,294,294,293,292,291,290,289,288,288,287
138,138,138,138,138,138,138,138,138,138,138
960,961,962,962,963,963,963,964,964,965,965
609,609,609,609,609,609,609,609,609,609,609
3,5,5,5,5,5,5,5,5,6,6
728,728,728,728,728,728,728,728,728,728,728
886,886,885,885,884,883,883,882,881,881,880
63,63,63,63,63,63,63,63,63,63,63
414,416,417,418,419,420,421,422,423,424,425
1020,1020,1020,1020,1020,1020,1020,1020,1020,1020,1020
295,295,294,293,292,292,291,290,289,288,287
137,137,137,137,137,137,137,137,137,137,137
959,961,961,962,962,963,963,964,964,965,965
609,609,609,609,609,609,609,609,609,609,609
3,4,5,5,5,5,5,5,5,5,6
728,728,728,728,728,728,728,728,728,728,728
886,886,886,885,884,884,883,882,882,881,880
64,64,64,64,64,64,64,64,64,64,64
414,416,416,417,418,419,420,421,422,423,424
1020,1020,1020,1020,1020,1020,1020,1020,1020,1020,1020
295,296,295,294,293,292,291,290,289,289,288
137,137,137,137,137,137,137,137,137,137,137
959,961,961,961,962,962,963,963,964,964,965
610,610,610,610,610,610,610,610,610,610,610
3,4,4,5,5,5,5,5,5,5,6
727,727,727,727,727,727,727,727,727,727,727
886,887,886,885,885,884,883,883,882,881,881
64,64,64,64,64,64,64,64,64,64,64
413,415,416,417,418,419,420,421,422,423,423
1020,1020,1020,1020,1020,1020,1020,1020,1020,1020,1020
296,296,295,294,293,293,292,291,290,289,288
136,136,136,136,136,136,136,136,136,136,136
959,960,961,961,962,962,963,963,963,964,964
610,610,610,610,610,610,610,610,610,610,610
3,4,4,5,5,5,5,5,5,5,5
727,727,727,727,727,727,727,727,727,727,727
887,887,887,886,885,885,884,883,883,882,881
64,64,64,64,64,64,64,64,64,64,64
412,414,415,416,417,418,419,420,421,422,423
1020,1020,1020,1020,1020,1020,1020,1020,1020,1020,1020
297,297,296,295,294,293,292,291,291,290,289
136,136,136,136,136,136,136,136,136,136,136
959,960,960,961,961,962,962,963,963,964,964
611,611,611,611,611,611,611,611,611,611,611
3,4,4,4,5,5,5,5,5,5,5
726,726,726,726,726,726,726,726,726,726,726
887,888,887,886,886,885,884,884,883,882,882
65,65,65,65,65,65,65,65,65,65,65
412,414,415,416,417,418,419,419,420,421,422
1020,1020,1020,1020,1020,1020,1020,1020,1020,1020,1020
297,297,296,295,295,294,293,292,291,290,289
136,136,136,136,136,136,136,136,136,136,136
958,960,960,961,961,962,962,962,963,963,964
611,611,611,611,611,611,611,611,611,611,611
3,4,4,4,5,5,5,5,5,5,5
726,726,726,726,726,726,726,726,726,726,726
888,888,887,887,886,885,885,884,883,883,882
65,65,65,65,65,65,65,65,65,65,65
411,413,414,415,416,417,418,419,420,421,422
1020,1020,1020,1020,1020,1020,1020,1020,1020,1020,1020
298,298,297,296,295,294,293,292,292,291,290
135,135,135,135,135,135,135,135,135,135,135
958,959,960,960,961,961,962,962,963,963,964
612,612,612,612,612,612,612,612,612,612,612
3,4,4,4,4,5,5,5,5,5,5
725,725,725,725,725,725,725,725,725,725,725
888,888,888,887,886,886,885,884,884,883,882
65,65,65,65,65,65,65,65,65,65,65
411,413,414,415,415,416,417,418,419,420,421
1020,1020,1020,1020,1020,1020,1020,1020,1020,1020,1020
298,298,297,296,296,295,294,293,292,291,290
135,135,135,135,135,135,135,135,135,135,135
958,959,960,960,961,961,961,962,962,963,963
613,613,613,613,613,613,613,613,613,613,613
3,4,4,4,4,4,5,5,5,5,5
725,725,725,725,725,725,725,725,725,725,725
888,889,888,887,887,886,885,885,884,883,883
66,66,66,66,66,66,66,66,66,66,66
410,412,413,414,415,416,417,418,419,420,421
1020,1020,1020,1020,1020,1020,1020,1020,1020,1020,1020
299,299,298,297,296,295,294,294,293,292,291
134,134,134,134,134,134,134,134,134,134,134
957,959,959,960,960,961,961,962,962,963,963
613,613,613,613,613,613,613,613,613,613,613
3,4,4,4,4,4,5,5,5,5,5
724,724,724,724,724,724,724,724,724,724,724
889,889,889,888,887,887,886,885,885,884,883
66,66,66,66,66,66,66,66,66,66,66
410,411,412,413,414,415,416,417,418,419,420
1020,1020,1020,1020,1020,1020,1020,1020,1020,1020,1020
299,299,298,298,297,296,295,294,293,292,291
134,134,134,134,134,134,134,134,134,134,134
957,959,959,959,960,960,961,961,962,962,963
614,614,614,614,614,614,614,614,614,614,614
3,4,4,4,4,4,4,5,5,5,5
724,724,724,724,724,724,724,724,724,724,724
889,890,889,888,888,887,886,886,885,884,884
66,66,66,66,66,66,66,66,66,66,66
409,411,412,413,414,415,416,417,418,418,419
1020,1020,1020,1020,1020,1020,1020,1020,1020,1020,1020
300,300,299,298,297,296,295,295,294,293,292
134,134,134,134,134,134,134,134,134,134,134
957,958,959,959,960,960,961,961,962,962,962
614,614,614,614,614,614,614,614,614,614,614
3,4,4,4,4,4,4,4,5,5,5
723,723,723,723,723,723,723,723,723,723,723
890,890,889,889,888,887,887,886,885,885,884
66,66,66,66,66,66,66,66,66,66,66
408,410,411,412,413,414,415,416,417,418,419
1020,1020,1020,1020,1020,1020,1020,1020,1020,1020,1020
300,300,299,299,298,297,296,295,294,293,293
133,133,133,133,133,133,133,133,133,133,133
956,958,958,959,959,960,960,961,961,962,962
615,615,615,615,615,615,615,615,615,615,615
3,4,4,4,4,4,4,4,5,5,5
722,722,722,722,722,722,722,722,722,722,722
890,890,890,889,888,888,887,886,886,885,884
67,67,67,67,67,67,67,67,67,67,67
408,410,411,412,413,414,414,415,416,417,418
1020,1020,1020,1020,1020,1020,1020,1020,1020,1020,1020
301,301,300,299,298,297,297,296,295,294,293
133,133,133,133,133,133,133,133,133,133,133
956,958,958,959,959,960,960,960,961,961,962
615,615,615,615,615,615,615,615,615,615,615
3,4,4,4,4,4,4,4,4,5,5
722,722,722,722,722,722,722,722,722,722,722
890,891,890,889,889,888,888,887,886,886,885
67,67,67,67,67,67,67,67,67,67,67
407,409,410,411,412,413,414,415,416,417,418
1020,1020,1020,1020,1020,1020,1020,1020,1020,1020,1020
301,301,301,300,299,298,297,296,295,294,294
132,132,132,132,132,132,132,132,132,132,132
956,957,958,958,959,959,960,960,961,961,962
616,616,616,616,616,616,616,616,616,616,616
3,4,4,4,4,4,4,4,4,5,5
721,721,721,721,721,721,721,721,721,721,721
891,891,891,890,889,889,888,887,887,886,885
67,67,67,67,67,67,67,67,67,67,67
407,409,410,410,411,412,413,414,415,416,417
1021,1021,1021,1021,1021,1021,1021,1021,1021,1021,1021
302,302,301,300,299,298,298,297,296,295,294
132,132,132,132,132,132,132,132,132,132,132
956,957,958,958,959,959,959,960,960,961,961
617,617,617,617,617,617,617,617,617,617,617
2,4,4,4,4,4,4,4,4,4,5
721,721,721,721,721,721,721,721,721,721,721
891,892,891,890,890,889,888,888,887,886,886
68,68,68,68,68,68,68,68,68,68,68
406,408,409,410,411,412,413,414,415,416,417
1021,1021,1021,1021,1021,1021,1021,1021,1021,1021,1021
302,303,302,301,300,299,298,297,296,296,295
132,132,132,132,132,132,132,132,132,132,132
955,957,957,958,958,959,959,960,960,961,961
617,617,617,617,617,617,617,617,617,617,617
2,3,4,4,4,4,4,4,4,4,4
720,720,720,720,720,720,720,720,720,720,720
892,892,891,891,890,889,889,888,887,887,886
68,68,68,68,68,68,68,68,68,68,68
405,407,408,409,410,411,412,413,414,415,416
1021,1021,1021,1021,1021,1021,1021,1021,1021,1021,1021
303,303,302,301,300,300,299,298,297,296,295
131,131,131,131,131,131,131,131,131,131,131
955,956,957,957,958,958,959,959,960,960,961
618,618,618,618,618,618,618,618,618,618,618
2,3,4,4,4,4,4,4,4,4,4
720,720,720,720,720,720,720,720,720,720,720
892,892,892,891,890,890,889,888,888,887,886
68,68,68,68,68,68,68,68,68,68,68
405,407,408,409,410,411,412,413,413,414,415
1021,1021,1021,1021,1021,1021,1021,1021,1021,1021,1021
303,304,303,302,301,300,299,298,297,297,296
131,131,131,131,131,131,131,131,131,131,131
955,956,957,957,958,958,959,959,960,960,960
618,618,618,618,618,618,618,618,618,618,618
2,3,3,4,4,4,4,4,4,4,4
719,719,719,719,719,719,719,719,719,719,719
892,893,892,891,891,890,889,889,888,888,887
68,68,68,68,68,68,68,68,68,68,68
404,406,407,408,409,410,411,412,413,414,415
1021,1021,1021,1021,1021,1021,1021,1021,1021,1021,1021
304,304,303,302,301,301,300,299,298,297,296
130,130,130,130,130,130,130,130,130,130,130
954,956,956,957,957,958,958,959,959,960,960
619,619,619,619,619,619,619,619,619,619,619
2,3,3,3,4,4,4,4,4,4,4
719,719,719,719,719,719,719,719,719,719,719
893,893,892,892,891,891,890,889,889,888,887
69,69,69,69,69,69,69,69,69,69,69
404,406,407,408,409,409,410,411,412,413,414
1021,1021,1021,1021,1021,1021,1021,1021,1021,1021,1021
305,305,304,303,302,301,300,299,299,298,297
130,130,130,130,130,130,130,130,130,130,130
954,956,956,957,957,958,958,958,959,959,960
620,620,620,620,620,620,620,620,620,620,620
2,3,3,3,4,4,4,4,4,4,4
718,718,718,718,718,718,718,718,718,718,718
893,894,893,892,892,891,890,890,889,888,888
69,69,69,69,69,69,69,69,69,69,69
403,405,406,407,408,409,410,411,412,413,414
1021,1021,1021,1021,1021,1021,1021,1021,1021,1021,1021
305,305,304,303,303,302,301,300,299,298,297
130,130,130,130,130,130,130,130,130,130,130
954,955,956,956,957,957,958,958,959,959,960
620,620,620,620,620,620,620,620,620,620,620
2,3,3,3,3,4,4,4,4,4,4
718,718,718,718,718,718,718,718,718,718,718
894,894,893,893,892,891,891,890,889,889,888
69,69,69,69,69,69,69,69,69,69,69
403,405,406,406,407,408,409,410,411,412,413
1021,1021,1021,1021,1021,1021,1021,1021,1021,1021,1021
306,306,305,304,303,302,301,300,300,299,298
129,129,129,129,129,129,129,129,129,129,129
954,955,956,956,956,957,957,958,958,959,959
621,621,621,621,621,621,621,621,621,621,621
2,3,3,3,3,4,4,4,4,4,4
717,717,717,717,717,717,717,717,717,717,717
894,894,894,893,892,892,891,890,890,889,888
70,70,70,70,70,70,70,70,70,70,70
402,404,405,406,407,408,409,410,411,412,412
1021,1021,1021,1021,1021,1021,1021,1021,1021,1021,1021
306,306,305,305,304,303,302,301,300,299,298
129,129,129,129,129,129,129,129,129,129,129
953,955,955,956,956,957,957,958,958,959,959
621,621,621,621,621,621,621,621,621,621,621
2,3,3,3,3,3,4,4,4,4,4
717,717,717,717,717,717,717,717,717,717,717
894,895,894,893,893,892,891,891,890,890,889
70,70,70,70,70,70,70,70,70,70,70
401,403,404,405,406,407,408,409,410,411,412
1021,1021,1021,1021,1021,1021,1021,1021,1021,1021,1021
307,307,306,305,304,303,302,302,301,300,299
128,128,128,128,128,128,128,128,128,128,128
953,954,955,955,956,956,957,957,958,958,959
622,622,622,622,622,622,622,622,622,622,622
2,3,3,3,3,3,3,4,4,4,4
716,716,716,716,716,716,716,716,716,716,716
895,895,894,894,893,893,892,891,891,890,889
70,70,70,70,70,70,70,70,70,70,70
401,403,404,405,406,407,408,408,409,410,411
1021,1021,1021,1021,1021,1021,1021,1021,1021,1021,1021
307,307,306,306,305,304,303,302,301,300,299
128,128,128,128,128,128,128,128,128,128,128
953,954,955,955,956,956,957,957,958,958,958
622,622,622,622,622,622,622,622,622,622,622
2,3,3,3,3,3,3,4,4,4,4
715,715,715,715,715,715,715,715,715,715,715
895,895,895,894,894,893,892,892,891,890,890
71,71,71,71,71,71,71,71,71,71,71
400,402,403,404,405,406,407,408,409,410,411
1021,1021,1021,1021,1021,1021,1021,1021,1021,1021,1021
308,308,307,306,305,304,303,303,302,301,300
128,128,128,128,128,128,128,128,128,128,128
952,954,954,955,955,956,956,957,957,958,958
623,623,623,623,623,623,623,623,623,623,623
2,3,3,3,3,3,3,3,4,4,4
715,715,715,715,715,715,715,715,715,715,715
896,896,895,895,894,893,893,892,891,891,890
71,71,71,71,71,71,71,71,71,71,71
400,402,403,404,405,405,406,407,408,409,410
1021,1021,1021,1021,1021,1021,1021,1021,1021,1021,1021
308,308,308,307,306,305,304,303,302,301,301
127,127,127,127,127,127,127,127,127,127,127
952,954,954,955,955,955,956,956,957,957,958
624,624,624,624,624,624,624,624,624,624,624
2,3,3,3,3,3,3,3,4,4,4
714,714,714,714,714,714,714,714,714,714,714
896,896,896,895,894,894,893,892,892,891,890
71,71,71,71,71,71,71,71,71,71,71
399,401,402,403,404,405,406,407,408,409,410
1021,1021,1021,1021,1021,1021,1021,1021,1021,1021,1021
309,309,308,307,306,305,305,304,303,302,301
127,127,127,127,127,127,127,127,127,127,127
952,953,954,954,955,955,956,956,957,957,958
624,624,624,624,624,624,624,624,624,624,624
2,3,3,3,3,3,3,3,3,4,4
714,714,714,714,714,714,714,714,714,714,714
896,897,896,895,895,894,893,893,892,892,891
71,71,71,71,71,71,71,71,71,71,71
399,401,401,402,403,404,405,406,407,408,409
1021,1021,1021,1021,1021,1021,1021,1021,1021,1021,1021
309,310,309,308,307,306,305,304,303,302,302
127,127,127,127,127,127,127,127,127,127,127
951,953,953,954,954,955,955,956,956,957,957
625,625,625,625,625,625,625,625,625,625,625
2,3,3,3,3,3,3,3,3,3,4
713,713,713,713,713,713,713,713,713,713,713
897,897,896,896,895,894,894,893,893,892,891
72,72,72,72,72,72,72,72,72,72,72
398,400,401,402,403,404,405,406,407,408,408
1021,1021,1021,1021,1021,1021,1021,1021,1021,1021,1021
310,310,309,308,307,307,306,305,304,303,302
126,126,126,126,126,126,126,126,126,126,126
951,953,953,954,954,955,955,956,956,957,957
625,625,625,625,625,625,625,625,625,625,625
2,3,3,3,3,3,3,3,3,3,4
713,713,713,713,713,713,713,713,713,713,713
897,897,897,896,896,895,894,894,893,892,892
72,72,72,72,72,72,72,72,72,72,72
397,399,400,401,402,403,404,405,406,407,408
1021,1021,1021,1021,1021,1021,1021,1021,1021,1021,1021
310,311,310,309,308,307,306,305,304,304,303
126,126,126,126,126,126,126,126,126,126,126
951,952,953,953,954,954,955,955,956,956,957
626,626,626,626,626,626,626,626,626,626,626
2,3,3,3,3,3,3,3,3,3,3
712,712,712,712,712,712,712,712,712,712,712
897,898,897,897,896,895,895,894,893,893,892
72,72,72,72,72,72,72,72,72,72,72
397,399,400,401,402,403,404,404,405,406,407
1022,1022,1022,1022,1022,1022,1022,1022,1022,1022,1022
311,311,310,309,308,308,307,306,305,304,303
125,125,125,125,125,125,125,125,125,125,125
951,952,953,953,954,954,954,955,955,956,956
626,626,626,626,626,626,626,626,626,626,626
1,3,3,3,3,3,3,3,3,3,3
712,712,712,712,712,712,712,712,712,712,712
898,898,898,897,896,896,895,894,894,893,892
73,73,73,73,73,73,73,73,73,73,73
396,398,399,400,401,402,403,404,405,406,407
1022,1022,1022,1022,1022,1022,1022,1022,1022,1022,1022
312,312,311,310,309,308,307,306,305,305,304
125,125,125,125,125,125,125,125,125,125,125
950,952,952,953,953,954,954,955,955,956,956
627,627,627,627,627,627,627,627,627,627,627
1,2,3,3,3,3,3,3,3,3,3
711,711,711,711,711,711,711,711,711,711,711
898,899,898,897,897,896,895,895,894,893,893
73,73,73,73,73,73,73,73,73,73,73
396,398,399,400,400,401,402,403,404,405,406
1022,1022,1022,1022,1022,1022,1022,1022,1022,1022,1022
312,312,311,310,310,309,308,307,306,305,304
125,125,125,125,125,125,125,125,125,125,125
950,951,952,952,953,953,954,954,955,955,956
628,628,628,628,628,628,628,628,628,628,628
1,2,3,3,3,3,3,3,3,3,3
711,711,711,711,711,711,711,711,711,711,711
899,899,898,898,897,896,896,895,895,894,893
73,73,73,73,73,73,73,73,73,73,73
395,397,398,399,400,401,402,403,404,405,406
1022,1022,1022,1022,1022,1022,1022,1022,1022,1022,1022
313,313,312,311,310,309,308,307,307,306,305
124,124,124,124,124,124,124,124,124,124,124
950,951,952,952,953,953,954,954,955,955,956
628,628,628,628,628,628,628,628,628,628,628
1,2,2,3,3,3,3,3,3,3,3
710,710,710,710,710,710,710,710,710,710,710
899,899,899,898,897,897,896,896,895,894,894
74,74,74,74,74,74,74,74,74,74,74
395,397,397,398,399,400,401,402,403,404,405
1022,1022,1022,1022,1022,1022,1022,1022,1022,1022,1022
313,313,312,312,311,310,309,308,307,306,305
124,124,124,124,124,124,124,124,124,124,124
949,951,951,952,952,953,953,954,954,955,955
629,629,629,629,629,629,629,629,629,629,629
1,2,2,3,3,3,3,3,3,3,3
710,710,710,710,710,710,710,710,710,710,710
899,900,899,899,898,897,897,896,895,895,894
74,74,74,74,74,74,74,74,74,74,74
394,396,397,398,399,400,401,402,403,403,404
1022,1022,1022,1022,1022,1022,1022,1022,1022,1022,1022
314,314,313,312,311,310,309,309,308,307,306
123,123,123,123,123,123,123,123,123,123,123
949,951,951,952,952,953,953,953,954,954,955
629,629,629,629,629,629,629,629,629,629,629
1,2,2,2,3,3,3,3,3,3,3
709,709,709,709,709,709,709,709,709,709,709
900,900,900,899,898,898,897,896,896,895,894
74,74,74,74,74,74,74,74,74,74,74
393,395,396,397,398,399,400,401,402,403,404
1022,1022,1022,1022,1022,1022,1022,1022,1022,1022,1022
314,314,314,313,312,311,310,309,308,307,306
123,123,123,123,123,123,123,123,123,123,123
949,950,951,951,952,952,953,953,954,954,955
630,630,630,630,630,630,630,630,630,630,630
1,2,2,2,2,3,3,3,3,3,3
708,708,708,708,708,708,708,708,708,708,708
900,901,900,899,899,898,897,897,896,895,895
74,74,74,74,74,74,74,74,74,74,74
393,395,396,397,398,399,399,400,401,402,403
1022,1022,1022,1022,1022,1022,1022,1022,1022,1022,1022
315,315,314,313,312,311,311,310,309,308,307
123,123,123,123,123,123,123,123,123,123,123
948,950,950,951,951,952,952,953,953,954,954
630,630,630,630,630,630,630,630,630,630,630
1,2,2,2,2,3,3,3,3,3,3
708,708,708,708,708,708,708,708,708,708,708
901,901,900,900,899,898,898,897,896,896,895
75,75,75,75,75,75,75,75,75,75,75
392,394,395,396,397,398,399,400,401,402,403
1022,1022,1022,1022,1022,1022,1022,1022,1022,1022,1022
315,315,315,314,313,312,311,310,309,308,308
122,122,122,122,122,122,122,122,122,122,122
948,950,950,951,951,952,952,953,953,954,954
631,631,631,631,631,631,631,631,631,631,631
1,2,2,2,2,2,3,3,3,3,3
707,707,707,707,707,707,707,707,707,707,707
901,901,901,900,899,899,898,898,897,896,896
75,75,75,75,75,75,75,75,75,75,75
392,394,395,396,396,397,398,399,400,401,402
1022,1022,1022,1022,1022,1022,1022,1022,1022,1022,1022
316,316,315,314,313,312,312,311,310,309,308
122,122,122,122,122,122,122,122,122,122,122
948,949,950,950,951,951,952,952,953,953,954
632,632,632,632,632,632,632,632,632,632,632
1,2,2,2,2,2,3,3,3,3,3
707,707,707,707,707,707,707,707,707,707,707
901,902,901,900,900,899,899,898,897,897,896
75,75,75,75,75,75,75,75,75,75,75
391,393,394,395,396,397,398,399,400,401,402
1022,1022,1022,1022,1022,1022,1022,1022,1022,1022,1022
316,317,316,315,314,313,312,311,310,309,309
121,121,121,121,121,121,121,121,121,121,121
947,949,949,950,950,951,951,952,952,953,953
632,632,632,632,632,632,632,632,632,632,632
1,2,2,2,2,2,2,3,3,3,3
706,706,706,706,706,706,706,706,706,706,706
902,902,901,901,900,900,899,898,898,897,896
76,76,76,76,76,76,76,76,76,76,76
391,393,393,394,395,396,397,398,399,400,401
1022,1022,1022,1022,1022,1022,1022,1022,1022,1022,1022
317,317,316,315,314,314,313,312,311,310,309
121,121,121,121,121,121,121,121,121,121,121
947,949,949,950,950,951,951,952,952,953,953
633,633,633,633,633,633,633,633,633,633,633
1,2,2,2,2,2,2,2,3,3,3
706,706,706,706,706,706,706,706,706,706,706
902,902,902,901,901,900,899,899,898,897,897
76,76,76,76,76,76,76,76,76,76,76
390,392,393,394,395,396,397,398,399,399,400
1022,1022,1022,1022,1022,1022,1022,1022,1022,1022,1022
318,318,317,316,315,314,313,312,311,311,310
121,121,121,121,121,121,121,121,121,121,121
947,948,949,949,950,950,951,951,952,952,953
633,633,633,633,633,633,633,633,633,633,633
1,2,2,2,2,2,2,2,3,3,3
705,705,705,705,705,705,705,705,705,705,705
902,903,902,902,901,900,900,899,898,898,897
76,76,76,76,76,76,76,76,76,76,76
389,391,392,393,394,395,396,397,398,399,400
1022,1022,1022,1022,1022,1022,1022,1022,1022,1022,1022
318,318,317,316,316,315,314,313,312,311,310
120,120,120,120,120,120,120,120,120,120,120
947,948,949,949,950,950,951,951,952,952,953
634,634,634,634,634,634,634,634,634,634,634
1,2,2,2,2,2,2,2,2,3,3
705,705,705,705,705,705,705,705,705,705,705
903,903,903,902,901,901,900,899,899,898,898
77,77,77,77,77,77,77,77,77,77,77
389,391,392,393,394,395,395,396,397,398,399
1022,1022,1022,1022,1022,1022,1022,1022,1022,1022,1022
319,319,318,317,316,315,314,313,313,312,311
120,120,120,120,120,120,120,120,120,120,120
946,948,948,949,949,950,950,951,951,952,952
634,634,634,634,634,634,634,634,634,634,634
1,2,2,2,2,2,2,2,2,3,3
704,704,704,704,704,704,704,704,704,704,704
903,904,903,902,902,901,900,900,899,899,898
77,77,77,77,77,77,77,77,77,77,77
388,390,391,392,393,394,395,396,397,398,399
1022,1022,1022,1022,1022,1022,1022,1022,1022,1022,1022
319,319,318,318,317,316,315,314,313,312,311
120,120,120,120,120,120,120,120,120,120,120
946,947,948,948,949,949,950,950,951,951,952
635,635,635,635,635,635,635,635,635,635,635
1,2,2,2,2,2,2,2,2,2,3
704,704,704,704,704,704,704,704,704,704,704
904,904,903,903,902,901,901,900,900,899,898
77,77,77,77,77,77,77,77,77,77,77
388,390,391,392,392,393,394,395,396,397,398
1022,1022,1022,1022,1022,1022,1022,1022,1022,1022,1022
320,320,319,318,317,316,315,314,314,313,312
119,119,119,119,119,119,119,119,119,119,119
946,947,948,948,949,949,950,950,951,951,952
636,636,636,636,636,636,636,636,636,636,636
1,2,2,2,2,2,2,2,2,2,2
703,703,703,703,703,703,703,703,703,703,703
904,904,904,903,902,902,901,901,900,899,899
78,78,78,78,78,78,78,78,78,78,78
387,389,390,391,392,393,394,395,396,397,398
1022,1022,1022,1022,1022,1022,1022,1022,1022,1022,1022
320,320,320,319,318,317,316,315,314,313,312
119,119,119,119,119,119,119,119,119,119,119
945,947,947,948,948,949,949,950,950,951,951
636,636,636,636,636,636,636,636,636,636,636
1,2,2,2,2,2,2,2,2,2,2
702,702,702,702,702,702,702,702,702,702,702
904,905,904,903,903,902,902,901,900,900,899
78,78,78,78,78,78,78,78,78,78,78
387,388,389,390,391,392,393,394,395,396,397
1022,1022,1022,1022,1022,1022,1022,1022,1022,1022,1022
321,321,320,319,318,317,316,316,315,314,313
118,118,118,118,118,118,118,118,118,118,118
945,946,947,948,948,949,949,950,950,951,951
637,637,637,637,637,637,637,637,637,637,637
1,2,2,2,2,2,2,2,2,2,2
702,702,702,702,702,702,702,702,702,702,702
905,905,904,904,903,903,902,901,901,900,899
78,78,78,78,78,78,78,78,78,78,78
386,388,389,390,391,392,393,394,394,395,396
1022,1022,1022,1022,1022,1022,1022,1022,1022,1022,1022
321,321,321,320,319,318,317,316,315,314,313
118,118,118,118,118,118,118,118,118,118,118
945,946,947,947,948,948,949,949,950,950,951
637,637,637,637,637,637,637,637,637,637,637
1,2,2,2,2,2,2,2,2,2,2
701,701,701,701,701,701,701,701,701,701,701
905,905,905,904,904,903,902,902,901,900,900
78,78,78,78,78,78,78,78,78,78,78
385,387,388,389,390,391,392,393,394,395,396
1022,1022,1022,1022,1022,1022,1022,1022,1022,1022,1022
322,322,321,320,319,318,318,317,316,315,314
118,118,118,118,118,118,118,118,118,118,118
944,946,946,947,947,948,948,949,949,950,950
638,638,638,638,638,638,638,638,638,638,638
1,2,2,2,2,2,2,2,2,2,2
701,701,701,701,701,701,701,701,701,701,701
905,906,905,905,904,903,903,902,902,901,900
79,79,79,79,79,79,79,79,79,79,79
385,387,388,389,390,391,391,392,393,394,395
1022,1022,1022,1022,1022,1022,1022,1022,1022,1022,1022
322,323,322,321,320,319,318,317,316,315,315
117,117,117,117,117,117,117,117,117,117,117
944,946,946,947,947,948,948,949,949,950,950
638,638,638,638,638,638,638,638,638,638,638
1,2,2,2,2,2,2,2,2,2,2
700,700,700,700,700,700,700,700,700,700,700
906,906,906,905,904,904,903,903,902,901,901
79,79,79,79,79,79,79,79,79,79,79
384,386,387,388,389,390,391,392,393,394,395
1022,1022,1022,1022,1022,1022,1022,1022,1022,1022,1022
323,323,322,321,320,320,319,318,317,316,315
117,117,117,117,117,117,117,117,117,117,117
944,945,946,946,947,947,948,948,949,949,950
639,639,639,639,639,639,639,639,639,639,639
0,2,2,2,2,2,2,2,2,2,2
700,700,700,700,700,700,700,700,700,700,700
906,907,906,905,905,904,904,903,902,902,901
79,79,79,79,79,79,79,79,79,79,79
384,386,387,388,388,389,390,391,392,393,394
1023,1023,1023,1023,1023,1023,1023,1023,1023,1023,1023
324,324,323,322,321,320,319,318,317,317,316
117,117,117,117,117,117,117,117,117,117,117
943,945,945,946,946,947,947,948,949,949,950
640,640,640,640,640,640,640,640,640,640,640
0,2,2,2,2,2,2,2,2,2,2
699,699,699,699,699,699,699,699,699,699,699
907,907,906,906,905,905,904,903,903,902,901
80,80,80,80,80,80,80,80,80,80,80
383,385,386,387,388,389,390,391,392,393,394
1023,1023,1023,1023,1023,1023,1023,1023,1023,1023,1023
324,324,323,322,322,321,320,319,318,317,316
116,116,116,116,116,116,116,116,116,116,116
943,945,945,946,946,947,947,948,948,949,949
640,640,640,640,640,640,640,640,640,640,640
0,1,2,2,2,2,2,2,2,2,2
699,699,699,699,699,699,699,699,699,699,699
907,907,907,906,906,905,904,904,903,902,902
80,80,80,80,80,80,80,80,80,80,80
383,385,385,386,387,388,389,390,391,392,393
1023,1023,1023,1023,1023,1023,1023,1023,1023,1023,1023
325,325,324,323,322,321,320,319,319,318,317
116,116,116,116,116,116,116,116,116,116,116
943,944,945,945,946,946,947,947,948,948,949
641,641,641,641,641,641,641,641,641,641,641
0,1,2,2,2,2,2,2,2,2,2
698,698,698,698,698,698,698,698,698,698,698
907,908,907,907,906,905,905,904,903,903,902
80,80,80,80,80,80,80,80,80,80,80
382,384,385,386,387,388,389,390,390,391,392
1023,1023,1023,1023,1023,1023,1023,1023,1023,1023,1023
325,325,324,324,323,322,321,320,319,318,317
115,115,115,115,115,115,115,115,115,115,115
942,944,944,945,946,946,947,947,948,948,949
641,641,641,641,641,641,641,641,641,641,641
0,1,1,2,2,2,2,2,2,2,2
698,698,698,698,698,698,698,698,698,698,698
908,908,908,907,906,906,905,904,904,903,903
81,81,81,81,81,81,81,81,81,81,81
381,383,384,385,386,387,388,389,390,391,392
1023,1023,1023,1023,1023,1023,1023,1023,1023,1023,1023
326,326,325,324,323,322,321,320,320,319,318
115,115,115,115,115,115,115,115,115,115,115
942,944,944,945,945,946,946,947,947,948,948
642,642,642,642,642,642,642,642,642,642,642
0,1,1,1,2,2,2,2,2,2,2
697,697,697,697,697,697,697,697,697,697,697
908,908,908,907,907,906,905,905,904,904,903
81,81,81,81,81,81,81,81,81,81,81
381,383,384,385,386,387,387,388,389,390,391
1023,1023,1023,1023,1023,1023,1023,1023,1023,1023,1023
326,326,326,325,324,323,322,321,320,319,318
115,115,115,115,115,115,115,115,115,115,115
942,943,944,944,945,945,946,946,947,947,948
642,642,642,642,642,642,642,642,642,642,642
0,1,1,1,2,2,2,2,2,2,2
696,696,696,696,696,696,696,696,696,696,696
908,909,908,908,907,906,906,905,905,904,903
81,81,81,81,81,81,81,81,81,81,81
380,382,383,384,385,386,387,388,389,390,391
1023,1023,1023,1023,1023,1023,1023,1023,1023,1023,1023
327,327,326,325,324,323,322,322,321,320,319
114,114,114,114,114,114,114,114,114,114,114
942,943,944,944,945,945,946,946,947,947,948
643,643,643,643,643,643,643,643,643,643,643
0,1,1,1,1,2,2,2,2,2,2
696,696,696,696,696,696,696,696,696,696,696
909,909,909,908,907,907,906,906,905,904,904
82,82,82,82,82,82,82,82,82,82,82
380,382,383,384,384,385,386,387,388,389,390
1023,1023,1023,1023,1023,1023,1023,1023,1023,1023,1023
327,328,327,326,325,324,323,322,321,320,319
114,114,114,114,114,114,114,114,114,114,114
941,943,943,944,944,945,945,946,946,947,947
644,644,644,644,644,644,644,644,644,644,644
0,1,1,1,1,2,2,2,2,2,2
695,695,695,695,695,695,695,695,695,695,695
909,910,909,908,908,907,907,906,905,905,904
82,82,82,82,82,82,82,82,82,82,82
379,381,382,383,384,385,386,387,388,389,389
1023,1023,1023,1023,1023,1023,1023,1023,1023,1023,1023
328,328,327,326,325,324,324,323,322,321,320
114,114,114,114,114,114,114,114,114,114,114
941,942,943,943,944,944,945,946,946,947,947
644,644,644,644,644,644,644,644,644,644,644
0,1,1,1,1,1,2,2,2,2,2
695,695,695,695,695,695,695,695,695,695,695
910,910,909,909,908,908,907,906,906,905,904
82,82,82,82,82,82,82,82,82,82,82
379,381,381,382,383,384,385,386,387,388,389
1023,1023,1023,1023,1023,1023,1023,1023,1023,1023,1023
329,329,328,327,326,325,324,323,322,321,321
113,113,113,113,113,113,113,113,113,113,113
941,942,943,943,944,944,945,945,946,946,947
645,645,645,645,645,645,645,645,645,645,645
0,1,1,1,1,1,1,2,2,2,2
694,694,694,694,694,694,694,694,694,694,694
910,910,910,909,909,908,907,907,906,905,905
83,83,83,83,83,83,83,83,83,83,83
378,380,381,382,383,384,385,386,386,387,388
1023,1023,1023,1023,1023,1023,1023,1023,1023,1023,1023
329,329,328,327,326,326,325,324,323,322,321
113,113,113,113,113,113,113,113,113,113,113
940,942,942,943,943,944,944,945,945,946,946
645,645,645,645,645,645,645,645,645,645,645
0,1,1,1,1,1,1,2,2,2,2
694,694,694,694,694,694,694,694,694,694,694
910,911,910,910,909,908,908,907,906,906,905
83,83,83,83,83,83,83,83,83,83,83
377,379,380,381,382,383,384,385,386,387,388
1023,1023,1023,1023,1023,1023,1023,1023,1023,1023,1023
330,330,329,328,327,326,325,324,323,323,322
112,112,112,112,112,112,112,112,112,112,112
940,941,942,942,943,944,944,945,945,946,946
646,646,646,646,646,646,646,646,646,646,646
0,1,1,1,1,1,1,1,2,2,2
693,693,693,693,693,693,693,693,693,693,693
911,911,910,910,909,909,908,907,907,906,906
83,83,83,83,83,83,83,83,83,83,83
377,379,380,381,382,383,383,384,385,386,387
1023,1023,1023,1023,1023,1023,1023,1023,1023,1023,1023
330,330,329,328,328,327,326,325,324,323,322
112,112,112,112,112,112,112,112,112,112,112
940,941,942,942,943,943,944,944,945,945,946
646,646,646,646,646,646,646,646,646,646,646
0,1,1,1,1,1,1,1,1,2,2
693,693,693,693,693,693,693,693,693,693,693
911,911,911,910,910,909,908,908,907,907,906
84,84,84,84,84,84,84,84,84,84,84
376,378,379,380,381,382,383,384,385,386,387
1023,1023,1023,1023,1023,1023,1023,1023,1023,1023,1023
331,331,330,329,328,327,326,325,325,324,323
112,112,112,112,112,112,112,112,112,112,112
939,941,941,942,942,943,943,944,944,945,945
647,647,647,647,647,647,647,647,647,647,647
0,1,1,1,1,1,1,1,1,2,2
692,692,692,692,692,692,692,692,692,692,692
911,912,911,911,910,909,909,908,908,907,906
84,84,84,84,84,84,84,84,84,84,84
376,378,379,380,380,381,382,383,384,385,386
1023,1023,1023,1023,1023,1023,1023,1023,1023,1023,1023
331,331,330,330,329,328,327,326,325,324,323
111,111,111,111,111,111,111,111,111,111,111
939,940,941,942,942,943,943,944,944,945,945
648,648,648,648,648,648,648,648,648,648,648
0,1,1,1,1,1,1,1,1,1,2
691,691,691,691,691,691,691,691,691,691,691
912,912,912,911,910,910,909,909,908,907,907
84,84,84,84,84,84,84,84,84,84,84
375,377,378,379,380,381,382,383,384,385,385
1023,1023,1023,1023,1023,1023,1023,1023,1023,1023,1023
332,332,331,330,329,328,327,327,326,325,324
111,111,111,111,111,111,111,111,111,111,111
939,940,941,941,942,942,943,943,944,944,945
648,648,648,648,648,648,648,648,648,648,648
0,1,1,1,1,1,1,1,1,1,2
691,691,691,691,691,691,691,691,691,691,691
912,913,912,911,911,910,910,909,908,908,907
85,85,85,85,85,85,85,85,85,85,85
375,377,377,378,379,380,381,382,383,384,385
1023,1023,1023,1023,1023,1023,1023,1023,1023,1023,1023
332,332,332,331,330,329,328,327,326,325,324
111,111,111,111,111,111,111,111,111,111,111
938,940,940,941,941,942,942,943,943,944,945
649,649,649,649,649,649,649,649,649,649,649
0,1,1,1,1,1,1,1,1,1,1
690,690,690,690,690,690,690,690,690,690,690
913,913,912,912,911,911,910,909,909,908,907
85,85,85,85,85,85,85,85,85,85,85
374,376,377,378,379,380,381,382,382,383,384
1023,1023,1023,1023,1023,1023,1023,1023,1023,1023,1023
333,333,332,331,330,329,329,328,327,326,325
110,110,110,110,110,110,110,110,110,110,110
938,939,940,941,941,942,942,943,943,944,944
649,649,649,649,649,649,649,649,649,649,649
0,1,1,1,1,1,1,1,1,1,1
690,690,690,690,690,690,690,690,690,690,690
913,913,913,912,911,911,910,910,909,908,908
85,85,85,85,85,85,85,85,85,85,85
373,375,376,377,378,379,380,381,382,383,384
1023,1023,1023,1023,1023,1023,1023,1023,1023,1023,1023
333,334,333,332,331,330,329,328,327,326,325
110,110,110,110,110,110,110,110,110,110,110
938,939,940,940,941,941,942,942,943,943,944
650,650,650,650,650,650,650,650,650,650,650
0,1,1,1,1,1,1,1,1,1,1
689,689,689,689,689,689,689,689,689,689,689
913,914,913,912,912,911,911,910,909,909,908
86,86,86,86,86,86,86,86,86,86,86
373,375,376,377,378,379,379,380,381,382,383
1023,1023,1023,1023,1023,1023,1023,1023,1023,1023,1023
334,334,333,332,331,331,330,329,328,327,326
110,110,110,110,110,110,110,110,110,110,110
937,939,939,940,940,941,941,942,943,943,944
650,650,650,650,650,650,650,650,650,650,650
0,1,1,1,1,1,1,1,1,1,1
689,689,689,689,689,689,689,689,689,689,689
914,914,913,913,912,912,911,910,910,909,909
86,86,86,86,86,86,86,86,86,86,86
372,374,375,376,377,378,379,380,381,382,383
1023,1023,1023,1023,1023,1023,1023,1023,1023,1023,1023
335,335,334,333,332,331,330,329,328,327,327
109,109,109,109,109,109,109,109,109,109,109
937,939,939,940,940,941,941,942,942,943,943
651,651,651,651,651,651,651,651,651,651,651
0,1,1,1,1,1,1,1,1,1,1
688,688,688,688,688,688,688,688,688,688,688
914,914,914,913,913,912,911,911,910,910,909
86,86,86,86,86,86,86,86,86,86,86
372,374,375,376,376,377,378,379,380,381,382
1023,1023,1023,1023,1023,1023,1023,1023,1023,1023,1023
335,335,334,333,333,332,331,330,329,328,327
109,109,109,109,109,109,109,109,109,109,109
937,938,939,939,940,940,941,941,942,942,943
652,652,652,652,652,652,652,652,652,652,652
0,1,1,1,1,1,1,1,1,1,1
688,688,688,688,688,688,688,688,688,688,688
914,915,914,914,913,912,912,911,911,910,909
87,87,87,87,87,87,87,87,87,87,87
371,373,374,375,376,377,378,379,380,381,382
1023,1023,1023,1023,1023,1023,1023,1023,1023,1023,1023
336,336,335,334,333,332,331,330,329,329,328
108,108,108,108,108,108,108,108,108,108,108
936,938,938,939,939,940,941,941,942,942,943
652,652,652,652,652,652,652,652,652,652,652
0,1,1,1,1,1,1,1,1,1,1
687,687,687,687,687,687,687,687,687,687,687
915,915,915,914,913,913,912,912,911,910,910
87,87,87,87,87,87,87,87,87,87,87
371,373,373,374,375,376,377,378,379,380,381
1023,1023,1023,1023,1023,1023,1023,1023,1023,1023,1023
336,336,335,335,334,333,332,331,330,329,328
108,108,108,108,108,108,108,108,108,108,108
936,938,938,939,939,940,940,941,941,942,942
653,653,653,653,653,653,653,653,653,653,653
0,1,1,1,1,1,1,1,1,1,1
686,686,686,686,686,686,686,686,686,686,686
915,915,915,914,914,913,912,912,911,911,910
87,87,87,87,87,87,87,87,87,87,87
370,372,373,374,375,376,377,378,379,379,380
1023,1023,1023,1023,1023,1023,1023,1023,1023,1023,1023
337,337,336,335,334,333,332,331,331,330,329
108,108,108,108,108,108,108,108,108,108,108
936,937,938,938,939,939,940,940,941,941,942
653,653,653,653,653,653,653,653,653,653,653
0,1,1,1,1,1,1,1,1,1,1
686,686,686,686,686,686,686,686,686,686,686
915,916,915,915,914,913,913,912,912,911,910
88,88,88,88,88,88,88,88,88,88,88
370,371,372,373,374,375,376,377,378,379,380
1023,1023,1023,1023,1023,1023,1023,1023,1023,1023,1023
337,337,337,336,335,334,333,332,331,330,329
107,107,107,107,107,107,107,107,107,107,107
935,937,937,938,938,939,940,940,941,941,942
654,654,654,654,654,654,654,654,654,654,654
0,1,1,1,1,1,1,1,1,1,1
685,685,685,685,685,685,685,685,685,685,685
916,916,916,915,914,914,913,913,912,911,911
88,88,88,88,88,88,88,88,88,88,88
369,371,372,373,374,375,376,376,377,378,379
1023,1023,1023,1023,1023,1023,1023,1023,1023,1023,1023
338,338,337,336,335,334,333,333,332,331,330
107,107,107,107,107,107,107,107,107,107,107
935,937,937,938,938,939,939,940,940,941,941
654,654,654,654,654,654,654,654,654,654,654
0,1,1,1,1,1,1,1,1,1,1
685,685,685,685,685,685,685,685,685,685,685
916,917,916,915,915,914,914,913,912,912,911
88,88,88,88,88,88,88,88,88,88,88
368,370,371,372,373,374,375,376,377,378,379
1023,1023,1023,1023,1023,1023,1023,1023,1023,1023,1023
338,339,338,337,336,335,334,333,332,331,330
107,107,107,107,107,107,107,107,107,107,107
935,936,937,937,938,938,939,939,940,940,941
655,655,655,655,655,655,655,655,655,655,655
0,1,1,1,1,1,1,1,1,1,1
684,684,684,684,684,684,684,684,684,684,684
917,917,916,916,915,915,914,913,913,912,912
89,89,89,89,89,89,89,89,89,89,89
368,370,371,372,373,373,374,375,376,377,378
1023,1023,1023,1023,1023,1023,1023,1023,1023,1023,1023
339,339,338,337,336,335,335,334,333,332,331
106,106,106,106,106,106,106,106,106,106,106
934,936,936,937,937,938,939,939,940,940,941
655,655,655,655,655,655,655,655,655,655,655
0,1,1,1,1,1,1,1,1,1,1
684,684,684,684,684,684,684,684,684,684,684
917,917,917,916,916,915,914,914,913,913,912
89,89,89,89,89,89,89,89,89,89,89
367,369,370,371,372,373,374,375,376,377,378
1023,1023,1023,1023,1023,1023,1023,1023,1023,1023,1023
340,340,339,338,337,336,335,334,333,332,332
106,106,106,106,106,106,106,106,106,106,106
934,936,936,937,937,938,938,939,939,940,940
656,656,656,656,656,656,656,656,656,656,656
0,1,1,1,1,1,1,1,1,1,1
683,683,683,683,683,683,683,683,683,683,683
917,918,917,916,916,915,915,914,913,913,912
89,89,89,89,89,89,89,89,89,89,89
367,369,370,370,371,372,373,374,375,376,377
1023,1023,1023,1023,1023,1023,1023,1023,1023,1023,1023
340,340,339,338,337,337,336,335,334,333,332
106,106,106,106,106,106,106,106,106,106,106
934,935,936,936,937,937,938,938,939,940,940
657,657,657,657,657,657,657,657,657,657,657
0,1,1,1,1,1,1,1,1,1,1
683,683,683,683,683,683,683,683,683,683,683
918,918,917,917,916,916,915,914,914,913,913
89,89,89,89,89,89,89,89,89,89,89
366,368,369,370,371,372,373,374,375,375,376
1023,1023,1023,1023,1023,1023,1023,1023,1023,1023,1023
341,341,340,339,338,337,336,335,334,334,333
105,105,105,105,105,105,105,105,105,105,105
933,935,935,936,937,937,938,938,939,939,940
657,657,657,657,657,657,657,657,657,657,657
0,1,1,1,1,1,1,1,1,1,1
682,682,682,682,682,682,682,682,682,682,682
918,918,918,917,917,916,915,915,914,914,913
90,90,90,90,90,90,90,90,90,90,90
366,367,368,369,370,371,372,373,374,375,376
1023,1023,1023,1023,1023,1023,1023,1023,1023,1023,1023
341,341,340,340,339,338,337,336,335,334,333
105,105,105,105,105,105,105,105,105,105,105
933,935,935,936,936,937,937,938,938,939,939
658,658,658,658,658,658,658,658,658,658,658
0,1,1,1,1,1,1,1,1,1,1
681,681,681,681,681,681,681,681,681,681,681
918,919,918,918,917,916,916,915,915,914,913
90,90,90,90,90,90,90,90,90,90,90
365,367,368,369,370,371,372,372,373,374,375
1023,1023,1023,1023,1023,1023,1023,1023,1023,1023,1023
342,342,341,340,339,338,337,336,336,335,334
104,104,104,104,104,104,104,104,104,104,104
933,934,935,935,936,936,937,937,938,939,939
658,658,658,658,658,658,658,658,658,658,658
0,1,1,1,1,1,1,1,1,1,1
681,681,681,681,681,681,681,681,681,681,681
919,919,919,918,917,917,916,916,915,914,914
91,91,91,91,91,91,91,91,91,91,91
364,366,367,368,369,370,371,372,373,374,375
1023,1023,1023,1023,1023,1023,1023,1023,1023,1023,1023
342,342,342,341,340,339,338,337,336,335,334
104,104,104,104,104,104,104,104,104,104,104
932,934,934,935,936,936,937,937,938,938,939
659,659,659,659,659,659,659,659,659,659,659
0,1,1,1,1,1,1,1,1,1,1
680,680,680,680,680,680,680,680,680,680,680
919,919,919,918,918,917,917,916,915,915,914
91,91,91,91,91,91,91,91,91,91,91
364,366,367,368,369,369,370,371,372,373,374
1023,1023,1023,1023,1023,1023,1023,1023,1023,1023,1023
343,343,342,341,340,339,338,338,337,336,335
104,104,104,104,104,104,104,104,104,104,104
932,934,934,935,935,936,936,937,937,938,938
659,659,659,659,659,659,659,659,659,659,659
0,1,1,1,1,1,1,1,1,1,1
680,680,680,680,680,680,680,680,680,680,680
919,920,919,919,918,917,917,916,916,915,914
91,91,91,91,91,91,91,91,91,91,91
363,365,366,367,368,369,370,371,372,373,374
1023,1023,1023,1023,1023,1023,1023,1023,1023,1023,1023
343,344,343,342,341,340,339,338,337,336,335
103,103,103,103,103,103,103,103,103,103,103
932,933,934,934,935,935,936,936,937,938,938
660,660,660,660,660,660,660,660,660,660,660
0,1,1,1,1,1,1,1,1,1,1
679,679,679,679,679,679,679,679,679,679,679
920,920,920,919,918,918,917,917,916,915,915
92,92,92,92,92,92,92,92,92,92,92
363,365,366,366,367,368,369,370,371,372,373
1023,1023,1023,1023,1023,1023,1023,1023,1023,1023,1023
344,344,343,342,341,340,340,339,338,337,336
103,103,103,103,103,103,103,103,103,103,103
931,933,933,934,935,935,936,936,937,937,938
661,661,661,661,661,661,661,661,661,661,661
0,1,1,1,1,1,1,1,1,1,1
679,679,679,679,679,679,679,679,679,679,679
920,921,920,919,919,918,918,917,916,916,915
92,92,92,92,92,92,92,92,92,92,92
362,364,365,366,367,368,369,370,371,371,372
1023,1023,1023,1023,1023,1023,1023,1023,1023,1023,1023
345,345,344,343,342,341,340,339,338,337,336
103,103,103,103,103,103,103,103,103,103,103
931,933,933,934,934,935,935,936,936,937,937
661,661,661,661,661,661,661,661,661,661,661
0,1,1,1,1,1,1,1,1,1,1
678,678,678,678,678,678,678,678,678,678,678
920,921,920,920,919,919,918,917,917,916,916
92,92,92,92,92,92,92,92,92,92,92
362,364,364,365,366,367,368,369,370,371,372
1023,1023,1023,1023,1023,1023,1023,1023,1023,1023,1023
345,345,344,343,342,342,341,340,339,338,337
102,102,102,102,102,102,102,102,102,102,102
931,932,933,933,934,934,935,935,936,937,937
662,662,662,662,662,662,662,662,662,662,662
0,1,1,1,1,1,1,1,1,1,1
678,678,678,678,678,678,678,678,678,678,678
921,921,921,920,919,919,918,918,917,917,916
93,93,93,93,93,93,93,93,93,93,93
361,363,364,365,366,367,368,369,369,370,371
1023,1023,1023,1023,1023,1023,1023,1023,1023,1023,1023
346,346,345,344,343,342,341,340,339,338,338
102,102,102,102,102,102,102,102,102,102,102
930,932,932,933,934,934,935,935,936,936,937
662,662,662,662,662,662,662,662,662,662,662
0,1,1,1,1,1,1,1,1,1,1
677,677,677,677,677,677,677,677,677,677,677
921,922,921,920,920,919,919,918,917,917,916
93,93,93,93,93,93,93,93,93,93,93
360,362,363,364,365,366,367,368,369,370,371
1023,1023,1023,1023,1023,1023,1023,1023,1023,1023,1023
346,346,345,345,344,343,342,341,340,339,338
102,102,102,102,102,102,102,102,102,102,102
930,932,932,933,933,934,934,935,935,936,936
663,663,663,663,663,663,663,663,663,663,663
0,1,1,1,1,1,1,1,1,1,1
676,676,676,676,676,676,676,676,676,676,676
922,922,921,921,920,920,919,918,918,917,917
93,93,93,93,93,93,93,93,93,93,93
360,362,363,364,365,366,366,367,368,369,370
1023,1023,1023,1023,1023,1023,1023,1023,1023,1023,1023
347,347,346,345,344,343,342,341,341,340,339
101,101,101,101,101,101,101,101,101,101,101
930,931,932,932,933,933,934,934,935,936,936
663,663,663,663,663,663,663,663,663,663,663
0,1,1,1,1,1,1,1,1,1,1
676,676,676,676,676,676,676,676,676,676,676
922,922,922,921,921,920,919,919,918,918,917
94,94,94,94,94,94,94,94,94,94,94
359,361,362,363,364,365,366,367,368,369,370
1023,1023,1023,1023,1023,1023,1023,1023,1023,1023,1023
347,347,347,346,345,344,343,342,341,340,339
101,101,101,101,101,101,101,101,101,101,101
929,931,931,932,933,933,934,934,935,935,936
664,664,664,664,664,664,664,664,664,664,664
0,1,1,1,1,1,1,1,1,1,1
675,675,675,675,675,675,675,675,675,675,675
922,923,922,921,921,920,920,919,919,918,917
94,94,94,94,94,94,94,94,94,94,94
359,361,362,363,363,364,365,366,367,368,369
1023,1023,1023,1023,1023,1023,1023,1023,1023,1023,1023
348,348,347,346,345,344,343,343,342,341,340
101,101,101,101,101,101,101,101,101,101,101
929,931,931,932,932,933,933,934,934,935,935
664,664,664,664,664,664,664,664,664,664,664
0,1,1,1,1,1,1,1,1,1,1
675,675,675,675,675,675,675,675,675,675,675
923,923,922,922,921,921,920,920,919,918,918
94,94,94,94,94,94,94,94,94,94,94
358,360,361,362,363,364,365,366,367,368,368
1023,1023,1023,1023,1023,1023,1023,1023,1023,1023,1023
348,349,348,347,346,345,344,343,342,341,340
100,100,100,100,100,100,100,100,100,100,100
929,930,931,931,932,932,933,933,934,935,935
665,665,665,665,665,665,665,665,665,665,665
0,1,1,1,1,1,1,1,1,1,1
674,674,674,674,674,674,674,674,674,674,674
923,923,923,922,922,921,920,920,919,919,918
95,95,95,95,95,95,95,95,95,95,95
358,360,361,361,362,363,364,365,366,367,368
1023,1023,1023,1023,1023,1023,1023,1023,1023,1023,1023
349,349,348,347,346,345,345,344,343,342,341
100,100,100,100,100,100,100,100,100,100,100
928,930,930,931,931,932,933,933,934,934,935
666,666,666,666,666,666,666,666,666,666,666
0,1,1,1,1,1,1,1,1,1,1
674,674,674,674,674,674,674,674,674,674,674
923,924,923,923,922,921,921,920,920,919,918
95,95,95,95,95,95,95,95,95,95,95
357,359,360,361,362,363,364,365,365,366,367
1023,1023,1023,1023,1023,1023,1023,1023,1023,1023,1023
350,350,349,348,347,346,345,344,343,342,341
100,100,100,100,100,100,100,100,100,100,100
928,929,930,931,931,932,932,933,933,934,934
666,666,666,666,666,666,666,666,666,666,666
0,1,1,1,1,1,1,1,1,1,1
673,673,673,673,673,673,673,673,673,673,673
924,924,923,923,922,922,921,921,920,919,919
95,95,95,95,95,95,95,95,95,95,95
357,358,359,360,361,362,363,364,365,366,367
1023,1023,1023,1023,1023,1023,1023,1023,1023,1023,1023
350,350,349,348,347,347,346,345,344,343,342
99,99,99,99,99,99,99,99,99,99,99
928,929,930,930,931,931,932,932,933,934,934
667,667,667,667,667,667,667,667,667,667,667
0,1,1,1,1,1,1,1,1,1,1
673,673,673,673,673,673,673,673,673,673,673
924,924,924,923,923,922,922,921,920,920,919
96,96,96,96,96,96,96,96,96,96,96
356,358,359,360,361,362,363,363,364,365,366
1023,1023,1023,1023,1023,1023,1023,1023,1023,1023,1023
351,351,350,349,348,347,346,345,344,343,343
99,99,99,99,99,99,99,99,99,99,99
927,929,929,930,930,931,932,932,933,933,934
667,667,667,667,667,667,667,667,667,667,667
0,1,1,1,1,1,1,1,1,1,1
672,672,672,672,672,672,672,672,672,672,672
924,925,924,924,923,922,922,921,921,920,920
96,96,96,96,96,96,96,96,96,96,96
355,357,358,359,360,361,362,363,364,365,366
1023,1023,1023,1023,1023,1023,1023,1023,1023,1023,1023
351,351,350,350,349,348,347,346,345,344,343
98,98,98,98,98,98,98,98,98,98,98
927,928,929,930,930,931,931,932,932,933,933
668,668,668,668,668,668,668,668,668,668,668
0,1,1,1,1,1,1,1,1,1,1
671,671,671,671,671,671,671,671,671,671,671
925,925,925,924,923,923,922,922,921,920,920
96,96,96,96,96,96,96,96,96,96,96
355,357,358,359,360,360,361,362,363,364,365
1023,1023,1023,1023,1023,1023,1023,1023,1023,1023,1023
352,352,351,350,349,348,347,346,346,345,344
98,98,98,98,98,98,98,98,98,98,98
927,928,929,929,930,930,931,931,932,933,933
668,668,668,668,668,668,668,668,668,668,668
0,1,1,1,1,1,1,1,1,1,1
671,671,671,671,671,671,671,671,671,671,671
925,925,925,924,924,923,923,922,921,921,920
97,97,97,97,97,97,97,97,97,97,97
354,356,357,358,359,360,361,362,363,364,365
1023,1023,1023,1023,1023,1023,1023,1023,1023,1023,1023
352,352,352,351,350,349,348,347,346,345,344
98,98,98,98,98,98,98,98,98,98,98
926,928,928,929,929,930,931,931,932,932,933
669,669,669,669,669,669,669,669,669,669,669
0,1,1,1,1,1,1,1,1,1,1
670,670,670,670,670,670,670,670,670,670,670
925,926,925,925,924,924,923,922,922,921,921
97,97,97,97,97,97,97,97,97,97,97
354,356,357,357,358,359,360,361,362,363,364
1023,1023,1023,1023,1023,1023,1023,1023,1023,1023,1023
353,353,352,351,350,349,348,348,347,346,345
97,97,97,97,97,97,97,97,97,97,97
926,927,928,929,929,930,930,931,931,932,932
670,670,670,670,670,670,670,670,670,670,670
0,1,1,1,1,1,1,1,1,1,1
670,670,670,670,670,670,670,670,670,670,670
926,926,926,925,924,924,923,923,922,922,921
97,97,97,97,97,97,97,97,97,97,97
353,355,356,357,358,359,360,361,362,362,363
1023,1023,1023,1023,1023,1023,1023,1023,1023,1023,1023
354,354,353,352,351,350,349,348,347,346,345
97,97,97,97,97,97,97,97,97,97,97
926,927,928,928,929,929,930,930,931,932,932
670,670,670,670,670,670,670,670,670,670,670
0,1,1,1,1,1,1,1,1,1,1
669,669,669,669,669,669,669,669,669,669,669
926,926,926,925,925,924,924,923,922,922,921
98,98,98,98,98,98,98,98,98,98,98
353,355,355,356,357,358,359,360,361,362,363
1023,1023,1023,1023,1023,1023,1023,1023,1023,1023,1023
354,354,353,352,351,350,350,349,348,347,346
97,97,97,97,97,97,97,97,97,97,97
925,927,927,928,928,929,930,930,931,931,932
671,671,671,671,671,671,671,671,671,671,671
0,1,1,1,1,1,1,1,1,1,1
669,669,669,669,669,669,669,669,669,669,669
926,927,926,926,925,925,924,923,923,922,922
98,98,98,98,98,98,98,98,98,98,98
352,354,355,356,357,358,359,359,360,361,362
1023,1023,1023,1023,1023,1023,1023,1023,1023,1023,1023
355,355,354,353,352,351,350,349,348,347,346
96,96,96,96,96,96,96,96,96,96,96
925,926,927,928,928,929,929,930,930,931,931
671,671,671,671,671,671,671,671,671,671,671
0,1,1,1,1,1,1,1,1,1,1
668,668,668,668,668,668,668,668,668,668,668
927,927,927,926,925,925,924,924,923,923,922
98,98,98,98,98,98,98,98,98,98,98
351,353,354,355,356,357,358,359,360,361,362
1023,1023,1023,1023,1023,1023,1023,1023,1023,1023,1023
355,355,354,353,353,352,351,350,349,348,347
96,96,96,96,96,96,96,96,96,96,96
924,926,927,927,928,928,929,929,930,931,931
672,672,672,672,672,672,672,672,672,672,672
0,1,1,1,1,1,1,1,1,1,1
668,668,668,668,668,668,668,668,668,668,668
927,928,927,926,926,925,925,924,924,923,922
99,99,99,99,99,99,99,99,99,99,99
351,353,354,355,356,357,357,358,359,360,361
1023,1023,1023,1023,1023,1023,1023,1023,1023,1023,1023
356,356,355,354,353,352,351,350,349,348,348
96,96,96,96,96,96,96,96,96,96,96
924,926,926,927,927,928,929,929,930,930,931
672,672,672,672,672,672,672,672,672,672,672
0,1,1,1,1,1,1,1,1,1,1
667,667,667,667,667,667,667,667,667,667,667
927,928,927,927,926,926,925,924,924,923,923
99,99,99,99,99,99,99,99,99,99,99
350,352,353,354,355,356,357,358,359,360,361
1023,1023,1023,1023,1023,1023,1023,1023,1023,1023,1023
356,356,355,355,354,353,352,351,350,349,348
95,95,95,95,95,95,95,95,95,95,95
924,925,926,926,927,928,928,929,929,930,930
673,673,673,673,673,673,673,673,673,673,673
0,1,1,1,1,1,1,1,1,1,1
666,666,666,666,666,666,666,666,666,666,666
928,928,928,927,927,926,925,925,924,924,923
99,99,99,99,99,99,99,99,99,99,99
350,352,353,354,354,355,356,357,358,359,360
1023,1023,1023,1023,1023,1023,1023,1023,1023,1023,1023
357,357,356,355,354,353,352,351,351,350,349
95,95,95,95,95,95,95,95,95,95,95
923,925,926,926,927,927,928,928,929,930,930
673,673,673,673,673,673,673,673,673,673,673
0,1,1,1,1,1,1,1,1,1,1
666,666,666,666,666,666,666,666,666,666,666
928,929,928,927,927,926,926,925,925,924,923
100,100,100,100,100,100,100,100,100,100,100
349,351,352,353,354,355,356,357,358,359,359
1023,1023,1023,1023,1023,1023,1023,1023,1023,1023,1023
357,358,357,356,355,354,353,352,351,350,349
95,95,95,95,95,95,95,95,95,95,95
923,925,925,926,926,927,927,928,929,929,930
674,674,674,674,674,674,674,674,674,674,674
0,1,1,1,1,1,1,1,1,1,1
665,665,665,665,665,665,665,665,665,665,665
928,929,928,928,927,927,926,926,925,924,924
100,100,100,100,100,100,100,100,100,100,100
349,351,352,352,353,354,355,356,357,358,359
1023,1023,1023,1023,1023,1023,1023,1023,1023,1023,1023
358,358,357,356,355,354,353,353,352,351,350
94,94,94,94,94,94,94,94,94,94,94
923,924,925,925,926,927,927,928,928,929,929
675,675,675,675,675,675,675,675,675,675,675
0,1,1,1,1,1,1,1,1,1,1
665,665,665,665,665,665,665,665,665,665,665
929,929,929,928,928,927,926,926,925,925,924
100,100,100,100,100,100,100,100,100,100,100
348,350,351,352,353,354,355,356,356,357,358
1023,1023,1023,1023,1023,1023,1023,1023,1023,1023,1023
359,359,358,357,356,355,354,353,352,351,350
94,94,94,94,94,94,94,94,94,94,94
922,924,925,925,926,926,927,927,928,928,929
675,675,675,675,675,675,675,675,675,675,675
0,1,1,1,1,1,1,1,1,1,1
664,664,664,664,664,664,664,664,664,664,664
929,930,929,928,928,927,927,926,926,925,924
101,101,101,101,101,101,101,101,101,101,101
348,349,350,351,352,353,354,355,356,357,358
1023,1023,1023,1023,1023,1023,1023,1023,1023,1023,1023
359,359,358,357,356,356,355,354,353,352,351
94,94,94,94,94,94,94,94,94,94,94
922,924,924,925,925,926,926,927,928,928,929
676,676,676,676,676,676,676,676,676,676,676
0,1,1,1,1,1,1,1,1,1,1
664,664,664,664,664,664,664,664,664,664,664
929,930,929,929,928,928,927,927,926,925,925
101,101,101,101,101,101,101,101,101,101,101
347,349,350,351,352,353,354,354,355,356,357
1023,1023,1023,1023,1023,1023,1023,1023,1023,1023,1023
360,360,359,358,357,356,355,354,353,352,351
93,93,93,93,93,93,93,93,93,93,93
922,923,924,924,925,926,926,927,927,928,928
676,676,676,676,676,676,676,676,676,676,676
0,1,1,1,1,1,1,1,1,1,1
663,663,663,663,663,663,663,663,663,663,663
930,930,930,929,929,928,927,927,926,926,925
102,102,102,102,102,102,102,102,102,102,102
346,348,349,350,351,352,353,354,355,356,357
1023,1023,1023,1023,1023,1023,1023,1023,1023,1023,1023
360,360,359,358,358,357,356,355,354,353,352
93,93,93,93,93,93,93,93,93,93,93
921,923,923,924,925,925,926,926,927,927,928
677,677,677,677,677,677,677,677,677,677,677
0,1,1,1,1,1,1,1,1,1,1
662,662,662,662,662,662,662,662,662,662,662
930,931,930,929,929,928,928,927,927,926,926
102,102,102,102,102,102,102,102,102,102,102
346,348,349,350,351,351,352,353,354,355,356
1023,1023,1023,1023,1023,1023,1023,1023,1023,1023,1023
361,361,360,359,358,357,356,355,354,354,353
93,93,93,93,93,93,93,93,93,93,93
921,923,923,924,924,925,925,926,927,927,928
677,677,677,677,677,677,677,677,677,677,677
0,1,1,1,1,1,1,1,1,1,1
662,662,662,662,662,662,662,662,662,662,662
931,931,930,930,929,929,928,928,927,926,926
102,102,102,102,102,102,102,102,102,102,102
345,347,348,349,350,351,352,353,354,355,356
1023,1023,1023,1023,1023,1023,1023,1023,1023,1023,1023
361,361,361,360,359,358,357,356,355,354,353
92,92,92,92,92,92,92,92,92,92,92
921,922,923,923,924,924,925,926,926,927,927
678,678,678,678,678,678,678,678,678,678,678
0,1,1,1,1,1,1,1,1,1,1
661,661,661,661,661,661,661,661,661,661,661
931,931,931,930,930,929,928,928,927,927,926
103,103,103,103,103,103,103,103,103,103,103
345,347,348,349,349,350,351,352,353,354,355
1023,1023,1023,1023,1023,1023,1023,1023,1023,1023,1023
362,362,361,360,359,358,357,356,356,355,354
92,92,92,92,92,92,92,92,92,92,92
920,922,922,923,924,924,925,925,926,926,927
678,678,678,678,678,678,678,678,678,678,678
0,1,1,1,1,1,1,1,1,1,1
661,661,661,661,661,661,661,661,661,661,661
931,932,931,931,930,929,929,928,928,927,927
103,103,103,103,103,103,103,103,103,103,103
344,346,347,348,349,350,351,352,353,353,354
1023,1023,1023,1023,1023,1023,1023,1023,1023,1023,1023
362,363,362,361,360,359,358,357,356,355,354
92,92,92,92,92,92,92,92,92,92,92
920,921,922,923,923,924,924,925,926,926,927
679,679,679,679,679,679,679,679,679,679,679
0,1,1,1,1,1,1,1,1,1,1
660,660,660,660,660,660,660,660,660,660,660
932,932,931,931,930,930,929,929,928,927,927
103,103,103,103,103,103,103,103,103,103,103
344,346,347,347,348,349,350,351,352,353,354
1023,1023,1023,1023,1023,1023,1023,1023,1023,1023,1023
363,363,362,361,360,359,359,358,357,356,355
91,91,91,91,91,91,91,91,91,91,91
920,921,922,922,923,923,924,925,925,926,926
680,680,680,680,680,680,680,680,680,680,680
0,1,1,1,1,1,1,1,1,1,1
660,660,660,660,660,660,660,660,660,660,660
932,932,932,931,931,930,930,929,928,928,927
104,104,104,104,104,104,104,104,104,104,104
343,345,346,347,348,349,350,351,351,352,353
1023,1023,1023,1023,1023,1023,1023,1023,1023,1023,1023
364,364,363,362,361,360,359,358,357,356,355
91,91,91,91,91,91,91,91,91,91,91
919,921,921,922,923,923,924,924,925,925,926
680,680,680,680,680,680,680,680,680,680,680
0,1,1,1,1,1,1,1,1,1,1
659,659,659,659,659,659,659,659,659,659,659
932,933,932,932,931,930,930,929,929,928,928
104,104,104,104,104,104,104,104,104,104,104
343,344,345,346,347,348,349,350,351,352,353
1023,1023,1023,1023,1023,1023,1023,1023,1023,1023,1023
364,364,363,362,361,361,360,359,358,357,356
91,91,91,91,91,91,91,91,91,91,91
919,920,921,922,922,923,923,924,924,925,926
681,681,681,681,681,681,681,681,681,681,681
0,1,1,1,1,1,1,1,1,1,1
659,659,659,659,659,659,659,659,659,659,659
933,933,932,932,931,931,930,930,929,929,928
104,104,104,104,104,104,104,104,104,104,104
342,344,345,346,347,348,348,349,350,351,352
1023,1023,1023,1023,1023,1023,1023,1023,1023,1023,1023
365,365,364,363,362,361,360,359,358,357,357
90,90,90,90,90,90,90,90,90,90,90
918,920,921,921,922,922,923,924,924,925,925
681,681,681,681,681,681,681,681,681,681,681
0,1,1,1,1,1,1,1,1,1,1
658,658,658,658,658,658,658,658,658,658,658
933,933,933,932,932,931,931,930,929,929,928
105,105,105,105,105,105,105,105,105,105,105
341,343,344,345,346,347,348,349,350,351,352
1023,1023,1023,1023,1023,1023,1023,1023,1023,1023,1023
365,365,364,364,363,362,361,360,359,358,357
90,90,90,90,90,90,90,90,90,90,90
918,920,920,921,921,922,923,923,924,924,925
682,682,682,682,682,682,682,682,682,682,682
0,1,1,1,1,1,1,1,1,1,1
657,657,657,657,657,657,657,657,657,657,657
933,934,933,933,932,931,931,930,930,929,929
105,105,105,105,105,105,105,105,105,105,105
341,343,344,345,346,346,347,348,349,350,351
1023,1023,1023,1023,1023,1023,1023,1023,1023,1023,1023
366,366,365,364,363,362,361,360,359,359,358
90,90,90,90,90,90,90,90,90,90,90
918,919,920,921,921,922,922,923,923,924,925
682,682,682,682,682,682,682,682,682,682,682
0,1,1,1,1,1,1,1,1,1,1
657,657,657,657,657,657,657,657,657,657,657
934,934,933,933,932,932,931,931,930,930,929
105,105,105,105,105,105,105,105,105,105,105
340,342,343,344,345,346,347,348,349,350,350
1023,1023,1023,1023,1023,1023,1023,1023,1023,1023,1023
366,367,366,365,364,363,362,361,360,359,358
89,89,89,89,89,89,89,89,89,89,89
917,919,920,920,921,921,922,922,923,924,924
683,683,683,683,683,683,683,683,683,683,683
0,1,1,1,1,1,1,1,1,1,1
656,656,656,656,656,656,656,656,656,656,656
934,934,934,933,933,932,932,931,930,930,929
106,106,106,106,106,106,106,106,106,106,106
340,342,343,344,344,345,346,347,348,349,350
1023,1023,1023,1023,1023,1023,1023,1023,1023,1023,1023
367,367,366,365,364,363,362,362,361,360,359
89,89,89,89,89,89,89,89,89,89,89
917,919,919,920,920,921,922,922,923,923,924
683,683,683,683,683,683,683,683,683,683,683
0,1,1,1,1,1,1,1,1,1,1
656,656,656,656,656,656,656,656,656,656,656
934,935,934,934,933,932,932,931,931,930,930
106,106,106,106,106,106,106,106,106,106,106
339,341,342,343,344,345,346,347,348,348,349
1023,1023,1023,1023,1023,1023,1023,1023,1023,1023,1023
368,368,367,366,365,364,363,362,361,360,359
89,89,89,89,89,89,89,89,89,89,89
917,918,919,919,920,921,921,922,922,923,924
684,684,684,684,684,684,684,684,684,684,684
0,1,1,1,1,1,1,1,1,1,1
655,655,655,655,655,655,655,655,655,655,655
935,935,934,934,933,933,932,932,931,931,930
107,107,107,107,107,107,107,107,107,107,107
339,341,341,342,343,344,345,346,347,348,349
1023,1023,1023,1023,1023,1023,1023,1023,1023,1023,1023
368,368,367,366,365,365,364,363,362,361,360
88,88,88,88,88,88,88,88,88,88,88
916,918,918,919,920,920,921,921,922,923,923
685,685,685,685,685,685,685,685,685,685,685
0,1,1,1,1,1,1,1,1,1,1
655,655,655,655,655,655,655,655,655,655,655
935,935,935,934,934,933,933,932,931,931,930
107,107,107,107,107,107,107,107,107,107,107
338,340,341,342,343,344,345,345,346,347,348
1023,1023,1023,1023,1023,1023,1023,1023,1023,1023,1023
369,369,368,367,366,365,364,363,362,361,360
88,88,88,88,88,88,88,88,88,88,88
916,918,918,919,919,920,920,921,922,922,923
685,685,685,685,685,685,685,685,685,685,685
0,1,1,1,1,1,1,1,1,1,1
654,654,654,654,654,654,654,654,654,654,654
935,936,935,935,934,933,933,932,932,931,931
107,107,107,107,107,107,107,107,107,107,107
338,339,340,341,342,343,344,345,346,347,348
1023,1023,1023,1023,1023,1023,1023,1023,1023,1023,1023
369,369,368,367,367,366,365,364,363,362,361
88,88,88,88,88,88,88,88,88,88,88
916,917,918,918,919,920,920,921,921,922,922
686,686,686,686,686,686,686,686,686,686,686
0,1,1,1,1,1,1,1,1,1,1
653,653,653,653,653,653,653,653,653,653,653
936,936,935,935,934,934,933,933,932,932,931
108,108,108,108,108,108,108,108,108,108,108
337,339,340,341,342,343,343,344,345,346,347
1023,1023,1023,1023,1023,1023,1023,1023,1023,1023,1023
370,370,369,368,367,366,365,364,363,363,362
87,87,87,87,87,87,87,87,87,87,87
915,917,917,918,919,919,920,920,921,922,922
686,686,686,686,686,686,686,686,686,686,686
0,1,1,1,1,1,1,1,1,1,1
653,653,653,653,653,653,653,653,653,653,653
936,936,936,935,935,934,934,933,932,932,931
108,108,108,108,108,108,108,108,108,108,108
336,338,339,340,341,342,343,344,345,346,347
1023,1023,1023,1023,1023,1023,1023,1023,1023,1023,1023
370,370,370,369,368,367,366,365,364,363,362
87,87,87,87,87,87,87,87,87,87,87
915,916,917,918,918,919,919,920,921,921,922
687,687,687,687,687,687,687,687,687,687,687
0,1,1,1,1,1,1,1,1,1,1
652,652,652,652,652,652,652,652,652,652,652
936,937,936,936,935,934,934,933,933,932,932
108,108,108,108,108,108,108,108,108,108,108
336,338,339,340,341,341,342,343,344,345,346
1023,1023,1023,1023,1023,1023,1023,1023,1023,1023,1023
371,371,370,369,368,367,366,365,365,364,363
87,87,87,87,87,87,87,87,87,87,87
915,916,917,917,918,918,919,920,920,921,921
687,687,687,687,687,687,687,687,687,687,687
0,1,1,1,1,1,1,1,1,1,1
652,652,652,652,652,652,652,652,652,652,652
937,937,936,936,935,935,934,934,933,933,932
109,109,109,109,109,109,109,109,109,109,109
335,337,338,339,340,341,342,343,344,345,345
1023,1023,1023,1023,1023,1023,1023,1023,1023,1023,1023
372,372,371,370,369,368,367,366,365,364,363
86,86,86,86,86,86,86,86,86,86,86
914,916,916,917,918,918,919,919,920,920,921
688,688,688,688,688,688,688,688,688,688,688
0,1,1,1,1,1,1,1,1,1,1
651,651,651,651,651,651,651,651,651,651,651
937,937,937,936,936,935,935,934,933,933,932
109,109,109,109,109,109,109,109,109,109,109
335,337,338,339,339,340,341,342,343,344,345
1023,1023,1023,1023,1023,1023,1023,1023,1023,1023,1023
372,372,371,370,369,368,368,367,366,365,364
86,86,86,86,86,86,86,86,86,86,86
914,915,916,917,917,918,918,919,920,920,921
688,688,688,688,688,688,688,688,688,688,688
0,1,1,1,1,1,1,1,1,1,1
651,651,651,651,651,651,651,651,651,651,651
937,938,937,937,936,935,935,934,934,933,933
109,109,109,109,109,109,109,109,109,109,109
334,336,337,338,339,340,341,342,343,343,344
1023,1023,1023,1023,1023,1023,1023,1023,1023,1023,1023
373,373,372,371,370,369,368,367,366,365,364
86,86,86,86,86,86,86,86,86,86,86
913,915,916,916,917,917,918,919,919,920,920
689,689,689,689,689,689,689,689,689,689,689
0,1,1,1,1,1,1,1,1,1,1
650,650,650,650,650,650,650,650,650,650,650
937,938,937,937,936,936,935,935,934,934,933
110,110,110,110,110,110,110,110,110,110,110
334,336,337,337,338,339,340,341,342,343,344
1023,1023,1023,1023,1023,1023,1023,1023,1023,1023,1023
373,373,372,371,371,370,369,368,367,366,365
85,85,85,85,85,85,85,85,85,85,85
913,915,915,916,916,917,918,918,919,919,920
690,690,690,690,690,690,690,690,690,690,690
0,1,1,1,1,1,1,1,1,1,1
649,649,649,649,649,649,649,649,649,649,649
938,938,938,937,937,936,936,935,934,934,933
110,110,110,110,110,110,110,110,110,110,110
333,335,336,337,338,339,340,340,341,342,343
1023,1023,1023,1023,1023,1023,1023,1023,1023,1023,1023
374,374,373,372,371,370,369,368,367,366,366
85,85,85,85,85,85,85,85,85,85,85
913,914,915,915,916,917,917,918,918,919,920
690,690,690,690,690,690,690,690,690,690,690
0,1,1,1,1,1,1,1,1,1,1
649,649,649,649,649,649,649,649,649,649,649
938,939,938,938,937,936,936,935,935,934,934
111,111,111,111,111,111,111,111,111,111,111
333,334,335,336,337,338,339,340,341,342,343
1023,1023,1023,1023,1023,1023,1023,1023,1023,1023,1023
374,374,374,373,372,371,370,369,368,367,366
85,85,85,85,85,85,85,85,85,85,85
912,914,915,915,916,916,917,917,918,919,919
691,691,691,691,691,691,691,691,691,691,691
0,1,1,1,1,1,1,1,1,1,1
648,648,648,648,648,648,648,648,648,648,648
938,939,938,938,937,937,936,936,935,935,934
111,111,111,111,111,111,111,111,111,111,111
332,334,335,336,337,338,338,339,340,341,342
1023,1023,1023,1023,1023,1023,1023,1023,1023,1023,1023
375,375,374,373,372,371,370,369,369,368,367
84,84,84,84,84,84,84,84,84,84,84
912,914,914,915,915,916,917,917,918,918,919
691,691,691,691,691,691,691,691,691,691,691
0,1,1,1,1,1,1,1,1,1,1
648,648,648,648,648,648,648,648,648,648,648
939,939,939,938,938,937,937,936,935,935,934
111,111,111,111,111,111,111,111,111,111,111
331,333,334,335,336,337,338,339,340,341,342
1023,1023,1023,1023,1023,1023,1023,1023,1023,1023,1023
376,376,375,374,373,372,371,370,369,368,367
84,84,84,84,84,84,84,84,84,84,84
912,913,914,914,915,916,916,917,917,918,919
692,692,692,692,692,692,692,692,692,692,692
0,1,1,1,1,1,1,1,1,1,1
647,647,647,647,647,647,647,647,647,647,647
939,940,939,939,938,937,937,936,936,935,935
112,112,112,112,112,112,112,112,112,112,112
331,333,334,335,336,336,337,338,339,340,341
1023,1023,1023,1023,1023,1023,1023,1023,1023,1023,1023
376,376,375,374,373,372,372,371,370,369,368
84,84,84,84,84,84,84,84,84,84,84
911,913,913,914,915,915,916,916,917,918,918
692,692,692,692,692,692,692,692,692,692,692
0,1,1,1,1,1,1,1,1,1,1
647,647,647,647,647,647,647,647,647,647,647
939,940,939,939,938,938,937,937,936,936,935
112,112,112,112,112,112,112,112,112,112,112
330,332,333,334,335,336,337,338,339,340,340
1023,1023,1023,1023,1023,1023,1023,1023,1023,1023,1023
377,377,376,375,374,373,372,371,370,369,368
83,83,83,83,83,83,83,83,83,83,83
911,912,913,914,914,915,915,916,917,917,918
693,693,693,693,693,693,693,693,693,693,693
0,1,1,1,1,1,1,1,1,1,1
646,646,646,646,646,646,646,646,646,646,646
940,940,940,939,939,938,938,937,936,936,935
112,112,112,112,112,112,112,112,112,112,112
330,332,333,334,334,335,336,337,338,339,340
1023,1023,1023,1023,1023,1023,1023,1023,1023,1023,1023
377,377,376,375,374,374,373,372,371,370,369
83,83,83,83,83,83,83,83,83,83,83
910,912,913,913,914,914,915,916,916,917,917
693,693,693,693,693,693,693,693,693,693,693
0,1,1,1,1,1,1,1,1,1,1
646,646,646,646,646,646,646,646,646,646,646
940,941,940,940,939,938,938,937,937,936,936
113,113,113,113,113,113,113,113,113,113,113
329,331,332,333,334,335,336,337,338,338,339
1023,1023,1023,1023,1023,1023,1023,1023,1023,1023,1023
378,378,377,376,375,374,373,372,371,370,369
83,83,83,83,83,83,83,83,83,83,83
910,912,912,913,914,914,915,915,916,916,917
694,694,694,694,694,694,694,694,694,694,694
0,1,1,1,1,1,1,1,1,1,1
645,645,645,645,645,645,645,645,645,645,645
940,941,940,940,939,939,938,938,937,937,936
113,113,113,113,113,113,113,113,113,113,113
329,331,332,332,333,334,335,336,337,338,339
1023,1023,1023,1023,1023,1023,1023,1023,1023,1023,1023
378,378,377,377,376,375,374,373,372,371,370
82,82,82,82,82,82,82,82,82,82,82
910,911,912,913,913,914,914,915,916,916,917
695,695,695,695,695,695,695,695,695,695,695
0,1,1,1,1,1,1,1,1,1,1
644,644,644,644,644,644,644,644,644,644,644
941,941,941,940,940,939,939,938,937,937,936
113,113,113,113,113,113,113,113,113,113,113
328,330,331,332,333,334,335,336,336,337,338
1023,1023,1023,1023,1023,1023,1023,1023,1023,1023,1023
379,379,378,377,376,375,374,373,372,372,371
82,82,82,82,82,82,82,82,82,82,82
909,911,912,912,913,913,914,915,915,916,916
695,695,695,695,695,695,695,695,695,695,695
0,1,1,1,1,1,1,1,1,1,1
644,644,644,644,644,644,644,644,644,644,644
941,942,941,940,940,939,939,938,938,937,937
114,114,114,114,114,114,114,114,114,114,114
328,330,330,331,332,333,334,335,336,337,338
1023,1023,1023,1023,1023,1023,1023,1023,1023,1023,1023
379,380,379,378,377,376,375,374,373,372,371
82,82,82,82,82,82,82,82,82,82,82
909,911,911,912,912,913,914,914,915,915,916
696,696,696,696,696,696,696,696,696,696,696
0,1,1,1,1,1,1,1,1,1,1
643,643,643,643,643,643,643,643,643,643,643
941,942,941,941,940,940,939,939,938,938,937
114,114,114,114,114,114,114,114,114,114,114
327,329,330,331,332,333,334,334,335,336,337
1023,1023,1023,1023,1023,1023,1023,1023,1023,1023,1023
380,380,379,378,377,376,375,375,374,373,372
81,81,81,81,81,81,81,81,81,81,81
909,910,911,911,912,913,913,914,914,915,916
696,696,696,696,696,696,696,696,696,696,696
0,1,1,1,1,1,1,1,1,1,1
643,643,643,643,643,643,643,643,643,643,643
942,942,942,941,941,940,940,939,938,938,937
115,115,115,115,115,115,115,115,115,115,115
327,328,329,330,331,332,333,334,335,336,337
1023,1023,1023,1023,1023,1023,1023,1023,1023,1023,1023
381,381,380,379,378,377,376,375,374,373,372
81,81,81,81,81,81,81,81,81,81,81
908,910,910,911,912,912,913,913,914,915,915
697,697,697,697,697,697,697,697,697,697,697
0,1,1,1,1,1,1,1,1,1,1
642,642,642,642,642,642,642,642,642,642,642
942,942,942,941,941,940,940,939,939,938,938
115,115,115,115,115,115,115,115,115,115,115
326,328,329,330,331,331,332,333,334,335,336
1023,1023,1023,1023,1023,1023,1023,1023,1023,1023,1023
381,381,380,379,378,378,377,376,375,374,373
81,81,81,81,81,81,81,81,81,81,81
908,909,910,911,911,912,913,913,914,914,915
697,697,697,697,697,697,697,697,697,697,697
0,1,1,1,1,1,1,1,1,1,1
642,642,642,642,642,642,642,642,642,642,642
942,943,942,942,941,941,940,940,939,939,938
115,115,115,115,115,115,115,115,115,115,115
325,327,328,329,330,331,332,333,334,335,335
1023,1023,1023,1023,1023,1023,1023,1023,1023,1023,1023
382,382,381,380,379,378,377,376,375,374,373
81,81,81,81,81,81,81,81,81,81,81
908,909,910,910,911,912,912,913,913,914,915
698,698,698,698,698,698,698,698,698,698,698
0,1,1,1,1,1,1,1,1,1,1
641,641,641,641,641,641,641,641,641,641,641
943,943,943,942,942,941,941,940,939,939,938
116,116,116,116,116,116,116,116,116,116,116
325,327,328,329,329,330,331,332,333,334,335
1023,1023,1023,1023,1023,1023,1023,1023,1023,1023,1023
382,382,381,381,380,379,378,377,376,375,374
80,80,80,80,80,80,80,80,80,80,80
907,909,909,910,911,911,912,912,913,914,914
698,698,698,698,698,698,698,698,698,698,698
0,1,1,1,1,1,1,1,1,1,1
640,640,640,640,640,640,640,640,640,640,640
943,943,943,942,942,941,941,940,940,939,939
116,116,116,116,116,116,116,116,116,116,116
324,326,327,328,329,330,331,332,333,333,334
1023,1023,1023,1023,1023,1023,1023,1023,1023,1023,1023
383,383,382,381,380,379,378,377,376,376,375
80,80,80,80,80,80,80,80,80,80,80
907,908,909,910,910,911,911,912,913,913,914
699,699,699,699,699,699,699,699,699,699,699
0,1,1,1,1,1,1,1,1,1,1
640,640,640,640,640,640,640,640,640,640,640
943,944,943,943,942,942,941,941,940,940,939
116,116,116,116,116,116,116,116,116,116,116
324,326,327,327,328,329,330,331,332,333,334
1023,1023,1023,1023,1023,1023,1023,1023,1023,1023,1023
383,384,383,382,381,380,379,378,377,376,375
80,80,80,80,80,80,80,80,80,80,80
906,908,909,909,910,910,911,912,912,913,913
699,699,699,699,699,699,699,699,699,699,699
0,1,1,1,1,1,1,1,1,1,1
639,639,639,639,639,639,639,639,639,639,639
944,944,944,943,943,942,941,941,940,940,939
117,117,117,117,117,117,117,117,117,117,117
323,325,326,327,328,329,330,331,331,332,333
1023,1023,1023,1023,1023,1023,1023,1023,1023,1023,1023
384,384,383,382,381,380,379,379,378,377,376
79,79,79,79,79,79,79,79,79,79,79
906,908,908,909,909,910,911,911,912,912,913
700,700,700,700,700,700,700,700,700,700,700
1,1,1,1,1,1,1,1,1,1,1
639,639,639,639,639,639,639,639,639,639,639
944,944,944,943,943,942,942,941,941,940,940
117,117,117,117,117,117,117,117,117,117,117
323,325,325,326,327,328,329,330,331,332,333
1022,1022,1022,1022,1022,1022,1022,1022,1022,1022,1022
385,385,384,383,382,381,380,379,378,377,376
79,79,79,79,79,79,79,79,79,79,79
906,907,908,908,909,910,910,911,912,912,913
701,701,701,701,701,701,701,701,701,701,701
1,1,1,1,1,1,1,1,1,1,1
638,638,638,638,638,638,638,638,638,638,638
944,945,944,944,943,943,942,942,941,941,940
118,118,118,118,118,118,118,118,118,118,118
322,324,325,326,327,328,329,329,330,331,332
1022,1022,1022,1022,1022,1022,1022,1022,1022,1022,1022
385,385,384,383,382,382,381,380,379,378,377
79,79,79,79,79,79,79,79,79,79,79
905,907,907,908,909,909,910,911,911,912,912
701,701,701,701,701,701,701,701,701,701,701
1,2,1,1,1,1,1,1,1,1,1
638,638,638,638,638,638,638,638,638,638,638
945,945,945,944,943,943,942,942,941,941,940
118,118,118,118,118,118,118,118,118,118,118
322,324,324,325,326,327,328,329,330,331,332
1022,1022,1022,1022,1022,1022,1022,1022,1022,1022,1022
386,386,385,384,383,382,381,380,379,378,377
78,78,78,78,78,78,78,78,78,78,78
905,906,907,908,908,909,910,910,911,911,912
702,702,702,702,702,702,702,702,702,702,702
1,2,2,1,1,1,1,1,1,1,1
637,637,637,637,637,637,637,637,637,637,637
945,945,945,944,944,943,943,942,942,941,941
118,118,118,118,118,118,118,118,118,118,118
321,323,324,325,326,327,327,328,329,330,331
1022,1022,1022,1022,1022,1022,1022,1022,1022,1022,1022
386,386,385,385,384,383,382,381,380,379,378
78,78,78,78,78,78,78,78,78,78,78
905,906,907,907,908,909,909,910,910,911,912
702,702,702,702,702,702,702,702,702,702,702
1,2,2,1,1,1,1,1,1,1,1
636,636,636,636,636,636,636,636,636,636,636
945,946,945,945,944,944,943,943,942,941,941
119,119,119,119,119,119,119,119,119,119,119
321,322,323,324,325,326,327,328,329,330,330
1022,1022,1022,1022,1022,1022,1022,1022,1022,1022,1022
387,387,386,385,384,383,382,381,380,379,379
78,78,78,78,78,78,78,78,78,78,78
904,906,906,907,908,908,909,909,910,911,911
703,703,703,703,703,703,703,703,703,703,703
1,2,2,2,1,1,1,1,1,1,1
636,636,636,636,636,636,636,636,636,636,636
945,946,945,945,944,944,943,943,942,942,941
119,119,119,119,119,119,119,119,119,119,119
320,322,323,324,325,325,326,327,328,329,330
1022,1022,1022,1022,1022,1022,1022,1022,1022,1022,1022
387,388,387,386,385,384,383,382,381,380,379
77,77,77,77,77,77,77,77,77,77,77
904,905,906,907,907,908,908,909,910,910,911
703,703,703,703,703,703,703,703,703,703,703
1,2,2,2,1,1,1,1,1,1,1
635,635,635,635,635,635,635,635,635,635,635
946,946,946,945,945,944,944,943,943,942,942
119,119,119,119,119,119,119,119,119,119,119
319,321,322,323,324,325,326,327,328,328,329
1022,1022,1022,1022,1022,1022,1022,1022,1022,1022,1022
388,388,387,386,385,384,383,383,382,381,380
77,77,77,77,77,77,77,77,77,77,77
903,905,906,906,907,907,908,909,909,910,911
704,704,704,704,704,704,704,704,704,704,704
1,2,2,2,2,1,1,1,1,1,1
635,635,635,635,635,635,635,635,635,635,635
946,947,946,946,945,945,944,944,943,942,942
120,120,120,120,120,120,120,120,120,120,120
319,321,322,323,323,324,325,326,327,328,329
1022,1022,1022,1022,1022,1022,1022,1022,1022,1022,1022
389,389,388,387,386,385,384,383,382,381,380
77,77,77,77,77,77,77,77,77,77,77
903,905,905,906,906,907,908,908,909,910,910
704,704,704,704,704,704,704,704,704,704,704
1,2,2,2,2,2,1,1,1,1,1
634,634,634,634,634,634,634,634,634,634,634
946,947,946,946,945,945,944,944,943,943,942
120,120,120,120,120,120,120,120,120,120,120
318,320,321,322,323,324,325,326,326,327,328
1022,1022,1022,1022,1022,1022,1022,1022,1022,1022,1022
389,389,388,387,386,386,385,384,383,382,381
76,76,76,76,76,76,76,76,76,76,76
903,904,905,905,906,907,907,908,909,909,910
705,705,705,705,705,705,705,705,705,705,705
1,2,2,2,2,2,1,1,1,1,1
634,634,634,634,634,634,634,634,634,634,634
947,947,947,946,946,945,945,944,944,943,943
121,121,121,121,121,121,121,121,121,121,121
318,320,321,321,322,323,324,325,326,327,328
1022,1022,1022,1022,1022,1022,1022,1022,1022,1022,1022
390,390,389,388,387,386,385,384,383,382,381
76,76,76,76,76,76,76,76,76,76,76
902,904,904,905,906,906,907,908,908,909,909
705,705,705,705,705,705,705,705,705,705,705
1,2,2,2,2,2,2,1,1,1,1
633,633,633,633,633,633,633,633,633,633,633
947,948,947,947,946,945,945,944,944,943,943
121,121,121,121,121,121,121,121,121,121,121
317,319,320,321,322,323,324,325,325,326,327
1022,1022,1022,1022,1022,1022,1022,1022,1022,1022,1022
390,390,389,389,388,387,386,385,384,383,382
76,76,76,76,76,76,76,76,76,76,76
902,903,904,905,905,906,907,907,908,908,909
706,706,706,706,706,706,706,706,706,706,706
1,2,2,2,2,2,2,1,1,1,1
632,632,632,632,632,632,632,632,632,632,632
947,948,947,947,946,946,945,945,944,944,943
121,121,121,121,121,121,121,121,121,121,121
317,319,319,320,321,322,323,324,325,326,327
1022,1022,1022,1022,1022,1022,1022,1022,1022,1022,1022
391,391,390,389,388,387,386,385,384,383,383
75,75,75,75,75,75,75,75,75,75,75
901,903,904,904,905,906,906,907,907,908,909
707,707,707,707,707,707,707,707,707,707,707
1,2,2,2,2,2,2,2,1,1,1
632,632,632,632,632,632,632,632,632,632,632
948,948,948,947,947,946,946,945,945,944,944
122,122,122,122,122,122,122,122,122,122,122
316,318,319,320,321,322,323,323,324,325,326
1022,1022,1022,1022,1022,1022,1022,1022,1022,1022,1022
391,392,391,390,389,388,387,386,385,384,383
75,75,75,75,75,75,75,75,75,75,75
901,903,903,904,905,905,906,906,907,908,908
707,707,707,707,707,707,707,707,707,707,707
1,2,2,2,2,2,2,2,2,1,1
631,631,631,631,631,631,631,631,631,631,631
948,948,948,947,947,946,946,945,945,944,944
122,122,122,122,122,122,122,122,122,122,122
316,317,318,319,320,321,322,323,324,325,326
1022,1022,1022,1022,1022,1022,1022,1022,1022,1022,1022
392,392,391,390,389,388,387,386,386,385,384
75,75,75,75,75,75,75,75,75,75,75
901,902,903,904,904,905,905,906,907,907,908
708,708,708,708,708,708,708,708,708,708,708
1,2,2,2,2,2,2,2,2,1,1
631,631,631,631,631,631,631,631,631,631,631
948,949,948,948,947,947,946,946,945,945,944
122,122,122,122,122,122,122,122,122,122,122
315,317,318,319,320,321,321,322,323,324,325
1022,1022,1022,1022,1022,1022,1022,1022,1022,1022,1022
393,393,392,391,390,389,388,387,386,385,384
75,75,75,75,75,75,75,75,75,75,75
900,902,903,903,904,904,905,906,906,907,908
708,708,708,708,708,708,708,708,708,708,708
1,2,2,2,2,2,2,2,2,2,1
630,630,630,630,630,630,630,630,630,630,630
949,949,949,948,948,947,947,946,946,945,944
123,123,123,123,123,123,123,123,123,123,123
315,316,317,318,319,320,321,322,323,324,324
1022,1022,1022,1022,1022,1022,1022,1022,1022,1022,1022
393,393,392,391,390,390,389,388,387,386,385
74,74,74,74,74,74,74,74,74,74,74
900,902,902,903,903,904,905,905,906,907,907
709,709,709,709,709,709,709,709,709,709,709
1,2,2,2,2,2,2,2,2,2,2
630,630,630,630,630,630,630,630,630,630,630
949,949,949,948,948,947,947,946,946,945,945
123,123,123,123,123,123,123,123,123,123,123
314,316,317,318,319,319,320,321,322,323,324
1022,1022,1022,1022,1022,1022,1022,1022,1022,1022,1022
394,394,393,392,391,390,389,388,387,386,385
74,74,74,74,74,74,74,74,74,74,74
900,901,902,902,903,904,904,905,906,906,907
709,709,709,709,709,709,709,709,709,709,709
1,2,2,2,2,2,2,2,2,2,2
629,629,629,629,629,629,629,629,629,629,629
949,950,949,949,948,948,947,947,946,946,945
124,124,124,124,124,124,124,124,124,124,124
313,315,316,317,318,319,320,321,322,322,323
1022,1022,1022,1022,1022,1022,1022,1022,1022,1022,1022
394,394,393,393,392,391,390,389,388,387,386
74,74,74,74,74,74,74,74,74,74,74
899,901,901,902,903,903,904,905,905,906,906
710,710,710,710,710,710,710,710,710,710,710
1,2,2,2,2,2,2,2,2,2,2
628,628,628,628,628,628,628,628,628,628,628
950,950,949,949,948,948,947,947,946,946,945
124,124,124,124,124,124,124,124,124,124,124
313,315,316,317,317,318,319,320,321,322,323
1022,1022,1022,1022,1022,1022,1022,1022,1022,1022,1022
395,395,394,393,392,391,390,389,388,387,387
73,73,73,73,73,73,73,73,73,73,73
899,900,901,902,902,903,904,904,905,905,906
710,710,710,710,710,710,710,710,710,710,710
1,2,2,2,2,2,2,2,2,2,2
628,628,628,628,628,628,628,628,628,628,628
950,950,950,949,949,948,948,947,947,946,946
124,124,124,124,124,124,124,124,124,124,124
312,314,315,316,317,318,319,320,320,321,322
1022,1022,1022,1022,1022,1022,1022,1022,1022,1022,1022
395,396,395,394,393,392,391,390,389,388,387
73,73,73,73,73,73,73,73,73,73,73
898,900,901,901,902,903,903,904,904,905,906
711,711,711,711,711,711,711,711,711,711,711
1,2,2,2,2,2,2,2,2,2,2
627,627,627,627,627,627,627,627,627,627,627
950,951,950,950,949,949,948,948,947,947,946
125,125,125,125,125,125,125,125,125,125,125
312,314,315,315,316,317,318,319,320,321,322
1022,1022,1022,1022,1022,1022,1022,1022,1022,1022,1022
396,396,395,394,393,392,391,390,390,389,388
73,73,73,73,73,73,73,73,73,73,73
898,900,900,901,902,902,903,903,904,905,905
711,711,711,711,711,711,711,711,711,711,711
1,2,2,2,2,2,2,2,2,2,2
627,627,627,627,627,627,627,627,627,627,627
950,951,950,950,949,949,948,948,947,947,946
125,125,125,125,125,125,125,125,125,125,125
311,313,314,315,316,317,318,318,319,320,321
1022,1022,1022,1022,1022,1022,1022,1022,1022,1022,1022
397,397,396,395,394,393,392,391,390,389,388
72,72,72,72,72,72,72,72,72,72,72
898,899,900,901,901,902,902,903,904,904,905
712,712,712,712,712,712,712,712,712,712,712
1,2,2,2,2,2,2,2,2,2,2
626,626,626,626,626,626,626,626,626,626,626
951,951,951,950,950,949,949,948,948,947,947
126,126,126,126,126,126,126,126,126,126,126
311,313,313,314,315,316,317,318,319,320,321
1021,1021,1021,1021,1021,1021,1021,1021,1021,1021,1021
397,397,396,395,394,394,393,392,391,390,389
72,72,72,72,72,72,72,72,72,72,72
897,899,900,900,901,901,902,903,903,904,905
713,713,713,713,713,713,713,713,713,713,713
2,2,2,2,2,2,2,2,2,2,2
625,625,625,625,625,625,625,625,625,625,625
951,952,951,951,950,950,949,949,948,948,947
126,126,126,126,126,126,126,126,126,126,126
310,312,313,314,315,316,317,317,318,319,320
1021,1021,1021,1021,1021,1021,1021,1021,1021,1021,1021
398,398,397,396,395,394,393,392,391,390,389
72,72,72,72,72,72,72,72,72,72,72
897,898,899,900,900,901,902,902,903,904,904
713,713,713,713,713,713,713,713,713,713,713
2,3,2,2,2,2,2,2,2,2,2
625,625,625,625,625,625,625,625,625,625,625
951,952,951,951,950,950,949,949,948,948,947
126,126,126,126,126,126,126,126,126,126,126
310,312,312,313,314,315,316,317,318,319,320
1021,1021,1021,1021,1021,1021,1021,1021,1021,1021,1021
398,398,397,397,396,395,394,393,392,391,390
72,72,72,72,72,72,72,72,72,72,72
896,898,899,899,900,901,901,902,903,903,904
714,714,714,714,714,714,714,714,714,714,714
2,3,2,2,2,2,2,2,2,2,2
624,624,624,624,624,624,624,624,624,624,624
952,952,952,951,951,950,950,949,949,948,948
127,127,127,127,127,127,127,127,127,127,127
309,311,312,313,314,315,315,316,317,318,319
1021,1021,1021,1021,1021,1021,1021,1021,1021,1021,1021
399,399,398,397,396,395,394,393,392,391,391
71,71,71,71,71,71,71,71,71,71,71
896,898,898,899,900,900,901,901,902,903,903
714,714,714,714,714,714,714,714,714,714,714
2,3,3,2,2,2,2,2,2,2,2
624,624,624,624,624,624,624,624,624,624,624
952,952,952,951,951,950,950,949,949,948,948
127,127,127,127,127,127,127,127,127,127,127
309,310,311,312,313,314,315,316,317,318,318
1021,1021,1021,1021,1021,1021,1021,1021,1021,1021,1021
400,400,399,398,397,396,395,394,393,392,391
71,71,71,71,71,71,71,71,71,71,71
896,897,898,899,899,900,900,901,902,902,903
715,715,715,715,715,715,715,715,715,715,715
2,3,3,3,2,2,2,2,2,2,2
623,623,623,623,623,623,623,623,623,623,623
952,953,952,952,951,951,950,950,949,949,948
128,128,128,128,128,128,128,128,128,128,128
308,310,311,312,313,313,314,315,316,317,318
1021,1021,1021,1021,1021,1021,1021,1021,1021,1021,1021
400,400,399,398,397,396,395,395,394,393,392
71,71,71,71,71,71,71,71,71,71,71
895,897,898,898,899,899,900,901,901,902,903
715,715,715,715,715,715,715,715,715,715,715
2,3,3,3,2,2,2,2,2,2,2
623,623,623,623,623,623,623,623,623,623,623
953,953,953,952,952,951,951,950,950,949,949
128,128,128,128,128,128,128,128,128,128,128
307,309,310,311,312,313,314,315,316,316,317
1021,1021,1021,1021,1021,1021,1021,1021,1021,1021,1021
401,401,400,399,398,397,396,395,394,393,392
70,70,70,70,70,70,70,70,70,70,70
895,897,897,898,898,899,900,900,901,902,902
716,716,716,716,716,716,716,716,716,716,716
2,3,3,3,3,2,2,2,2,2,2
622,622,622,622,622,622,622,622,622,622,622
953,953,953,952,952,951,951,950,950,949,949
128,128,128,128,128,128,128,128,128,128,128
307,309,310,311,311,312,313,314,315,316,317
1021,1021,1021,1021,1021,1021,1021,1021,1021,1021,1021
401,401,400,399,398,398,397,396,395,394,393
70,70,70,70,70,70,70,70,70,70,70
895,896,897,897,898,899,899,900,901,901,902
716,716,716,716,716,716,716,716,716,716,716
2,3,3,3,3,2,2,2,2,2,2
621,621,621,621,621,621,621,621,621,621,621
953,954,953,953,952,952,951,951,950,950,949
129,129,129,129,129,129,129,129,129,129,129
306,308,309,310,311,312,313,314,314,315,316
1021,1021,1021,1021,1021,1021,1021,1021,1021,1021,1021
402,402,401,400,399,398,397,396,395,394,393
70,70,70,70,70,70,70,70,70,70,70
894,896,896,897,898,898,899,900,900,901,901
717,717,717,717,717,717,717,717,717,717,717
2,3,3,3,3,3,2,2,2,2,2
621,621,621,621,621,621,621,621,621,621,621
953,954,953,953,952,952,951,951,950,950,949
129,129,129,129,129,129,129,129,129,129,129
306,308,309,310,310,311,312,313,314,315,316
1021,1021,1021,1021,1021,1021,1021,1021,1021,1021,1021
402,402,402,401,400,399,398,397,396,395,394
69,69,69,69,69,69,69,69,69,69,69
894,895,896,897,897,898,899,899,900,900,901
717,717,717,717,717,717,717,717,717,717,717
2,3,3,3,3,3,3,2,2,2,2
620,620,620,620,620,620,620,620,620,620,620
954,954,954,953,953,952,952,951,951,950,950
129,129,129,129,129,129,129,129,129,129,129
305,307,308,309,310,311,312,313,313,314,315
1021,1021,1021,1021,1021,1021,1021,1021,1021,1021,1021
403,403,402,401,400,399,398,397,396,395,395
69,69,69,69,69,69,69,69,69,69,69
893,895,896,896,897,898,898,899,899,900,901
718,718,718,718,718,718,718,718,718,718,718
2,3,3,3,3,3,3,2,2,2,2
620,620,620,620,620,620,620,620,620,620,620
954,955,954,954,953,953,952,952,951,951,950
130,130,130,130,130,130,130,130,130,130,130
305,307,308,308,309,310,311,312,313,314,315
1021,1021,1021,1021,1021,1021,1021,1021,1021,1021,1021
404,404,403,402,401,400,399,398,397,396,395
69,69,69,69,69,69,69,69,69,69,69
893,895,895,896,897,897,898,898,899,900,900
718,718,718,718,718,718,718,718,718,718,718
2,3,3,3,3,3,3,3,2,2,2
619,619,619,619,619,619,619,619,619,619,619
954,955,954,954,953,953,952,952,951,951,950
130,130,130,130,130,130,130,130,130,130,130
304,306,307,308,309,310,311,311,312,313,314
1021,1021,1021,1021,1021,1021,1021,1021,1021,1021,1021
404,404,403,402,401,400,399,399,398,397,396
69,69,69,69,69,69,69,69,69,69,69
893,894,895,895,896,897,897,898,899,899,900
719,719,719,719,719,719,719,719,719,719,719
2,3,3,3,3,3,3,3,2,2,2
619,619,619,619,619,619,619,619,619,619,619
955,955,955,954,954,953,953,952,952,951,951
131,131,131,131,131,131,131,131,131,131,131
304,306,306,307,308,309,310,311,312,313,314
1021,1021,1021,1021,1021,1021,1021,1021,1021,1021,1021
405,405,404,403,402,401,400,399,398,397,396
68,68,68,68,68,68,68,68,68,68,68
892,894,894,895,896,896,897,898,898,899,900
720,720,720,720,720,720,720,720,720,720,720
2,3,3,3,3,3,3,3,3,2,2
618,618,618,618,618,618,618,618,618,618,618
955,955,955,954,954,953,953,952,952,951,951
131,131,131,131,131,131,131,131,131,131,131
303,305,306,307,308,309,309,310,311,312,313
1021,1021,1021,1021,1021,1021,1021,1021,1021,1021,1021
405,405,404,403,402,402,401,400,399,398,397
68,68,68,68,68,68,68,68,68,68,68
892,893,894,895,895,896,897,897,898,899,899
720,720,720,720,720,720,720,720,720,720,720
2,3,3,3,3,3,3,3,3,3,2
617,617,617,617,617,617,617,617,617,617,617
955,956,955,955,954,954,953,953,952,952,951
131,131,131,131,131,131,131,131,131,131,131
303,304,305,306,307,308,309,310,311,312,312
1021,1021,1021,1021,1021,1021,1021,1021,1021,1021,1021
406,406,405,404,403,402,401,400,399,398,397
68,68,68,68,68,68,68,68,68,68,68
891,893,894,894,895,896,896,897,898,898,899
721,721,721,721,721,721,721,721,721,721,721
2,3,3,3,3,3,3,3,3,3,2
617,617,617,617,617,617,617,617,617,617,617
955,956,956,955,955,954,954,953,953,952,952
132,132,132,132,132,132,132,132,132,132,132
302,304,305,306,307,307,308,309,310,311,312
1021,1021,1021,1021,1021,1021,1021,1021,1021,1021,1021
406,406,406,405,404,403,402,401,400,399,398
67,67,67,67,67,67,67,67,67,67,67
891,893,893,894,895,895,896,896,897,898,898
721,721,721,721,721,721,721,721,721,721,721
2,3,3,3,3,3,3,3,3,3,3
616,616,616,616,616,616,616,616,616,616,616
956,956,956,955,955,954,954,953,953,952,952
132,132,132,132,132,132,132,132,132,132,132
302,303,304,305,306,307,308,309,310,310,311
1020,1020,1020,1020,1020,1020,1020,1020,1020,1020,1020
407,407,406,405,404,403,402,401,400,400,399
67,67,67,67,67,67,67,67,67,67,67
891,892,893,894,894,895,895,896,897,897,898
722,722,722,722,722,722,722,722,722,722,722
3,3,3,3,3,3,3,3,3,3,3
616,616,616,616,616,616,616,616,616,616,616
956,957,956,956,955,955,954,954,953,953,952
133,133,133,133,133,133,133,133,133,133,133
301,303,304,305,306,306,307,308,309,310,311
1020,1020,1020,1020,1020,1020,1020,1020,1020,1020,1020
408,408,407,406,405,404,403,402,401,400,399
67,67,67,67,67,67,67,67,67,67,67
890,892,892,893,894,894,895,896,896,897,898
722,722,722,722,722,722,722,722,722,722,722
3,4,3,3,3,3,3,3,3,3,3
615,615,615,615,615,615,615,615,615,615,615
956,957,956,956,955,955,954,954,953,953,953
133,133,133,133,133,133,133,133,133,133,133
300,302,303,304,305,306,307,308,309,309,310
1020,1020,1020,1020,1020,1020,1020,1020,1020,1020,1020
408,408,407,406,405,404,403,403,402,401,400
66,66,66,66,66,66,66,66,66,66,66
890,891,892,893,893,894,895,895,896,897,897
723,723,723,723,723,723,723,723,723,723,723
3,4,3,3,3,3,3,3,3,3,3
615,615,615,615,615,615,615,615,615,615,615
957,957,957,956,956,955,955,954,954,953,953
133,133,133,133,133,133,133,133,133,133,133
300,302,303,304,304,305,306,307,308,309,310
1020,1020,1020,1020,1020,1020,1020,1020,1020,1020,1020
409,409,408,407,406,405,404,403,402,401,400
66,66,66,66,66,66,66,66,66,66,66
889,891,892,892,893,894,894,895,896,896,897
723,723,723,723,723,723,723,723,723,723,723
3,4,4,3,3,3,3,3,3,3,3
614,614,614,614,614,614,614,614,614,614,614
957,957,957,957,956,956,955,955,954,954,953
134,134,134,134,134,134,134,134,134,134,134
299,301,302,303,304,305,306,307,307,308,309
1020,1020,1020,1020,1020,1020,1020,1020,1020,1020,1020
409,409,408,407,407,406,405,404,403,402,401
66,66,66,66,66,66,66,66,66,66,66
889,891,891,892,893,893,894,895,895,896,896
724,724,724,724,724,724,724,724,724,724,724
3,4,4,3,3,3,3,3,3,3,3
613,613,613,613,613,613,613,613,613,613,613
957,958,957,957,956,956,955,955,954,954,953
134,134,134,134,134,134,134,134,134,134,134
299,301,302,302,303,304,305,306,307,308,309
1020,1020,1020,1020,1020,1020,1020,1020,1020,1020,1020
410,410,409,408,407,406,405,404,403,402,401
66,66,66,66,66,66,66,66,66,66,66
889,890,891,892,892,893,893,894,895,895,896
724,724,724,724,724,724,724,724,724,724,724
3,4,4,4,3,3,3,3,3,3,3
613,613,613,613,613,613,613,613,613,613,613
958,958,958,957,957,956,956,955,955,954,954
135,135,135,135,135,135,135,135,135,135,135
298,300,301,302,303,304,305,305,306,307,308
1020,1020,1020,1020,1020,1020,1020,1020,1020,1020,1020
410,411,410,409,408,407,406,405,404,403,402
65,65,65,65,65,65,65,65,65,65,65
888,890,890,891,892,892,893,894,894,895,896
725,725,725,725,725,725,725,725,725,725,725
3,4,4,4,4,3,3,3,3,3,3
612,612,612,612,612,612,612,612,612,612,612
958,958,958,957,957,956,956,955,955,954,954
135,135,135,135,135,135,135,135,135,135,135
298,300,301,301,302,303,304,305,306,307,308
1020,1020,1020,1020,1020,1020,1020,1020,1020,1020,1020
411,411,410,409,408,407,406,405,404,404,403
65,65,65,65,65,65,65,65,65,65,65
888,889,890,891,891,892,893,893,894,895,895
725,725,725,725,725,725,725,725,725,725,725
3,4,4,4,4,3,3,3,3,3,3
612,612,612,612,612,612,612,612,612,612,612
958,959,958,958,957,957,956,956,955,955,954
135,135,135,135,135,135,135,135,135,135,135
297,299,300,301,302,303,304,304,305,306,307
1020,1020,1020,1020,1020,1020,1020,1020,1020,1020,1020
412,412,411,410,409,408,407,406,405,404,403
65,65,65,65,65,65,65,65,65,65,65
887,889,890,890,891,892,892,893,894,894,895
726,726,726,726,726,726,726,726,726,726,726
3,4,4,4,4,4,3,3,3,3,3
611,611,611,611,611,611,611,611,611,611,611
958,959,958,958,957,957,957,956,956,955,955
136,136,136,136,136,136,136,136,136,136,136
297,299,299,300,301,302,303,304,305,306,307
1020,1020,1020,1020,1020,1020,1020,1020,1020,1020,1020
412,412,411,410,409,408,408,407,406,405,404
64,64,64,64,64,64,64,64,64,64,64
887,889,889,890,891,891,892,893,893,894,894
727,727,727,727,727,727,727,727,727,727,727
3,4,4,4,4,4,3,3,3,3,3
611,611,611,611,611,611,611,611,611,611,611
959,959,959,958,958,957,957,956,956,955,955
136,136,136,136,136,136,136,136,136,136,136
296,298,299,300,301,302,302,303,304,305,306
1020,1020,1020,1020,1020,1020,1020,1020,1020,1020,1020
413,413,412,411,410,409,408,407,406,405,404
64,64,64,64,64,64,64,64,64,64,64
887,888,889,890,890,891,892,892,893,893,894
727,727,727,727,727,727,727,727,727,727,727
3,4,4,4,4,4,4,3,3,3,3
610,610,610,610,610,610,610,610,610,610,610
959,959,959,959,958,958,957,957,956,956,955
137,137,137,137,137,137,137,137,137,137,137
296,298,298,299,300,301,302,303,304,305,305
1020,1020,1020,1020,1020,1020,1020,1020,1020,1020,1020
413,413,412,412,411,410,409,408,407,406,405
64,64,64,64,64,64,64,64,64,64,64
886,888,889,889,890,890,891,892,892,893,894
728,728,728,728,728,728,728,728,728,728,728
3,4,4,4,4,4,4,4,3,3,3
609,609,609,609,609,609,609,609,609,609,609
959,960,959,959,958,958,957,957,956,956,955
137,137,137,137,137,137,137,137,137,137,137
295,297,298,299,300,300,301,302,303,304,305
1020,1020,1020,1020,1020,1020,1020,1020,1020,1020,1020
414,414,413,412,411,410,409,408,407,406,405
64,64,64,64,64,64,64,64,64,64,64
886,887,888,889,889,890,891,891,892,893,893
728,728,728,728,728,728,728,728,728,728,728
3,4,4,4,4,4,4,4,3,3,3
609,609,609,609,609,609,609,609,609,609,609
960,960,960,959,959,958,958,957,957,956,956
137,137,137,137,137,137,137,137,137,137,137
295,296,297,298,299,300,301,302,303,303,304
1020,1020,1020,1020,1020,1020,1020,1020,1020,1020,1020
415,415,414,413,412,411,410,409,408,407,406
63,63,63,63,63,63,63,63,63,63,63
885,887,888,888,889,890,890,891,892,892,893
729,729,729,729,729,729,729,729,729,729,729
3,4,4,4,4,4,4,4,4,3,3
608,608,608,608,608,608,608,608,608,608,608
960,960,960,959,959,958,958,958,957,957,956
138,138,138,138,138,138,138,138,138,138,138
294,296,297,298,299,299,300,301,302,303,304
1020,1020,1020,1020,1020,1020,1020,1020,1020,1020,1020
415,415,414,413,412,411,410,409,409,408,407
63,63,63,63,63,63,63,63,63,63,63
885,887,887,888,889,889,890,891,891,892,893
729,729,729,729,729,729,729,729,729,729,729
4,4,4,4,4,4,4,4,4,3,3
608,608,608,608,608,608,608,608,608,608,608
960,961,960,960,959,959,958,958,957,957,956
138,138,138,138,138,138,138,138,138,138,138
294,295,296,297,298,299,300,301,302,302,303
1019,1019,1019,1019,1019,1019,1019,1019,1019,1019,1019
416,416,415,414,413,412,411,410,409,408,407
63,63,63,63,63,63,63,63,63,63,63
885,886,887,888,888,889,890,890,891,891,892
730,730,730,730,730,730,730,730,730,730,730
4,4,4,4,4,4,4,4,4,4,3
607,607,607,607,607,607,607,607,607,607,607
960,961,960,960,960,959,959,958,958,957,957
139,139,139,139,139,139,139,139,139,139,139
293,295,296,297,297,298,299,300,301,302,303
1019,1019,1019,1019,1019,1019,1019,1019,1019,1019,1019
416,416,415,414,413,413,412,411,410,409,408
62,62,62,62,62,62,62,62,62,62,62
884,886,886,887,888,888,889,890,890,891,892
730,730,730,730,730,730,730,730,730,730,730
4,5,4,4,4,4,4,4,4,4,4
606,606,606,606,606,606,606,606,606,606,606
961,961,961,960,960,959,959,958,958,957,957
139,139,139,139,139,139,139,139,139,139,139
292,294,295,296,297,298,299,300,300,301,302
1019,1019,1019,1019,1019,1019,1019,1019,1019,1019,1019
417,417,416,415,414,413,412,411,410,409,408
62,62,62,62,62,62,62,62,62,62,62
884,885,886,887,887,888,889,889,890,891,891
731,731,731,731,731,731,731,731,731,731,731
4,5,4,4,4,4,4,4,4,4,4
606,606,606,606,606,606,606,606,606,606,606
961,961,961,961,960,960,959,959,958,958,957
139,139,139,139,139,139,139,139,139,139,139
292,294,295,296,296,297,298,299,300,301,302
1019,1019,1019,1019,1019,1019,1019,1019,1019,1019,1019
417,417,417,416,415,414,413,412,411,410,409
62,62,62,62,62,62,62,62,62,62,62
883,885,886,886,887,888,888,889,890,890,891
731,731,731,731,731,731,731,731,731,731,731
4,5,5,4,4,4,4,4,4,4,4
605,605,605,605,605,605,605,605,605,605,605
961,962,961,961,960,960,959,959,958,958,958
140,140,140,140,140,140,140,140,140,140,140
291,293,294,295,296,297,298,299,299,300,301
1019,1019,1019,1019,1019,1019,1019,1019,1019,1019,1019
418,418,417,416,415,414,413,412,411,410,410
62,62,62,62,62,62,62,62,62,62,62
883,885,885,886,887,887,888,889,889,890,891
732,732,732,732,732,732,732,732,732,732,732
4,5,5,5,4,4,4,4,4,4,4
605,605,605,605,605,605,605,605,605,605,605
962,962,962,961,961,960,960,959,959,958,958
140,140,140,140,140,140,140,140,140,140,140
291,293,294,294,295,296,297,298,299,300,301
1019,1019,1019,1019,1019,1019,1019,1019,1019,1019,1019
419,419,418,417,416,415,414,413,412,411,410
61,61,61,61,61,61,61,61,61,61,61
883,884,885,886,886,887,888,888,889,889,890
732,732,732,732,732,732,732,732,732,732,732
4,5,5,5,4,4,4,4,4,4,4
604,604,604,604,604,604,604,604,604,604,604
962,962,962,961,961,960,960,960,959,959,958
141,141,141,141,141,141,141,141,141,141,141
290,292,293,294,295,296,297,297,298,299,300
1019,1019,1019,1019,1019,1019,1019,1019,1019,1019,1019
419,419,418,417,416,415,414,413,413,412,411
61,61,61,61,61,61,61,61,61,61,61
882,884,884,885,886,886,887,888,888,889,890
733,733,733,733,733,733,733,733,733,733,733
4,5,5,5,5,4,4,4,4,4,4
604,604,604,604,604,604,604,604,604,604,604
962,963,962,962,961,961,960,960,959,959,958
141,141,141,141,141,141,141,141,141,141,141
290,292,293,293,294,295,296,297,298,299,300
1019,1019,1019,1019,1019,1019,1019,1019,1019,1019,1019
420,420,419,418,417,416,415,414,413,412,411
61,61,61,61,61,61,61,61,61,61,61
882,883,884,885,885,886,887,887,888,889,889
733,733,733,733,733,733,733,733,733,733,733
4,5,5,5,5,4,4,4,4,4,4
603,603,603,603,603,603,603,603,603,603,603
962,963,962,962,962,961,961,960,960,959,959
141,141,141,141,141,141,141,141,141,141,141
289,291,292,293,294,295,295,296,297,298,299
1019,1019,1019,1019,1019,1019,1019,1019,1019,1019,1019
420,420,419,418,417,417,416,415,414,413,412
61,61,61,61,61,61,61,61,61,61,61
881,883,884,884,885,886,886,887,888,888,889
734,734,734,734,734,734,734,734,734,734,734
4,5,5,5,5,5,4,4,4,4,4
602,602,602,602,602,602,602,602,602,602,602
963,963,963,962,962,961,961,960,960,959,959
142,142,142,142,142,142,142,142,142,142,142
289,291,291,292,293,294,295,296,297,298,298
1019,1019,1019,1019,1019,1019,1019,1019,1019,1019,1019
421,421,420,419,418,417,416,415,414,413,412
60,60,60,60,60,60,60,60,60,60,60
881,883,883,884,885,885,886,887,887,888,889
735,735,735,735,735,735,735,735,735,735,735
4,5,5,5,5,5,5,4,4,4,4
602,602,602,602,602,602,602,602,602,602,602
963,963,963,963,962,962,961,961,960,960,959
142,142,142,142,142,142,142,142,142,142,142
288,290,291,292,293,294,294,295,296,297,298
1019,1019,1019,1019,1019,1019,1019,1019,1019,1019,1019
421,422,421,420,419,418,417,416,415,414,413
60,60,60,60,60,60,60,60,60,60,60
881,882,883,884,884,885,886,886,887,887,888
735,735,735,735,735,735,735,735,735,735,735
4,5,5,5,5,5,5,4,4,4,4
601,601,601,601,601,601,601,601,601,601,601
963,964,963,963,962,962,961,961,961,960,960
143,143,143,143,143,143,143,143,143,143,143
288,290,290,291,292,293,294,295,296,297,297
1019,1019,1019,1019,1019,1019,1019,1019,1019,1019,1019
422,422,421,420,419,418,417,416,415,414,414
60,60,60,60,60,60,60,60,60,60,60
880,882,882,883,884,884,885,886,886,887,888
736,736,736,736,736,736,736,736,736,736,736
4,5,5,5,5,5,5,5,4,4,4
601,601,601,601,601,601,601,601,601,601,601
963,964,964,963,963,962,962,961,961,960,960
143,143,143,143,143,143,143,143,143,143,143
287,289,290,291,292,292,293,294,295,296,297
1019,1019,1019,1019,1019,1019,1019,1019,1019,1019,1019
423,423,422,421,420,419,418,417,416,415,414
59,59,59,59,59,59,59,59,59,59,59
880,881,882,883,883,884,885,885,886,887,887
736,736,736,736,736,736,736,736,736,736,736
5,5,5,5,5,5,5,5,4,4,4
600,600,600,600,600,600,600,600,600,600,600
964,964,964,963,963,962,962,962,961,961,960
143,143,143,143,143,143,143,143,143,143,143
287,288,289,290,291,292,293,294,295,295,296
1018,1018,1018,1018,1018,1018,1018,1018,1018,1018,1018
423,423,422,421,420,419,418,418,417,416,415
59,59,59,59,59,59,59,59,59,59,59
879,881,882,882,883,884,884,885,886,886,887
737,737,737,737,737,737,737,737,737,737,737
5,5,5,5,5,5,5,5,5,4,4
600,600,600,600,600,600,600,600,600,600,600
964,965,964,964,963,963,962,962,961,961,960
144,144,144,144,144,144,144,144,144,144,144
286,288,289,290,291,291,292,293,294,295,296
1018,1018,1018,1018,1018,1018,1018,1018,1018,1018,1018
424,424,423,422,421,420,419,418,417,416,415
59,59,59,59,59,59,59,59,59,59,59
879,881,881,882,883,883,884,885,885,886,887
737,737,737,737,737,737,737,737,737,737,737
5,6,5,5,5,5,5,5,5,5,4
599,599,599,599,599,599,599,599,599,599,599
964,965,964,964,963,963,963,962,962,961,961
144,144,144,144,144,144,144,144,144,144,144
286,287,288,289,290,291,292,293,294,294,295
1018,1018,1018,1018,1018,1018,1018,1018,1018,1018,1018
424,424,423,423,422,421,420,419,418,417,416
59,59,59,59,59,59,59,59,59,59,59
878,880,881,881,882,883,883,884,885,885,886
738,738,738,738,738,738,738,738,738,738,738
5,6,5,5,5,5,5,5,5,5,4
598,598,598,598,598,598,598,598,598,598,598
965,965,965,964,964,963,963,962,962,961,961
145,145,145,145,145,145,145,145,145,145,145
285,287,288,289,289,290,291,292,293,294,295
1018,1018,1018,1018,1018,1018,1018,1018,1018,1018,1018
425,425,424,423,422,421,420,419,418,417,416
58,58,58,58,58,58,58,58,58,58,58
878,880,880,881,882,882,883,884,884,885,886
738,738,738,738,738,738,738,738,738,738,738
5,6,6,5,5,5,5,5,5,5,5
598,598,598,598,598,598,598,598,598,598,598
965,965,965,964,964,964,963,963,962,962,961
145,145,145,145,145,145,145,145,145,145,145
284,286,287,288,289,290,291,292,292,293,294
1018,1018,1018,1018,1018,1018,1018,1018,1018,1018,1018
426,426,425,424,423,422,421,420,419,418,417
58,58,58,58,58,58,58,58,58,58,58
878,879,880,881,881,882,883,883,884,885,885
739,739,739,739,739,739,739,739,739,739,739
5,6,6,6,5,5,5,5,5,5,5
597,597,597,597,597,597,597,597,597,597,597
965,966,965,965,964,964,963,963,962,962,962
146,146,146,146,146,146,146,146,146,146,146
284,286,287,288,288,289,290,291,292,293,294
1018,1018,1018,1018,1018,1018,1018,1018,1018,1018,1018
426,426,425,424,423,422,421,420,419,419,418
58,58,58,58,58,58,58,58,58,58,58
877,879,880,880,881,882,882,883,884,884,885
739,739,739,739,739,739,739,739,739,739,739
5,6,6,6,5,5,5,5,5,5,5
597,597,597,597,597,597,597,597,597,597,597
965,966,965,965,965,964,964,963,963,962,962
146,146,146,146,146,146,146,146,146,146,146
283,285,286,287,288,289,290,291,291,292,293
1018,1018,1018,1018,1018,1018,1018,1018,1018,1018,1018
427,427,426,425,424,423,422,421,420,419,418
57,57,57,57,57,57,57,57,57,57,57
877,879,879,880,881,881,882,883,883,884,885
740,740,740,740,740,740,740,740,740,740,740
5,6,6,6,6,5,5,5,5,5,5
596,596,596,596,596,596,596,596,596,596,596
966,966,966,965,965,964,964,964,963,963,962
146,146,146,146,146,146,146,146,146,146,146
283,285,286,287,287,288,289,290,291,292,293
1018,1018,1018,1018,1018,1018,1018,1018,1018,1018,1018
427,427,426,425,424,424,423,422,421,420,419
57,57,57,57,57,57,57,57,57,57,57
876,878,879,879,880,881,881,882,883,883,884
740,740,740,740,740,740,740,740,740,740,740
5,6,6,6,6,6,5,5,5,5,5
595,595,595,595,595,595,595,595,595,595,595
966,966,966,966,965,965,964,964,963,963,962
147,147,147,147,147,147,147,147,147,147,147
282,284,285,286,287,288,289,289,290,291,292
1018,1018,1018,1018,1018,1018,1018,1018,1018,1018,1018
428,428,427,426,425,424,423,422,421,420,419
57,57,57,57,57,57,57,57,57,57,57
876,878,878,879,880,880,881,882,882,883,884
741,741,741,741,741,741,741,741,741,741,741
5,6,6,6,6,6,5,5,5,5,5
595,595,595,595,595,595,595,595,595,595,595
966,967,966,966,965,965,965,964,964,963,963
147,147,147,147,147,147,147,147,147,147,147
282,284,285,285,286,287,288,289,290,291,292
1018,1018,1018,1018,1018,1018,1018,1018,1018,1018,1018
428,428,428,427,426,425,424,423,422,421,420
57,57,57,57,57,57,57,57,57,57,57
876,877,878,879,879,880,881,881,882,883,883
741,741,741,741,741,741,741,741,741,741,741
5,6,6,6,6,6,6,5,5,5,5
594,594,594,594,594,594,594,594,594,594,594
966,967,967,966,966,965,965,964,964,963,963
148,148,148,148,148,148,148,148,148,148,148
281,283,284,285,286,287,288,288,289,290,291
1018,1018,1018,1018,1018,1018,1018,1018,1018,1018,1018
429,429,428,427,426,425,424,423,422,421,420
56,56,56,56,56,56,56,56,56,56,56
875,877,878,878,879,880,880,881,882,882,883
742,742,742,742,742,742,742,742,742,742,742
5,6,6,6,6,6,6,5,5,5,5
594,594,594,594,594,594,594,594,594,594,594
967,967,967,966,966,966,965,965,964,964,963
148,148,148,148,148,148,148,148,148,148,148
281,283,284,284,285,286,287,288,289,290,290
1017,1017,1017,1017,1017,1017,1017,1017,1017,1017,1017
430,430,429,428,427,426,425,424,423,422,421
56,56,56,56,56,56,56,56,56,56,56
875,876,877,878,878,879,880,880,881,882,882
742,742,742,742,742,742,742,742,742,742,742
6,6,6,6,6,6,6,6,5,5,5
593,593,593,593,593,593,593,593,593,593,593
967,968,967,967,966,966,965,965,964,964,964
148,148,148,148,148,148,148,148,148,148,148
280,282,283,284,285,286,286,287,288,289,290
1017,1017,1017,1017,1017,1017,1017,1017,1017,1017,1017
430,430,429,428,427,426,425,425,424,423,422
56,56,56,56,56,56,56,56,56,56,56
874,876,877,877,878,879,879,880,881,881,882
743,743,743,743,743,743,743,743,743,743,743
6,6,6,6,6,6,6,6,6,5,5
593,593,593,593,593,593,593,593,593,593,593
967,968,967,967,967,966,966,965,965,964,964
149,149,149,149,149,149,149,149,149,149,149
280,282,282,283,284,285,286,287,288,289,289
1017,1017,1017,1017,1017,1017,1017,1017,1017,1017,1017
431,431,430,429,428,427,426,425,424,423,422
56,56,56,56,56,56,56,56,56,56,56
874,876,876,877,878,878,879,880,880,881,882
744,744,744,744,744,744,744,744,744,744,744
6,7,6,6,6,6,6,6,6,5,5
592,592,592,592,592,592,592,592,592,592,592
968,968,968,967,967,966,966,965,965,965,964
149,149,149,149,149,149,149,149,149,149,149
279,281,282,283,284,285,285,286,287,288,289
1017,1017,1017,1017,1017,1017,1017,1017,1017,1017,1017
431,431,430,429,429,428,427,426,425,424,423
55,55,55,55,55,55,55,55,55,55,55
874,875,876,877,877,878,879,879,880,881,881
744,744,744,744,744,744,744,744,744,744,744
6,7,7,6,6,6,6,6,6,6,5
591,591,591,591,591,591,591,591,591,591,591
968,968,968,967,967,967,966,966,965,965,964
150,150,150,150,150,150,150,150,150,150,150
279,281,281,282,283,284,285,286,287,287,288
1017,1017,1017,1017,1017,1017,1017,1017,1017,1017,1017
432,432,431,430,429,428,427,426,425,424,423
55,55,55,55,55,55,55,55,55,55,55
873,875,875,876,877,877,878,879,880,880,881
745,745,745,745,745,745,745,745,745,745,745
6,7,7,6,6,6,6,6,6,6,5
591,591,591,591,591,591,591,591,591,591,591
968,969,968,968,967,967,966,966,966,965,965
150,150,150,150,150,150,150,150,150,150,150
278,280,281,282,283,283,284,285,286,287,288
1017,1017,1017,1017,1017,1017,1017,1017,1017,1017,1017
432,433,432,431,430,429,428,427,426,425,424
55,55,55,55,55,55,55,55,55,55,55
873,874,875,876,876,877,878,878,879,880,880
745,745,745,745,745,745,745,745,745,745,745
6,7,7,7,6,6,6,6,6,6,6
590,590,590,590,590,590,590,590,590,590,590
968,969,968,968,968,967,967,966,966,965,965
151,151,151,151,151,151,151,151,151,151,151
278,280,280,281,282,283,284,285,286,286,287
1017,1017,1017,1017,1017,1017,1017,1017,1017,1017,1017
433,433,432,431,430,429,428,427,426,426,425
55,55,55,55,55,55,55,55,55,55,55
872,874,875,875,876,877,877,878,879,879,880
746,746,746,746,746,746,746,746,746,746,746
6,7,7,7,7,6,6,6,6,6,6
590,590,590,590,590,590,590,590,590,590,590
969,969,969,968,968,967,967,967,966,966,965
151,151,151,151,151,151,151,151,151,151,151
277,279,280,281,282,282,283,284,285,286,287
1017,1017,1017,1017,1017,1017,1017,1017,1017,1017,1017
434,434,433,432,431,430,429,428,427,426,425
54,54,54,54,54,54,54,54,54,54,54
872,874,874,875,876,876,877,878,878,879,880
746,746,746,746,746,746,746,746,746,746,746
6,7,7,7,7,6,6,6,6,6,6
589,589,589,589,589,589,589,589,589,589,589
969,969,969,969,968,968,967,967,966,966,965
151,151,151,151,151,151,151,151,151,151,151
277,278,279,280,281,282,283,284,284,285,286
1017,1017,1017,1017,1017,1017,1017,1017,1017,1017,1017
434,434,433,432,431,430,430,429,428,427,426
54,54,54,54,54,54,54,54,54,54,54
871,873,874,874,875,876,877,877,878,879,879
747,747,747,747,747,747,747,747,747,747,747
6,7,7,7,7,7,6,6,6,6,6
588,588,588,588,588,588,588,588,588,588,588
969,970,969,969,968,968,968,967,967,966,966
152,152,152,152,152,152,152,152,152,152,152
276,278,279,280,281,281,282,283,284,285,286
1017,1017,1017,1017,1017,1017,1017,1017,1017,1017,1017
435,435,434,433,432,431,430,429,428,427,426
54,54,54,54,54,54,54,54,54,54,54
871,873,873,874,875,875,876,877,877,878,879
747,747,747,747,747,747,747,747,747,747,747
6,7,7,7,7,7,6,6,6,6,6
588,588,588,588,588,588,588,588,588,588,588
969,970,970,969,969,968,968,967,967,966,966
152,152,152,152,152,152,152,152,152,152,152
276,277,278,279,280,281,282,283,283,284,285
1017,1017,1017,1017,1017,1017,1017,1017,1017,1017,1017
435,435,434,434,433,432,431,430,429,428,427
53,53,53,53,53,53,53,53,53,53,53
871,872,873,874,874,875,876,876,877,878,878
748,748,748,748,748,748,748,748,748,748,748
6,7,7,7,7,7,7,6,6,6,6
587,587,587,587,587,587,587,587,587,587,587
970,970,970,969,969,969,968,968,967,967,966
153,153,153,153,153,153,153,153,153,153,153
275,277,278,279,279,280,281,282,283,284,285
1016,1016,1016,1016,1016,1016,1016,1016,1016,1016,1016
436,436,435,434,433,432,431,430,429,428,427
53,53,53,53,53,53,53,53,53,53,53
870,872,873,873,874,875,875,876,877,877,878
748,748,748,748,748,748,748,748,748,748,748
7,7,7,7,7,7,7,7,6,6,6
587,587,587,587,587,587,587,587,587,587,587
970,971,970,970,969,969,968,968,967,967,967
153,153,153,153,153,153,153,153,153,153,153
275,276,277,278,279,280,281,282,282,283,284
1016,1016,1016,1016,1016,1016,1016,1016,1016,1016,1016
437,437,436,435,434,433,432,431,430,429,428
53,53,53,53,53,53,53,53,53,53,53
870,871,872,873,873,874,875,876,876,877,878
749,749,749,749,749,749,749,749,749,749,749
7,8,7,7,7,7,7,7,6,6,6
586,586,586,586,586,586,586,586,586,586,586
970,971,970,970,969,969,969,968,968,967,967
153,153,153,153,153,153,153,153,153,153,153
274,276,277,278,278,279,280,281,282,283,284
1016,1016,1016,1016,1016,1016,1016,1016,1016,1016,1016
437,437,436,435,434,433,432,431,431,430,429
53,53,53,53,53,53,53,53,53,53,53
869,871,872,872,873,874,874,875,876,876,877
749,749,749,749,749,749,749,749,749,749,749
7,8,7,7,7,7,7,7,7,6,6
586,586,586,586,586,586,586,586,586,586,586
970,971,971,970,970,969,969,968,968,968,967
154,154,154,154,154,154,154,154,154,154,154
273,275,276,277,278,279,280,280,281,282,283
1016,1016,1016,1016,1016,1016,1016,1016,1016,1016,1016
438,438,437,436,435,434,433,432,431,430,429
52,52,52,52,52,52,52,52,52,52,52
869,871,871,872,873,873,874,875,875,876,877
750,750,750,750,750,750,750,750,750,750,750
7,8,8,7,7,7,7,7,7,6,6
585,585,585,585,585,585,585,585,585,585,585
971,971,971,970,970,970,969,969,968,968,967
154,154,154,154,154,154,154,154,154,154,154
273,275,276,277,277,278,279,280,281,282,283
1016,1016,1016,1016,1016,1016,1016,1016,1016,1016,1016
438,438,437,436,435,435,434,433,432,431,430
52,52,52,52,52,52,52,52,52,52,52
868,870,871,872,872,873,874,874,875,876,876
750,750,750,750,750,750,750,750,750,750,750
7,8,8,7,7,7,7,7,7,7,6
584,584,584,584,584,584,584,584,584,584,584
971,972,971,971,970,970,969,969,969,968,968
155,155,155,155,155,155,155,155,155,155,155
272,274,275,276,277,278,279,279,280,281,282
1016,1016,1016,1016,1016,1016,1016,1016,1016,1016,1016
439,439,438,437,436,435,434,433,432,431,430
52,52,52,52,52,52,52,52,52,52,52
868,870,870,871,872,873,873,874,875,875,876
751,751,751,751,751,751,751,751,751,751,751
7,8,8,8,7,7,7,7,7,7,7
584,584,584,584,584,584,584,584,584,584,584
971,972,971,971,971,970,970,969,969,968,968
155,155,155,155,155,155,155,155,155,155,155
272,274,275,275,276,277,278,279,280,281,281
1016,1016,1016,1016,1016,1016,1016,1016,1016,1016,1016
439,440,439,438,437,436,435,434,433,432,431
52,52,52,52,52,52,52,52,52,52,52
868,869,870,871,871,872,873,873,874,875,876
751,751,751,751,751,751,751,751,751,751,751
7,8,8,8,8,7,7,7,7,7,7
583,583,583,583,583,583,583,583,583,583,583
972,972,972,971,971,970,970,969,969,969,968
156,156,156,156,156,156,156,156,156,156,156
271,273,274,275,276,277,278,278,279,280,281
1016,1016,1016,1016,1016,1016,1016,1016,1016,1016,1016
440,440,439,438,437,436,435,434,433,432,432
51,51,51,51,51,51,51,51,51,51,51
867,869,870,870,871,872,872,873,874,874,875
752,752,752,752,752,752,752,752,752,752,752
7,8,8,8,8,7,7,7,7,7,7
583,583,583,583,583,583,583,583,583,583,583
972,972,972,971,971,971,970,970,969,969,968
156,156,156,156,156,156,156,156,156,156,156
271,273,274,274,275,276,277,278,279,280,280
1016,1016,1016,1016,1016,1016,1016,1016,1016,1016,1016
441,441,440,439,438,437,436,435,434,433,432
51,51,51,51,51,51,51,51,51,51,51
867,868,869,870,871,871,872,873,873,874,875
752,752,752,752,752,752,752,752,752,752,752
7,8,8,8,8,8,7,7,7,7,7
582,582,582,582,582,582,582,582,582,582,582
972,973,972,972,971,971,970,970,970,969,969
156,156,156,156,156,156,156,156,156,156,156
270,272,273,274,275,276,276,277,278,279,280
1016,1016,1016,1016,1016,1016,1016,1016,1016,1016,1016
441,441,440,439,438,437,437,436,435,434,433
51,51,51,51,51,51,51,51,51,51,51
866,868,869,869,870,871,872,872,873,874,874
753,753,753,753,753,753,753,753,753,753,753
7,8,8,8,8,8,8,7,7,7,7
581,581,581,581,581,581,581,581,581,581,581
972,973,972,972,972,971,971,970,970,969,969
157,157,157,157,157,157,157,157,157,157,157
270,272,273,273,274,275,276,277,278,279,279
1015,1015,1015,1015,1015,1015,1015,1015,1015,1015,1015
442,442,441,440,439,438,437,436,435,434,433
51,51,51,51,51,51,51,51,51,51,51
866,868,868,869,870,870,871,872,872,873,874
753,753,753,753,753,753,753,753,753,753,753
8,8,8,8,8,8,8,7,7,7,7
581,581,581,581,581,581,581,581,581,581,581
973,973,973,972,972,971,971,971,970,970,969
157,157,157,157,157,157,157,157,157,157,157
269,271,272,273,274,275,275,276,277,278,279
1015,1015,1015,1015,1015,1015,1015,1015,1015,1015,1015
442,442,441,441,440,439,438,437,436,435,434
50,50,50,50,50,50,50,50,50,50,50
866,867,868,869,869,870,871,871,872,873,873
754,754,754,754,754,754,754,754,754,754,754
8,9,8,8,8,8,8,8,7,7,7
580,580,580,580,580,580,580,580,580,580,580
973,973,973,973,972,972,971,971,970,970,970
158,158,158,158,158,158,158,158,158,158,158
269,271,271,272,273,274,275,276,277,277,278
1015,1015,1015,1015,1015,1015,1015,1015,1015,1015,1015
443,443,442,441,440,439,438,437,436,435,434
50,50,50,50,50,50,50,50,50,50,50
865,867,867,868,869,870,870,871,872,872,873
754,754,754,754,754,754,754,754,754,754,754
8,9,8,8,8,8,8,8,7,7,7
580,580,580,580,580,580,580,580,580,580,580
973,974,973,973,972,972,972,971,971,970,970
158,158,158,158,158,158,158,158,158,158,158
268,270,271,272,273,274,274,275,276,277,278
1015,1015,1015,1015,1015,1015,1015,1015,1015,1015,1015
444,444,443,442,441,440,439,438,437,436,435
50,50,50,50,50,50,50,50,50,50,50
865,866,867,868,868,869,870,871,871,872,873
755,755,755,755,755,755,755,755,755,755,755
8,9,9,8,8,8,8,8,8,7,7
579,579,579,579,579,579,579,579,579,579,579
973,974,973,973,973,972,972,971,971,970,970
159,159,159,159,159,159,159,159,159,159,159
268,270,270,271,272,273,274,275,276,276,277
1015,1015,1015,1015,1015,1015,1015,1015,1015,1015,1015
444,444,443,442,441,440,439,438,438,437,436
50,50,50,50,50,50,50,50,50,50,50
864,866,867,867,868,869,869,870,871,871,872
756,756,756,756,756,756,756,756,756,756,756
8,9,9,9,8,8,8,8,8,8,7
579,579,579,579,579,579,579,579,579,579,579
974,974,974,973,973,972,972,972,971,971,970
159,159,159,159,159,159,159,159,159,159,159
267,269,270,271,272,272,273,274,275,276,277
1015,1015,1015,1015,1015,1015,1015,1015,1015,1015,1015
445,445,444,443,442,441,440,439,438,437,436
49,49,49,49,49,49,49,49,49,49,49
864,866,866,867,868,868,869,870,870,871,872
756,756,756,756,756,756,756,756,756,756,756
8,9,9,9,8,8,8,8,8,8,7
578,578,578,578,578,578,578,578,578,578,578
974,974,974,974,973,973,972,972,971,971,971
159,159,159,159,159,159,159,159,159,159,159
267,269,269,270,271,272,273,274,275,275,276
1015,1015,1015,1015,1015,1015,1015,1015,1015,1015,1015
445,445,444,443,442,442,441,440,439,438,437
49,49,49,49,49,49,49,49,49,49,49
863,865,866,866,867,868,869,869,870,871,871
757,757,757,757,757,757,757,757,757,757,757
8,9,9,9,9,8,8,8,8,8,8
577,577,577,577,577,577,577,577,577,577,577
974,975,974,974,973,973,973,972,972,971,971
160,160,160,160,160,160,160,160,160,160,160
266,268,269,270,271,271,272,273,274,275,276
1015,1015,1015,1015,1015,1015,1015,1015,1015,1015,1015
446,446,445,444,443,442,441,440,439,438,437
49,49,49,49,49,49,49,49,49,49,49
863,865,865,866,867,867,868,869,870,870,871
757,757,757,757,757,757,757,757,757,757,757
8,9,9,9,9,8,8,8,8,8,8
577,577,577,577,577,577,577,577,577,577,577
974,975,974,974,974,973,973,972,972,972,971
160,160,160,160,160,160,160,160,160,160,160
266,268,268,269,270,271,272,273,273,274,275
1015,1015,1015,1015,1015,1015,1015,1015,1015,1015,1015
446,447,446,445,444,443,442,441,440,439,438
49,49,49,49,49,49,49,49,49,49,49
863,864,865,866,866,867,868,868,869,870,870
758,758,758,758,758,758,758,758,758,758,758
8,9,9,9,9,9,8,8,8,8,8
576,576,576,576,576,576,576,576,576,576,576
975,975,975,974,974,973,973,973,972,972,971
161,161,161,161,161,161,161,161,161,161,161
265,267,268,269,270,270,271,272,273,274,275
1014,1014,1014,1014,1014,1014,1014,1014,1014,1014,1014
447,447,446,445,444,443,442,441,440,439,439
48,48,48,48,48,48,48,48,48,48,48
862,864,864,865,866,867,867,868,869,869,870
758,758,758,758,758,758,758,758,758,758,758
9,9,9,9,9,9,9,8,8,8,8
576,576,576,576,576,576,576,576,576,576,576
975,975,975,975,974,974,973,973,972,972,972
161,161,161,161,161,161,161,161,161,161,161
265,267,267,268,269,270,271,272,272,273,274
1014,1014,1014,1014,1014,1014,1014,1014,1014,1014,1014
448,448,447,446,445,444,443,442,441,440,439
48,48,48,48,48,48,48,48,48,48,48
862,863,864,865,865,866,867,868,868,869,870
759,759,759,759,759,759,759,759,759,759,759
9,9,9,9,9,9,9,8,8,8,8
575,575,575,575,575,575,575,575,575,575,575
975,976,975,975,974,974,974,973,973,972,972
162,162,162,162,162,162,162,162,162,162,162
264,266,267,268,269,269,270,271,272,273,274
1014,1014,1014,1014,1014,1014,1014,1014,1014,1014,1014
448,448,447,446,445,444,443,443,442,441,440
48,48,48,48,48,48,48,48,48,48,48
861,863,864,864,865,866,866,867,868,869,869
759,759,759,759,759,759,759,759,759,759,759
9,10,9,9,9,9,9,9,8,8,8
574,574,574,574,574,574,574,574,574,574,574
975,976,975,975,975,974,974,973,973,973,972
162,162,162,162,162,162,162,162,162,162,162
264,265,266,267,268,269,270,271,271,272,273
1014,1014,1014,1014,1014,1014,1014,1014,1014,1014,1014
449,449,448,447,446,445,444,443,442,441,440
48,48,48,48,48,48,48,48,48,48,48
861,863,863,864,865,865,866,867,867,868,869
760,760,760,760,760,760,760,760,760,760,760
9,10,10,9,9,9,9,9,8,8,8
574,574,574,574,574,574,574,574,574,574,574
976,976,976,975,975,975,974,974,973,973,972
162,162,162,162,162,162,162,162,162,162,162
263,265,266,267,267,268,269,270,271,272,273
1014,1014,1014,1014,1014,1014,1014,1014,1014,1014,1014
449,449,448,448,447,446,445,444,443,442,441
47,47,47,47,47,47,47,47,47,47,47
860,862,863,863,864,865,866,866,867,868,868
760,760,760,760,760,760,760,760,760,760,760
9,10,10,9,9,9,9,9,9,8,8
573,573,573,573,573,573,573,573,573,573,573
976,976,976,976,975,975,974,974,974,973,973
163,163,163,163,163,163,163,163,163,163,163
263,264,265,266,267,268,269,270,270,271,272
1014,1014,1014,1014,1014,1014,1014,1014,1014,1014,1014
450,450,449,448,447,446,445,444,443,442,441
47,47,47,47,47,47,47,47,47,47,47
860,862,862,863,864,864,865,866,867,867,868
761,761,761,761,761,761,761,761,761,761,761
9,10,10,10,9,9,9,9,9,9,8
573,573,573,573,573,573,573,573,573,573,573
976,977,976,976,975,975,975,974,974,973,973
163,163,163,163,163,163,163,163,163,163,163
262,264,265,266,266,267,268,269,270,271,272
1014,1014,1014,1014,1014,1014,1014,1014,1014,1014,1014
451,451,450,449,448,447,446,445,444,443,442
47,47,47,47,47,47,47,47,47,47,47
860,861,862,863,863,864,865,865,866,867,868
761,761,761,761,761,761,761,761,761,761,761
9,10,10,10,10,9,9,9,9,9,8
572,572,572,572,572,572,572,572,572,572,572
976,977,976,976,976,975,975,974,974,974,973
164,164,164,164,164,164,164,164,164,164,164
262,263,264,265,266,267,268,268,269,270,271
1014,1014,1014,1014,1014,1014,1014,1014,1014,1014,1014
451,451,450,449,448,447,446,445,445,444,443
47,47,47,47,47,47,47,47,47,47,47
859,861,861,862,863,864,864,865,866,866,867
762,762,762,762,762,762,762,762,762,762,762
9,10,10,10,10,9,9,9,9,9,9
572,572,572,572,572,572,572,572,572,572,572
977,977,977,976,976,976,975,975,974,974,973
164,164,164,164,164,164,164,164,164,164,164
261,263,264,265,265,266,267,268,269,270,271
1014,1014,1014,1014,1014,1014,1014,1014,1014,1014,1014
452,452,451,450,449,448,447,446,445,444,443
46,46,46,46,46,46,46,46,46,46,46
859,860,861,862,862,863,864,865,865,866,867
762,762,762,762,762,762,762,762,762,762,762
9,10,10,10,10,10,9,9,9,9,9
571,571,571,571,571,571,571,571,571,571,571
977,977,977,977,976,976,975,975,975,974,974
165,165,165,165,165,165,165,165,165,165,165
261,262,263,264,265,266,267,267,268,269,270
1013,1013,1013,1013,1013,1013,1013,1013,1013,1013,1013
452,452,451,450,450,449,448,447,446,445,444
46,46,46,46,46,46,46,46,46,46,46
858,860,861,861,862,863,863,864,865,866,866
763,763,763,763,763,763,763,763,763,763,763
10,10,10,10,10,10,9,9,9,9,9
570,570,570,570,570,570,570,570,570,570,570
977,978,977,977,976,976,976,975,975,974,974
165,165,165,165,165,165,165,165,165,165,165
260,262,263,264,264,265,266,267,268,269,269
1013,1013,1013,1013,1013,1013,1013,1013,1013,1013,1013
453,453,452,451,450,449,448,447,446,445,444
46,46,46,46,46,46,46,46,46,46,46
858,859,860,861,862,862,863,864,864,865,866
763,763,763,763,763,763,763,763,763,763,763
10,11,10,10,10,10,10,9,9,9,9
570,570,570,570,570,570,570,570,570,570,570
977,978,977,977,977,976,976,975,975,975,974
165,165,165,165,165,165,165,165,165,165,165
260,261,262,263,264,265,266,266,267,268,269
1013,1013,1013,1013,1013,1013,1013,1013,1013,1013,1013
454,454,453,452,451,450,449,448,447,446,445
46,46,46,46,46,46,46,46,46,46,46
857,859,860,860,861,862,863,863,864,865,865
764,764,764,764,764,764,764,764,764,764,764
10,11,10,10,10,10,10,10,9,9,9
569,569,569,569,569,569,569,569,569,569,569
978,978,978,977,977,977,976,976,975,975,974
166,166,166,166,166,166,166,166,166,166,166
259,261,262,263,263,264,265,266,267,268,268
1013,1013,1013,1013,1013,1013,1013,1013,1013,1013,1013
454,454,453,452,451,450,449,448,447,446,446
45,45,45,45,45,45,45,45,45,45,45
857,859,859,860,861,861,862,863,864,864,865
764,764,764,764,764,764,764,764,764,764,764
10,11,11,10,10,10,10,10,9,9,9
569,569,569,569,569,569,569,569,569,569,569
978,978,978,978,977,977,976,976,976,975,975
166,166,166,166,166,166,166,166,166,166,166
258,260,261,262,263,264,265,265,266,267,268
1013,1013,1013,1013,1013,1013,1013,1013,1013,1013,1013
455,455,454,453,452,451,450,449,448,447,446
45,45,45,45,45,45,45,45,45,45,45
856,858,859,860,860,861,862,862,863,864,865
765,765,765,765,765,765,765,765,765,765,765
10,11,11,10,10,10,10,10,10,9,9
568,568,568,568,568,568,568,568,568,568,568
978,979,978,978,977,977,977,976,976,975,975
167,167,167,167,167,167,167,167,167,167,167
258,260,261,261,262,263,264,265,266,267,267
1013,1013,1013,1013,1013,1013,1013,1013,1013,1013,1013
455,455,454,453,452,451,451,450,449,448,447
45,45,45,45,45,45,45,45,45,45,45
856,858,858,859,860,861,861,862,863,863,864
765,765,765,765,765,765,765,765,765,765,765
10,11,11,11,10,10,10,10,10,9,9
567,567,567,567,567,567,567,567,567,567,567
978,979,978,978,978,977,977,976,976,976,975
167,167,167,167,167,167,167,167,167,167,167
257,259,260,261,262,263,264,264,265,266,267
1013,1013,1013,1013,1013,1013,1013,1013,1013,1013,1013
456,456,455,454,453,452,451,450,449,448,447
45,45,45,45,45,45,45,45,45,45,45
856,857,858,859,859,860,861,862,862,863,864
766,766,766,766,766,766,766,766,766,766,766
10,11,11,11,11,10,10,10,10,10,9
567,567,567,567,567,567,567,567,567,567,567
979,979,979,978,978,978,977,977,976,976,975
168,168,168,168,168,168,168,168,168,168,168
257,259,260,260,261,262,263,264,265,266,266
1013,1013,1013,1013,1013,1013,1013,1013,1013,1013,1013
456,456,456,455,454,453,452,451,450,449,448
44,44,44,44,44,44,44,44,44,44,44
855,857,858,858,859,860,860,861,862,863,863
766,766,766,766,766,766,766,766,766,766,766
10,11,11,11,11,10,10,10,10,10,10
566,566,566,566,566,566,566,566,566,566,566
979,979,979,979,978,978,977,977,977,976,976
168,168,168,168,168,168,168,168,168,168,168
256,258,259,260,261,262,262,263,264,265,266
1013,1013,1013,1013,1013,1013,1013,1013,1013,1013,1013
457,457,456,455,454,453,452,451,450,449,448
44,44,44,44,44,44,44,44,44,44,44
855,856,857,858,859,859,860,861,861,862,863
767,767,767,767,767,767,767,767,767,767,767
11,11,11,11,11,11,10,10,10,10,10
566,566,566,566,566,566,566,566,566,566,566
979,980,979,979,978,978,978,977,977,976,976
168,168,168,168,168,168,168,168,168,168,168
256,258,259,259,260,261,262,263,264,264,265
1012,1012,1012,1012,1012,1012,1012,1012,1012,1012,1012
458,458,457,456,455,454,453,452,451,450,449
44,44,44,44,44,44,44,44,44,44,44
854,856,857,857,858,859,860,860,861,862,862
767,767,767,767,767,767,767,767,767,767,767
11,11,11,11,11,11,10,10,10,10,10
565,565,565,565,565,565,565,565,565,565,565
979,980,979,979,979,978,978,977,977,977,976
169,169,169,169,169,169,169,169,169,169,169
255,257,258,259,260,261,261,262,263,264,265
1012,1012,1012,1012,1012,1012,1012,1012,1012,1012,1012
458,458,457,456,455,454,453,452,452,451,450
44,44,44,44,44,44,44,44,44,44,44
854,856,856,857,858,858,859,860,861,861,862
768,768,768,768,768,768,768,768,768,768,768
11,12,11,11,11,11,11,10,10,10,10
565,565,565,565,565,565,565,565,565,565,565
979,980,980,979,979,978,978,978,977,977,976
169,169,169,169,169,169,169,169,169,169,169
255,257,258,258,259,260,261,262,263,263,264
1012,1012,1012,1012,1012,1012,1012,1012,1012,1012,1012
459,459,458,457,456,455,454,453,452,451,450
43,43,43,43,43,43,43,43,43,43,43
853,855,856,857,857,858,859,859,860,861,862
768,768,768,768,768,768,768,768,768,768,768
11,12,12,11,11,11,11,11,10,10,10
564,564,564,564,564,564,564,564,564,564,564
980,980,980,980,979,979,978,978,978,977,977
170,170,170,170,170,170,170,170,170,170,170
254,256,257,258,259,260,260,261,262,263,264
1012,1012,1012,1012,1012,1012,1012,1012,1012,1012,1012
459,459,458,457,457,456,455,454,453,452,451
43,43,43,43,43,43,43,43,43,43,43
853,855,855,856,857,858,858,859,860,860,861
769,769,769,769,769,769,769,769,769,769,769
11,12,12,11,11,11,11,11,10,10,10
563,563,563,563,563,563,563,563,563,563,563
980,981,980,980,979,979,979,978,978,977,977
170,170,170,170,170,170,170,170,170,170,170
254,256,257,257,258,259,260,261,262,262,263
1012,1012,1012,1012,1012,1012,1012,1012,1012,1012,1012
460,460,459,458,457,456,455,454,453,452,451
43,43,43,43,43,43,43,43,43,43,43
853,854,855,856,856,857,858,859,859,860,861
769,769,769,769,769,769,769,769,769,769,769
11,12,12,12,11,11,11,11,11,10,10
563,563,563,563,563,563,563,563,563,563,563
980,981,980,980,980,979,979,978,978,978,977
171,171,171,171,171,171,171,171,171,171,171
253,255,256,257,258,259,259,260,261,262,263
1012,1012,1012,1012,1012,1012,1012,1012,1012,1012,1012
461,461,460,459,458,457,456,455,454,453,452
43,43,43,43,43,43,43,43,43,43,43
852,854,855,855,856,857,857,858,859,860,860
770,770,770,770,770,770,770,770,770,770,770
11,12,12,12,11,11,11,11,11,10,10
562,562,562,562,562,562,562,562,562,562,562
980,981,981,980,980,979,979,979,978,978,977
171,171,171,171,171,171,171,171,171,171,171
253,255,256,256,257,258,259,260,261,261,262
1012,1012,1012,1012,1012,1012,1012,1012,1012,1012,1012
461,461,460,459,458,457,456,455,454,453,453
42,42,42,42,42,42,42,42,42,42,42
852,853,854,855,856,856,857,858,858,859,860
770,770,770,770,770,770,770,770,770,770,770
11,12,12,12,12,11,11,11,11,11,10
562,562,562,562,562,562,562,562,562,562,562
981,981,981,980,980,980,979,979,979,978,978
172,172,172,172,172,172,172,172,172,172,172
252,254,255,256,257,258,258,259,260,261,262
1012,1012,1012,1012,1012,1012,1012,1012,1012,1012,1012
462,462,461,460,459,458,457,456,455,454,453
42,42,42,42,42,42,42,42,42,42,42
851,853,854,854,855,856,857,857,858,859,859
771,771,771,771,771,771,771,771,771,771,771
12,12,12,12,12,12,11,11,11,11,11
561,561,561,561,561,561,561,561,561,561,561
981,982,981,981,980,980,980,979,979,978,978
172,172,172,172,172,172,172,172,172,172,172
252,254,255,255,256,257,258,259,260,260,261
1011,1011,1011,1011,1011,1011,1011,1011,1011,1011,1011
462,462,461,460,459,458,458,457,456,455,454
42,42,42,42,42,42,42,42,42,42,42
851,852,853,854,855,855,856,857,858,858,859
771,771,771,771,771,771,771,771,771,771,771
12,12,12,12,12,12,11,11,11,11,11
560,560,560,560,560,560,560,560,560,560,560
981,982,981,981,981,980,980,979,979,979,978
172,172,172,172,172,172,172,172,172,172,172
251,253,254,255,256,257,257,258,259,260,261
1011,1011,1011,1011,1011,1011,1011,1011,1011,1011,1011
463,463,462,461,460,459,458,457,456,455,454
42,42,42,42,42,42,42,42,42,42,42
850,852,853,853,854,855,856,856,857,858,859
772,772,772,772,772,772,772,772,772,772,772
12,13,12,12,12,12,12,11,11,11,11
560,560,560,560,560,560,560,560,560,560,560
981,982,982,981,981,980,980,980,979,979,978
173,173,173,173,173,173,173,173,173,173,173
251,253,254,254,255,256,257,258,259,259,260
1011,1011,1011,1011,1011,1011,1011,1011,1011,1011,1011
463,464,463,462,461,460,459,458,457,456,455
42,42,42,42,42,42,42,42,42,42,42
850,852,852,853,854,854,855,856,857,857,858
772,772,772,772,772,772,772,772,772,772,772
12,13,12,12,12,12,12,11,11,11,11
559,559,559,559,559,559,559,559,559,559,559
982,982,982,981,981,981,980,980,979,979,979
173,173,173,173,173,173,173,173,173,173,173
250,252,253,254,255,255,256,257,258,259,260
1011,1011,1011,1011,1011,1011,1011,1011,1011,1011,1011
464,464,463,462,461,460,459,458,457,456,455
41,41,41,41,41,41,41,41,41,41,41
849,851,852,853,853,854,855,855,856,857,858
773,773,773,773,773,773,773,773,773,773,773
12,13,13,12,12,12,12,12,11,11,11
559,559,559,559,559,559,559,559,559,559,559
982,982,982,982,981,981,981,980,980,979,979
174,174,174,174,174,174,174,174,174,174,174
250,252,252,253,254,255,256,257,257,258,259
1011,1011,1011,1011,1011,1011,1011,1011,1011,1011,1011
465,465,464,463,462,461,460,459,458,457,456
41,41,41,41,41,41,41,41,41,41,41
849,851,851,852,853,854,854,855,856,856,857
773,773,773,773,773,773,773,773,773,773,773
12,13,13,13,12,12,12,12,12,11,11
558,558,558,558,558,558,558,558,558,558,558
982,983,982,982,982,981,981,980,980,980,979
174,174,174,174,174,174,174,174,174,174,174
249,251,252,253,254,254,255,256,257,258,259
1011,1011,1011,1011,1011,1011,1011,1011,1011,1011,1011
465,465,464,463,462,461,460,460,459,458,457
41,41,41,41,41,41,41,41,41,41,41
849,850,851,852,852,853,854,855,855,856,857
774,774,774,774,774,774,774,774,774,774,774
12,13,13,13,12,12,12,12,12,11,11
557,557,557,557,557,557,557,557,557,557,557
982,983,983,982,982,981,981,981,980,980,979
175,175,175,175,175,175,175,175,175,175,175
249,251,251,252,253,254,255,256,256,257,258
1011,1011,1011,1011,1011,1011,1011,1011,1011,1011,1011
466,466,465,464,463,462,461,460,459,458,457
41,41,41,41,41,41,41,41,41,41,41
848,850,851,851,852,853,853,854,855,856,856
774,774,774,774,774,774,774,774,774,774,774
12,13,13,13,13,12,12,12,12,12,11
557,557,557,557,557,557,557,557,557,557,557
983,983,983,982,982,982,981,981,980,980,980
175,175,175,175,175,175,175,175,175,175,175
248,250,251,252,253,253,254,255,256,257,258
1010,1010,1010,1010,1010,1010,1010,1010,1010,1010,1010
466,466,465,465,464,463,462,461,460,459,458
40,40,40,40,40,40,40,40,40,40,40
848,849,850,851,852,852,853,854,854,855,856
775,775,775,775,775,775,775,775,775,775,775
13,13,13,13,13,13,12,12,12,12,11
556,556,556,556,556,556,556,556,556,556,556
983,983,983,983,982,982,981,981,981,980,980
176,176,176,176,176,176,176,176,176,176,176
248,250,250,251,252,253,254,255,255,256,257
1010,1010,1010,1010,1010,1010,1010,1010,1010,1010,1010
467,467,466,465,464,463,462,461,460,459,458
40,40,40,40,40,40,40,40,40,40,40
847,849,850,850,851,852,853,853,854,855,855
775,775,775,775,775,775,775,775,775,775,775
13,13,13,13,13,13,12,12,12,12,12
556,556,556,556,556,556,556,556,556,556,556
983,984,983,983,982,982,982,981,981,981,980
176,176,176,176,176,176,176,176,176,176,176
247,249,250,251,252,252,253,254,255,256,257
1010,1010,1010,1010,1010,1010,1010,1010,1010,1010,1010
468,468,467,466,465,464,463,462,461,460,459
40,40,40,40,40,40,40,40,40,40,40
847,849,849,850,851,851,852,853,854,854,855
776,776,776,776,776,776,776,776,776,776,776
13,14,13,13,13,13,13,12,12,12,12
555,555,555,555,555,555,555,555,555,555,555
983,984,983,983,983,982,982,982,981,981,980
176,176,176,176,176,176,176,176,176,176,176
247,249,249,250,251,252,253,254,254,255,256
1010,1010,1010,1010,1010,1010,1010,1010,1010,1010,1010
468,468,467,466,465,464,463,462,461,461,460
40,40,40,40,40,40,40,40,40,40,40
846,848,849,850,850,851,852,852,853,854,855
776,776,776,776,776,776,776,776,776,776,776
13,14,14,13,13,13,13,12,12,12,12
555,555,555,555,555,555,555,555,555,555,555
983,984,984,983,983,983,982,982,981,981,981
177,177,177,177,177,177,177,177,177,177,177
246,248,249,250,251,251,252,253,254,255,256
1010,1010,1010,1010,1010,1010,1010,1010,1010,1010,1010
469,469,468,467,466,465,464,463,462,461,460
39,39,39,39,39,39,39,39,39,39,39
846,848,848,849,850,851,851,852,853,853,854
777,777,777,777,777,777,777,777,777,777,777
13,14,14,13,13,13,13,13,12,12,12
554,554,554,554,554,554,554,554,554,554,554
984,984,984,984,983,983,982,982,982,981,981
177,177,177,177,177,177,177,177,177,177,177
246,248,248,249,250,251,252,253,253,254,255
1010,1010,1010,1010,1010,1010,1010,1010,1010,1010,1010
469,469,468,467,466,466,465,464,463,462,461
39,39,39,39,39,39,39,39,39,39,39
845,847,848,849,849,850,851,852,852,853,854
777,777,777,777,777,777,777,777,777,777,777
13,14,14,14,13,13,13,13,13,12,12
553,553,553,553,553,553,553,553,553,553,553
984,985,984,984,983,983,983,982,982,981,981
178,178,178,178,178,178,178,178,178,178,178
245,247,248,249,250,250,251,252,253,254,255
1010,1010,1010,1010,1010,1010,1010,1010,1010,1010,1010
470,470,469,468,467,466,465,464,463,462,461
39,39,39,39,39,39,39,39,39,39,39
845,847,847,848,849,850,850,851,852,853,853
778,778,778,778,778,778,778,778,778,778,778
13,14,14,14,13,13,13,13,13,12,12
553,553,553,553,553,553,553,553,553,553,553
984,985,984,984,984,983,983,982,982,982,981
178,178,178,178,178,178,178,178,178,178,178
245,247,247,248,249,250,251,252,252,253,254
1010,1010,1010,1010,1010,1010,1010,1010,1010,1010,1010
471,471,470,469,468,467,466,465,464,463,462
39,39,39,39,39,39,39,39,39,39,39
845,846,847,848,848,849,850,851,851,852,853
778,778,778,778,778,778,778,778,778,778,778
14,14,14,14,14,13,13,13,13,13,12
552,552,552,552,552,552,552,552,552,552,552
984,985,985,984,984,983,983,983,982,982,982
179,179,179,179,179,179,179,179,179,179,179
244,246,247,248,249,249,250,251,252,253,254
1009,1009,1009,1009,1009,1009,1009,1009,1009,1009,1009
471,471,470,469,468,467,466,465,464,463,462
39,39,39,39,39,39,39,39,39,39,39
844,846,847,847,848,849,849,850,851,852,852
779,779,779,779,779,779,779,779,779,779,779
14,14,14,14,14,14,13,13,13,13,12
552,552,552,552,552,552,552,552,552,552,552
985,985,985,984,984,984,983,983,983,982,982
179,179,179,179,179,179,179,179,179,179,179
244,246,246,247,248,249,250,251,251,252,253
1009,1009,1009,1009,1009,1009,1009,1009,1009,1009,1009
472,472,471,470,469,468,467,466,465,464,463
38,38,38,38,38,38,38,38,38,38,38
844,845,846,847,848,848,849,850,850,851,852
779,779,779,779,779,779,779,779,779,779,779
14,15,14,14,14,14,13,13,13,13,13
551,551,551,551,551,551,551,551,551,551,551
985,985,985,985,984,984,984,983,983,982,982
180,180,180,180,180,180,180,180,180,180,180
243,245,246,247,248,248,249,250,251,252,253
1009,1009,1009,1009,1009,1009,1009,1009,1009,1009,1009
472,472,471,470,469,468,467,467,466,465,464
38,38,38,38,38,38,38,38,38,38,38
843,845,846,846,847,848,849,849,850,851,852
780,780,780,780,780,780,780,780,780,780,780
14,15,14,14,14,14,14,13,13,13,13
550,550,550,550,550,550,550,550,550,550,550
985,986,985,985,985,984,984,983,983,983,982
180,180,180,180,180,180,180,180,180,180,180
243,245,245,246,247,248,249,250,250,251,252
1009,1009,1009,1009,1009,1009,1009,1009,1009,1009,1009
473,473,472,471,470,469,468,467,466,465,464
38,38,38,38,38,38,38,38,38,38,38
843,844,845,846,847,847,848,849,850,850,851
780,780,780,780,780,780,780,780,780,780,780
14,15,15,14,14,14,14,14,13,13,13
550,550,550,550,550,550,550,550,550,550,550
985,986,986,985,985,984,984,984,983,983,983
180,180,180,180,180,180,180,180,180,180,180
242,244,245,246,247,247,248,249,250,251,252
1009,1009,1009,1009,1009,1009,1009,1009,1009,1009,1009
473,473,473,472,471,470,469,468,467,466,465
38,38,38,38,38,38,38,38,38,38,38
842,844,845,846,846,847,848,848,849,850,851
781,781,781,781,781,781,781,781,781,781,781
14,15,15,15,14,14,14,14,13,13,13
549,549,549,549,549,549,549,549,549,549,549
985,986,986,985,985,985,984,984,983,983,983
181,181,181,181,181,181,181,181,181,181,181
242,244,244,245,246,247,248,249,249,250,251
1009,1009,1009,1009,1009,1009,1009,1009,1009,1009,1009
474,474,473,472,471,470,469,468,467,466,465
37,37,37,37,37,37,37,37,37,37,37
842,844,844,845,846,847,847,848,849,849,850
781,781,781,781,781,781,781,781,781,781,781
14,15,15,15,14,14,14,14,14,13,13
549,549,549,549,549,549,549,549,549,549,549
986,986,986,986,985,985,984,984,984,983,983
181,181,181,181,181,181,181,181,181,181,181
241,243,244,245,246,246,247,248,249,250,251
1009,1009,1009,1009,1009,1009,1009,1009,1009,1009,1009
475,475,474,473,472,471,470,469,468,467,466
37,37,37,37,37,37,37,37,37,37,37
841,843,844,845,845,846,847,848,848,849,850
782,782,782,782,782,782,782,782,782,782,782
14,15,15,15,15,14,14,14,14,13,13
548,548,548,548,548,548,548,548,548,548,548
986,987,986,986,985,985,985,984,984,984,983
182,182,182,182,182,182,182,182,182,182,182
241,243,243,244,245,246,247,248,248,249,250
1008,1008,1008,1008,1008,1008,1008,1008,1008,1008,1008
475,475,474,473,472,471,470,469,469,468,467
37,37,37,37,37,37,37,37,37,37,37
841,843,843,844,845,846,846,847,848,849,849
782,782,782,782,782,782,782,782,782,782,782
15,15,15,15,15,14,14,14,14,14,13
548,548,548,548,548,548,548,548,548,548,548
986,987,986,986,986,985,985,985,984,984,983
182,182,182,182,182,182,182,182,182,182,182
240,242,243,244,245,245,246,247,248,249,250
1008,1008,1008,1008,1008,1008,1008,1008,1008,1008,1008
476,476,475,474,473,472,471,470,469,468,467
37,37,37,37,37,37,37,37,37,37,37
841,842,843,844,844,845,846,847,847,848,849
783,783,783,783,783,783,783,783,783,783,783
15,16,15,15,15,15,14,14,14,14,14
547,547,547,547,547,547,547,547,547,547,547
986,987,987,986,986,986,985,985,984,984,984
183,183,183,183,183,183,183,183,183,183,183
240,242,242,243,244,245,246,247,247,248,249
1008,1008,1008,1008,1008,1008,1008,1008,1008,1008,1008
476,476,475,474,474,473,472,471,470,469,468
37,37,37,37,37,37,37,37,37,37,37
840,842,843,843,844,845,845,846,847,848,848
783,783,783,783,783,783,783,783,783,783,783
15,16,15,15,15,15,15,14,14,14,14
546,546,546,546,546,546,546,546,546,546,546
987,987,987,986,986,986,985,985,985,984,984
183,183,183,183,183,183,183,183,183,183,183
239,241,242,243,244,244,245,246,247,248,248
1008,1008,1008,1008,1008,1008,1008,1008,1008,1008,1008
477,477,476,475,474,473,472,471,470,469,468
36,36,36,36,36,36,36,36,36,36,36
840,841,842,843,844,844,845,846,846,847,848
784,784,784,784,784,784,784,784,784,784,784
15,16,16,15,15,15,15,14,14,14,14
546,546,546,546,546,546,546,546,546,546,546
987,987,987,987,986,986,986,985,985,984,984
184,184,184,184,184,184,184,184,184,184,184
239,241,241,242,243,244,245,246,246,247,248
1008,1008,1008,1008,1008,1008,1008,1008,1008,1008,1008
478,478,477,476,475,474,473,472,471,470,469
36,36,36,36,36,36,36,36,36,36,36
839,841,842,842,843,844,845,845,846,847,848
784,784,784,784,784,784,784,784,784,784,784
15,16,16,15,15,15,15,15,14,14,14
545,545,545,545,545,545,545,545,545,545,545
987,988,987,987,987,986,986,985,985,985,984
184,184,184,184,184,184,184,184,184,184,184
238,240,241,242,243,243,244,245,246,247,247
1008,1008,1008,1008,1008,1008,1008,1008,1008,1008,1008
478,478,477,476,475,474,473,472,471,470,470
36,36,36,36,36,36,36,36,36,36,36
839,840,841,842,843,843,844,845,846,846,847
785,785,785,785,785,785,785,785,785,785,785
15,16,16,16,15,15,15,15,14,14,14
545,545,545,545,545,545,545,545,545,545,545
987,988,988,987,987,986,986,986,985,985,985
185,185,185,185,185,185,185,185,185,185,185
238,240,240,241,242,243,244,245,245,246,247
1008,1008,1008,1008,1008,1008,1008,1008,1008,1008,1008
479,479,478,477,476,475,474,473,472,471,470
36,36,36,36,36,36,36,36,36,36,36
838,840,841,841,842,843,844,844,845,846,847
785,785,785,785,785,785,785,785,785,785,785
15,16,16,16,16,15,15,15,15,14,14
544,544,544,544,544,544,544,544,544,544,544
987,988,988,987,987,987,986,986,986,985,985
185,185,185,185,185,185,185,185,185,185,185
237,239,240,241,242,242,243,244,245,246,246
1007,1007,1007,1007,1007,1007,1007,1007,1007,1007,1007
479,479,478,477,476,476,475,474,473,472,471
35,35,35,35,35,35,35,35,35,35,35
838,840,840,841,842,842,843,844,845,845,846
786,786,786,786,786,786,786,786,786,786,786
16,16,16,16,16,15,15,15,15,15,14
543,543,543,543,543,543,543,543,543,543,543
988,988,988,988,987,987,987,986,986,985,985
185,185,185,185,185,185,185,185,185,185,185
237,239,239,240,241,242,243,244,244,245,246
1007,1007,1007,1007,1007,1007,1007,1007,1007,1007,1007
480,480,479,478,477,476,475,474,473,472,471
35,35,35,35,35,35,35,35,35,35,35
837,839,840,841,841,842,843,844,844,845,846
786,786,786,786,786,786,786,786,786,786,786
16,17,16,16,16,16,15,15,15,15,14
543,543,543,543,543,543,543,543,543,543,543
988,989,988,988,987,987,987,986,986,986,985
186,186,186,186,186,186,186,186,186,186,186
236,238,239,240,241,241,242,243,244,245,245
1007,1007,1007,1007,1007,1007,1007,1007,1007,1007,1007
480,481,480,479,478,477,476,475,474,473,472
35,35,35,35,35,35,35,35,35,35,35
837,839,839,840,841,842,842,843,844,845,845
787,787,787,787,787,787,787,787,787,787,787
16,17,16,16,16,16,16,15,15,15,15
542,542,542,542,542,542,542,542,542,542,542
988,989,988,988,988,987,987,987,986,986,985
186,186,186,186,186,186,186,186,186,186,186
236,238,238,239,240,241,242,243,243,244,245
1007,1007,1007,1007,1007,1007,1007,1007,1007,1007,1007
481,481,480,479,478,477,476,475,474,473,472
35,35,35,35,35,35,35,35,35,35,35
836,838,839,840,840,841,842,843,843,844,845
787,787,787,787,787,787,787,787,787,787,787
16,17,17,16,16,16,16,15,15,15,15
542,542,542,542,542,542,542,542,542,542,542
988,989,989,988,988,988,987,987,986,986,986
187,187,187,187,187,187,187,187,187,187,187
235,237,238,239,240,240,241,242,243,244,244
1007,1007,1007,1007,1007,1007,1007,1007,1007,1007,1007
482,482,481,480,479,478,477,476,475,474,473
35,35,35,35,35,35,35,35,35,35,35
836,838,838,839,840,841,841,842,843,844,844
788,788,788,788,788,788,788,788,788,788,788
16,17,17,17,16,16,16,16,15,15,15
541,541,541,541,541,541,541,541,541,541,541
989,989,989,988,988,988,987,987,987,986,986
187,187,187,187,187,187,187,187,187,187,187
235,237,237,238,239,240,241,242,242,243,244
1007,1007,1007,1007,1007,1007,1007,1007,1007,1007,1007
482,482,481,480,479,478,477,477,476,475,474
34,34,34,34,34,34,34,34,34,34,34
836,837,838,839,839,840,841,842,842,843,844
788,788,788,788,788,788,788,788,788,788,788
16,17,17,17,16,16,16,16,15,15,15
540,540,540,540,540,540,540,540,540,540,540
989,989,989,989,988,988,988,987,987,987,986
188,188,188,188,188,188,188,188,188,188,188
234,236,237,238,239,239,240,241,242,243,243
1007,1007,1007,1007,1007,1007,1007,1007,1007,1007,1007
483,483,482,481,480,479,478,477,476,475,474
34,34,34,34,34,34,34,34,34,34,34
835,837,838,838,839,840,841,841,842,843,843
789,789,789,789,789,789,789,789,789,789,789
17,17,17,17,17,16,16,16,16,15,15
540,540,540,540,540,540,540,540,540,540,540
989,990,989,989,989,988,988,987,987,987,986
188,188,188,188,188,188,188,188,188,188,188
234,236,236,237,238,239,240,241,241,242,243
1006,1006,1006,1006,1006,1006,1006,1006,1006,1006,1006
483,483,483,482,481,480,479,478,477,476,475
34,34,34,34,34,34,34,34,34,34,34
835,836,837,838,839,839,840,841,842,842,843
789,789,789,789,789,789,789,789,789,789,789
17,17,17,17,17,16,16,16,16,16,15
539,539,539,539,539,539,539,539,539,539,539
989,990,989,989,989,988,988,988,987,987,987
189,189,189,189,189,189,189,189,189,189,189
233,235,236,237,238,238,239,240,241,242,242
1006,1006,1006,1006,1006,1006,1006,1006,1006,1006,1006
484,484,483,482,481,480,479,478,477,476,475
34,34,34,34,34,34,34,34,34,34,34
834,836,837,837,838,839,840,840,841,842,843
790,790,790,790,790,790,790,790,790,790,790
17,18,17,17,17,17,16,16,16,16,15
539,539,539,539,539,539,539,539,539,539,539
989,990,990,989,989,989,988,988,988,987,987
189,189,189,189,189,189,189,189,189,189,189
233,235,235,236,237,238,239,240,240,241,242
1006,1006,1006,1006,1006,1006,1006,1006,1006,1006,1006
485,485,484,483,482,481,480,479,478,477,476
34,34,34,34,34,34,34,34,34,34,34
834,835,836,837,838,838,839,840,841,841,842
790,790,790,790,790,790,790,790,790,790,790
17,18,17,17,17,17,17,16,16,16,16
538,538,538,538,538,538,538,538,538,538,538
990,990,990,990,989,989,988,988,988,987,987
190,190,190,190,190,190,190,190,190,190,190
232,234,235,236,237,237,238,239,240,241,241
1006,1006,1006,1006,1006,1006,1006,1006,1006,1006,1006
485,485,484,483,482,481,480,479,478,478,477
33,33,33,33,33,33,33,33,33,33,33
833,835,836,836,837,838,839,839,840,841,842
791,791,791,791,791,791,791,791,791,791,791
17,18,18,17,17,17,17,16,16,16,16
538,538,538,538,538,538,538,538,538,538,538
990,990,990,990,989,989,989,988,988,988,987
190,190,190,190,190,190,190,190,190,190,190
232,234,234,235,236,237,238,239,239,240,241
1006,1006,1006,1006,1006,1006,1006,1006,1006,1006,1006
486,486,485,484,483,482,481,480,479,478,477
33,33,33,33,33,33,33,33,33,33,33
833,835,835,836,837,838,838,839,840,840,841
791,791,791,791,791,791,791,791,791,791,791
17,18,18,18,17,17,17,17,16,16,16
537,537,537,537,537,537,537,537,537,537,537
990,991,990,990,990,989,989,989,988,988,987
190,190,190,190,190,190,190,190,190,190,190
231,233,234,235,236,236,237,238,239,240,240
1006,1006,1006,1006,1006,1006,1006,1006,1006,1006,1006
486,486,485,484,484,483,482,481,480,479,478
33,33,33,33,33,33,33,33,33,33,33
832,834,835,836,836,837,838,839,839,840,841
792,792,792,792,792,792,792,792,792,792,792
17,18,18,18,17,17,17,17,16,16,16
536,536,536,536,536,536,536,536,536,536,536
990,991,991,990,990,989,989,989,988,988,988
191,191,191,191,191,191,191,191,191,191,191
231,233,233,234,235,236,237,238,238,239,240
1005,1005,1005,1005,1005,1005,1005,1005,1005,1005,1005
487,487,486,485,484,483,482,481,480,479,478
33,33,33,33,33,33,33,33,33,33,33
832,834,834,835,836,837,837,838,839,840,840
792,792,792,792,792,792,792,792,792,792,792
18,18,18,18,18,17,17,17,17,16,16
536,536,536,536,536,536,536,536,536,536,536
990,991,991,990,990,990,989,989,989,988,988
191,191,191,191,191,191,191,191,191,191,191
230,232,233,234,235,235,236,237,238,239,239
1005,1005,1005,1005,1005,1005,1005,1005,1005,1005,1005
488,488,487,486,485,484,483,482,481,480,479
32,32,32,32,32,32,32,32,32,32,32
831,833,834,835,835,836,837,838,838,839,840
793,793,793,793,793,793,793,793,793,793,793
18,19,18,18,18,17,17,17,17,17,16
535,535,535,535,535,535,535,535,535,535,535
991,991,991,991,990,990,990,989,989,989,988
192,192,192,192,192,192,192,192,192,192,192
230,232,232,233,234,235,236,237,237,238,239
1005,1005,1005,1005,1005,1005,1005,1005,1005,1005,1005
488,488,487,486,485,484,483,482,481,480,480
32,32,32,32,32,32,32,32,32,32,32
831,833,833,834,835,836,836,837,838,839,839
793,793,793,793,793,793,793,793,793,793,793
18,19,18,18,18,18,17,17,17,17,16
535,535,535,535,535,535,535,535,535,535,535
991,992,991,991,990,990,990,989,989,989,988
192,192,192,192,192,192,192,192,192,192,192
229,231,232,233,234,234,235,236,237,238,238
1005,1005,1005,1005,1005,1005,1005,1005,1005,1005,1005
489,489,488,487,486,485,484,483,482,481,480
32,32,32,32,32,32,32,32,32,32,32
830,832,833,834,834,835,836,837,837,838,839
794,794,794,794,794,794,794,794,794,794,794
18,19,19,18,18,18,18,17,17,17,17
534,534,534,534,534,534,534,534,534,534,534
991,992,991,991,991,990,990,990,989,989,989
193,193,193,193,193,193,193,193,193,193,193
229,231,231,232,233,234,235,236,236,237,238
1005,1005,1005,1005,1005,1005,1005,1005,1005,1005,1005
489,489,488,487,486,485,485,484,483,482,481
32,32,32,32,32,32,32,32,32,32,32
830,832,833,833,834,835,836,836,837,838,839
794,794,794,794,794,794,794,794,794,794,794
18,19,19,18,18,18,18,17,17,17,17
533,533,533,533,533,533,533,533,533,533,533
991,992,992,991,991,991,990,990,990,989,989
193,193,193,193,193,193,193,193,193,193,193
228,230,231,232,233,233,234,235,236,237,237
1005,1005,1005,1005,1005,1005,1005,1005,1005,1005,1005
490,490,489,488,487,486,485,484,483,482,481
32,32,32,32,32,32,32,32,32,32,32
830,831,832,833,834,834,835,836,837,837,838
795,795,795,795,795,795,795,795,795,795,795
18,19,19,19,18,18,18,18,17,17,17
533,533,533,533,533,533,533,533,533,533,533
991,992,992,991,991,991,990,990,990,989,989
194,194,194,194,194,194,194,194,194,194,194
228,230,231,231,232,233,234,235,235,236,237
1005,1005,1005,1005,1005,1005,1005,1005,1005,1005,1005
490,491,490,489,488,487,486,485,484,483,482
31,31,31,31,31,31,31,31,31,31,31
829,831,832,832,833,834,835,835,836,837,838
795,795,795,795,795,795,795,795,795,795,795
19,19,19,19,19,18,18,18,18,17,17
532,532,532,532,532,532,532,532,532,532,532
992,992,992,992,991,991,991,990,990,990,989
194,194,194,194,194,194,194,194,194,194,194
227,229,230,231,232,232,233,234,235,236,236
1004,1004,1004,1004,1004,1004,1004,1004,1004,1004,1004
491,491,490,489,488,487,486,485,484,483,482
31,31,31,31,31,31,31,31,31,31,31
829,830,831,832,833,833,834,835,836,836,837
796,796,796,796,796,796,796,796,796,796,796
19,19,19,19,19,18,18,18,18,17,17
532,532,532,532,532,532,532,532,532,532,532
992,993,992,992,992,991,991,990,990,990,989
195,195,195,195,195,195,195,195,195,195,195
227,229,230,230,231,232,233,234,234,235,236
1004,1004,1004,1004,1004,1004,1004,1004,1004,1004,1004
492,492,491,490,489,488,487,486,485,484,483
31,31,31,31,31,31,31,31,31,31,31
828,830,831,831,832,833,834,834,835,836,837
796,796,796,796,796,796,796,796,796,796,796
19,20,19,19,19,19,18,18,18,18,17
531,531,531,531,531,531,531,531,531,531,531
992,993,992,992,992,991,991,991,990,990,990
195,195,195,195,195,195,195,195,195,195,195
226,228,229,230,231,231,232,233,234,235,235
1004,1004,1004,1004,1004,1004,1004,1004,1004,1004,1004
492,492,491,490,489,488,487,487,486,485,484
31,31,31,31,31,31,31,31,31,31,31
828,829,830,831,832,832,833,834,835,835,836
797,797,797,797,797,797,797,797,797,797,797
19,20,19,19,19,19,18,18,18,18,17
530,530,530,530,530,530,530,530,530,530,530
992,993,993,992,992,992,991,991,991,990,990
196,196,196,196,196,196,196,196,196,196,196
226,228,229,229,230,231,232,233,233,234,235
1004,1004,1004,1004,1004,1004,1004,1004,1004,1004,1004
493,493,492,491,490,489,488,487,486,485,484
31,31,31,31,31,31,31,31,31,31,31
827,829,830,831,831,832,833,834,834,835,836
797,797,797,797,797,797,797,797,797,797,797
19,20,20,19,19,19,19,18,18,18,18
530,530,530,530,530,530,530,530,530,530,530
992,993,993,992,992,992,991,991,991,990,990
196,196,196,196,196,196,196,196,196,196,196
225,227,228,229,230,230,231,232,233,234,235
1004,1004,1004,1004,1004,1004,1004,1004,1004,1004,1004
493,493,493,492,491,490,489,488,487,486,485
30,30,30,30,30,30,30,30,30,30,30
827,829,829,830,831,832,832,833,834,835,835
798,798,798,798,798,798,798,798,798,798,798
19,20,20,20,19,19,19,19,18,18,18
529,529,529,529,529,529,529,529,529,529,529
993,993,993,993,992,992,992,991,991,991,990
196,196,196,196,196,196,196,196,196,196,196
225,227,228,228,229,230,231,232,232,233,234
1004,1004,1004,1004,1004,1004,1004,1004,1004,1004,1004
494,494,493,492,491,490,489,488,487,486,485
30,30,30,30,30,30,30,30,30,30,30
826,828,829,830,830,831,832,833,833,834,835
798,798,798,798,798,798,798,798,798,798,798
20,20,20,20,19,19,19,19,18,18,18
529,529,529,529,529,529,529,529,529,529,529
993,994,993,993,993,992,992,992,991,991,991
197,197,197,197,197,197,197,197,197,197,197
224,226,227,228,229,229,230,231,232,233,234
1003,1003,1003,1003,1003,1003,1003,1003,1003,1003,1003
495,495,494,493,492,491,490,489,488,487,486
30,30,30,30,30,30,30,30,30,30,30
826,828,828,829,830,831,831,832,833,834,834
799,799,799,799,799,799,799,799,799,799,799
20,20,20,20,20,19,19,19,19,18,18
528,528,528,528,528,528,528,528,528,528,528
993,994,993,993,993,992,992,992,991,991,991
197,197,197,197,197,197,197,197,197,197,197
224,226,227,227,228,229,230,231,231,232,233
1003,1003,1003,1003,1003,1003,1003,1003,1003,1003,1003
495,495,494,493,492,491,490,489,488,488,487
30,30,30,30,30,30,30,30,30,30,30
825,827,828,829,829,830,831,832,832,833,834
799,799,799,799,799,799,799,799,799,799,799
20,21,20,20,20,20,19,19,19,18,18
527,527,527,527,527,527,527,527,527,527,527
993,994,994,993,993,993,992,992,992,991,991
198,198,198,198,198,198,198,198,198,198,198
223,225,226,227,228,229,229,230,231,232,233
1003,1003,1003,1003,1003,1003,1003,1003,1003,1003,1003
496,496,495,494,493,492,491,490,489,488,487
30,30,30,30,30,30,30,30,30,30,30
825,827,827,828,829,830,830,831,832,833,833
800,800,800,800,800,800,800,800,800,800,800
20,21,20,20,20,20,19,19,19,19,18
527,527,527,527,527,527,527,527,527,527,527
993,994,994,993,993,993,992,992,992,991,991
198,198,198,198,198,198,198,198,198,198,198
223,225,226,226,227,228,229,230,230,231,232
1003,1003,1003,1003,1003,1003,1003,1003,1003,1003,1003
496,496,495,494,494,493,492,491,490,489,488
29,29,29,29,29,29,29,29,29,29,29
824,826,827,828,828,829,830,831,832,832,833
800,800,800,800,800,800,800,800,800,800,800
20,21,21,20,20,20,20,19,19,19,19
526,526,526,526,526,526,526,526,526,526,526
994,994,994,994,993,993,993,992,992,992,991
199,199,199,199,199,199,199,199,199,199,199
223,224,225,226,227,228,228,229,230,231,232
1003,1003,1003,1003,1003,1003,1003,1003,1003,1003,1003
497,497,496,495,494,493,492,491,490,489,488
29,29,29,29,29,29,29,29,29,29,29
824,826,827,827,828,829,830,830,831,832,833
801,801,801,801,801,801,801,801,801,801,801
20,21,21,21,20,20,20,19,19,19,19
526,526,526,526,526,526,526,526,526,526,526
994,995,994,994,994,993,993,993,992,992,992
199,199,199,199,199,199,199,199,199,199,199
222,224,225,225,226,227,228,229,229,230,231
1003,1003,1003,1003,1003,1003,1003,1003,1003,1003,1003
498,498,497,496,495,494,493,492,491,490,489
29,29,29,29,29,29,29,29,29,29,29
824,825,826,827,828,828,829,830,831,831,832
801,801,801,801,801,801,801,801,801,801,801
20,21,21,21,20,20,20,20,19,19,19
525,525,525,525,525,525,525,525,525,525,525
994,995,994,994,994,993,993,993,992,992,992
200,200,200,200,200,200,200,200,200,200,200
222,223,224,225,226,227,227,228,229,230,231
1002,1002,1002,1002,1002,1002,1002,1002,1002,1002,1002
498,498,497,496,495,494,493,492,491,490,490
29,29,29,29,29,29,29,29,29,29,29
823,825,826,826,827,828,829,829,830,831,832
802,802,802,802,802,802,802,802,802,802,802
21,21,21,21,21,20,20,20,20,19,19
525,525,525,525,525,525,525,525,525,525,525
994,995,995,994,994,994,993,993,993,992,992
200,200,200,200,200,200,200,200,200,200,200
221,223,224,224,225,226,227,228,228,229,230
1002,1002,1002,1002,1002,1002,1002,1002,1002,1002,1002
499,499,498,497,496,495,494,493,492,491,490
29,29,29,29,29,29,29,29,29,29,29
823,824,825,826,827,827,828,829,830,830,831
802,802,802,802,802,802,802,802,802,802,802
21,22,21,21,21,20,20,20,20,19,19
524,524,524,524,524,524,524,524,524,524,524
994,995,995,994,994,994,994,993,993,993,992
201,201,201,201,201,201,201,201,201,201,201
221,222,223,224,225,226,226,227,228,229,230
1002,1002,1002,1002,1002,1002,1002,1002,1002,1002,1002
499,499,498,497,496,496,495,494,493,492,491
28,28,28,28,28,28,28,28,28,28,28
822,824,825,825,826,827,828,828,829,830,831
803,803,803,803,803,803,803,803,803,803,803
21,22,21,21,21,21,20,20,20,20,19
523,523,523,523,523,523,523,523,523,523,523
995,995,995,995,994,994,994,993,993,993,992
201,201,201,201,201,201,201,201,201,201,201
220,222,223,223,224,225,226,227,227,228,229
1002,1002,1002,1002,1002,1002,1002,1002,1002,1002,1002
500,500,499,498,497,496,495,494,493,492,491
28,28,28,28,28,28,28,28,28,28,28
822,823,824,825,826,826,827,828,829,830,830
803,803,803,803,803,803,803,803,803,803,803
21,22,22,21,21,21,21,20,20,20,19
523,523,523,523,523,523,523,523,523,523,523
995,996,995,995,995,994,994,994,993,993,993
202,202,202,202,202,202,202,202,202,202,202
220,221,222,223,224,225,225,226,227,228,229
1002,1002,1002,1002,1002,1002,1002,1002,1002,1002,1002
501,501,500,499,498,497,496,495,494,493,492
28,28,28,28,28,28,28,28,28,28,28
821,823,824,824,825,826,827,828,828,829,830
804,804,804,804,804,804,804,804,804,804,804
21,22,22,22,21,21,21,20,20,20,20
522,522,522,522,522,522,522,522,522,522,522
995,996,995,995,995,994,994,994,993,993,993
202,202,202,202,202,202,202,202,202,202,202
219,221,222,223,223,224,225,226,227,227,228
1002,1002,1002,1002,1002,1002,1002,1002,1002,1002,1002
501,501,500,499,498,497,496,495,494,493,492
28,28,28,28,28,28,28,28,28,28,28
821,822,823,824,825,826,826,827,828,829,829
804,804,804,804,804,804,804,804,804,804,804
22,22,22,22,21,21,21,21,20,20,20
522,522,522,522,522,522,522,522,522,522,522
995,996,996,995,995,995,994,994,994,993,993
203,203,203,203,203,203,203,203,203,203,203
219,220,221,222,223,224,224,225,226,227,228
1001,1001,1001,1001,1001,1001,1001,1001,1001,1001,1001
502,502,501,500,499,498,497,496,495,494,493
28,28,28,28,28,28,28,28,28,28,28
820,822,823,824,824,825,826,827,827,828,829
805,805,805,805,805,805,805,805,805,805,805
22,22,22,22,22,21,21,21,20,20,20
521,521,521,521,521,521,521,521,521,521,521
995,996,996,995,995,995,995,994,994,994,993
203,203,203,203,203,203,203,203,203,203,203
218,220,221,222,222,223,224,225,226,226,227
1001,1001,1001,1001,1001,1001,1001,1001,1001,1001,1001
502,502,501,500,499,498,497,497,496,495,494
27,27,27,27,27,27,27,27,27,27,27
820,822,822,823,824,825,825,826,827,828,828
805,805,805,805,805,805,805,805,805,805,805
22,23,22,22,22,21,21,21,21,20,20
520,520,520,520,520,520,520,520,520,520,520
996,996,996,996,995,995,995,994,994,994,993
203,203,203,203,203,203,203,203,203,203,203
218,219,220,221,222,223,223,224,225,226,227
1001,1001,1001,1001,1001,1001,1001,1001,1001,1001,1001
503,503,502,501,500,499,498,497,496,495,494
27,27,27,27,27,27,27,27,27,27,27
819,821,822,823,823,824,825,826,826,827,828
806,806,806,806,806,806,806,806,806,806,806
22,23,22,22,22,22,21,21,21,21,20
520,520,520,520,520,520,520,520,520,520,520
996,997,996,996,996,995,995,995,994,994,994
204,204,204,204,204,204,204,204,204,204,204
217,219,220,221,221,222,223,224,225,225,226
1001,1001,1001,1001,1001,1001,1001,1001,1001,1001,1001
503,503,503,502,501,500,499,498,497,496,495
27,27,27,27,27,27,27,27,27,27,27
819,821,821,822,823,824,824,825,826,827,827
806,806,806,806,806,806,806,806,806,806,806
22,23,23,22,22,22,22,21,21,21,20
519,519,519,519,519,519,519,519,519,519,519
996,997,996,996,996,995,995,995,994,994,994
204,204,204,204,204,204,204,204,204,204,204
217,219,219,220,221,222,222,223,224,225,226
1001,1001,1001,1001,1001,1001,1001,1001,1001,1001,1001
504,504,503,502,501,500,499,498,497,496,495
27,27,27,27,27,27,27,27,27,27,27
818,820,821,822,822,823,824,825,826,826,827
807,807,807,807,807,807,807,807,807,807,807
22,23,23,23,22,22,22,21,21,21,21
519,519,519,519,519,519,519,519,519,519,519
996,997,997,996,996,996,995,995,995,994,994
205,205,205,205,205,205,205,205,205,205,205
216,218,219,220,220,221,222,223,224,224,225
1001,1001,1001,1001,1001,1001,1001,1001,1001,1001,1001
505,505,504,503,502,501,500,499,498,497,496
27,27,27,27,27,27,27,27,27,27,27
818,820,820,821,822,823,824,824,825,826,827
807,807,807,807,807,807,807,807,807,807,807
23,23,23,23,22,22,22,22,21,21,21
518,518,518,518,518,518,518,518,518,518,518
996,997,997,996,996,996,995,995,995,995,994
205,205,205,205,205,205,205,205,205,205,205
216,218,218,219,220,221,222,222,223,224,225
1000,1000,1000,1000,1000,1000,1000,1000,1000,1000,1000
505,505,504,503,502,501,500,499,498,498,497
27,27,27,27,27,27,27,27,27,27,27
817,819,820,821,821,822,823,824,825,825,826
807,807,807,807,807,807,807,807,807,807,807
23,23,23,23,23,22,22,22,21,21,21
517,517,517,517,517,517,517,517,517,517,517
997,997,997,997,996,996,996,995,995,995,994
206,206,206,206,206,206,206,206,206,206,206
215,217,218,219,219,220,221,222,223,223,224
1000,1000,1000,1000,1000,1000,1000,1000,1000,1000,1000
506,506,505,504,503,502,501,500,499,498,497
26,26,26,26,26,26,26,26,26,26,26
817,819,819,820,821,822,823,823,824,825,826
808,808,808,808,808,808,808,808,808,808,808
23,24,23,23,23,22,22,22,22,21,21
517,517,517,517,517,517,517,517,517,517,517
997,997,997,997,997,996,996,996,995,995,995
206,206,206,206,206,206,206,206,206,206,206
215,217,217,218,219,220,221,221,222,223,224
1000,1000,1000,1000,1000,1000,1000,1000,1000,1000,1000
506,506,505,505,504,503,502,501,500,499,498
26,26,26,26,26,26,26,26,26,26,26
816,818,819,820,821,821,822,823,824,824,825
808,808,808,808,808,808,808,808,808,808,808
23,24,24,23,23,23,22,22,22,22,21
516,516,516,516,516,516,516,516,516,516,516
997,998,997,997,997,996,996,996,995,995,995
207,207,207,207,207,207,207,207,207,207,207
214,216,217,218,218,219,220,221,222,222,223
1000,1000,1000,1000,1000,1000,1000,1000,1000,1000,1000
507,507,506,505,504,503,502,501,500,499,498
26,26,26,26,26,26,26,26,26,26,26
816,818,819,819,820,821,822,822,823,824,825
809,809,809,809,809,809,809,809,809,809,809
23,24,24,23,23,23,23,22,22,22,21
516,516,516,516,516,516,516,516,516,516,516
997,998,998,997,997,997,996,996,996,995,995
207,207,207,207,207,207,207,207,207,207,207
214,216,216,217,218,219,220,220,221,222,223
1000,1000,1000,1000,1000,1000,1000,1000,1000,1000,1000
508,508,507,506,505,504,503,502,501,500,499
26,26,26,26,26,26,26,26,26,26,26
816,817,818,819,820,820,821,822,823,823,824
809,809,809,809,809,809,809,809,809,809,809
23,24,24,24,23,23,23,22,22,22,22
515,515,515,515,515,515,515,515,515,515,515
997,998,998,997,997,997,996,996,996,996,995
208,208,208,208,208,208,208,208,208,208,208
213,215,216,217,218,218,219,220,221,221,222
999,999,999,999,999,999,999,999,999,999,999
508,508,507,506,505,504,503,502,501,500,500
26,26,26,26,26,26,26,26,26,26,26
815,817,818,818,819,820,821,821,822,823,824
810,810,810,810,810,810,810,810,810,810,810
24,24,24,24,23,23,23,23,22,22,22
515,515,515,515,515,515,515,515,515,515,515
998,998,998,998,997,997,997,996,996,996,995
208,208,208,208,208,208,208,208,208,208,208
213,215,215,216,217,218,219,219,220,221,222
999,999,999,999,999,999,999,999,999,999,999
509,509,508,507,506,505,504,503,502,501,500
25,25,25,25,25,25,25,25,25,25,25
815,816,817,818,819,819,820,821,822,823,823
810,810,810,810,810,810,810,810,810,810,810
24,24,24,24,24,23,23,23,22,22,22
514,514,514,514,514,514,514,514,514,514,514
998,998,998,998,997,997,997,997,996,996,996
209,209,209,209,209,209,209,209,209,209,209
212,214,215,216,217,217,218,219,220,220,221
999,999,999,999,999,999,999,999,999,999,999
509,509,508,507,506,506,505,504,503,502,501
25,25,25,25,25,25,25,25,25,25,25
814,816,817,817,818,819,820,821,821,822,823
811,811,811,811,811,811,811,811,811,811,811
24,25,24,24,24,24,23,23,23,22,22
513,513,513,513,513,513,513,513,513,513,513
998,999,998,998,998,997,997,997,996,996,996
209,209,209,209,209,209,209,209,209,209,209
212,214,214,215,216,217,218,218,219,220,221
999,999,999,999,999,999,999,999,999,999,999
510,510,509,508,507,506,505,504,503,502,501
25,25,25,25,25,25,25,25,25,25,25
814,815,816,817,818,819,819,820,821,822,822
811,811,811,811,811,811,811,811,811,811,811
24,25,25,24,24,24,23,23,23,23,22
513,513,513,513,513,513,513,513,513,513,513
998,999,998,998,998,998,997,997,997,996,996
210,210,210,210,210,210,210,210,210,210,210
211,213,214,215,216,216,217,218,219,220,220
999,999,999,999,999,999,999,999,999,999,999
511,511,510,509,508,507,506,505,504,503,502
25,25,25,25,25,25,25,25,25,25,25
813,815,816,816,817,818,819,820,820,821,822
812,812,812,812,812,812,812,812,812,812,812
24,25,25,24,24,24,24,23,23,23,22
512,512,512,512,512,512,512,512,512,512,512
998,999,999,998,998,998,997,997,997,996,996
210,210,210,210,210,210,210,210,210,210,210
211,213,214,214,215,216,217,217,218,219,220
999,999,999,999,999,999,999,999,999,999,999
511,511,510,509,508,507,506,505,504,503,502
25,25,25,25,25,25,25,25,25,25,25
813,814,815,816,817,818,818,819,820,821,821
812,812,812,812,812,812,812,812,812,812,812
25,25,25,25,24,24,24,23,23,23,23
512,512,512,512,512,512,512,512,512,512,512
998,999,999,999,998,998,998,997,997,997,996
211,211,211,211,211,211,211,211,211,211,211
210,212,213,214,215,215,216,217,218,219,219
998,998,998,998,998,998,998,998,998,998,998
512,512,511,510,509,508,507,506,505,504,503
24,24,24,24,24,24,24,24,24,24,24
812,814,815,816,816,817,818,819,819,820,821
813,813,813,813,813,813,813,813,813,813,813
25,25,25,25,25,24,24,24,23,23,23
511,511,511,511,511,511,511,511,511,511,511
999,999,999,999,998,998,998,997,997,997,997
211,211,211,211,211,211,211,211,211,211,211
210,212,213,213,214,215,216,217,217,218,219
998,998,998,998,998,998,998,998,998,998,998
512,512,511,510,509,508,507,507,506,505,504
24,24,24,24,24,24,24,24,24,24,24
812,813,814,815,816,817,817,818,819,820,820
813,813,813,813,813,813,813,813,813,813,813
25,26,25,25,25,24,24,24,24,23,23
510,510,510,510,510,510,510,510,510,510,510
999,999,999,999,999,998,998,998,997,997,997
212,212,212,212,212,212,212,212,212,212,212
210,211,212,213,214,214,215,216,217,218,218
998,998,998,998,998,998,998,998,998,998,998
513,513,512,511,510,509,508,507,506,505,504
24,24,24,24,24,24,24,24,24,24,24
811,813,814,815,815,816,817,818,818,819,820
814,814,814,814,814,814,814,814,814,814,814
25,26,25,25,25,25,24,24,24,23,23
510,510,510,510,510,510,510,510,510,510,510
999,1000,999,999,999,998,998,998,998,997,997
212,212,212,212,212,212,212,212,212,212,212
209,211,212,212,213,214,215,216,216,217,218
998,998,998,998,998,998,998,998,998,998,998
513,513,513,512,511,510,509,508,507,506,505
24,24,24,24,24,24,24,24,24,24,24
811,813,813,814,815,816,816,817,818,819,820
814,814,814,814,814,814,814,814,814,814,814
25,26,26,25,25,25,24,24,24,24,23
509,509,509,509,509,509,509,509,509,509,509
999,1000,1000,999,999,999,998,998,998,997,997
212,212,212,212,212,212,212,212,212,212,212
209,210,211,212,213,213,214,215,216,217,217
998,998,998,998,998,998,998,998,998,998,998
514,514,513,512,511,510,509,508,507,506,505
24,24,24,24,24,24,24,24,24,24,24
810,812,813,814,814,815,816,817,818,818,819
815,815,815,815,815,815,815,815,815,815,815
25,26,26,26,25,25,25,24,24,24,23
509,509,509,509,509,509,509,509,509,509,509
999,1000,1000,999,999,999,999,998,998,998,997
213,213,213,213,213,213,213,213,213,213,213
208,210,211,211,212,213,214,215,215,216,217
997,997,997,997,997,997,997,997,997,997,997
515,515,514,513,512,511,510,509,508,507,506
24,24,24,24,24,24,24,24,24,24,24
810,812,812,813,814,815,815,816,817,818,819
815,815,815,815,815,815,815,815,815,815,815
26,26,26,26,25,25,25,25,24,24,24
508,508,508,508,508,508,508,508,508,508,508
1000,1000,1000,1000,999,999,999,998,998,998,998
213,213,213,213,213,213,213,213,213,213,213
208,209,210,211,212,213,213,214,215,216,216
997,997,997,997,997,997,997,997,997,997,997
515,515,514,513,512,511,510,509,509,508,507
23,23,23,23,23,23,23,23,23,23,23
809,811,812,813,813,814,815,816,817,817,818
816,816,816,816,816,816,816,816,816,816,816
26,26,26,26,26,25,25,25,24,24,24
507,507,507,507,507,507,507,507,507,507,507
1000,1000,1000,1000,1000,999,999,999,998,998,998
214,214,214,214,214,214,214,214,214,214,214
207,209,210,210,211,212,213,214,214,215,216
997,997,997,997,997,997,997,997,997,997,997
516,516,515,514,513,512,511,510,509,508,507
23,23,23,23,23,23,23,23,23,23,23
809,811,811,812,813,814,815,815,816,817,818
816,816,816,816,816,816,816,816,816,816,816
26,27,26,26,26,25,25,25,25,24,24
507,507,507,507,507,507,507,507,507,507,507
1000,1001,1000,1000,1000,999,999,999,998,998,998
214,214,214,214,214,214,214,214,214,214,214
207,208,209,210,211,212,212,213,214,215,215
997,997,997,997,997,997,997,997,997,997,997
516,516,515,515,514,513,512,511,510,509,508
23,23,23,23,23,23,23,23,23,23,23
808,810,811,812,813,813,814,815,816,816,817
817,817,817,817,817,817,817,817,817,817,817
26,27,27,26,26,26,25,25,25,24,24
506,506,506,506,506,506,506,506,506,506,506
1000,1001,1000,1000,1000,1000,999,999,999,998,998
215,215,215,215,215,215,215,215,215,215,215
206,208,209,210,210,211,212,213,213,214,215
997,997,997,997,997,997,997,997,997,997,997
517,517,516,515,514,513,512,511,510,509,508
23,23,23,23,23,23,23,23,23,23,23
808,810,810,811,812,813,814,814,815,816,817
817,817,817,817,817,817,817,817,817,817,817
26,27,27,26,26,26,26,25,25,25,24
506,506,506,506,506,506,506,506,506,506,506
1000,1001,1001,1000,1000,1000,999,999,999,999,998
215,215,215,215,215,215,215,215,215,215,215
206,208,208,209,210,211,211,212,213,214,215
997,997,997,997,997,997,997,997,997,997,997
518,518,517,516,515,514,513,512,511,510,509
23,23,23,23,23,23,23,23,23,23,23
807,809,810,811,812,812,813,814,815,815,816
817,817,817,817,817,817,817,817,817,817,817
27,27,27,27,26,26,26,25,25,25,25
505,505,505,505,505,505,505,505,505,505,505
1000,1001,1001,1001,1000,1000,1000,999,999,999,998
216,216,216,216,216,216,216,216,216,216,216
205,207,208,209,209,210,211,212,212,213,214
996,996,996,996,996,996,996,996,996,996,996
518,518,517,516,515,514,513,512,511,510,510
23,23,23,23,23,23,23,23,23,23,23
807,809,809,810,811,812,813,813,814,815,816
818,818,818,818,818,818,818,818,818,818,818
27,27,27,27,27,26,26,26,25,25,25
505,505,505,505,505,505,505,505,505,505,505
1001,1001,1001,1001,1000,1000,1000,1000,999,999,999
216,216,216,216,216,216,216,216,216,216,216
205,207,207,208,209,210,210,211,212,213,214
996,996,996,996,996,996,996,996,996,996,996
519,519,518,517,516,515,514,513,512,511,510
22,22,22,22,22,22,22,22,22,22,22
806,808,809,810,811,811,812,813,814,814,815
818,818,818,818,818,818,818,818,818,818,818
27,28,27,27,27,26,26,26,25,25,25
504,504,504,504,504,504,504,504,504,504,504
1001,1001,1001,1001,1001,1000,1000,1000,999,999,999
217,217,217,217,217,217,217,217,217,217,217
204,206,207,208,208,209,210,211,212,212,213
996,996,996,996,996,996,996,996,996,996,996
519,519,518,517,516,516,515,514,513,512,511
22,22,22,22,22,22,22,22,22,22,22
806,808,809,809,810,811,812,812,813,814,815
819,819,819,819,819,819,819,819,819,819,819
27,28,27,27,27,27,26,26,26,25,25
503,503,503,503,503,503,503,503,503,503,503
1001,1002,1001,1001,1001,1000,1000,1000,1000,999,999
217,217,217,217,217,217,217,217,217,217,217
204,206,206,207,208,209,210,210,211,212,213
996,996,996,996,996,996,996,996,996,996,996
520,520,519,518,517,516,515,514,513,512,511
22,22,22,22,22,22,22,22,22,22,22
805,807,808,809,810,810,811,812,813,814,814
819,819,819,819,819,819,819,819,819,819,819
27,28,28,27,27,27,26,26,26,26,25
503,503,503,503,503,503,503,503,503,503,503
1001,1002,1002,1001,1001,1001,1000,1000,1000,999,999
218,218,218,218,218,218,218,218,218,218,218
203,205,206,207,207,208,209,210,211,211,212
996,996,996,996,996,996,996,996,996,996,996
521,521,520,519,518,517,516,515,514,513,512
22,22,22,22,22,22,22,22,22,22,22
805,807,808,808,809,810,811,812,812,813,814
820,820,820,820,820,820,820,820,820,820,820
28,28,28,28,27,27,27,26,26,26,25
502,502,502,502,502,502,502,502,502,502,502
1001,1002,1002,1001,1001,1001,1001,1000,1000,1000,999
218,218,218,218,218,218,218,218,218,218,218
203,205,205,206,207,208,209,209,210,211,212
995,995,995,995,995,995,995,995,995,995,995
521,521,520,519,518,517,516,515,514,513,512
22,22,22,22,22,22,22,22,22,22,22
805,806,807,808,809,809,810,811,812,813,813
820,820,820,820,820,820,820,820,820,820,820
28,28,28,28,27,27,27,27,26,26,26
502,502,502,502,502,502,502,502,502,502,502
1001,1002,1002,1002,1001,1001,1001,1000,1000,1000,1000
219,219,219,219,219,219,219,219,219,219,219
202,204,205,206,207,207,208,209,210,210,211
995,995,995,995,995,995,995,995,995,995,995
522,522,521,520,519,518,517,516,515,514,513
21,21,21,21,21,21,21,21,21,21,21
804,806,807,807,808,809,810,811,811,812,813
821,821,821,821,821,821,821,821,821,821,821
28,29,28,28,28,27,27,27,26,26,26
501,501,501,501,501,501,501,501,501,501,501
1002,1002,1002,1002,1001,1001,1001,1001,1000,1000,1000
219,219,219,219,219,219,219,219,219,219,219
202,204,205,205,206,207,208,208,209,210,211
995,995,995,995,995,995,995,995,995,995,995
522,522,521,520,519,518,518,517,516,515,514
21,21,21,21,21,21,21,21,21,21,21
804,805,806,807,808,808,809,810,811,812,812
821,821,821,821,821,821,821,821,821,821,821
28,29,28,28,28,28,27,27,27,26,26
500,500,500,500,500,500,500,500,500,500,500
1002,1002,1002,1002,1002,1001,1001,1001,1000,1000,1000
220,220,220,220,220,220,220,220,220,220,220
202,203,204,205,206,206,207,208,209,209,210
995,995,995,995,995,995,995,995,995,995,995
523,523,522,521,520,519,518,517,516,515,514
21,21,21,21,21,21,21,21,21,21,21
803,805,806,806,807,808,809,810,810,811,812
822,822,822,822,822,822,822,822,822,822,822
28,29,29,28,28,28,27,27,27,26,26
500,500,500,500,500,500,500,500,500,500,500
1002,1003,1002,1002,1002,1002,1001,1001,1001,1000,1000
220,220,220,220,220,220,220,220,220,220,220
201,203,204,204,205,206,207,207,208,209,210
995,995,995,995,995,995,995,995,995,995,995
523,524,523,522,521,520,519,518,517,516,515
21,21,21,21,21,21,21,21,21,21,21
803,804,805,806,807,808,808,809,810,811,811
822,822,822,822,822,822,822,822,822,822,822
28,29,29,29,28,28,28,27,27,27,26
499,499,499,499,499,499,499,499,499,499,499
1002,1003,1003,1002,1002,1002,1001,1001,1001,1001,1000
221,221,221,221,221,221,221,221,221,221,221
201,202,203,204,205,205,206,207,208,209,209
994,994,994,994,994,994,994,994,994,994,994
524,524,523,522,521,520,519,518,517,516,515
21,21,21,21,21,21,21,21,21,21,21
802,804,805,805,806,807,808,809,809,810,811
823,823,823,823,823,823,823,823,823,823,823
29,29,29,29,28,28,28,27,27,27,27
499,499,499,499,499,499,499,499,499,499,499
1002,1003,1003,1002,1002,1002,1002,1001,1001,1001,1000
221,221,221,221,221,221,221,221,221,221,221
200,202,203,203,204,205,206,206,207,208,209
994,994,994,994,994,994,994,994,994,994,994
525,525,524,523,522,521,520,519,518,517,516
21,21,21,21,21,21,21,21,21,21,21
802,803,804,805,806,807,807,808,809,810,811
823,823,823,823,823,823,823,823,823,823,823
29,30,29,29,29,28,28,28,27,27,27
498,498,498,498,498,498,498,498,498,498,498
1002,1003,1003,1003,1002,1002,1002,1001,1001,1001,1001
222,222,222,222,222,222,222,222,222,222,222
200,201,202,203,204,204,205,206,207,208,208
994,994,994,994,994,994,994,994,994,994,994
525,525,524,523,522,521,520,519,519,518,517
20,20,20,20,20,20,20,20,20,20,20
801,803,804,805,805,806,807,808,808,809,810
824,824,824,824,824,824,824,824,824,824,824
29,30,29,29,29,28,28,28,28,27,27
497,497,497,497,497,497,497,497,497,497,497
1003,1003,1003,1003,1003,1002,1002,1002,1001,1001,1001
222,222,222,222,222,222,222,222,222,222,222
199,201,202,202,203,204,205,206,206,207,208
994,994,994,994,994,994,994,994,994,994,994
526,526,525,524,523,522,521,520,519,518,517
20,20,20,20,20,20,20,20,20,20,20
801,802,803,804,805,806,806,807,808,809,810
824,824,824,824,824,824,824,824,824,824,824
29,30,30,29,29,29,28,28,28,27,27
497,497,497,497,497,497,497,497,497,497,497
1003,1004,1003,1003,1003,1002,1002,1002,1002,1001,1001
223,223,223,223,223,223,223,223,223,223,223
199,200,201,202,203,204,204,205,206,207,207
994,994,994,994,994,994,994,994,994,994,994
526,526,525,525,524,523,522,521,520,519,518
20,20,20,20,20,20,20,20,20,20,20
800,802,803,804,804,805,806,807,807,808,809
825,825,825,825,825,825,825,825,825,825,825
29,30,30,29,29,29,29,28,28,28,27
496,496,496,496,496,496,496,496,496,496,496
1003,1004,1003,1003,1003,1003,1002,1002,1002,1001,1001
223,223,223,223,223,223,223,223,223,223,223
198,200,201,202,202,203,204,205,205,206,207
993,993,993,993,993,993,993,993,993,993,993
527,527,526,525,524,523,522,521,520,519,518
20,20,20,20,20,20,20,20,20,20,20
800,801,802,803,804,805,805,806,807,808,809
825,825,825,825,825,825,825,825,825,825,825
30,30,30,30,29,29,29,28,28,28,27
496,496,496,496,496,496,496,496,496,496,496
1003,1004,1004,1003,1003,1003,1002,1002,1002,1002,1001
224,224,224,224,224,224,224,224,224,224,224
198,200,200,201,202,203,203,204,205,206,206
993,993,993,993,993,993,993,993,993,993,993
528,528,527,526,525,524,523,522,521,520,519
20,20,20,20,20,20,20,20,20,20,20
799,801,802,803,803,804,805,806,807,807,808
825,825,825,825,825,825,825,825,825,825,825
30,31,30,30,30,29,29,29,28,28,28
495,495,495,495,495,495,495,495,495,495,495
1003,1004,1004,1003,1003,1003,1003,1002,1002,1002,1002
224,224,224,224,224,224,224,224,224,224,224
197,199,200,201,201,202,203,204,204,205,206
993,993,993,993,993,993,993,993,993,993,993
528,528,527,526,525,524,523,522,521,521,520
20,20,20,20,20,20,20,20,20,20,20
799,800,801,802,803,804,804,805,806,807,808
826,826,826,826,826,826,826,826,826,826,826
30,31,30,30,30,29,29,29,28,28,28
495,495,495,495,495,495,495,495,495,495,495
1003,1004,1004,1004,1003,1003,1003,1003,1002,1002,1002
225,225,225,225,225,225,225,225,225,225,225
197,199,199,200,201,202,202,203,204,205,206
993,993,993,993,993,993,993,993,993,993,993
529,529,528,527,526,525,524,523,522,521,520
19,19,19,19,19,19,19,19,19,19,19
798,800,801,802,802,803,804,805,806,806,807
826,826,826,826,826,826,826,826,826,826,826
30,31,31,30,30,30,29,29,29,28,28
494,494,494,494,494,494,494,494,494,494,494
1004,1004,1004,1004,1004,1003,1003,1003,1002,1002,1002
225,225,225,225,225,225,225,225,225,225,225
196,198,199,200,200,201,202,203,203,204,205
993,993,993,993,993,993,993,993,993,993,993
529,529,528,527,527,526,525,524,523,522,521
19,19,19,19,19,19,19,19,19,19,19
798,800,800,801,802,803,803,804,805,806,807
827,827,827,827,827,827,827,827,827,827,827
30,31,31,30,30,30,30,29,29,29,28
493,493,493,493,493,493,493,493,493,493,493
1004,1004,1004,1004,1004,1003,1003,1003,1003,1002,1002
226,226,226,226,226,226,226,226,226,226,226
196,198,198,199,200,201,201,202,203,204,205
992,992,992,992,992,992,992,992,992,992,992
530,530,529,528,527,526,525,524,523,522,521
19,19,19,19,19,19,19,19,19,19,19
797,799,800,801,801,802,803,804,805,805,806
827,827,827,827,827,827,827,827,827,827,827
31,31,31,31,30,30,30,29,29,29,28
493,493,493,493,493,493,493,493,493,493,493
1004,1005,1004,1004,1004,1004,1003,1003,1003,1002,1002
226,226,226,226,226,226,226,226,226,226,226
195,197,198,199,199,200,201,202,203,203,204
992,992,992,992,992,992,992,992,992,992,992
531,531,530,529,528,527,526,525,524,523,522
19,19,19,19,19,19,19,19,19,19,19
797,799,799,800,801,802,803,803,804,805,806
828,828,828,828,828,828,828,828,828,828,828
31,32,31,31,31,30,30,30,29,29,29
492,492,492,492,492,492,492,492,492,492,492
1004,1005,1005,1004,1004,1004,1003,1003,1003,1003,1002
227,227,227,227,227,227,227,227,227,227,227
195,197,198,198,199,200,201,201,202,203,204
992,992,992,992,992,992,992,992,992,992,992
531,531,530,529,528,527,526,525,524,523,522
19,19,19,19,19,19,19,19,19,19,19
796,798,799,800,800,801,802,803,804,804,805
828,828,828,828,828,828,828,828,828,828,828
31,32,31,31,31,30,30,30,29,29,29
492,492,492,492,492,492,492,492,492,492,492
1004,1005,1005,1004,1004,1004,1004,1003,1003,1003,1003
227,227,227,227,227,227,227,227,227,227,227
195,196,197,198,199,199,200,201,202,202,203
992,992,992,992,992,992,992,992,992,992,992
532,532,531,530,529,528,527,526,525,524,523
19,19,19,19,19,19,19,19,19,19,19
796,798,798,799,800,801,802,802,803,804,805
829,829,829,829,829,829,829,829,829,829,829
31,32,32,31,31,31,30,30,30,29,29
491,491,491,491,491,491,491,491,491,491,491
1004,1005,1005,1005,1004,1004,1004,1004,1003,1003,1003
227,227,227,227,227,227,227,227,227,227,227
194,196,197,197,198,199,200,200,201,202,203
992,992,992,992,992,992,992,992,992,992,992
532,532,531,530,529,528,528,527,526,525,524
19,19,19,19,19,19,19,19,19,19,19
795,797,798,799,799,800,801,802,803,803,804
829,829,829,829,829,829,829,829,829,829,829
31,32,32,31,31,31,30,30,30,30,29
490,490,490,490,490,490,490,490,490,490,490
1005,1005,1005,1005,1005,1004,1004,1004,1003,1003,1003
228,228,228,228,228,228,228,228,228,228,228
194,195,196,197,198,198,199,200,201,201,202
991,991,991,991,991,991,991,991,991,991,991
533,533,532,531,530,529,528,527,526,525,524
18,18,18,18,18,18,18,18,18,18,18
795,797,797,798,799,800,801,801,802,803,804
830,830,830,830,830,830,830,830,830,830,830
32,32,32,32,31,31,31,30,30,30,29
490,490,490,490,490,490,490,490,490,490,490
1005,1005,1005,1005,1005,1004,1004,1004,1004,1003,1003
228,228,228,228,228,228,228,228,228,228,228
193,195,196,196,197,198,199,199,200,201,202
991,991,991,991,991,991,991,991,991,991,991
533,534,533,532,531,530,529,528,527,526,525
18,18,18,18,18,18,18,18,18,18,18
794,796,797,798,798,799,800,801,802,802,803
830,830,830,830,830,830,830,830,830,830,830
32,33,32,32,32,31,31,31,30,30,30
489,489,489,489,489,489,489,489,489,489,489
1005,1006,1005,1005,1005,1005,1004,1004,1004,1003,1003
229,229,229,229,229,229,229,229,229,229,229
193,194,195,196,197,197,198,199,200,201,201
991,991,991,991,991,991,991,991,991,991,991
534,534,533,532,531,530,529,528,527,526,525
18,18,18,18,18,18,18,18,18,18,18
794,796,796,797,798,799,800,800,801,802,803
831,831,831,831,831,831,831,831,831,831,831
32,33,32,32,32,31,31,31,30,30,30
489,489,489,489,489,489,489,489,489,489,489
1005,1006,1006,1005,1005,1005,1004,1004,1004,1004,1003
229,229,229,229,229,229,229,229,229,229,229
192,194,195,195,196,197,198,199,199,200,201
991,991,991,991,991,991,991,991,991,991,991
535,535,534,533,532,531,530,529,528,527,526
18,18,18,18,18,18,18,18,18,18,18
793,795,796,797,798,798,799,800,801,802,802
831,831,831,831,831,831,831,831,831,831,831
32,33,33,32,32,32,31,31,31,30,30
488,488,488,488,488,488,488,488,488,488,488
1005,1006,1006,1005,1005,1005,1005,1004,1004,1004,1004
230,230,230,230,230,230,230,230,230,230,230
192,194,194,195,196,197,197,198,199,200,200
991,991,991,991,991,991,991,991,991,991,991
535,535,534,533,532,531,530,529,529,528,527
18,18,18,18,18,18,18,18,18,18,18
793,795,795,796,797,798,799,799,800,801,802
831,831,831,831,831,831,831,831,831,831,831
33,33,33,32,32,32,31,31,31,31,30
487,487,487,487,487,487,487,487,487,487,487
1005,1006,1006,1006,1005,1005,1005,1005,1004,1004,1004
230,230,230,230,230,230,230,230,230,230,230
191,193,194,195,195,196,197,198,198,199,200
990,990,990,990,990,990,990,990,990,990,990
536,536,535,534,533,532,531,530,529,528,527
18,18,18,18,18,18,18,18,18,18,18
792,794,795,796,797,797,798,799,800,801,801
832,832,832,832,832,832,832,832,832,832,832
33,33,33,33,32,32,32,31,31,31,30
487,487,487,487,487,487,487,487,487,487,487
1006,1006,1006,1006,1005,1005,1005,1005,1004,1004,1004
231,231,231,231,231,231,231,231,231,231,231
191,193,193,194,195,196,196,197,198,199,199
990,990,990,990,990,990,990,990,990,990,990
536,536,535,535,534,533,532,531,530,529,528
17,17,17,17,17,17,17,17,17,17,17
792,794,794,795,796,797,798,798,799,800,801
832,832,832,832,832,832,832,832,832,832,832
33,34,33,33,33,32,32,32,31,31,31
486,486,486,486,486,486,486,486,486,486,486
1006,1006,1006,1006,1006,1005,1005,1005,1005,1004,1004
231,231,231,231,231,231,231,231,231,231,231
190,192,193,194,194,195,196,197,197,198,199
990,990,990,990,990,990,990,990,990,990,990
537,537,536,535,534,533,532,531,530,529,528
17,17,17,17,17,17,17,17,17,17,17
791,793,794,795,796,796,797,798,799,800,800
833,833,833,833,833,833,833,833,833,833,833
33,34,33,33,33,32,32,32,31,31,31
486,486,486,486,486,486,486,486,486,486,486
1006,1007,1006,1006,1006,1006,1005,1005,1005,1004,1004
232,232,232,232,232,232,232,232,232,232,232
190,192,192,193,194,195,195,196,197,198,198
990,990,990,990,990,990,990,990,990,990,990
538,538,537,536,535,534,533,532,531,530,529
17,17,17,17,17,17,17,17,17,17,17
791,793,793,794,795,796,797,797,798,799,800
833,833,833,833,833,833,833,833,833,833,833
33,34,34,33,33,33,32,32,32,31,31
485,485,485,485,485,485,485,485,485,485,485
1006,1007,1006,1006,1006,1006,1005,1005,1005,1005,1004
232,232,232,232,232,232,232,232,232,232,232
189,191,192,193,193,194,195,196,196,197,198
990,990,990,990,990,990,990,990,990,990,990
538,538,537,536,535,534,533,532,531,531,530
17,17,17,17,17,17,17,17,17,17,17
790,792,793,794,795,795,796,797,798,799,799
834,834,834,834,834,834,834,834,834,834,834
34,34,34,34,33,33,33,32,32,32,31
485,485,485,485,485,485,485,485,485,485,485
1006,1007,1007,1006,1006,1006,1006,1005,1005,1005,1005
233,233,233,233,233,233,233,233,233,233,233
189,191,192,192,193,194,195,195,196,197,198
989,989,989,989,989,989,989,989,989,989,989
539,539,538,537,536,535,534,533,532,531,530
17,17,17,17,17,17,17,17,17,17,17
790,792,792,793,794,795,796,796,797,798,799
834,834,834,834,834,834,834,834,834,834,834
34,34,34,34,33,33,33,32,32,32,31
484,484,484,484,484,484,484,484,484,484,484
1006,1007,1007,1007,1006,1006,1006,1005,1005,1005,1005
233,233,233,233,233,233,233,233,233,233,233
189,190,191,192,193,193,194,195,196,196,197
989,989,989,989,989,989,989,989,989,989,989
539,539,538,537,537,536,535,534,533,532,531
17,17,17,17,17,17,17,17,17,17,17
789,791,792,793,794,794,795,796,797,798,798
835,835,835,835,835,835,835,835,835,835,835
34,35,34,34,34,33,33,33,32,32,32
483,483,483,483,483,483,483,483,483,483,483
1006,1007,1007,1007,1006,1006,1006,1006,1005,1005,1005
234,234,234,234,234,234,234,234,234,234,234
188,190,191,191,192,193,194,194,195,196,197
989,989,989,989,989,989,989,989,989,989,989
540,540,539,538,537,536,535,534,533,532,531
17,17,17,17,17,17,17,17,17,17,17
789,791,791,792,793,794,795,796,796,797,798
835,835,835,835,835,835,835,835,835,835,835
34,35,34,34,34,33,33,33,32,32,32
483,483,483,483,483,483,483,483,483,483,483
1007,1007,1007,1007,1007,1006,1006,1006,1006,1005,1005
234,234,234,234,234,234,234,234,234,234,234
188,189,190,191,192,192,193,194,195,195,196
989,989,989,989,989,989,989,989,989,989,989
541,541,540,539,538,537,536,535,534,533,532
16,16,16,16,16,16,16,16,16,16,16
788,790,791,792,793,793,794,795,796,797,797
836,836,836,836,836,836,836,836,836,836,836
34,35,35,34,34,34,33,33,33,32,32
482,482,482,482,482,482,482,482,482,482,482
1007,1007,1007,1007,1007,1006,1006,1006,1006,1005,1005
235,235,235,235,235,235,235,235,235,235,235
187,189,190,190,191,192,193,193,194,195,196
988,988,988,988,988,988,988,988,988,988,988
541,541,540,539,538,537,536,535,534,533,532
16,16,16,16,16,16,16,16,16,16,16
788,790,790,791,792,793,794,795,795,796,797
836,836,836,836,836,836,836,836,836,836,836
35,35,35,35,34,34,34,33,33,33,32
482,482,482,482,482,482,482,482,482,482,482
1007,1008,1007,1007,1007,1007,1006,1006,1006,1006,1005
235,235,235,235,235,235,235,235,235,235,235
187,188,189,190,191,191,192,193,194,194,195
988,988,988,988,988,988,988,988,988,988,988
542,542,541,540,539,538,537,536,535,534,533
16,16,16,16,16,16,16,16,16,16,16
787,789,790,791,792,792,793,794,795,796,796
837,837,837,837,837,837,837,837,837,837,837
35,35,35,35,34,34,34,33,33,33,32
481,481,481,481,481,481,481,481,481,481,481
1007,1008,1008,1007,1007,1007,1007,1006,1006,1006,1006
236,236,236,236,236,236,236,236,236,236,236
186,188,189,190,190,191,192,193,193,194,195
988,988,988,988,988,988,988,988,988,988,988
542,542,541,540,539,538,538,537,536,535,534
16,16,16,16,16,16,16,16,16,16,16
787,789,790,790,791,792,793,794,794,795,796
837,837,837,837,837,837,837,837,837,837,837
35,36,35,35,35,34,34,34,33,33,33
480,480,480,480,480,480,480,480,480,480,480
1007,1008,1008,1007,1007,1007,1007,1006,1006,1006,1006
236,236,236,236,236,236,236,236,236,236,236
186,188,188,189,190,191,191,192,193,194,194
988,988,988,988,988,988,988,988,988,988,988
543,543,542,541,540,539,538,537,536,535,534
16,16,16,16,16,16,16,16,16,16,16
786,788,789,790,791,791,792,793,794,795,795
837,837,837,837,837,837,837,837,837,837,837
35,36,36,35,35,35,34,34,33,33,33
480,480,480,480,480,480,480,480,480,480,480
1007,1008,1008,1008,1007,1007,1007,1007,1006,1006,1006
237,237,237,237,237,237,237,237,237,237,237
185,187,188,189,189,190,191,192,192,193,194
988,988,988,988,988,988,988,988,988,988,988
543,544,543,542,541,540,539,538,537,536,535
16,16,16,16,16,16,16,16,16,16,16
786,788,789,789,790,791,792,793,793,794,795
838,838,838,838,838,838,838,838,838,838,838
35,36,36,35,35,35,34,34,34,33,33
479,479,479,479,479,479,479,479,479,479,479
1007,1008,1008,1008,1007,1007,1007,1007,1006,1006,1006
237,237,237,237,237,237,237,237,237,237,237
185,187,187,188,189,190,190,191,192,193,193
987,987,987,987,987,987,987,987,987,987,987
544,544,543,542,541,540,539,538,537,536,535
15,15,15,15,15,15,15,15,15,15,15
785,787,788,789,790,790,791,792,793,794,794
838,838,838,838,838,838,838,838,838,838,838
36,36,36,36,35,35,35,34,34,34,33
479,479,479,479,479,479,479,479,479,479,479
1008,1008,1008,1008,1008,1007,1007,1007,1007,1006,1006
238,238,238,238,238,238,238,238,238,238,238
184,186,187,188,188,189,190,191,191,192,193
987,987,987,987,987,987,987,987,987,987,987
545,545,544,543,542,541,540,539,538,537,536
15,15,15,15,15,15,15,15,15,15,15
785,787,788,788,789,790,791,792,792,793,794
839,839,839,839,839,839,839,839,839,839,839
36,37,36,36,35,35,35,34,34,34,33
478,478,478,478,478,478,478,478,478,478,478
1008,1009,1008,1008,1008,1008,1007,1007,1007,1007,1006
238,238,238,238,238,238,238,238,238,238,238
184,186,186,187,188,189,189,190,191,192,192
987,987,987,987,987,987,987,987,987,987,987
545,545,544,543,542,541,540,540,539,538,537
15,15,15,15,15,15,15,15,15,15,15
784,786,787,788,789,789,790,791,792,793,794
839,839,839,839,839,839,839,839,839,839,839
36,37,36,36,36,35,35,35,34,34,34
477,477,477,477,477,477,477,477,477,477,477
1008,1009,1008,1008,1008,1008,1007,1007,1007,1007,1006
239,239,239,239,239,239,239,239,239,239,239
184,185,186,187,188,188,189,190,191,191,192
987,987,987,987,987,987,987,987,987,987,987
546,546,545,544,543,542,541,540,539,538,537
15,15,15,15,15,15,15,15,15,15,15
784,786,787,787,788,789,790,791,791,792,793
840,840,840,840,840,840,840,840,840,840,840
36,37,37,36,36,36,35,35,35,34,34
477,477,477,477,477,477,477,477,477,477,477
1008,1009,1009,1008,1008,1008,1008,1007,1007,1007,1007
239,239,239,239,239,239,239,239,239,239,239
183,185,186,186,187,188,189,189,190,191,192
987,987,987,987,987,987,987,987,987,987,987
546,546,545,545,544,543,542,541,540,539,538
15,15,15,15,15,15,15,15,15,15,15
783,785,786,787,788,788,789,790,791,792,793
840,840,840,840,840,840,840,840,840,840,840
37,37,37,36,36,36,35,35,35,34,34
476,476,476,476,476,476,476,476,476,476,476
1008,1009,1009,1008,1008,1008,1008,1008,1007,1007,1007
240,240,240,240,240,240,240,240,240,240,240
183,184,185,186,187,187,188,189,190,190,191
986,986,986,986,986,986,986,986,986,986,986
547,547,546,545,544,543,542,541,540,539,538
15,15,15,15,15,15,15,15,15,15,15
783,785,786,786,787,788,789,790,790,791,792
841,841,841,841,841,841,841,841,841,841,841
37,37,37,37,36,36,36,35,35,35,34
476,476,476,476,476,476,476,476,476,476,476
1008,1009,1009,1009,1008,1008,1008,1008,1007,1007,1007
240,240,240,240,240,240,240,240,240,240,240
182,184,185,185,186,187,188,188,189,190,191
986,986,986,986,986,986,986,986,986,986,986
548,548,547,546,545,544,543,542,541,540,539
15,15,15,15,15,15,15,15,15,15,15
782,784,785,786,787,787,788,789,790,791,792
841,841,841,841,841,841,841,841,841,841,841
37,38,37,37,37,36,36,36,35,35,34
475,475,475,475,475,475,475,475,475,475,475
1008,1009,1009,1009,1009,1008,1008,1008,1008,1007,1007
241,241,241,241,241,241,241,241,241,241,241
182,183,184,185,186,186,187,188,189,189,190
986,986,986,986,986,986,986,986,986,986,986
548,548,547,546,545,544,543,542,541,541,540
14,14,14,14,14,14,14,14,14,14,14
782,784,785,785,786,787,788,789,789,790,791
841,841,841,841,841,841,841,841,841,841,841
37,38,38,37,37,36,36,36,35,35,35
475,475,475,475,475,475,475,475,475,475,475
1009,1009,1009,1009,1009,1008,1008,1008,1008,1007,1007
241,241,241,241,241,241,241,241,241,241,241
181,183,184,185,185,186,187,187,188,189,190
986,986,986,986,986,986,986,986,986,986,986
549,549,548,547,546,545,544,543,542,541,540
14,14,14,14,14,14,14,14,14,14,14
781,783,784,785,786,786,787,788,789,790,791
842,842,842,842,842,842,842,842,842,842,842
37,38,38,37,37,37,36,36,36,35,35
474,474,474,474,474,474,474,474,474,474,474
1009,1010,1009,1009,1009,1009,1008,1008,1008,1008,1007
242,242,242,242,242,242,242,242,242,242,242
181,183,183,184,185,186,186,187,188,189,189
985,985,985,985,985,985,985,985,985,985,985
549,549,548,547,547,546,545,544,543,542,541
14,14,14,14,14,14,14,14,14,14,14
781,783,784,784,785,786,787,788,788,789,790
842,842,842,842,842,842,842,842,842,842,842
38,38,38,38,37,37,37,36,36,35,35
473,473,473,473,473,473,473,473,473,473,473
1009,1010,1009,1009,1009,1009,1008,1008,1008,1008,1008
242,242,242,242,242,242,242,242,242,242,242
180,182,183,184,184,185,186,187,187,188,189
985,985,985,985,985,985,985,985,985,985,985
550,550,549,548,547,546,545,544,543,542,541
14,14,14,14,14,14,14,14,14,14,14
780,782,783,784,785,785,786,787,788,789,790
843,843,843,843,843,843,843,843,843,843,843
38,39,38,38,37,37,37,36,36,36,35
473,473,473,473,473,473,473,473,473,473,473
1009,1010,1010,1009,1009,1009,1009,1008,1008,1008,1008
243,243,243,243,243,243,243,243,243,243,243
180,182,182,183,184,185,185,186,187,188,188
985,985,985,985,985,985,985,985,985,985,985
551,551,550,549,548,547,546,545,544,543,542
14,14,14,14,14,14,14,14,14,14,14
780,782,783,783,784,785,786,787,787,788,789
843,843,843,843,843,843,843,843,843,843,843
38,39,38,38,38,37,37,37,36,36,36
472,472,472,472,472,472,472,472,472,472,472
1009,1010,1010,1009,1009,1009,1009,1009,1008,1008,1008
243,243,243,243,243,243,243,243,243,243,243
179,181,182,183,183,184,185,186,186,187,188
985,985,985,985,985,985,985,985,985,985,985
551,551,550,549,548,547,546,545,544,543,542
14,14,14,14,14,14,14,14,14,14,14
779,781,782,783,784,784,785,786,787,788,789
844,844,844,844,844,844,844,844,844,844,844
38,39,39,38,38,38,37,37,36,36,36
472,472,472,472,472,472,472,472,472,472,472
1009,1010,1010,1010,1009,1009,1009,1009,1008,1008,1008
244,244,244,244,244,244,244,244,244,244,244
179,181,182,182,183,184,184,185,186,187,187
985,985,985,985,985,985,985,985,985,985,985
552,552,551,550,549,548,547,546,545,544,543
14,14,14,14,14,14,14,14,14,14,14
779,781,782,782,783,784,785,786,786,787,788
844,844,844,844,844,844,844,844,844,844,844
39,39,39,38,38,38,37,37,37,36,36
471,471,471,471,471,471,471,471,471,471,471
1009,1010,1010,1010,1010,1009,1009,1009,1009,1008,1008
244,244,244,244,244,244,244,244,244,244,244
179,180,181,182,183,183,184,185,185,186,187
984,984,984,984,984,984,984,984,984,984,984
552,552,551,550,549,548,548,547,546,545,544
13,13,13,13,13,13,13,13,13,13,13
778,780,781,782,783,783,784,785,786,787,788
845,845,845,845,845,845,845,845,845,845,845
39,39,39,39,38,38,38,37,37,37,36
470,470,470,470,470,470,470,470,470,470,470
1010,1010,1010,1010,1010,1009,1009,1009,1009,1008,1008
245,245,245,245,245,245,245,245,245,245,245
178,180,181,181,182,183,184,184,185,186,187
984,984,984,984,984,984,984,984,984,984,984
553,553,552,551,550,549,548,547,546,545,544
13,13,13,13,13,13,13,13,13,13,13
778,780,781,781,782,783,784,785,785,786,787
845,845,845,845,845,845,845,845,845,845,845
39,40,39,39,39,38,38,37,37,37,36
470,470,470,470,470,470,470,470,470,470,470
1010,1010,1010,1010,1010,1010,1009,1009,1009,1009,1008
245,245,245,245,245,245,245,245,245,245,245
178,179,180,181,182,182,183,184,185,185,186
984,984,984,984,984,984,984,984,984,984,984
553,554,553,552,551,550,549,548,547,546,545
13,13,13,13,13,13,13,13,13,13,13
777,779,780,781,782,782,783,784,785,786,787
846,846,846,846,846,846,846,846,846,846,846
39,40,40,39,39,38,38,38,37,37,37
469,469,469,469,469,469,469,469,469,469,469
1010,1011,1010,1010,1010,1010,1009,1009,1009,1009,1009
246,246,246,246,246,246,246,246,246,246,246
177,179,180,180,181,182,183,183,184,185,186
984,984,984,984,984,984,984,984,984,984,984
554,554,553,552,551,550,549,548,547,546,545
13,13,13,13,13,13,13,13,13,13,13
777,779,780,780,781,782,783,784,784,785,786
846,846,846,846,846,846,846,846,846,846,846
39,40,40,39,39,39,38,38,38,37,37
469,469,469,469,469,469,469,469,469,469,469
1010,1011,1011,1010,1010,1010,1010,1009,1009,1009,1009
246,246,246,246,246,246,246,246,246,246,246
177,179,179,180,181,181,182,183,184,184,185
983,983,983,983,983,983,983,983,983,983,983
555,555,554,553,552,551,550,549,548,547,546
13,13,13,13,13,13,13,13,13,13,13
776,778,779,780,781,781,782,783,784,785,786
846,846,846,846,846,846,846,846,846,846,846
40,40,40,40,39,39,38,38,38,37,37
468,468,468,468,468,468,468,468,468,468,468
1010,1011,1011,1010,1010,1010,1010,1010,1009,1009,1009
247,247,247,247,247,247,247,247,247,247,247
176,178,179,180,180,181,182,182,183,184,185
983,983,983,983,983,983,983,983,983,983,983
555,555,554,553,552,551,550,549,549,548,547
13,13,13,13,13,13,13,13,13,13,13
776,778,779,779,780,781,782,783,783,784,785
847,847,847,847,847,847,847,847,847,847,847
40,41,40,40,39,39,39,38,38,38,37
467,467,467,467,467,467,467,467,467,467,467
1010,1011,1011,1011,1010,1010,1010,1010,1009,1009,1009
247,247,247,247,247,247,247,247,247,247,247
176,178,178,179,180,181,181,182,183,184,184
983,983,983,983,983,983,983,983,983,983,983
556,556,555,554,553,552,551,550,549,548,547
13,13,13,13,13,13,13,13,13,13,13
775,777,778,779,780,780,781,782,783,784,785
847,847,847,847,847,847,847,847,847,847,847
40,41,40,40,40,39,39,39,38,38,37
467,467,467,467,467,467,467,467,467,467,467
1010,1011,1011,1011,1011,1010,1010,1010,1010,1009,1009
248,248,248,248,248,248,248,248,248,248,248
175,177,178,179,179,180,181,182,182,183,184
983,983,983,983,983,983,983,983,983,983,983
556,556,555,555,554,553,552,551,550,549,548
13,13,13,13,13,13,13,13,13,13,13
775,777,778,778,779,780,781,782,782,783,784
848,848,848,848,848,848,848,848,848,848,848
40,41,41,40,40,40,39,39,38,38,38
466,466,466,466,466,466,466,466,466,466,466
1011,1011,1011,1011,1011,1010,1010,1010,1010,1010,1009
248,248,248,248,248,248,248,248,248,248,248
175,177,177,178,179,180,180,181,182,183,183
982,982,982,982,982,982,982,982,982,982,982
557,557,556,555,554,553,552,551,550,549,548
12,12,12,12,12,12,12,12,12,12,12
774,776,777,778,779,779,780,781,782,783,784
848,848,848,848,848,848,848,848,848,848,848
41,41,41,41,40,40,39,39,39,38,38
466,466,466,466,466,466,466,466,466,466,466
1011,1011,1011,1011,1011,1011,1010,1010,1010,1010,1009
249,249,249,249,249,249,249,249,249,249,249
175,176,177,178,179,179,180,181,181,182,183
982,982,982,982,982,982,982,982,982,982,982
558,558,557,556,555,554,553,552,551,550,549
12,12,12,12,12,12,12,12,12,12,12
774,776,776,777,778,779,780,781,781,782,783
849,849,849,849,849,849,849,849,849,849,849
41,41,41,41,40,40,40,39,39,39,38
465,465,465,465,465,465,465,465,465,465,465
1011,1012,1011,1011,1011,1011,1010,1010,1010,1010,1010
249,249,249,249,249,249,249,249,249,249,249
174,176,177,177,178,179,180,180,181,182,182
982,982,982,982,982,982,982,982,982,982,982
558,558,557,556,555,554,553,552,551,551,550
12,12,12,12,12,12,12,12,12,12,12
773,775,776,777,778,778,779,780,781,782,783
849,849,849,849,849,849,849,849,849,849,849
41,42,41,41,41,40,40,39,39,39,38
465,465,465,465,465,465,465,465,465,465,465
1011,1012,1011,1011,1011,1011,1011,1010,1010,1010,1010
250,250,250,250,250,250,250,250,250,250,250
174,175,176,177,178,178,179,180,181,181,182
982,982,982,982,982,982,982,982,982,982,982
559,559,558,557,556,555,554,553,552,551,550
12,12,12,12,12,12,12,12,12,12,12
773,775,775,776,777,778,779,780,780,781,782
850,850,850,850,850,850,850,850,850,850,850
41,42,42,41,41,40,40,40,39,39,39
464,464,464,464,464,464,464,464,464,464,464
1011,1012,1012,1011,1011,1011,1011,1011,1010,1010,1010
250,250,250,250,250,250,250,250,250,250,250
173,175,176,176,177,178,179,179,180,181,182
982,982,982,982,982,982,982,982,982,982,982
559,559,558,557,556,556,555,554,553,552,551
12,12,12,12,12,12,12,12,12,12,12
772,774,775,776,777,777,778,779,780,781,782
850,850,850,850,850,850,850,850,850,850,850
42,42,42,41,41,41,40,40,40,39,39
463,463,463,463,463,463,463,463,463,463,463
1011,1012,1012,1012,1011,1011,1011,1011,1010,1010,1010
251,251,251,251,251,251,251,251,251,251,251
173,175,175,176,177,177,178,179,180,180,181
981,981,981,981,981,981,981,981,981,981,981
560,560,559,558,557,556,555,554,553,552,551
12,12,12,12,12,12,12,12,12,12,12
772,774,774,775,776,777,778,779,779,780,781
850,850,850,850,850,850,850,850,850,850,850
42,42,42,42,41,41,41,40,40,39,39
463,463,463,463,463,463,463,463,463,463,463
1011,1012,1012,1012,1011,1011,1011,1011,1011,1010,1010
251,251,251,251,251,251,251,251,251,251,251
172,174,175,176,176,177,178,178,179,180,181
981,981,981,981,981,981,981,981,981,981,981
561,561,560,559,558,557,556,555,554,553,552
12,12,12,12,12,12,12,12,12,12,12
771,773,774,775,776,776,777,778,779,780,781
851,851,851,851,851,851,851,851,851,851,851
42,43,42,42,42,41,41,40,40,40,39
462,462,462,462,462,462,462,462,462,462,462
1011,1012,1012,1012,1012,1011,1011,1011,1011,1010,1010
252,252,252,252,252,252,252,252,252,252,252
172,174,174,175,176,177,177,178,179,179,180
981,981,981,981,981,981,981,981,981,981,981
561,561,560,559,558,557,556,555,554,553,552
12,12,12,12,12,12,12,12,12,12,12
771,773,773,774,775,776,777,778,778,779,780
851,851,851,851,851,851,851,851,851,851,851
42,43,43,42,42,41,41,41,40,40,39
462,462,462,462,462,462,462,462,462,462,462
1012,1012,1012,1012,1012,1011,1011,1011,1011,1011,1010
252,252,252,252,252,252,252,252,252,252,252
171,173,174,175,175,176,177,178,178,179,180
981,981,981,981,981,981,981,981,981,981,981
562,562,561,560,559,558,557,556,555,554,553
11,11,11,11,11,11,11,11,11,11,11
770,772,773,774,775,775,776,777,778,779,780
852,852,852,852,852,852,852,852,852,852,852
43,43,43,42,42,42,41,41,40,40,40
461,461,461,461,461,461,461,461,461,461,461
1012,1012,1012,1012,1012,1012,1011,1011,1011,1011,1011
253,253,253,253,253,253,253,253,253,253,253
171,173,173,174,175,176,176,177,178,179,179
980,980,980,980,980,980,980,980,980,980,980
562,562,561,560,559,558,558,557,556,555,554
11,11,11,11,11,11,11,11,11,11,11
770,772,772,773,774,775,776,777,777,778,779
852,852,852,852,852,852,852,852,852,852,852
43,43,43,43,42,42,41,41,41,40,40
460,460,460,460,460,460,460,460,460,460,460
1012,1013,1012,1012,1012,1012,1012,1011,1011,1011,1011
253,253,253,253,253,253,253,253,253,253,253
171,172,173,174,175,175,176,177,177,178,179
980,980,980,980,980,980,980,980,980,980,980
563,563,562,561,560,559,558,557,556,555,554
11,11,11,11,11,11,11,11,11,11,11
769,771,772,773,774,774,775,776,777,778,779
853,853,853,853,853,853,853,853,853,853,853
43,44,43,43,42,42,42,41,41,41,40
460,460,460,460,460,460,460,460,460,460,460
1012,1013,1013,1012,1012,1012,1012,1011,1011,1011,1011
254,254,254,254,254,254,254,254,254,254,254
170,172,173,173,174,175,176,176,177,178,178
980,980,980,980,980,980,980,980,980,980,980
563,563,563,562,561,560,559,558,557,556,555
11,11,11,11,11,11,11,11,11,11,11
769,771,771,772,773,774,775,776,776,777,778
853,853,853,853,853,853,853,853,853,853,853
43,44,43,43,43,42,42,42,41,41,40
459,459,459,459,459,459,459,459,459,459,459
1012,1013,1013,1012,1012,1012,1012,1012,1011,1011,1011
254,254,254,254,254,254,254,254,254,254,254
170,171,172,173,174,174,175,176,177,177,178
980,980,980,980,980,980,980,980,980,980,980
564,564,563,562,561,560,559,558,557,556,555
11,11,11,11,11,11,11,11,11,11,11
768,770,771,772,773,773,774,775,776,777,778
853,853,853,853,853,853,853,853,853,853,853
43,44,44,43,43,43,42,42,41,41,41
459,459,459,459,459,459,459,459,459,459,459
1012,1013,1013,1013,1012,1012,1012,1012,1012,1011,1011
255,255,255,255,255,255,255,255,255,255,255
169,171,172,172,173,174,175,175,176,177,178
979,979,979,979,979,979,979,979,979,979,979
565,565,564,563,562,561,560,559,558,557,556
11,11,11,11,11,11,11,11,11,11,11
768,770,770,771,772,773,774,775,775,776,777
854,854,854,854,854,854,854,854,854,854,854
44,44,44,44,43,43,42,42,42,41,41
458,458,458,458,458,458,458,458,458,458,458
1012,1013,1013,1013,1012,1012,1012,1012,1012,1011,1011
256,256,256,256,256,256,256,256,256,256,256
169,171,171,172,173,173,174,175,176,176,177
979,979,979,979,979,979,979,979,979,979,979
565,565,564,563,562,561,560,559,559,558,557
11,11,11,11,11,11,11,11,11,11,11
767,769,770,771,772,772,773,774,775,776,777
854,854,854,854,854,854,854,854,854,854,854
44,45,44,44,43,43,43,42,42,41,41
458,458,458,458,458,458,458,458,458,458,458
1012,1013,1013,1013,1013,1012,1012,1012,1012,1012,1011
256,256,256,256,256,256,256,256,256,256,256
168,170,171,172,172,173,174,174,175,176,177
979,979,979,979,979,979,979,979,979,979,979
566,566,565,564,563,562,561,560,559,558,557
11,11,11,11,11,11,11,11,11,11,11
767,769,769,770,771,772,773,774,774,775,776
855,855,855,855,855,855,855,855,855,855,855
44,45,44,44,44,43,43,42,42,42,41
457,457,457,457,457,457,457,457,457,457,457
1013,1013,1013,1013,1013,1013,1012,1012,1012,1012,1011
257,257,257,257,257,257,257,257,257,257,257
168,170,170,171,172,173,173,174,175,175,176
979,979,979,979,979,979,979,979,979,979,979
566,566,565,564,564,563,562,561,560,559,558
10,10,10,10,10,10,10,10,10,10,10
766,768,769,770,771,771,772,773,774,775,776
855,855,855,855,855,855,855,855,855,855,855
44,45,45,44,44,43,43,43,42,42,42
456,456,456,456,456,456,456,456,456,456,456
1013,1013,1013,1013,1013,1013,1012,1012,1012,1012,1012
257,257,257,257,257,257,257,257,257,257,257
168,169,170,171,171,172,173,174,174,175,176
978,978,978,978,978,978,978,978,978,978,978
567,567,566,565,564,563,562,561,560,559,558
10,10,10,10,10,10,10,10,10,10,10
766,768,768,769,770,771,772,773,773,774,775
856,856,856,856,856,856,856,856,856,856,856
45,45,45,44,44,44,43,43,43,42,42
456,456,456,456,456,456,456,456,456,456,456
1013,1014,1013,1013,1013,1013,1013,1012,1012,1012,1012
258,258,258,258,258,258,258,258,258,258,258
167,169,170,170,171,172,172,173,174,175,175
978,978,978,978,978,978,978,978,978,978,978
568,568,567,566,565,564,563,562,561,560,559
10,10,10,10,10,10,10,10,10,10,10
765,767,768,769,770,770,771,772,773,774,775
856,856,856,856,856,856,856,856,856,856,856
45,46,45,45,44,44,44,43,43,42,42
455,455,455,455,455,455,455,455,455,455,455
1013,1014,1014,1013,1013,1013,1013,1012,1012,1012,1012
258,258,258,258,258,258,258,258,258,258,258
167,168,169,170,171,171,172,173,173,174,175
978,978,978,978,978,978,978,978,978,978,978
568,568,567,566,565,564,563,562,561,560,560
10,10,10,10,10,10,10,10,10,10,10
765,767,767,768,769,770,771,772,772,773,774
857,857,857,857,857,857,857,857,857,857,857
45,46,45,45,45,44,44,43,43,43,42
455,455,455,455,455,455,455,455,455,455,455
1013,1014,1014,1013,1013,1013,1013,1013,1012,1012,1012
259,259,259,259,259,259,259,259,259,259,259
166,168,169,169,170,171,172,172,173,174,174
978,978,978,978,978,978,978,978,978,978,978
569,569,568,567,566,565,564,563,562,561,560
10,10,10,10,10,10,10,10,10,10,10
764,766,767,768,769,769,770,771,772,773,774
857,857,857,857,857,857,857,857,857,857,857
45,46,46,45,45,44,44,44,43,43,42
454,454,454,454,454,454,454,454,454,454,454
1013,1014,1014,1014,1013,1013,1013,1013,1013,1012,1012
259,259,259,259,259,259,259,259,259,259,259
166,168,168,169,170,170,171,172,173,173,174
977,977,977,977,977,977,977,977,977,977,977
569,569,568,567,566,566,565,564,563,562,561
10,10,10,10,10,10,10,10,10,10,10
764,765,766,767,768,769,770,771,771,772,773
857,857,857,857,857,857,857,857,857,857,857
46,46,46,45,45,45,44,44,43,43,43
453,453,453,453,453,453,453,453,453,453,453
1013,1014,1014,1014,1013,1013,1013,1013,1013,1012,1012
260,260,260,260,260,260,260,260,260,260,260
165,167,168,169,169,170,171,171,172,173,174
977,977,977,977,977,977,977,977,977,977,977
570,570,569,568,567,566,565,564,563,562,561
10,10,10,10,10,10,10,10,10,10,10
763,765,766,767,768,768,769,770,771,772,773
858,858,858,858,858,858,858,858,858,858,858
46,46,46,46,45,45,44,44,44,43,43
453,453,453,453,453,453,453,453,453,453,453
1013,1014,1014,1014,1014,1013,1013,1013,1013,1013,1012
260,260,260,260,260,260,260,260,260,260,260
165,167,167,168,169,170,170,171,172,172,173
977,977,977,977,977,977,977,977,977,977,977
570,571,570,569,568,567,566,565,564,563,562
10,10,10,10,10,10,10,10,10,10,10
763,764,765,766,767,768,769,769,770,771,772
858,858,858,858,858,858,858,858,858,858,858
46,47,46,46,46,45,45,44,44,44,43
452,452,452,452,452,452,452,452,452,452,452
1013,1014,1014,1014,1014,1014,1013,1013,1013,1013,1013
261,261,261,261,261,261,261,261,261,261,261
165,166,167,168,168,169,170,170,171,172,173
977,977,977,977,977,977,977,977,977,977,977
571,571,570,569,568,567,566,565,564,563,562
9,9,9,9,9,9,9,9,9,9,9
762,764,765,766,766,767,768,769,770,771,771
859,859,859,859,859,859,859,859,859,859,859
46,47,47,46,46,45,45,45,44,44,43
452,452,452,452,452,452,452,452,452,452,452
1014,1014,1014,1014,1014,1014,1013,1013,1013,1013,1013
261,261,261,261,261,261,261,261,261,261,261
164,166,166,167,168,169,169,170,171,171,172
977,977,977,977,977,977,977,977,977,977,977
572,572,571,570,569,568,567,566,565,564,563
9,9,9,9,9,9,9,9,9,9,9
762,763,764,765,766,767,768,768,769,770,771
859,859,859,859,859,859,859,859,859,859,859
47,47,47,46,46,46,45,45,44,44,44
451,451,451,451,451,451,451,451,451,451,451
1014,1015,1014,1014,1014,1014,1014,1013,1013,1013,1013
262,262,262,262,262,262,262,262,262,262,262
164,165,166,167,167,168,169,170,170,171,172
976,976,976,976,976,976,976,976,976,976,976
572,572,571,570,569,568,567,567,566,565,564
9,9,9,9,9,9,9,9,9,9,9
761,763,764,765,765,766,767,768,769,770,770
860,860,860,860,860,860,860,860,860,860,860
47,47,47,47,46,46,45,45,45,44,44
450,450,450,450,450,450,450,450,450,450,450
1014,1015,1014,1014,1014,1014,1014,1013,1013,1013,1013
262,262,262,262,262,262,262,262,262,262,262
163,165,166,166,167,168,168,169,170,171,171
976,976,976,976,976,976,976,976,976,976,976
573,573,572,571,570,569,568,567,566,565,564
9,9,9,9,9,9,9,9,9,9,9
761,762,763,764,765,766,767,767,768,769,770
860,860,860,860,860,860,860,860,860,860,860
47,48,47,47,46,46,46,45,45,45,44
450,450,450,450,450,450,450,450,450,450,450
1014,1015,1015,1014,1014,1014,1014,1014,1013,1013,1013
263,263,263,263,263,263,263,263,263,263,263
163,164,165,166,167,167,168,169,169,170,171
976,976,976,976,976,976,976,976,976,976,976
573,573,572,572,571,570,569,568,567,566,565
9,9,9,9,9,9,9,9,9,9,9
760,762,763,764,764,765,766,767,768,769,769
860,860,860,860,860,860,860,860,860,860,860
47,48,48,47,47,46,46,46,45,45,44
449,449,449,449,449,449,449,449,449,449,449
1014,1015,1015,1015,1014,1014,1014,1014,1014,1013,1013
263,263,263,263,263,263,263,263,263,263,263
162,164,165,165,166,167,168,168,169,170,170
976,976,976,976,976,976,976,976,976,976,976
574,574,573,572,571,570,569,568,567,566,565
9,9,9,9,9,9,9,9,9,9,9
760,761,762,763,764,765,766,766,767,768,769
861,861,861,861,861,861,861,861,861,861,861
48,48,48,47,47,47,46,46,45,45,45
449,449,449,449,449,449,449,449,449,449,449
1014,1015,1015,1015,1014,1014,1014,1014,1014,1013,1013
264,264,264,264,264,264,264,264,264,264,264
162,164,164,165,166,166,167,168,169,169,170
975,975,975,975,975,975,975,975,975,975,975
575,575,574,573,572,571,570,569,568,567,566
9,9,9,9,9,9,9,9,9,9,9
759,761,762,763,763,764,765,766,767,768,768
861,861,861,861,861,861,861,861,861,861,861
48,48,48,48,47,47,46,46,46,45,45
448,448,448,448,448,448,448,448,448,448,448
1014,1015,1015,1015,1015,1014,1014,1014,1014,1014,1013
264,264,264,264,264,264,264,264,264,264,264
161,163,164,165,165,166,167,167,168,169,170
975,975,975,975,975,975,975,975,975,975,975
575,575,574,573,572,571,570,569,568,568,567
9,9,9,9,9,9,9,9,9,9,9
759,760,761,762,763,764,765,765,766,767,768
862,862,862,862,862,862,862,862,862,862,862
48,49,48,48,47,47,47,46,46,45,45
448,448,448,448,448,448,448,448,448,448,448
1014,1015,1015,1015,1015,1014,1014,1014,1014,1014,1013
265,265,265,265,265,265,265,265,265,265,265
161,163,163,164,165,166,166,167,168,168,169
975,975,975,975,975,975,975,975,975,975,975
576,576,575,574,573,572,571,570,569,568,567
9,9,9,9,9,9,9,9,9,9,9
758,760,761,762,762,763,764,765,766,767,767
862,862,862,862,862,862,862,862,862,862,862
48,49,49,48,48,47,47,47,46,46,45
447,447,447,447,447,447,447,447,447,447,447
1015,1015,1015,1015,1015,1015,1014,1014,1014,1014,1014
265,265,265,265,265,265,265,265,265,265,265
161,162,163,164,164,165,166,167,167,168,169
975,975,975,975,975,975,975,975,975,975,975
576,576,575,574,573,573,572,571,570,569,568
8,8,8,8,8,8,8,8,8,8,8
757,759,760,761,762,763,764,764,765,766,767
863,863,863,863,863,863,863,863,863,863,863
49,49,49,48,48,48,47,47,46,46,46
446,446,446,446,446,446,446,446,446,446,446
1015,1015,1015,1015,1015,1015,1015,1014,1014,1014,1014
266,266,266,266,266,266,266,266,266,266,266
160,162,163,163,164,165,165,166,167,168,168
974,974,974,974,974,974,974,974,974,974,974
577,577,576,575,574,573,572,571,570,569,568
8,8,8,8,8,8,8,8,8,8,8
757,759,760,761,761,762,763,764,765,766,766
863,863,863,863,863,863,863,863,863,863,863
49,49,49,49,48,48,47,47,47,46,46
446,446,446,446,446,446,446,446,446,446,446
1015,1016,1015,1015,1015,1015,1015,1014,1014,1014,1014
266,266,266,266,266,266,266,266,266,266,266
160,161,162,163,164,164,165,166,166,167,168
974,974,974,974,974,974,974,974,974,974,974
577,578,577,576,575,574,573,572,571,570,569
8,8,8,8,8,8,8,8,8,8,8
756,758,759,760,761,762,763,763,764,765,766
863,863,863,863,863,863,863,863,863,863,863
49,50,49,49,48,48,48,47,47,46,46
445,445,445,445,445,445,445,445,445,445,445
1015,1016,1015,1015,1015,1015,1015,1015,1014,1014,1014
267,267,267,267,267,267,267,267,267,267,267
159,161,162,162,163,164,165,165,166,167,167
974,974,974,974,974,974,974,974,974,974,974
578,578,577,576,575,574,573,572,571,570,569
8,8,8,8,8,8,8,8,8,8,8
756,758,759,759,760,761,762,763,764,765,765
864,864,864,864,864,864,864,864,864,864,864
49,50,50,49,49,48,48,47,47,47,46
445,445,445,445,445,445,445,445,445,445,445
1015,1016,1016,1015,1015,1015,1015,1015,1014,1014,1014
267,267,267,267,267,267,267,267,267,267,267
159,161,161,162,163,163,164,165,166,166,167
974,974,974,974,974,974,974,974,974,974,974
579,579,578,577,576,575,574,573,572,571,570
8,8,8,8,8,8,8,8,8,8,8
755,757,758,759,760,761,761,762,763,764,765
864,864,864,864,864,864,864,864,864,864,864
50,50,50,49,49,49,48,48,47,47,47
444,444,444,444,444,444,444,444,444,444,444
1015,1016,1016,1016,1015,1015,1015,1015,1015,1014,1014
268,268,268,268,268,268,268,268,268,268,268
158,160,161,162,162,163,164,164,165,166,167
973,973,973,973,973,973,973,973,973,973,973
579,579,578,577,576,575,574,574,573,572,571
8,8,8,8,8,8,8,8,8,8,8
755,757,758,758,759,760,761,762,763,764,764
865,865,865,865,865,865,865,865,865,865,865
50,50,50,50,49,49,48,48,48,47,47
443,443,443,443,443,443,443,443,443,443,443
1015,1016,1016,1016,1015,1015,1015,1015,1015,1015,1014
268,268,268,268,268,268,268,268,268,268,268
158,160,160,161,162,163,163,164,165,165,166
973,973,973,973,973,973,973,973,973,973,973
580,580,579,578,577,576,575,574,573,572,571
8,8,8,8,8,8,8,8,8,8,8
754,756,757,758,759,760,760,761,762,763,764
865,865,865,865,865,865,865,865,865,865,865
50,51,50,50,49,49,49,48,48,47,47
443,443,443,443,443,443,443,443,443,443,443
1015,1016,1016,1016,1016,1015,1015,1015,1015,1015,1014
269,269,269,269,269,269,269,269,269,269,269
158,159,160,161,161,162,163,164,164,165,166
973,973,973,973,973,973,973,973,973,973,973
580,580,579,579,578,577,576,575,574,573,572
8,8,8,8,8,8,8,8,8,8,8
754,756,757,757,758,759,760,761,762,762,763
866,866,866,866,866,866,866,866,866,866,866
50,51,51,50,50,49,49,48,48,48,47
442,442,442,442,442,442,442,442,442,442,442
1015,1016,1016,1016,1016,1015,1015,1015,1015,1015,1015
269,269,269,269,269,269,269,269,269,269,269
157,159,160,160,161,162,162,163,164,165,165
972,972,972,972,972,972,972,972,972,972,972
581,581,580,579,578,577,576,575,574,573,572
8,8,8,8,8,8,8,8,8,8,8
753,755,756,757,758,759,759,760,761,762,763
866,866,866,866,866,866,866,866,866,866,866
51,51,51,50,50,50,49,49,48,48,48
442,442,442,442,442,442,442,442,442,442,442
1015,1016,1016,1016,1016,1016,1015,1015,1015,1015,1015
270,270,270,270,270,270,270,270,270,270,270
157,158,159,160,161,161,162,163,163,164,165
972,972,972,972,972,972,972,972,972,972,972
582,582,581,580,579,578,577,576,575,574,573
7,7,7,7,7,7,7,7,7,7,7
753,755,756,756,757,758,759,760,761,761,762
866,866,866,866,866,866,866,866,866,866,866
51,51,51,51,50,50,49,49,49,48,48
441,441,441,441,441,441,441,441,441,441,441
1016,1016,1016,1016,1016,1016,1016,1015,1015,1015,1015
270,270,270,270,270,270,270,270,270,270,270
156,158,159,159,160,161,162,162,163,164,164
972,972,972,972,972,972,972,972,972,972,972
582,582,581,580,579,578,577,576,576,575,574
7,7,7,7,7,7,7,7,7,7,7
752,754,755,756,757,758,758,759,760,761,762
867,867,867,867,867,867,867,867,867,867,867
51,52,51,51,50,50,50,49,49,48,48
441,441,441,441,441,441,441,441,441,441,441
1016,1017,1016,1016,1016,1016,1016,1015,1015,1015,1015
271,271,271,271,271,271,271,271,271,271,271
156,158,158,159,160,160,161,162,163,163,164
972,972,972,972,972,972,972,972,972,972,972
583,583,582,581,580,579,578,577,576,575,574
7,7,7,7,7,7,7,7,7,7,7
752,754,754,755,756,757,758,759,760,760,761
867,867,867,867,867,867,867,867,867,867,867
51,52,52,51,51,50,50,49,49,49,48
440,440,440,440,440,440,440,440,440,440,440
1016,1017,1016,1016,1016,1016,1016,1016,1015,1015,1015
271,271,271,271,271,271,271,271,271,271,271
156,157,158,159,159,160,161,161,162,163,164
971,971,971,971,971,971,971,971,971,971,971
583,583,582,581,580,580,579,578,577,576,575
7,7,7,7,7,7,7,7,7,7,7
751,753,754,755,756,757,757,758,759,760,761
868,868,868,868,868,868,868,868,868,868,868
52,52,52,51,51,51,50,50,49,49,49
439,439,439,439,439,439,439,439,439,439,439
1016,1017,1017,1016,1016,1016,1016,1016,1015,1015,1015
272,272,272,272,272,272,272,272,272,272,272
155,157,157,158,159,160,160,161,162,162,163
971,971,971,971,971,971,971,971,971,971,971
584,584,583,582,581,580,579,578,577,576,575
7,7,7,7,7,7,7,7,7,7,7
751,753,753,754,755,756,757,758,759,759,760
868,868,868,868,868,868,868,868,868,868,868
52,53,52,52,51,51,50,50,50,49,49
439,439,439,439,439,439,439,439,439,439,439
1016,1017,1017,1016,1016,1016,1016,1016,1016,1015,1015
273,273,273,273,273,273,273,273,273,273,273
155,156,157,158,158,159,160,161,161,162,163
971,971,971,971,971,971,971,971,971,971,971
584,585,584,583,582,581,580,579,578,577,576
7,7,7,7,7,7,7,7,7,7,7
750,752,753,754,755,755,756,757,758,759,760
869,869,869,869,869,869,869,869,869,869,869
52,53,52,52,51,51,51,50,50,49,49
438,438,438,438,438,438,438,438,438,438,438
1016,1017,1017,1017,1016,1016,1016,1016,1016,1016,1015
273,273,273,273,273,273,273,273,273,273,273
154,156,157,157,158,159,159,160,161,162,162
971,971,971,971,971,971,971,971,971,971,971
585,585,584,583,582,581,580,579,578,577,577
7,7,7,7,7,7,7,7,7,7,7
750,752,752,753,754,755,756,757,758,758,759
869,869,869,869,869,869,869,869,869,869,869
52,53,53,52,52,51,51,51,50,50,49
438,438,438,438,438,438,438,438,438,438,438
1016,1017,1017,1017,1017,1016,1016,1016,1016,1016,1015
274,274,274,274,274,274,274,274,274,274,274
154,156,156,157,158,158,159,160,160,161,162
970,970,970,970,970,970,970,970,970,970,970
586,586,585,584,583,582,581,580,579,578,577
7,7,7,7,7,7,7,7,7,7,7
749,751,752,753,754,754,755,756,757,758,759
869,869,869,869,869,869,869,869,869,869,869
53,53,53,52,52,52,51,51,50,50,50
437,437,437,437,437,437,437,437,437,437,437
1016,1017,1017,1017,1017,1016,1016,1016,1016,1016,1016
274,274,274,274,274,274,274,274,274,274,274
153,155,156,156,157,158,159,159,160,161,161
970,970,970,970,970,970,970,970,970,970,970
586,586,585,584,583,582,582,581,580,579,578
7,7,7,7,7,7,7,7,7,7,7
749,751,751,752,753,754,755,756,756,757,758
870,870,870,870,870,870,870,870,870,870,870
53,54,53,53,52,52,51,51,51,50,50
436,436,436,436,436,436,436,436,436,436,436
1016,1017,1017,1017,1017,1017,1016,1016,1016,1016,1016
275,275,275,275,275,275,275,275,275,275,275
153,155,155,156,157,157,158,159,160,160,161
970,970,970,970,970,970,970,970,970,970,970
587,587,586,585,584,583,582,581,580,579,578
7,7,7,7,7,7,7,7,7,7,7
748,750,751,752,753,753,754,755,756,757,758
870,870,870,870,870,870,870,870,870,870,870
53,54,53,53,53,52,52,51,51,50,50
436,436,436,436,436,436,436,436,436,436,436
1016,1017,1017,1017,1017,1017,1016,1016,1016,1016,1016
275,275,275,275,275,275,275,275,275,275,275
153,154,155,156,156,157,158,158,159,160,161
970,970,970,970,970,970,970,970,970,970,970
587,587,586,586,585,584,583,582,581,580,579
6,6,6,6,6,6,6,6,6,6,6
748,749,750,751,752,753,754,755,755,756,757
871,871,871,871,871,871,871,871,871,871,871
54,54,54,53,53,52,52,52,51,51,50
435,435,435,435,435,435,435,435,435,435,435
1017,1017,1017,1017,1017,1017,1017,1016,1016,1016,1016
276,276,276,276,276,276,276,276,276,276,276
152,154,155,155,156,157,157,158,159,159,160
969,969,969,969,969,969,969,969,969,969,969
588,588,587,586,585,584,583,582,581,580,579
6,6,6,6,6,6,6,6,6,6,6
747,749,750,751,752,752,753,754,755,756,757
871,871,871,871,871,871,871,871,871,871,871
54,54,54,53,53,53,52,52,51,51,51
435,435,435,435,435,435,435,435,435,435,435
1017,1018,1017,1017,1017,1017,1017,1017,1016,1016,1016
276,276,276,276,276,276,276,276,276,276,276
152,153,154,155,155,156,157,158,158,159,160
969,969,969,969,969,969,969,969,969,969,969
589,589,588,587,586,585,584,583,582,581,580
6,6,6,6,6,6,6,6,6,6,6
747,748,749,750,751,752,753,754,754,755,756
871,871,871,871,871,871,871,871,871,871,871
54,55,54,54,53,53,52,52,52,51,51
434,434,434,434,434,434,434,434,434,434,434
1017,1018,1017,1017,1017,1017,1017,1017,1016,1016,1016
277,277,277,277,277,277,277,277,277,277,277
151,153,154,154,155,156,156,157,158,159,159
969,969,969,969,969,969,969,969,969,969,969
589,589,588,587,586,585,584,583,583,582,581
6,6,6,6,6,6,6,6,6,6,6
746,748,749,750,750,751,752,753,754,755,756
872,872,872,872,872,872,872,872,872,872,872
54,55,54,54,54,53,53,52,52,51,51
434,434,434,434,434,434,434,434,434,434,434
1017,1018,1018,1017,1017,1017,1017,1017,1017,1016,1016
277,277,277,277,277,277,277,277,277,277,277
151,153,153,154,155,155,156,157,157,158,159
969,969,969,969,969,969,969,969,969,969,969
590,590,589,588,587,586,585,584,583,582,581
6,6,6,6,6,6,6,6,6,6,6
746,747,748,749,750,751,752,753,753,754,755
872,872,872,872,872,872,872,872,872,872,872
55,55,55,54,54,53,53,53,52,52,51
433,433,433,433,433,433,433,433,433,433,433
1017,1018,1018,1017,1017,1017,1017,1017,1017,1016,1016
278,278,278,278,278,278,278,278,278,278,278
150,152,153,154,154,155,156,156,157,158,158
968,968,968,968,968,968,968,968,968,968,968
590,590,589,588,587,587,586,585,584,583,582
6,6,6,6,6,6,6,6,6,6,6
745,747,748,749,749,750,751,752,753,754,755
873,873,873,873,873,873,873,873,873,873,873
55,55,55,55,54,54,53,53,52,52,52
432,432,432,432,432,432,432,432,432,432,432
1017,1018,1018,1018,1017,1017,1017,1017,1017,1017,1016
278,278,278,278,278,278,278,278,278,278,278
150,152,152,153,154,154,155,156,157,157,158
968,968,968,968,968,968,968,968,968,968,968
591,591,590,589,588,587,586,585,584,583,582
6,6,6,6,6,6,6,6,6,6,6
744,746,747,748,749,750,751,751,752,753,754
873,873,873,873,873,873,873,873,873,873,873
55,56,55,55,54,54,53,53,53,52,52
432,432,432,432,432,432,432,432,432,432,432
1017,1018,1018,1018,1018,1017,1017,1017,1017,1017,1017
279,279,279,279,279,279,279,279,279,279,279
150,151,152,153,153,154,155,155,156,157,158
968,968,968,968,968,968,968,968,968,968,968
591,592,591,590,589,588,587,586,585,584,583
6,6,6,6,6,6,6,6,6,6,6
744,746,747,748,748,749,750,751,752,753,753
874,874,874,874,874,874,874,874,874,874,874
55,56,55,55,55,54,54,53,53,52,52
431,431,431,431,431,431,431,431,431,431,431
1017,1018,1018,1018,1018,1017,1017,1017,1017,1017,1017
279,279,279,279,279,279,279,279,279,279,279
149,151,152,152,153,154,154,155,156,156,157
968,968,968,968,968,968,968,968,968,968,968
592,592,591,590,589,588,587,586,585,584,584
6,6,6,6,6,6,6,6,6,6,6
743,745,746,747,748,749,750,750,751,752,753
874,874,874,874,874,874,874,874,874,874,874
56,56,56,55,55,54,54,54,53,53,52
431,431,431,431,431,431,431,431,431,431,431
1017,1018,1018,1018,1018,1018,1017,1017,1017,1017,1017
280,280,280,280,280,280,280,280,280,280,280
149,150,151,152,153,153,154,155,155,156,157
967,967,967,967,967,967,967,967,967,967,967
593,593,592,591,590,589,588,587,586,585,584
6,6,6,6,6,6,6,6,6,6,6
743,745,746,746,747,748,749,750,751,752,752
874,874,874,874,874,874,874,874,874,874,874
56,56,56,56,55,55,54,54,53,53,53
430,430,430,430,430,430,430,430,430,430,430
1017,1018,1018,1018,1018,1018,1017,1017,1017,1017,1017
280,280,280,280,280,280,280,280,280,280,280
148,150,151,151,152,153,153,154,155,156,156
967,967,967,967,967,967,967,967,967,967,967
593,593,592,591,590,589,589,588,587,586,585
6,6,6,6,6,6,6,6,6,6,6
742,744,745,746,747,748,749,749,750,751,752
875,875,875,875,875,875,875,875,875,875,875
56,57,56,56,55,55,55,54,54,53,53
429,429,429,429,429,429,429,429,429,429,429
1018,1018,1018,1018,1018,1018,1018,1017,1017,1017,1017
281,281,281,281,281,281,281,281,281,281,281
148,150,150,151,152,152,153,154,154,155,156
967,967,967,967,967,967,967,967,967,967,967
594,594,593,592,591,590,589,588,587,586,585
5,5,5,5,5,5,5,5,5,5,5
742,744,745,745,746,747,748,749,750,751,751
875,875,875,875,875,875,875,875,875,875,875
56,57,57,56,56,55,55,54,54,54,53
429,429,429,429,429,429,429,429,429,429,429
1018,1018,1018,1018,1018,1018,1018,1018,1017,1017,1017
281,281,281,281,281,281,281,281,281,281,281
148,149,150,151,151,152,153,153,154,155,155
966,966,966,966,966,966,966,966,966,966,966
594,594,593,593,592,591,590,589,588,587,586
5,5,5,5,5,5,5,5,5,5,5
741,743,744,745,746,747,747,748,749,750,751
876,876,876,876,876,876,876,876,876,876,876
57,57,57,56,56,56,55,55,54,54,53
428,428,428,428,428,428,428,428,428,428,428
1018,1019,1018,1018,1018,1018,1018,1018,1017,1017,1017
282,282,282,282,282,282,282,282,282,282,282
147,149,149,150,151,152,152,153,154,154,155
966,966,966,966,966,966,966,966,966,966,966
595,595,594,593,592,591,590,589,588,587,586
5,5,5,5,5,5,5,5,5,5,5
741,743,744,744,745,746,747,748,749,750,750
876,876,876,876,876,876,876,876,876,876,876
57,58,57,57,56,56,55,55,54,54,54
428,428,428,428,428,428,428,428,428,428,428
1018,1019,1018,1018,1018,1018,1018,1018,1018,1017,1017
282,282,282,282,282,282,282,282,282,282,282
147,148,149,150,150,151,152,152,153,154,155
966,966,966,966,966,966,966,966,966,966,966
596,596,595,594,593,592,591,590,589,588,587
5,5,5,5,5,5,5,5,5,5,5
740,742,743,744,745,746,746,747,748,749,750
876,876,876,876,876,876,876,876,876,876,876
57,58,57,57,56,56,56,55,55,54,54
427,427,427,427,427,427,427,427,427,427,427
1018,1019,1019,1018,1018,1018,1018,1018,1018,1018,1017
283,283,283,283,283,283,283,283,283,283,283
146,148,149,149,150,151,151,152,153,153,154
966,966,966,966,966,966,966,966,966,966,966
596,596,595,594,593,592,591,590,590,589,588
5,5,5,5,5,5,5,5,5,5,5
740,742,742,743,744,745,746,747,748,748,749
877,877,877,877,877,877,877,877,877,877,877
58,58,58,57,57,56,56,55,55,55,54
427,427,427,427,427,427,427,427,427,427,427
1018,1019,1019,1019,1018,1018,1018,1018,1018,1018,1017
284,284,284,284,284,284,284,284,284,284,284
146,148,148,149,150,150,151,152,152,153,154
965,965,965,965,965,965,965,965,965,965,965
597,597,596,595,594,593,592,591,590,589,588
5,5,5,5,5,5,5,5,5,5,5
739,741,742,743,744,745,745,746,747,748,749
877,877,877,877,877,877,877,877,877,877,877
58,58,58,57,57,57,56,56,55,55,54
426,426,426,426,426,426,426,426,426,426,426
1018,1019,1019,1019,1018,1018,1018,1018,1018,1018,1018
284,284,284,284,284,284,284,284,284,284,284
145,147,148,149,149,150,151,151,152,153,153
965,965,965,965,965,965,965,965,965,965,965
597,597,596,595,594,594,593,592,591,590,589
5,5,5,5,5,5,5,5,5,5,5
739,741,741,742,743,744,745,746,747,747,748
878,878,878,878,878,878,878,878,878,878,878
58,59,58,58,57,57,56,56,56,55,55
425,425,425,425,425,425,425,425,425,425,425
1018,1019,1019,1019,1019,1018,1018,1018,1018,1018,1018
285,285,285,285,285,285,285,285,285,285,285
145,147,147,148,149,149,150,151,152,152,153
965,965,965,965,965,965,965,965,965,965,965
598,598,597,596,595,594,593,592,591,590,589
5,5,5,5,5,5,5,5,5,5,5
738,740,741,742,743,743,744,745,746,747,748
878,878,878,878,878,878,878,878,878,878,878
58,59,58,58,58,57,57,56,56,55,55
425,425,425,425,425,425,425,425,425,425,425
1018,1019,1019,1019,1019,1018,1018,1018,1018,1018,1018
285,285,285,285,285,285,285,285,285,285,285
145,146,147,148,148,149,150,150,151,152,152
965,965,965,965,965,965,965,965,965,965,965
598,599,598,597,596,595,594,593,592,591,590
5,5,5,5,5,5,5,5,5,5,5
738,739,740,741,742,743,744,745,746,746,747
879,879,879,879,879,879,879,879,879,879,879
59,59,59,58,58,57,57,57,56,56,55
424,424,424,424,424,424,424,424,424,424,424
1018,1019,1019,1019,1019,1019,1018,1018,1018,1018,1018
286,286,286,286,286,286,286,286,286,286,286
144,146,147,147,148,149,149,150,151,151,152
964,964,964,964,964,964,964,964,964,964,964
599,599,598,597,596,595,594,593,592,591,591
5,5,5,5,5,5,5,5,5,5,5
737,739,740,741,742,742,743,744,745,746,747
879,879,879,879,879,879,879,879,879,879,879
59,59,59,59,58,58,57,57,56,56,55
424,424,424,424,424,424,424,424,424,424,424
1018,1019,1019,1019,1019,1019,1019,1018,1018,1018,1018
286,286,286,286,286,286,286,286,286,286,286
144,146,146,147,148,148,149,150,150,151,152
964,964,964,964,964,964,964,964,964,964,964
600,600,599,598,597,596,595,594,593,592,591
5,5,5,5,5,5,5,5,5,5,5
737,738,739,740,741,742,743,744,744,745,746
879,879,879,879,879,879,879,879,879,879,879
59,60,59,59,58,58,57,57,57,56,56
423,423,423,423,423,423,423,423,423,423,423
1018,1019,1019,1019,1019,1019,1019,1018,1018,1018,1018
287,287,287,287,287,287,287,287,287,287,287
143,145,146,146,147,148,148,149,150,151,151
964,964,964,964,964,964,964,964,964,964,964
600,600,599,598,597,596,595,595,594,593,592
5,5,5,5,5,5,5,5,5,5,5
736,738,739,740,740,741,742,743,744,745,746
880,880,880,880,880,880,880,880,880,880,880
59,60,60,59,59,58,58,57,57,56,56
423,423,423,423,423,423,423,423,423,423,423
1019,1019,1019,1019,1019,1019,1019,1019,1018,1018,1018
287,287,287,287,287,287,287,287,287,287,287
143,145,145,146,147,147,148,149,149,150,151
963,963,963,963,963,963,963,963,963,963,963
601,601,600,599,598,597,596,595,594,593,592
4,4,4,4,4,4,4,4,4,4,4
736,737,738,739,740,741,742,743,743,744,745
880,880,880,880,880,880,880,880,880,880,880
60,60,60,59,59,58,58,58,57,57,56
422,422,422,422,422,422,422,422,422,422,422
1019,1019,1019,1019,1019,1019,1019,1019,1018,1018,1018
288,288,288,288,288,288,288,288,288,288,288
143,144,145,146,146,147,148,148,149,150,150
963,963,963,963,963,963,963,963,963,963,963
601,601,600,600,599,598,597,596,595,594,593
4,4,4,4,4,4,4,4,4,4,4
735,737,738,739,739,740,741,742,743,744,745
881,881,881,881,881,881,881,881,881,881,881
60,61,60,60,59,59,58,58,57,57,57
421,421,421,421,421,421,421,421,421,421,421
1019,1020,1019,1019,1019,1019,1019,1019,1019,1018,1018
288,288,288,288,288,288,288,288,288,288,288
142,144,145,145,146,147,147,148,149,149,150
963,963,963,963,963,963,963,963,963,963,963
602,602,601,600,599,598,597,596,595,594,593
4,4,4,4,4,4,4,4,4,4,4
734,736,737,738,739,740,741,742,742,743,744
881,881,881,881,881,881,881,881,881,881,881
60,61,60,60,59,59,59,58,58,57,57
421,421,421,421,421,421,421,421,421,421,421
1019,1020,1020,1019,1019,1019,1019,1019,1019,1019,1018
289,289,289,289,289,289,289,289,289,289,289
142,143,144,145,145,146,147,148,148,149,150
963,963,963,963,963,963,963,963,963,963,963
603,603,602,601,600,599,598,597,596,595,594
4,4,4,4,4,4,4,4,4,4,4
734,736,737,738,738,739,740,741,742,743,744
881,881,881,881,881,881,881,881,881,881,881
61,61,61,60,60,59,59,58,58,58,57
420,420,420,420,420,420,420,420,420,420,420
1019,1020,1020,1019,1019,1019,1019,1019,1019,1019,1018
289,289,289,289,289,289,289,289,289,289,289
141,143,144,144,145,146,146,147,148,148,149
962,962,962,962,962,962,962,962,962,962,962
603,603,602,601,600,599,598,597,596,596,595
4,4,4,4,4,4,4,4,4,4,4
733,735,736,737,738,739,740,740,741,742,743
882,882,882,882,882,882,882,882,882,882,882
61,61,61,60,60,60,59,59,58,58,57
420,420,420,420,420,420,420,420,420,420,420
1019,1020,1020,1020,1019,1019,1019,1019,1019,1019,1019
290,290,290,290,290,290,290,290,290,290,290
141,143,143,144,145,145,146,147,147,148,149
962,962,962,962,962,962,962,962,962,962,962
604,604,603,602,601,600,599,598,597,596,595
4,4,4,4,4,4,4,4,4,4,4
733,735,736,736,737,738,739,740,741,742,743
882,882,882,882,882,882,882,882,882,882,882
61,62,61,61,60,60,59,59,58,58,58
419,419,419,419,419,419,419,419,419,419,419
1019,1020,1020,1020,1019,1019,1019,1019,1019,1019,1019
290,290,290,290,290,290,290,290,290,290,290
141,142,143,144,144,145,146,146,147,148,148
962,962,962,962,962,962,962,962,962,962,962
604,604,603,602,601,601,600,599,598,597,596
4,4,4,4,4,4,4,4,4,4,4
732,734,735,736,737,738,739,739,740,741,742
883,883,883,883,883,883,883,883,883,883,883
61,62,61,61,61,60,60,59,59,58,58
418,418,418,418,418,418,418,418,418,418,418
1019,1020,1020,1020,1020,1019,1019,1019,1019,1019,1019
291,291,291,291,291,291,291,291,291,291,291
140,142,143,143,144,145,145,146,147,147,148
961,961,961,961,961,961,961,961,961,961,961
605,605,604,603,602,601,600,599,598,597,596
4,4,4,4,4,4,4,4,4,4,4
732,734,735,735,736,737,738,739,740,741,741
883,883,883,883,883,883,883,883,883,883,883
62,62,62,61,61,60,60,59,59,59,58
418,418,418,418,418,418,418,418,418,418,418
1019,1020,1020,1020,1020,1020,1019,1019,1019,1019,1019
291,291,291,291,291,291,291,291,291,291,291
140,141,142,143,143,144,145,145,146,147,147
961,961,961,961,961,961,961,961,961,961,961
605,605,605,604,603,602,601,600,599,598,597
4,4,4,4,4,4,4,4,4,4,4
731,733,734,735,736,737,737,738,739,740,741
883,883,883,883,883,883,883,883,883,883,883
62,62,62,62,61,61,60,60,59,59,58
417,417,417,417,417,417,417,417,417,417,417
1019,1020,1020,1020,1020,1020,1019,1019,1019,1019,1019
292,292,292,292,292,292,292,292,292,292,292
139,141,142,142,143,144,144,145,146,146,147
961,961,961,961,961,961,961,961,961,961,961
606,606,605,604,603,602,601,600,599,598,597
4,4,4,4,4,4,4,4,4,4,4
731,733,733,734,735,736,737,738,739,740,740
884,884,884,884,884,884,884,884,884,884,884
62,63,62,62,61,61,60,60,60,59,59
417,417,417,417,417,417,417,417,417,417,417
1019,1020,1020,1020,1020,1020,1020,1019,1019,1019,1019
293,293,293,293,293,293,293,293,293,293,293
139,141,141,142,143,143,144,145,145,146,147
961,961,961,961,961,961,961,961,961,961,961
607,607,606,605,604,603,602,601,600,599,598
4,4,4,4,4,4,4,4,4,4,4
730,732,733,734,735,736,736,737,738,739,740
884,884,884,884,884,884,884,884,884,884,884
63,63,63,62,62,61,61,60,60,59,59
416,416,416,416,416,416,416,416,416,416,416
1019,1020,1020,1020,1020,1020,1020,1019,1019,1019,1019
293,293,293,293,293,293,293,293,293,293,293
139,140,141,142,142,143,144,144,145,146,146
960,960,960,960,960,960,960,960,960,960,960
607,607,606,605,604,603,602,602,601,600,599
4,4,4,4,4,4,4,4,4,4,4
730,732,732,733,734,735,736,737,738,738,739
885,885,885,885,885,885,885,885,885,885,885
63,63,63,62,62,61,61,61,60,60,59
416,416,416,416,416,416,416,416,416,416,416
1019,1020,1020,1020,1020,1020,1020,1020,1019,1019,1019
294,294,294,294,294,294,294,294,294,294,294
138,140,140,141,142,142,143,144,144,145,146
960,960,960,960,960,960,960,960,960,960,960
608,608,607,606,605,604,603,602,601,600,599
3,3,3,3,3,3,3,3,3,3,3
729,731,732,733,734,734,735,736,737,738,739
885,885,885,885,885,885,885,885,885,885,885
63,64,63,63,62,62,61,61,60,60,60
415,415,415,415,415,415,415,415,415,415,415
1020,1020,1020,1020,1020,1020,1020,1020,1020,1019,1019
294,294,294,294,294,294,294,294,294,294,294
138,139,140,141,141,142,143,143,144,145,145
960,960,960,960,960,960,960,960,960,960,960
608,608,607,606,606,605,604,603,602,601,600
3,3,3,3,3,3,3,3,3,3,3
729,730,731,732,733,734,735,736,737,737,738
885,885,885,885,885,885,885,885,885,885,885
63,64,63,63,63,62,62,61,61,60,60
414,414,414,414,414,414,414,414,414,414,414
1020,1020,1020,1020,1020,1020,1020,1020,1020,1019,1019
295,295,295,295,295,295,295,295,295,295,295
137,139,140,140,141,142,142,143,144,144,145
959,959,959,959,959,959,959,959,959,959,959
609,609,608,607,606,605,604,603,602,601,600
3,3,3,3,3,3,3,3,3,3,3
728,730,731,732,733,733,734,735,736,737,738
886,886,886,886,886,886,886,886,886,886,886
64,64,64,63,63,62,62,61,61,61,60
414,414,414,414,414,414,414,414,414,414,414
1020,1021,1020,1020,1020,1020,1020,1020,1020,1020,1019
295,295,295,295,295,295,295,295,295,295,295
137,139,139,140,141,141,142,143,143,144,145
959,959,959,959,959,959,959,959,959,959,959
609,610,609,608,607,606,605,604,603,602,601
3,3,3,3,3,3,3,3,3,3,3
728,729,730,731,732,733,734,735,736,736,737
886,886,886,886,886,886,886,886,886,886,886
64,64,64,64,63,63,62,62,61,61,60
413,413,413,413,413,413,413,413,413,413,413
1020,1021,1021,1020,1020,1020,1020,1020,1020,1020,1020
296,296,296,296,296,296,296,296,296,296,296
137,138,139,140,140,141,142,142,143,144,144
959,959,959,959,959,959,959,959,959,959,959
610,610,609,608,607,606,605,604,603,603,602
3,3,3,3,3,3,3,3,3,3,3
727,729,730,731,731,732,733,734,735,736,737
887,887,887,887,887,887,887,887,887,887,887
64,65,64,64,63,63,62,62,62,61,61
413,413,413,413,413,413,413,413,413,413,413
1020,1021,1021,1020,1020,1020,1020,1020,1020,1020,1020
296,296,296,296,296,296,296,296,296,296,296
136,138,138,139,140,140,141,142,142,143,144
959,959,959,959,959,959,959,959,959,959,959
611,611,610,609,608,607,606,605,604,603,602
3,3,3,3,3,3,3,3,3,3,3
726,728,729,730,731,732,733,734,734,735,736
887,887,887,887,887,887,887,887,887,887,887
65,65,65,64,64,63,63,62,62,61,61
412,412,412,412,412,412,412,412,412,412,412
1020,1021,1021,1021,1020,1020,1020,1020,1020,1020,1020
297,297,297,297,297,297,297,297,297,297,297
136,137,138,139,139,140,141,141,142,143,143
958,958,958,958,958,958,958,958,958,958,958
611,611,610,609,608,607,607,606,605,604,603
3,3,3,3,3,3,3,3,3,3,3
726,728,729,730,730,731,732,733,734,735,736
887,887,887,887,887,887,887,887,887,887,887
65,65,65,64,64,63,63,63,62,62,61
412,412,412,412,412,412,412,412,412,412,412
1020,1021,1021,1021,1021,1020,1020,1020,1020,1020,1020
297,297,297,297,297,297,297,297,297,297,297
135,137,138,138,139,140,140,141,142,142,143
958,958,958,958,958,958,958,958,958,958,958
612,612,611,610,609,608,607,606,605,604,603
3,3,3,3,3,3,3,3,3,3,3
725,727,728,729,730,731,732,733,733,734,735
888,888,888,888,888,888,888,888,888,888,888
65,66,65,65,64,64,63,63,62,62,61
411,411,411,411,411,411,411,411,411,411,411
1020,1021,1021,1021,1021,1020,1020,1020,1020,1020,1020
298,298,298,298,298,298,298,298,298,298,298
135,137,137,138,139,139,140,141,141,142,143
958,958,958,958,958,958,958,958,958,958,958
612,612,611,611,610,609,608,607,606,605,604
3,3,3,3,3,3,3,3,3,3,3
725,727,728,728,729,730,731,732,733,734,735
888,888,888,888,888,888,888,888,888,888,888
65,66,65,65,64,64,64,63,63,62,62
410,410,410,410,410,410,410,410,410,410,410
1020,1021,1021,1021,1021,1021,1020,1020,1020,1020,1020
298,298,298,298,298,298,298,298,298,298,298
135,136,137,138,138,139,139,140,141,141,142
957,957,957,957,957,957,957,957,957,957,957
613,613,612,611,610,609,608,607,606,605,604
3,3,3,3,3,3,3,3,3,3,3
724,726,727,728,729,730,731,731,732,733,734
889,889,889,889,889,889,889,889,889,889,889
66,66,66,65,65,64,64,63,63,62,62
410,410,410,410,410,410,410,410,410,410,410
1020,1021,1021,1021,1021,1021,1020,1020,1020,1020,1020
299,299,299,299,299,299,299,299,299,299,299
134,136,136,137,138,138,139,140,140,141,142
957,957,957,957,957,957,957,957,957,957,957
614,614,613,612,611,610,609,608,607,606,605
3,3,3,3,3,3,3,3,3,3,3
724,726,727,727,728,729,730,731,732,733,734
889,889,889,889,889,889,889,889,889,889,889
66,66,66,66,65,65,64,64,63,63,62
409,409,409,409,409,409,409,409,409,409,409
1020,1021,1021,1021,1021,1021,1021,1020,1020,1020,1020
299,299,299,299,299,299,299,299,299,299,299
134,135,136,137,137,138,139,139,140,141,141
957,957,957,957,957,957,957,957,957,957,957
614,614,613,612,611,610,609,608,608,607,606
3,3,3,3,3,3,3,3,3,3,3
723,725,726,727,728,729,730,730,731,732,733
889,889,889,889,889,889,889,889,889,889,889
66,67,66,66,65,65,64,64,63,63,63
409,409,409,409,409,409,409,409,409,409,409
1020,1021,1021,1021,1021,1021,1021,1021,1020,1020,1020
300,300,300,300,300,300,300,300,300,300,300
133,135,136,136,137,138,138,139,140,140,141
957,957,957,957,957,957,957,957,957,957,957
615,615,614,613,612,611,610,609,608,607,606
3,3,3,3,3,3,3,3,3,3,3
723,725,725,726,727,728,729,730,731,732,732
890,890,890,890,890,890,890,890,890,890,890
67,67,67,66,66,65,65,64,64,63,63
408,408,408,408,408,408,408,408,408,408,408
1020,1021,1021,1021,1021,1021,1021,1021,1020,1020,1020
301,301,301,301,301,301,301,301,301,301,301
133,135,135,136,137,137,138,139,139,140,141
956,956,956,956,956,956,956,956,956,956,956
615,615,614,613,612,612,611,610,609,608,607
3,3,3,3,3,3,3,3,3,3,3
722,724,725,726,727,728,728,729,730,731,732
890,890,890,890,890,890,890,890,890,890,890
67,67,67,66,66,65,65,65,64,64,63
407,407,407,407,407,407,407,407,407,407,407
1020,1021,1021,1021,1021,1021,1021,1021,1021,1020,1020
301,301,301,301,301,301,301,301,301,301,301
133,134,135,136,136,137,137,138,139,139,140
956,956,956,956,956,956,956,956,956,956,956
616,616,615,614,613,612,611,610,609,608,607
3,3,3,3,3,3,3,3,3,3,3
722,724,724,725,726,727,728,729,730,731,731
891,891,891,891,891,891,891,891,891,891,891
67,68,67,67,66,66,65,65,64,64,63
407,407,407,407,407,407,407,407,407,407,407
1021,1021,1021,1021,1021,1021,1021,1021,1021,1020,1020
302,302,302,302,302,302,302,302,302,302,302
132,134,134,135,136,136,137,138,138,139,140
956,956,956,956,956,956,956,956,956,956,956
616,616,615,615,614,613,612,611,610,609,608
2,2,2,2,2,2,2,2,2,2,2
721,723,724,725,726,726,727,728,729,730,731
891,891,891,891,891,891,891,891,891,891,891
67,68,67,67,67,66,66,65,65,64,64
406,406,406,406,406,406,406,406,406,406,406
1021,1021,1021,1021,1021,1021,1021,1021,1021,1021,1020
302,302,302,302,302,302,302,302,302,302,302
132,133,134,135,135,136,137,137,138,139,139
955,955,955,955,955,955,955,955,955,955,955
617,617,616,615,614,613,612,611,610,609,609
2,2,2,2,2,2,2,2,2,2,2
721,722,723,724,725,726,727,728,729,729,730
891,891,891,891,891,891,891,891,891,891,891
68,68,68,67,67,66,66,65,65,64,64
406,406,406,406,406,406,406,406,406,406,406
1021,1022,1021,1021,1021,1021,1021,1021,1021,1021,1021
303,303,303,303,303,303,303,303,303,303,303
131,133,134,134,135,136,136,137,138,138,139
955,955,955,955,955,955,955,955,955,955,955
618,618,617,616,615,614,613,612,611,610,609
2,2,2,2,2,2,2,2,2,2,2
720,722,723,724,725,725,726,727,728,729,730
892,892,892,892,892,892,892,892,892,892,892
68,69,68,68,67,67,66,66,65,65,64
405,405,405,405,405,405,405,405,405,405,405
1021,1022,1021,1021,1021,1021,1021,1021,1021,1021,1021
303,303,303,303,303,303,303,303,303,303,303
131,133,133,134,135,135,136,137,137,138,138
955,955,955,955,955,955,955,955,955,955,955
618,618,617,616,615,614,613,613,612,611,610
2,2,2,2,2,2,2,2,2,2,2
719,721,722,723,724,725,726,727,728,728,729
892,892,892,892,892,892,892,892,892,892,892
68,69,68,68,67,67,66,66,65,65,65
405,405,405,405,405,405,405,405,405,405,405
1021,1022,1022,1021,1021,1021,1021,1021,1021,1021,1021
304,304,304,304,304,304,304,304,304,304,304
131,132,133,134,134,135,135,136,137,137,138
955,955,955,955,955,955,955,955,955,955,955
619,619,618,617,616,615,614,613,612,611,610
2,2,2,2,2,2,2,2,2,2,2
719,721,722,723,723,724,725,726,727,728,729
893,893,893,893,893,893,893,893,893,893,893
69,69,69,68,68,67,67,66,66,65,65
404,404,404,404,404,404,404,404,404,404,404
1021,1022,1022,1022,1021,1021,1021,1021,1021,1021,1021
304,304,304,304,304,304,304,304,304,304,304
130,132,132,133,134,134,135,136,136,137,138
954,954,954,954,954,954,954,954,954,954,954
619,619,618,617,616,616,615,614,613,612,611
2,2,2,2,2,2,2,2,2,2,2
718,720,721,722,723,724,725,726,726,727,728
893,893,893,893,893,893,893,893,893,893,893
69,69,69,68,68,67,67,67,66,66,65
403,403,403,403,403,403,403,403,403,403,403
1021,1022,1022,1022,1021,1021,1021,1021,1021,1021,1021
305,305,305,305,305,305,305,305,305,305,305
130,131,132,133,133,134,135,135,136,137,137
954,954,954,954,954,954,954,954,954,954,954
620,620,619,618,617,616,615,614,613,612,611
2,2,2,2,2,2,2,2,2,2,2
718,720,721,722,722,723,724,725,726,727,728
893,893,893,893,893,893,893,893,893,893,893
69,70,69,69,68,68,67,67,66,66,65
403,403,403,403,403,403,403,403,403,403,403
1021,1022,1022,1022,1022,1021,1021,1021,1021,1021,1021
305,305,305,305,305,305,305,305,305,305,305
129,131,132,132,133,134,134,135,136,136,137
954,954,954,954,954,954,954,954,954,954,954
620,620,620,619,618,617,616,615,614,613,612
2,2,2,2,2,2,2,2,2,2,2
717,719,720,721,722,723,724,724,725,726,727
894,894,894,894,894,894,894,894,894,894,894
69,70,70,69,69,68,68,67,67,66,66
402,402,402,402,402,402,402,402,402,402,402
1021,1022,1022,1022,1022,1021,1021,1021,1021,1021,1021
306,306,306,306,306,306,306,306,306,306,306
129,131,131,132,133,133,134,135,135,136,136
953,953,953,953,953,953,953,953,953,953,953
621,621,620,619,618,617,616,615,614,613,613
2,2,2,2,2,2,2,2,2,2,2
717,719,720,720,721,722,723,724,725,726,727
894,894,894,894,894,894,894,894,894,894,894
70,70,70,69,69,68,68,67,67,66,66
402,402,402,402,402,402,402,402,402,402,402
1021,1022,1022,1022,1022,1022,1021,1021,1021,1021,1021
306,306,306,306,306,306,306,306,306,306,306
129,130,131,132,132,133,133,134,135,135,136
953,953,953,953,953,953,953,953,953,953,953
622,622,621,620,619,618,617,616,615,614,613
2,2,2,2,2,2,2,2,2,2,2
716,718,719,720,721,722,723,723,724,725,726
895,895,895,895,895,895,895,895,895,895,895
70,71,70,70,69,69,68,68,67,67,66
401,401,401,401,401,401,401,401,401,401,401
1021,1022,1022,1022,1022,1022,1022,1021,1021,1021,1021
307,307,307,307,307,307,307,307,307,307,307
128,130,131,131,132,132,133,134,134,135,136
953,953,953,953,953,953,953,953,953,953,953
622,622,621,620,619,618,617,617,616,615,614
2,2,2,2,2,2,2,2,2,2,2
716,718,718,719,720,721,722,723,724,725,726
895,895,895,895,895,895,895,895,895,895,895
70,71,70,70,69,69,68,68,68,67,67
401,401,401,401,401,401,401,401,401,401,401
1021,1022,1022,1022,1022,1022,1022,1021,1021,1021,1021
308,308,308,308,308,308,308,308,308,308,308
128,129,130,131,131,132,133,133,134,135,135
952,952,952,952,952,952,952,952,952,952,952
623,623,622,621,620,619,618,617,616,615,614
2,2,2,2,2,2,2,2,2,2,2
715,717,718,719,720,721,721,722,723,724,725
895,895,895,895,895,895,895,895,895,895,895
71,71,71,70,70,69,69,68,68,67,67
400,400,400,400,400,400,400,400,400,400,400
1021,1022,1022,1022,1022,1022,1022,1022,1021,1021,1021
308,308,308,308,308,308,308,308,308,308,308
127,129,130,130,131,132,132,133,134,134,135
952,952,952,952,952,952,952,952,952,952,952
623,623,622,621,621,620,619,618,617,616,615
2,2,2,2,2,2,2,2,2,2,2
715,717,717,718,719,720,721,722,723,724,724
896,896,896,896,896,896,896,896,896,896,896
71,71,71,71,70,70,69,69,68,68,67
399,399,399,399,399,399,399,399,399,399,399
1021,1022,1022,1022,1022,1022,1022,1022,1021,1021,1021
309,309,309,309,309,309,309,309,309,309,309
127,129,129,130,131,131,132,133,133,134,135
952,952,952,952,952,952,952,952,952,952,952
624,624,623,622,621,620,619,618,617,616,615
2,2,2,2,2,2,2,2,2,2,2
714,716,717,718,719,720,720,721,722,723,724
896,896,896,896,896,896,896,896,896,896,896
71,72,71,71,70,70,69,69,68,68,67
399,399,399,399,399,399,399,399,399,399,399
1021,1022,1022,1022,1022,1022,1022,1022,1022,1021,1021
309,309,309,309,309,309,309,309,309,309,309
127,128,129,130,130,131,132,132,133,133,134
952,952,952,952,952,952,952,952,952,952,952
624,625,624,623,622,621,620,619,618,617,616
2,2,2,2,2,2,2,2,2,2,2
714,715,716,717,718,719,720,721,722,722,723
897,897,897,897,897,897,897,897,897,897,897
72,72,72,71,71,70,70,69,69,68,68
398,398,398,398,398,398,398,398,398,398,398
1021,1022,1022,1022,1022,1022,1022,1022,1022,1022,1021
310,310,310,310,310,310,310,310,310,310,310
126,128,129,129,130,130,131,132,132,133,134
951,951,951,951,951,951,951,951,951,951,951
625,625,624,623,622,621,620,619,618,618,617
2,2,2,2,2,2,2,2,2,2,2
713,715,716,717,718,718,719,720,721,722,723
897,897,897,897,897,897,897,897,897,897,897
72,72,72,71,71,70,70,69,69,68,68
398,398,398,398,398,398,398,398,398,398,398
1021,1022,1022,1022,1022,1022,1022,1022,1022,1022,1021
310,310,310,310,310,310,310,310,310,310,310
126,128,128,129,129,130,131,131,132,133,133
951,951,951,951,951,951,951,951,951,951,951
626,626,625,624,623,622,621,620,619,618,617
2,2,2,2,2,2,2,2,2,2,2
712,714,715,716,717,718,719,720,721,721,722
897,897,897,897,897,897,897,897,897,897,897
72,73,72,72,71,71,70,70,69,69,68
397,397,397,397,397,397,397,397,397,397,397
1021,1022,1022,1022,1022,1022,1022,1022,1022,1022,1022
311,311,311,311,311,311,311,311,311,311,311
126,127,128,128,129,130,130,131,132,132,133
951,951,951,951,951,951,951,951,951,951,951
626,626,625,624,623,622,622,621,620,619,618
1,1,1,1,1,1,1,1,1,1,1
712,714,715,716,716,717,718,719,720,721,722
898,898,898,898,898,898,898,898,898,898,898
72,73,72,72,72,71,71,70,70,69,69
397,397,397,397,397,397,397,397,397,397,397
1022,1022,1022,1022,1022,1022,1022,1022,1022,1022,1022
311,311,311,311,311,311,311,311,311,311,311
125,127,127,128,129,129,130,131,131,132,133
950,950,950,950,950,950,950,950,950,950,950
627,627,626,625,624,623,622,621,620,619,618
1,1,1,1,1,1,1,1,1,1,1
711,713,714,715,716,717,718,719,719,720,721
898,898,898,898,898,898,898,898,898,898,898
73,73,73,72,72,71,71,70,70,69,69
396,396,396,396,396,396,396,396,396,396,396
1022,1023,1022,1022,1022,1022,1022,1022,1022,1022,1022
312,312,312,312,312,312,312,312,312,312,312
125,126,127,128,128,129,130,130,131,131,132
950,950,950,950,950,950,950,950,950,950,950
627,627,626,625,625,624,623,622,621,620,619
1,1,1,1,1,1,1,1,1,1,1
711,713,714,715,715,716,717,718,719,720,721
898,898,898,898,898,898,898,898,898,898,898
73,74,73,73,72,72,71,71,70,70,69
395,395,395,395,395,395,395,395,395,395,395
1022,1023,1022,1022,1022,1022,1022,1022,1022,1022,1022
312,312,312,312,312,312,312,312,312,312,312
124,126,127,127,128,129,129,130,130,131,132
950,950,950,950,950,950,950,950,950,950,950
628,628,627,626,625,624,623,622,621,620,619
1,1,1,1,1,1,1,1,1,1,1
710,712,713,714,715,716,717,718,718,719,720
899,899,899,899,899,899,899,899,899,899,899
73,74,73,73,72,72,71,71,70,70,69
395,395,395,395,395,395,395,395,395,395,395
1022,1023,1023,1022,1022,1022,1022,1022,1022,1022,1022
313,313,313,313,313,313,313,313,313,313,313
124,126,126,127,127,128,129,129,130,131,131
949,949,949,949,949,949,949,949,949,949,949
628,629,628,627,626,625,624,623,622,621,620
1,1,1,1,1,1,1,1,1,1,1
710,712,713,713,714,715,716,717,718,719,720
899,899,899,899,899,899,899,899,899,899,899
74,74,74,73,73,72,72,71,71,70,70
394,394,394,394,394,394,394,394,394,394,394
1022,1023,1023,1022,1022,1022,1022,1022,1022,1022,1022
314,314,314,314,314,314,314,314,314,314,314
124,125,126,126,127,128,128,129,130,130,131
949,949,949,949,949,949,949,949,949,949,949
629,629,628,627,626,625,624,623,623,622,621
1,1,1,1,1,1,1,1,1,1,1
709,711,712,713,714,715,716,716,717,718,719
900,900,900,900,900,900,900,900,900,900,900
74,75,74,74,73,73,72,72,71,71,70
394,394,394,394,394,394,394,394,394,394,394
1022,1023,1023,1023,1022,1022,1022,1022,1022,1022,1022
314,314,314,314,314,314,314,314,314,314,314
123,125,125,126,127,127,128,129,129,130,131
949,949,949,949,949,949,949,949,949,949,949
630,630,629,628,627,626,625,624,623,622,621
1,1,1,1,1,1,1,1,1,1,1
709,711,711,712,713,714,715,716,717,718,719
900,900,900,900,900,900,900,900,900,900,900
74,75,74,74,73,73,72,72,71,71,70
393,393,393,393,393,393,393,393,393,393,393
1022,1023,1023,1023,1023,1022,1022,1022,1022,1022,1022
315,315,315,315,315,315,315,315,315,315,315
123,124,125,126,126,127,128,128,129,130,130
949,949,949,949,949,949,949,949,949,949,949
630,630,629,628,627,626,626,625,624,623,622
1,1,1,1,1,1,1,1,1,1,1
708,710,711,712,713,714,714,715,716,717,718
900,900,900,900,900,900,900,900,900,900,900
75,75,75,74,74,73,73,72,72,71,71
393,393,393,393,393,393,393,393,393,393,393
1022,1023,1023,1023,1023,1022,1022,1022,1022,1022,1022
315,315,315,315,315,315,315,315,315,315,315
122,124,125,125,126,127,127,128,128,129,130
948,948,948,948,948,948,948,948,948,948,948
631,631,630,629,628,627,626,625,624,623,622
1,1,1,1,1,1,1,1,1,1,1
708,709,710,711,712,713,714,715,716,717,717
901,901,901,901,901,901,901,901,901,901,901
75,75,75,74,74,73,73,72,72,71,71
392,392,392,392,392,392,392,392,392,392,392
1022,1023,1023,1023,1023,1023,1022,1022,1022,1022,1022
316,316,316,316,316,316,316,316,316,316,316
122,124,124,125,126,126,127,127,128,129,129
948,948,948,948,948,948,948,948,948,948,948
631,631,630,630,629,628,627,626,625,624,623
1,1,1,1,1,1,1,1,1,1,1
707,709,710,711,712,712,713,714,715,716,717
901,901,901,901,901,901,901,901,901,901,901
75,76,75,75,74,74,73,73,72,72,71
391,391,391,391,391,391,391,391,391,391,391
1022,1023,1023,1023,1023,1023,1022,1022,1022,1022,1022
316,316,316,316,316,316,316,316,316,316,316
122,123,124,125,125,126,126,127,128,128,129
948,948,948,948,948,948,948,948,948,948,948
632,632,631,630,629,628,627,626,625,624,624
1,1,1,1,1,1,1,1,1,1,1
706,708,709,710,711,712,713,714,715,715,716
902,902,902,902,902,902,902,902,902,902,902
76,76,76,75,75,74,74,73,73,72,72
391,391,391,391,391,391,391,391,391,391,391
1022,1023,1023,1023,1023,1023,1023,1022,1022,1022,1022
317,317,317,317,317,317,317,317,317,317,317
121,123,124,124,125,125,126,127,127,128,129
947,947,947,947,947,947,947,947,947,947,947
632,633,632,631,630,629,628,627,626,625,624
1,1,1,1,1,1,1,1,1,1,1
706,708,709,710,711,711,712,713,714,715,716
902,902,902,902,902,902,902,902,902,902,902
76,76,76,75,75,74,74,73,73,72,72
390,390,390,390,390,390,390,390,390,390,390
1022,1023,1023,1023,1023,1023,1023,1023,1022,1022,1022
317,317,317,317,317,317,317,317,317,317,317
121,123,123,124,124,125,126,126,127,128,128
947,947,947,947,947,947,947,947,947,947,947
633,633,632,631,630,629,628,627,627,626,625
1,1,1,1,1,1,1,1,1,1,1
705,707,708,709,710,711,712,713,714,714,715
902,902,902,902,902,902,902,902,902,902,902
76,77,76,76,75,75,74,74,73,73,72
390,390,390,390,390,390,390,390,390,390,390
1022,1023,1023,1023,1023,1023,1023,1023,1022,1022,1022
318,318,318,318,318,318,318,318,318,318,318
121,122,123,123,124,125,125,126,127,127,128
947,947,947,947,947,947,947,947,947,947,947
634,634,633,632,631,630,629,628,627,626,625
1,1,1,1,1,1,1,1,1,1,1
705,707,708,709,709,710,711,712,713,714,715
903,903,903,903,903,903,903,903,903,903,903
76,77,76,76,75,75,74,74,73,73,72
389,389,389,389,389,389,389,389,389,389,389
1022,1023,1023,1023,1023,1023,1023,1023,1023,1022,1022
318,318,318,318,318,318,318,318,318,318,318
120,122,122,123,124,124,125,126,126,127,127
946,946,946,946,946,946,946,946,946,946,946
634,634,633,632,631,631,630,629,628,627,626
1,1,1,1,1,1,1,1,1,1,1
704,706,707,708,709,710,711,712,712,713,714
903,903,903,903,903,903,903,903,903,903,903
77,77,77,76,76,75,75,74,74,73,73
389,389,389,389,389,389,389,389,389,389,389
1022,1023,1023,1023,1023,1023,1023,1023,1023,1022,1022
319,319,319,319,319,319,319,319,319,319,319
120,121,122,123,123,124,125,125,126,126,127
946,946,946,946,946,946,946,946,946,946,946
635,635,634,633,632,631,630,629,628,627,626
1,1,1,1,1,1,1,1,1,1,1
704,706,707,707,708,709,710,711,712,713,714
903,903,903,903,903,903,903,903,903,903,903
77,78,77,77,76,76,75,75,74,74,73
388,388,388,388,388,388,388,388,388,388,388
1022,1023,1023,1023,1023,1023,1023,1023,1023,1023,1022
320,320,320,320,320,320,320,320,320,320,320
119,121,122,122,123,124,124,125,125,126,127
946,946,946,946,946,946,946,946,946,946,946
635,635,634,634,633,632,631,630,629,628,627
1,1,1,1,1,1,1,1,1,1,1
703,705,706,707,708,709,710,710,711,712,713
904,904,904,904,904,904,904,904,904,904,904
77,78,77,77,76,76,75,75,74,74,73
387,387,387,387,387,387,387,387,387,387,387
1022,1023,1023,1023,1023,1023,1023,1023,1023,1023,1023
320,320,320,320,320,320,320,320,320,320,320
119,121,121,122,122,123,124,124,125,126,126
945,945,945,945,945,945,945,945,945,945,945
636,636,635,634,633,632,631,630,629,628,628
1,1,1,1,1,1,1,1,1,1,1
703,705,705,706,707,708,709,710,711,712,713
904,904,904,904,904,904,904,904,904,904,904
78,78,78,77,77,76,76,75,75,74,74
387,387,387,387,387,387,387,387,387,387,387
1022,1023,1023,1023,1023,1023,1023,1023,1023,1023,1023
321,321,321,321,321,321,321,321,321,321,321
119,120,121,121,122,123,123,124,125,125,126
945,945,945,945,945,945,945,945,945,945,945
636,637,636,635,634,633,632,631,630,629,628
1,1,1,1,1,1,1,1,1,1,1
702,704,705,706,707,708,708,709,710,711,712
905,905,905,905,905,905,905,905,905,905,905
78,79,78,78,77,76,76,75,75,74,74
386,386,386,386,386,386,386,386,386,386,386
1022,1023,1023,1023,1023,1023,1023,1023,1023,1023,1023
321,321,321,321,321,321,321,321,321,321,321
118,120,120,121,122,122,123,124,124,125,125
945,945,945,945,945,945,945,945,945,945,945
637,637,636,635,634,633,632,631,631,630,629
1,1,1,1,1,1,1,1,1,1,1
702,703,704,705,706,707,708,709,710,711,712
905,905,905,905,905,905,905,905,905,905,905
78,79,78,78,77,77,76,76,75,75,74
386,386,386,386,386,386,386,386,386,386,386
1022,1023,1023,1023,1023,1023,1023,1023,1023,1023,1023
322,322,322,322,322,322,322,322,322,322,322
118,119,120,121,121,122,123,123,124,124,125
944,944,944,944,944,944,944,944,944,944,944
638,638,637,636,635,634,633,632,631,630,629
1,1,1,1,1,1,1,1,1,1,1
701,703,704,705,706,707,707,708,709,710,711
905,905,905,905,905,905,905,905,905,905,905
79,79,79,78,78,77,77,76,76,75,75
385,385,385,385,385,385,385,385,385,385,385
1022,1023,1023,1023,1023,1023,1023,1023,1023,1023,1023
322,322,322,322,322,322,322,322,322,322,322
117,119,120,120,121,122,122,123,123,124,125
944,944,944,944,944,944,944,944,944,944,944
638,638,637,636,635,635,634,633,632,631,630
1,1,1,1,1,1,1,1,1,1,1
700,702,703,704,705,706,707,708,709,710,710
906,906,906,906,906,906,906,906,906,906,906
79,79,79,78,78,77,77,76,76,75,75
385,385,385,385,385,385,385,385,385,385,385
1022,1023,1023,1023,1023,1023,1023,1023,1023,1023,1023
323,323,323,323,323,323,323,323,323,323,323
117,119,119,120,121,121,122,122,123,124,124
944,944,944,944,944,944,944,944,944,944,944
639,639,638,637,636,635,634,633,632,631,630
1,1,1,1,1,1,1,1,1,1,1
700,702,703,704,705,705,706,707,708,709,710
906,906,906,906,906,906,906,906,906,906,906
79,80,79,79,78,78,77,77,76,76,75
384,384,384,384,384,384,384,384,384,384,384
1023,1023,1023,1023,1023,1023,1023,1023,1023,1023,1023
323,323,323,323,323,323,323,323,323,323,323
117,118,119,120,120,121,121,122,123,123,124
944,944,944,944,944,944,944,944,944,944,944
639,639,638,638,637,636,635,634,633,632,631
0,0,0,0,0,0,0,0,0,0,0
699,701,702,703,704,705,706,707,708,708,709
906,906,906,906,906,906,906,906,906,906,906
80,80,80,79,79,78,78,77,77,76,76
383,383,383,383,383,383,383,383,383,383,383
1023,1023,1023,1023,1023,1023,1023,1023,1023,1023,1023
324,324,324,324,324,324,324,324,324,324,324
116,118,119,119,120,120,121,122,122,123,124
943,943,943,943,943,943,943,943,943,943,943
640,640,639,638,637,636,635,634,633,632,632
0,0,0,0,0,0,0,0,0,0,0
699,701,702,703,703,704,705,706,707,708,709
907,907,907,907,907,907,907,907,907,907,907
80,80,80,79,79,78,78,77,77,76,76
383,383,383,383,383,383,383,383,383,383,383
1023,1023,1023,1023,1023,1023,1023,1023,1023,1023,1023
324,324,324,324,324,324,324,324,324,324,324
116,118,118,119,119,120,121,121,122,123,123
943,943,943,943,943,943,943,943,943,943,943
640,641,640,639,638,637,636,635,634,633,632
0,0,0,0,0,0,0,0,0,0,0
698,700,701,702,703,704,705,706,706,707,708
907,907,907,907,907,907,907,907,907,907,907
80,81,80,80,79,79,78,78,77,77,76
382,382,382,382,382,382,382,382,382,382,382
1023,1023,1023,1023,1023,1023,1023,1023,1023,1023,1023
325,325,325,325,325,325,325,325,325,325,325
116,117,118,118,119,120,120,121,122,122,123
943,943,943,943,943,943,943,943,943,943,943
641,641,640,639,638,637,636,635,635,634,633
0,0,0,0,0,0,0,0,0,0,0
698,700,701,701,702,703,704,705,706,707,708
908,908,908,908,908,908,908,908,908,908,908
81,81,81,80,79,79,78,78,77,77,76
382,382,382,382,382,382,382,382,382,382,382
1023,1023,1023,1023,1023,1023,1023,1023,1023,1023,1023
326,326,326,326,326,326,326,326,326,326,326
115,117,117,118,119,119,120,121,121,122,122
942,942,942,942,942,942,942,942,942,942,942
642,642,641,640,639,638,637,636,635,634,633
0,0,0,0,0,0,0,0,0,0,0
697,699,700,701,702,703,704,704,705,706,707
908,908,908,908,908,908,908,908,908,908,908
81,81,81,80,80,79,79,78,78,77,77
381,381,381,381,381,381,381,381,381,381,381
1023,1023,1023,1023,1023,1023,1023,1023,1023,1023,1023
326,326,326,326,326,326,326,326,326,326,326
115,116,117,118,118,119,120,120,121,121,122
942,942,942,942,942,942,942,942,942,942,942
642,642,641,640,639,639,638,637,636,635,634
0,0,0,0,0,0,0,0,0,0,0
697,699,699,700,701,702,703,704,705,706,707
908,908,908,908,908,908,908,908,908,908,908
81,82,81,81,80,80,79,79,78,78,77
381,381,381,381,381,381,381,381,381,381,381
1023,1023,1023,1023,1023,1023,1023,1023,1023,1023,1023
327,327,327,327,327,327,327,327,327,327,327
115,116,117,117,118,119,119,120,120,121,122
942,942,942,942,942,942,942,942,942,942,942
643,643,642,641,640,639,638,637,636,635,634
0,0,0,0,0,0,0,0,0,0,0
696,698,699,700,701,702,702,703,704,705,706
909,909,909,909,909,909,909,909,909,909,909
82,82,81,81,80,80,79,79,78,78,77
380,380,380,380,380,380,380,380,380,380,380
1023,1023,1023,1023,1023,1023,1023,1023,1023,1023,1023
327,327,327,327,327,327,327,327,327,327,327
114,116,116,117,118,118,119,119,120,121,121
941,941,941,941,941,941,941,941,941,941,941
643,643,642,642,641,640,639,638,637,636,635
0,0,0,0,0,0,0,0,0,0,0
696,697,698,699,700,701,702,703,704,705,706
909,909,909,909,909,909,909,909,909,909,909
82,82,82,81,81,80,80,79,79,78,78
379,379,379,379,379,379,379,379,379,379,379
1023,1023,1023,1023,1023,1023,1023,1023,1023,1023,1023
328,328,328,328,328,328,328,328,328,328,328
114,115,116,117,117,118,118,119,120,120,121
941,941,941,941,941,941,941,941,941,941,941
644,644,643,642,641,640,639,638,637,636,636
0,0,0,0,0,0,0,0,0,0,0
695,697,698,699,700,700,701,702,703,704,705
909,909,909,909,909,909,909,909,909,909,909
82,83,82,82,81,81,80,80,79,78,78
379,379,379,379,379,379,379,379,379,379,379
1023,1023,1023,1023,1023,1023,1023,1023,1023,1023,1023
328,328,328,328,328,328,328,328,328,328,328
113,115,116,116,117,117,118,119,119,120,121
941,941,941,941,941,941,941,941,941,941,941
644,645,644,643,642,641,640,639,638,637,636
0,0,0,0,0,0,0,0,0,0,0
694,696,697,698,699,700,701,702,703,704,704
910,910,910,910,910,910,910,910,910,910,910
82,83,82,82,81,81,80,80,79,79,78
378,378,378,378,378,378,378,378,378,378,378
1023,1023,1023,1023,1023,1023,1023,1023,1023,1023,1023
329,329,329,329,329,329,329,329,329,329,329
113,115,115,116,116,117,118,118,119,120,120
940,940,940,940,940,940,940,940,940,940,940
645,645,644,643,642,641,640,639,639,638,637
0,0,0,0,0,0,0,0,0,0,0
694,696,697,698,698,699,700,701,702,703,704
910,910,910,910,910,910,910,910,910,910,910
83,83,83,82,82,81,81,80,80,79,79
378,378,378,378,378,378,378,378,378,378,378
1023,1023,1023,1023,1023,1023,1023,1023,1023,1023,1023
329,329,329,329,329,329,329,329,329,329,329
113,114,115,115,116,117,117,118,119,119,120
940,940,940,940,940,940,940,940,940,940,940
646,646,645,644,643,642,641,640,639,638,637
0,0,0,0,0,0,0,0,0,0,0
693,695,696,697,698,699,700,701,702,702,703
911,911,911,911,911,911,911,911,911,911,911
83,84,83,83,82,81,81,80,80,79,79
377,377,377,377,377,377,377,377,377,377,377
1023,1023,1023,1023,1023,1023,1023,1023,1023,1023,1023
330,330,330,330,330,330,330,330,330,330,330
112,114,114,115,116,116,117,118,118,119,119
940,940,940,940,940,940,940,940,940,940,940
646,646,645,644,643,643,642,641,640,639,638
0,0,0,0,0,0,0,0,0,0,0
693,695,696,696,697,698,699,700,701,702,703
911,911,911,911,911,911,911,911,911,911,911
83,84,83,83,82,82,81,81,80,80,79
377,377,377,377,377,377,377,377,377,377,377
1023,1023,1023,1023,1023,1023,1023,1023,1023,1023,1023
330,330,330,330,330,330,330,330,330,330,330
112,114,114,115,115,116,117,117,118,118,119
939,939,939,939,939,939,939,939,939,939,939
647,647,646,645,644,643,642,641,640,639,638
0,0,0,0,0,0,0,0,0,0,0
692,694,695,696,697,698,699,700,700,701,702
911,911,911,911,911,911,911,911,911,911,911
84,84,84,83,83,82,82,81,81,80,80
376,376,376,376,376,376,376,376,376,376,376
1023,1023,1023,1023,1023,1023,1023,1023,1023,1023,1023
331,331,331,331,331,331,331,331,331,331,331
112,113,114,114,115,116,116,117,117,118,119
939,939,939,939,939,939,939,939,939,939,939
647,647,646,646,645,644,643,642,641,640,639
0,0,0,0,0,0,0,0,0,0,0
692,694,694,695,696,697,698,699,700,701,702
912,912,912,912,912,912,912,912,912,912,912
84,85,84,84,83,82,82,81,81,80,80
375,375,375,375,375,375,375,375,375,375,375
1023,1023,1023,1023,1023,1023,1023,1023,1023,1023,1023
332,332,332,332,332,332,332,332,332,332,332
111,113,113,114,115,115,116,116,117,118,118
939,939,939,939,939,939,939,939,939,939,939
648,648,647,646,645,644,643,642,641,640,640
0,0,0,0,0,0,0,0,0,0,0
691,693,694,695,696,697,698,698,699,700,701
912,912,912,912,912,912,912,912,912,912,912
84,85,84,84,83,83,82,82,81,81,80
375,375,375,375,375,375,375,375,375,375,375
1023,1023,1023,1023,1023,1023,1023,1023,1023,1023,1023
332,332,332,332,332,332,332,332,332,332,332
111,112,113,114,114,115,115,116,117,117,118
938,938,938,938,938,938,938,938,938,938,938
648,649,648,647,646,645,644,643,642,641,640
0,0,0,0,0,0,0,0,0,0,0
691,692,693,694,695,696,697,698,699,700,701
912,912,912,912,912,912,912,912,912,912,912
85,85,85,84,84,83,83,82,82,81,80
374,374,374,374,374,374,374,374,374,374,374
1023,1023,1023,1023,1023,1023,1023,1023,1023,1023,1023
333,333,333,333,333,333,333,333,333,333,333
110,112,113,113,114,114,115,116,116,117,118
938,938,938,938,938,938,938,938,938,938,938
649,649,648,647,646,645,644,643,643,642,641
0,0,0,0,0,0,0,0,0,0,0
690,692,693,694,695,696,696,697,698,699,700
913,913,913,913,913,913,913,913,913,913,913
85,86,85,84,84,83,83,82,82,81,81
374,374,374,374,374,374,374,374,374,374,374
1023,1023,1023,1023,1023,1023,1023,1023,1023,1023,1023
333,333,333,333,333,333,333,333,333,333,333
110,112,112,113,113,114,115,115,116,117,117
938,938,938,938,938,938,938,938,938,938,938
650,650,649,648,647,646,645,644,643,642,641
0,0,0,0,0,0,0,0,0,0,0
689,691,692,693,694,695,696,697,698,699,700
913,913,913,913,913,913,913,913,913,913,913
85,86,85,85,84,84,83,83,82,82,81
373,373,373,373,373,373,373,373,373,373,373
1023,1023,1023,1023,1023,1023,1023,1023,1023,1023,1023
334,334,334,334,334,334,334,334,334,334,334
110,111,112,113,113,114,114,115,116,116,117
937,937,937,937,937,937,937,937,937,937,937
650,650,649,648,647,646,646,645,644,643,642
0,0,0,0,0,0,0,0,0,0,0
689,691,692,693,694,694,695,696,697,698,699
913,913,913,913,913,913,913,913,913,913,913
86,86,86,85,85,84,84,83,82,82,81
373,373,373,373,373,373,373,373,373,373,373
1023,1023,1023,1023,1023,1023,1023,1023,1023,1023,1023
334,334,334,334,334,334,334,334,334,334,334
109,111,112,112,113,113,114,115,115,116,116
937,937,937,937,937,937,937,937,937,937,937
651,651,650,649,648,647,646,645,644,643,642
0,0,0,0,0,0,0,0,0,0,0
688,690,691,692,693,694,695,696,697,698,698
914,914,914,914,914,914,914,914,914,914,914
86,87,86,85,85,84,84,83,83,82,82
372,372,372,372,372,372,372,372,372,372,372
1023,1023,1023,1023,1023,1023,1023,1023,1023,1023,1023
335,335,335,335,335,335,335,335,335,335,335
109,111,111,112,112,113,114,114,115,115,116
937,937,937,937,937,937,937,937,937,937,937
651,651,650,649,649,648,647,646,645,644,643
0,0,0,0,0,0,0,0,0,0,0
688,690,691,692,692,693,694,695,696,697,698
914,914,914,914,914,914,914,914,914,914,914
86,87,86,86,85,85,84,84,83,83,82
371,371,371,371,371,371,371,371,371,371,371
1023,1023,1023,1023,1023,1023,1023,1023,1023,1023,1023
335,335,335,335,335,335,335,335,335,335,335
109,110,111,111,112,113,113,114,114,115,116
936,936,936,936,936,936,936,936,936,936,936
652,652,651,650,649,648,647,646,645,644,644
0,0,0,0,0,0,0,0,0,0,0
687,689,690,691,692,693,694,695,696,696,697
915,915,915,915,915,915,915,915,915,915,915
87,87,87,86,86,85,85,84,83,83,82
371,371,371,371,371,371,371,371,371,371,371
1023,1023,1023,1023,1023,1023,1023,1023,1023,1023,1023
336,336,336,336,336,336,336,336,336,336,336
108,110,110,111,112,112,113,113,114,115,115
936,936,936,936,936,936,936,936,936,936,936
652,652,652,651,650,649,648,647,646,645,644
0,0,0,0,0,0,0,0,0,0,0
687,689,690,690,691,692,693,694,695,696,697
915,915,915,915,915,915,915,915,915,915,915
87,87,87,86,86,85,85,84,84,83,83
370,370,370,370,370,370,370,370,370,370,370
1023,1023,1023,1023,1023,1023,1023,1023,1023,1023,1023
337,337,337,337,337,337,337,337,337,337,337
108,109,110,111,111,112,112,113,114,114,115
936,936,936,936,936,936,936,936,936,936,936
653,653,652,651,650,649,648,647,647,646,645
0,0,0,0,0,0,0,0,0,0,0
686,688,689,690,691,692,693,694,694,695,696
915,915,915,915,915,915,915,915,915,915,915
87,88,87,87,86,86,85,85,84,84,83
370,370,370,370,370,370,370,370,370,370,370
1023,1023,1023,1023,1023,1023,1023,1023,1023,1023,1023
337,337,337,337,337,337,337,337,337,337,337
108,109,110,110,111,112,112,113,113,114,115
935,935,935,935,935,935,935,935,935,935,935
654,654,653,652,651,650,649,648,647,646,645
0,0,0,0,0,0,0,0,0,0,0
686,688,688,689,690,691,692,693,694,695,696
916,916,916,916,916,916,916,916,916,916,916
88,88,88,87,87,86,85,85,84,84,83
369,369,369,369,369,369,369,369,369,369,369
1023,1023,1023,1023,1023,1023,1023,1023,1023,1023,1023
338,338,338,338,338,338,338,338,338,338,338
107,109,109,110,111,111,112,112,113,114,114
935,935,935,935,935,935,935,935,935,935,935
654,654,653,652,651,650,650,649,648,647,646
0,0,0,0,0,0,0,0,0,0,0
685,687,688,689,690,691,691,692,693,694,695
916,916,916,916,916,916,916,916,916,916,916
88,88,88,87,87,86,86,85,85,84,84
369,369,369,369,369,369,369,369,369,369,369
1023,1023,1023,1023,1023,1023,1023,1023,1023,1023,1023
338,338,338,338,338,338,338,338,338,338,338
107,108,109,110,110,111,111,112,113,113,114
935,935,935,935,935,935,935,935,935,935,935
655,655,654,653,652,651,650,649,648,647,646
0,0,0,0,0,0,0,0,0,0,0
685,686,687,688,689,690,691,692,693,694,695
916,916,916,916,916,916,916,916,916,916,916
88,89,88,88,87,87,86,86,85,85,84
368,368,368,368,368,368,368,368,368,368,368
1023,1023,1023,1023,1023,1023,1023,1023,1023,1023,1023
339,339,339,339,339,339,339,339,339,339,339
106,108,109,109,110,110,111,112,112,113,113
934,934,934,934,934,934,934,934,934,934,934
655,655,654,653,653,652,651,650,649,648,647
0,0,0,0,0,0,0,0,0,0,0
684,686,687,688,689,689,690,691,692,693,694
917,917,917,917,917,917,917,917,917,917,917
89,89,89,88,88,87,86,86,85,85,84
367,367,367,367,367,367,367,367,367,367,367
1023,1023,1023,1023,1023,1023,1023,1023,1023,1023,1023
339,339,339,339,339,339,339,339,339,339,339
106,108,108,109,109,110,111,111,112,112,113
934,934,934,934,934,934,934,934,934,934,934
656,656,655,654,653,652,651,650,649,648,648
0,0,0,0,0,0,0,0,0,0,0
683,685,686,687,688,689,690,691,692,693,693
917,917,917,917,917,917,917,917,917,917,917
89,89,89,88,88,87,87,86,86,85,85
367,367,367,367,367,367,367,367,367,367,367
1023,1023,1023,1023,1023,1023,1023,1023,1023,1023,1023
340,340,340,340,340,340,340,340,340,340,340
106,107,108,108,109,110,110,111,111,112,113
934,934,934,934,934,934,934,934,934,934,934
656,656,656,655,654,653,652,651,650,649,648
0,0,0,0,0,0,0,0,0,0,0
683,685,686,687,687,688,689,690,691,692,693
917,917,917,917,917,917,917,917,917,917,917
89,90,89,89,88,88,87,87,86,86,85
366,366,366,366,366,366,366,366,366,366,366
1023,1023,1023,1023,1023,1023,1023,1023,1023,1023,1023
340,340,340,340,340,340,340,340,340,340,340
105,107,108,108,109,109,110,111,111,112,112
933,933,933,933,933,933,933,933,933,933,933
657,657,656,655,654,653,652,651,651,650,649
0,0,0,0,0,0,0,0,0,0,0
682,684,685,686,687,688,689,690,691,691,692
918,918,918,918,918,918,918,918,918,918,918
90,90,90,89,89,88,87,87,86,86,85
366,366,366,366,366,366,366,366,366,366,366
1023,1023,1023,1023,1023,1023,1023,1023,1023,1023,1023
341,341,341,341,341,341,341,341,341,341,341
105,107,107,108,108,109,110,110,111,111,112
933,933,933,933,933,933,933,933,933,933,933
657,658,657,656,655,654,653,652,651,650,649
0,0,0,0,0,0,0,0,0,0,0
682,684,685,685,686,687,688,689,690,691,692
918,918,918,918,918,918,918,918,918,918,918
90,90,90,89,89,88,88,87,87,86,86
365,365,365,365,365,365,365,365,365,365,365
1023,1023,1023,1023,1023,1023,1023,1023,1023,1023,1023
342,342,342,342,342,342,342,342,342,342,342
105,106,107,107,108,109,109,110,110,111,112
933,933,933,933,933,933,933,933,933,933,933
658,658,657,656,655,654,654,653,652,651,650
0,0,0,0,0,0,0,0,0,0,0
681,683,684,685,686,687,688,689,689,690,691
919,919,919,919,919,919,919,919,919,919,919
90,91,90,90,89,89,88,88,87,86,86
365,365,365,365,365,365,365,365,365,365,365
1023,1023,1023,1023,1023,1023,1023,1023,1023,1023,1023
342,342,342,342,342,342,342,342,342,342,342
104,106,106,107,108,108,109,109,110,111,111
932,932,932,932,932,932,932,932,932,932,932
659,659,658,657,656,655,654,653,652,651,650
0,0,0,0,0,0,0,0,0,0,0
681,683,683,684,685,686,687,688,689,690,691
919,919,919,919,919,919,919,919,919,919,919
91,91,91,90,90,89,88,88,87,87,86
364,364,364,364,364,364,364,364,364,364,364
1023,1023,1023,1023,1023,1023,1023,1023,1023,1023,1023
343,343,343,343,343,343,343,343,343,343,343
104,106,106,107,107,108,108,109,110,110,111
932,932,932,932,932,932,932,932,932,932,932
659,659,658,657,656,656,655,654,653,652,651
0,0,0,0,0,0,0,0,0,0,0
680,682,683,684,685,686,687,687,688,689,690
919,919,919,919,919,919,919,919,919,919,919
91,91,91,90,90,89,89,88,88,87,87
364,364,364,364,364,364,364,364,364,364,364
1023,1023,1023,1023,1023,1023,1023,1023,1023,1023,1023
343,343,343,343,343,343,343,343,343,343,343
104,105,106,106,107,108,108,109,109,110,110
932,932,932,932,932,932,932,932,932,932,932
660,660,659,658,657,656,655,654,653,652,651
0,0,0,0,0,0,0,0,0,0,0
680,681,682,683,684,685,686,687,688,689,690
920,920,920,920,920,920,920,920,920,920,920
91,92,91,91,90,90,89,89,88,87,87
363,363,363,363,363,363,363,363,363,363,363
1023,1023,1023,1023,1023,1023,1023,1023,1023,1023,1023
344,344,344,344,344,344,344,344,344,344,344
103,105,105,106,107,107,108,108,109,110,110
931,931,931,931,931,931,931,931,931,931,931
660,660,659,659,658,657,656,655,654,653,652
0,0,0,0,0,0,0,0,0,0,0
679,681,682,683,684,685,685,686,687,688,689
920,920,920,920,920,920,920,920,920,920,920
92,92,92,91,91,90,89,89,88,88,87
362,362,362,362,362,362,362,362,362,362,362
1023,1023,1023,1023,1023,1023,1023,1023,1023,1023,1023
344,344,344,344,344,344,344,344,344,344,344
103,104,105,106,106,107,107,108,109,109,110
931,931,931,931,931,931,931,931,931,931,931
661,661,660,659,658,657,656,655,654,654,653
0,0,0,0,0,0,0,0,0,0,0
678,680,681,682,683,684,685,686,687,688,688
920,920,920,920,920,920,920,920,920,920,920
92,92,92,91,91,90,90,89,89,88,88
362,362,362,362,362,362,362,362,362,362,362
1023,1023,1023,1023,1023,1023,1023,1023,1023,1023,1023
345,345,345,345,345,345,345,345,345,345,345
103,104,105,105,106,106,107,108,108,109,109
931,931,931,931,931,931,931,931,931,931,931
661,662,661,660,659,658,657,656,655,654,653
0,0,0,0,0,0,0,0,0,0,0
678,680,681,682,682,683,684,685,686,687,688
921,921,921,921,921,921,921,921,921,921,921
92,93,92,92,91,91,90,90,89,88,88
361,361,361,361,361,361,361,361,361,361,361
1023,1023,1023,1023,1023,1023,1023,1023,1023,1023,1023
345,345,345,345,345,345,345,345,345,345,345
102,104,104,105,105,106,107,107,108,108,109
930,930,930,930,930,930,930,930,930,930,930
662,662,661,660,659,658,657,657,656,655,654
0,0,0,0,0,0,0,0,0,0,0
677,679,680,681,682,683,684,685,686,686,687
921,921,921,921,921,921,921,921,921,921,921
93,93,93,92,92,91,90,90,89,89,88
361,361,361,361,361,361,361,361,361,361,361
1023,1023,1023,1023,1023,1023,1023,1023,1023,1023,1023
346,346,346,346,346,346,346,346,346,346,346
102,103,104,105,105,106,106,107,107,108,109
930,930,930,930,930,930,930,930,930,930,930
663,663,662,661,660,659,658,657,656,655,654
0,0,0,0,0,0,0,0,0,0,0
677,679,680,680,681,682,683,684,685,686,687
921,921,921,921,921,921,921,921,921,921,921
93,93,93,92,92,91,91,90,90,89,89
360,360,360,360,360,360,360,360,360,360,360
1023,1023,1023,1023,1023,1023,1023,1023,1023,1023,1023
347,347,347,347,347,347,347,347,347,347,347
101,103,104,104,105,105,106,107,107,108,108
930,930,930,930,930,930,930,930,930,930,930
663,663,662,661,660,660,659,658,657,656,655
0,0,0,0,0,0,0,0,0,0,0
676,678,679,680,681,682,683,684,684,685,686
922,922,922,922,922,922,922,922,922,922,922
93,94,93,93,92,92,91,91,90,89,89
360,360,360,360,360,360,360,360,360,360,360
1023,1023,1023,1023,1023,1023,1023,1023,1023,1023,1023
347,347,347,347,347,347,347,347,347,347,347
101,103,103,104,104,105,106,106,107,107,108
929,929,929,929,929,929,929,929,929,929,929
664,664,663,662,661,660,659,658,657,656,655
0,0,0,0,0,0,0,0,0,0,0
676,678,678,679,680,681,682,683,684,685,686
922,922,922,922,922,922,922,922,922,922,922
94,94,94,93,93,92,91,91,90,90,89
359,359,359,359,359,359,359,359,359,359,359
1023,1023,1023,1023,1023,1023,1023,1023,1023,1023,1023
348,348,348,348,348,348,348,348,348,348,348
101,102,103,103,104,105,105,106,106,107,108
929,929,929,929,929,929,929,929,929,929,929
664,664,663,662,662,661,660,659,658,657,656
0,0,0,0,0,0,0,0,0,0,0
675,677,678,679,680,681,682,682,683,684,685
922,922,922,922,922,922,922,922,922,922,922
94,95,94,93,93,92,92,91,91,90,90
358,358,358,358,358,358,358,358,358,358,358
1023,1023,1023,1023,1023,1023,1023,1023,1023,1023,1023
348,348,348,348,348,348,348,348,348,348,348
100,102,103,103,104,104,105,105,106,107,107
929,929,929,929,929,929,929,929,929,929,929
665,665,664,663,662,661,660,659,658,658,657
0,0,0,0,0,0,0,0,0,0,0
674,676,677,678,679,680,681,682,683,684,685
923,923,923,923,923,923,923,923,923,923,923
94,95,94,94,93,93,92,92,91,90,90
358,358,358,358,358,358,358,358,358,358,358
1023,1023,1023,1023,1023,1023,1023,1023,1023,1023,1023
349,349,349,349,349,349,349,349,349,349,349
100,102,102,103,103,104,105,105,106,106,107
928,928,928,928,928,928,928,928,928,928,928
665,665,665,664,663,662,661,660,659,658,657
0,0,0,0,0,0,0,0,0,0,0
674,676,677,678,679,679,680,681,682,683,684
923,923,923,923,923,923,923,923,923,923,923
95,95,95,94,94,93,92,92,91,91,90
357,357,357,357,357,357,357,357,357,357,357
1023,1023,1023,1023,1023,1023,1023,1023,1023,1023,1023
349,349,349,349,349,349,349,349,349,349,349
100,101,102,102,103,104,104,105,105,106,107
928,928,928,928,928,928,928,928,928,928,928
666,666,665,664,663,662,661,660,660,659,658
0,0,0,0,0,0,0,0,0,0,0
673,675,676,677,678,679,680,681,682,683,683
923,923,923,923,923,923,923,923,923,923,923
95,96,95,94,94,93,93,92,92,91,91
357,357,357,357,357,357,357,357,357,357,357
1023,1023,1023,1023,1023,1023,1023,1023,1023,1023,1023
350,350,350,350,350,350,350,350,350,350,350
99,101,101,102,103,103,104,104,105,106,106
928,928,928,928,928,928,928,928,928,928,928
667,667,666,665,664,663,662,661,660,659,658
0,0,0,0,0,0,0,0,0,0,0
673,675,676,677,677,678,679,680,681,682,683
924,924,924,924,924,924,924,924,924,924,924
95,96,95,95,94,94,93,93,92,91,91
356,356,356,356,356,356,356,356,356,356,356
1023,1023,1023,1023,1023,1023,1023,1023,1023,1023,1023
350,350,350,350,350,350,350,350,350,350,350
99,101,101,102,102,103,103,104,105,105,106
927,927,927,927,927,927,927,927,927,927,927
667,667,666,665,664,663,663,662,661,660,659
0,0,0,0,0,0,0,0,0,0,0
672,674,675,676,677,678,679,680,681,681,682
924,924,924,924,924,924,924,924,924,924,924
96,96,96,95,95,94,93,93,92,92,91
356,356,356,356,356,356,356,356,356,356,356
1023,1023,1023,1023,1023,1023,1023,1023,1023,1023,1023
351,351,351,351,351,351,351,351,351,351,351
99,100,101,101,102,103,103,104,104,105,105
927,927,927,927,927,927,927,927,927,927,927
668,668,667,666,665,664,663,662,661,660,659
0,0,0,0,0,0,0,0,0,0,0
672,674,675,675,676,677,678,679,680,681,682
925,925,925,925,925,925,925,925,925,925,925
96,97,96,95,95,94,94,93,93,92,92
355,355,355,355,355,355,355,355,355,355,355
1023,1023,1023,1023,1023,1023,1023,1023,1023,1023,1023
352,352,352,352,352,352,352,352,352,352,352
98,100,100,101,102,102,103,103,104,104,105
927,927,927,927,927,927,927,927,927,927,927
668,668,667,666,666,665,664,663,662,661,660
0,0,0,0,0,0,0,0,0,0,0
671,673,674,675,676,677,678,679,679,680,681
925,925,925,925,925,925,925,925,925,925,925
96,97,96,96,95,95,94,94,93,92,92
355,355,355,355,355,355,355,355,355,355,355
1023,1023,1023,1023,1023,1023,1023,1023,1023,1023,1023
352,352,352,352,352,352,352,352,352,352,352
98,100,100,101,101,102,102,103,104,104,105
926,926,926,926,926,926,926,926,926,926,926
669,669,668,667,666,665,664,663,662,661,661
0,0,0,0,0,0,0,0,0,0,0
671,672,673,674,675,676,677,678,679,680,681
925,925,925,925,925,925,925,925,925,925,925
97,97,97,96,96,95,94,94,93,93,92
354,354,354,354,354,354,354,354,354,354,354
1023,1023,1023,1023,1023,1023,1023,1023,1023,1023,1023
353,353,353,353,353,353,353,353,353,353,353
98,99,100,100,101,101,102,103,103,104,104
926,926,926,926,926,926,926,926,926,926,926
669,669,668,668,667,666,665,664,663,662,661
0,0,0,0,0,0,0,0,0,0,0
670,672,673,674,675,676,677,677,678,679,680
926,926,926,926,926,926,926,926,926,926,926
97,98,97,96,96,95,95,94,94,93,93
353,353,353,353,353,353,353,353,353,353,353
1023,1023,1023,1023,1023,1023,1023,1023,1023,1023,1023
353,353,353,353,353,353,353,353,353,353,353
97,99,99,100,101,101,102,102,103,103,104
926,926,926,926,926,926,926,926,926,926,926
670,670,669,668,667,666,665,664,664,663,662
0,0,0,0,0,0,0,0,0,0,0
669,671,672,673,674,675,676,677,678,679,680
926,926,926,926,926,926,926,926,926,926,926
98,98,97,97,96,96,95,95,94,93,93
353,353,353,353,353,353,353,353,353,353,353
1023,1023,1023,1023,1023,1023,1023,1023,1023,1023,1023
354,354,354,354,354,354,354,354,354,354,354
97,98,99,100,100,101,101,102,102,103,104
925,925,925,925,925,925,925,925,925,925,925
670,671,670,669,668,667,666,665,664,663,662
0,0,0,0,0,0,0,0,0,0,0
669,671,672,673,674,674,675,676,677,678,679
926,926,926,926,926,926,926,926,926,926,926
98,98,98,97,97,96,95,95,94,94,93
352,352,352,352,352,352,352,352,352,352,352
1023,1023,1023,1023,1023,1023,1023,1023,1023,1023,1023
354,354,354,354,354,354,354,354,354,354,354
97,98,99,99,100,100,101,102,102,103,103
925,925,925,925,925,925,925,925,925,925,925
671,671,670,669,668,667,666,666,665,664,663
0,0,0,0,0,0,0,0,0,0,0
668,670,671,672,673,674,675,676,677,678,678
927,927,927,927,927,927,927,927,927,927,927
98,99,98,98,97,96,96,95,95,94,94
352,352,352,352,352,352,352,352,352,352,352
1023,1023,1023,1023,1023,1023,1023,1023,1023,1023,1023
355,355,355,355,355,355,355,355,355,355,355
96,98,98,99,99,100,101,101,102,102,103
925,925,925,925,925,925,925,925,925,925,925
672,672,671,670,669,668,667,666,665,664,663
0,0,0,0,0,0,0,0,0,0,0
668,670,671,672,672,673,674,675,676,677,678
927,927,927,927,927,927,927,927,927,927,927
99,99,98,98,97,97,96,96,95,94,94
351,351,351,351,351,351,351,351,351,351,351
1023,1023,1023,1023,1023,1023,1023,1023,1023,1023,1023
356,356,356,356,356,356,356,356,356,356,356
96,97,98,99,99,100,100,101,101,102,103
924,924,924,924,924,924,924,924,924,924,924
672,672,671,670,669,669,668,667,666,665,664
0,0,0,0,0,0,0,0,0,0,0
667,669,670,671,672,673,674,675,676,676,677
927,927,927,927,927,927,927,927,927,927,927
99,99,99,98,98,97,97,96,95,95,94
351,351,351,351,351,351,351,351,351,351,351
1023,1023,1023,1023,1023,1023,1023,1023,1023,1023,1023
356,356,356,356,356,356,356,356,356,356,356
96,97,98,98,99,99,100,101,101,102,102
924,924,924,924,924,924,924,924,924,924,924
673,673,672,671,670,669,668,667,666,665,664
0,0,0,0,0,0,0,0,0,0,0
667,669,669,670,671,672,673,674,675,676,677
928,928,928,928,928,928,928,928,928,928,928
99,100,99,99,98,97,97,96,96,95,95
350,350,350,350,350,350,350,350,350,350,350
1023,1023,1023,1023,1023,1023,1023,1023,1023,1023,1023
357,357,357,357,357,357,357,357,357,357,357
95,97,97,98,98,99,100,100,101,101,102
924,924,924,924,924,924,924,924,924,924,924
673,673,672,671,671,670,669,668,667,666,665
0,0,0,0,0,0,0,0,0,0,0
666,668,669,670,671,672,673,674,674,675,676
928,928,928,928,928,928,928,928,928,928,928
100,100,99,99,98,98,97,97,96,96,95
349,349,349,349,349,349,349,349,349,349,349
1023,1023,1023,1023,1023,1023,1023,1023,1023,1023,1023
357,357,357,357,357,357,357,357,357,357,357
95,96,97,98,98,99,99,100,100,101,102
923,923,923,923,923,923,923,923,923,923,923
674,674,673,672,671,670,669,668,667,667,666
0,0,0,0,0,0,0,0,0,0,0
666,667,668,669,670,671,672,673,674,675,676
928,928,928,928,928,928,928,928,928,928,928
100,100,100,99,99,98,98,97,96,96,95
349,349,349,349,349,349,349,349,349,349,349
1023,1023,1023,1023,1023,1023,1023,1023,1023,1023,1023
358,358,358,358,358,358,358,358,358,358,358
95,96,97,97,98,98,99,99,100,101,101
923,923,923,923,923,923,923,923,923,923,923
674,674,674,673,672,671,670,669,668,667,666
0,0,0,0,0,0,0,0,0,0,0
665,667,668,669,670,671,671,672,673,674,675
929,929,929,929,929,929,929,929,929,929,929
100,101,100,100,99,98,98,97,97,96,96
348,348,348,348,348,348,348,348,348,348,348
1023,1023,1023,1023,1023,1023,1023,1023,1023,1023,1023
358,358,358,358,358,358,358,358,358,358,358
94,96,96,97,97,98,99,99,100,100,101
923,923,923,923,923,923,923,923,923,923,923
675,675,674,673,672,671,670,669,669,668,667
0,0,0,0,0,0,0,0,0,0,0
664,666,667,668,669,670,671,672,673,674,675
929,929,929,929,929,929,929,929,929,929,929
101,101,101,100,99,99,98,98,97,97,96
348,348,348,348,348,348,348,348,348,348,348
1023,1023,1023,1023,1023,1023,1023,1023,1023,1023,1023
359,359,359,359,359,359,359,359,359,359,359
94,95,96,97,97,98,98,99,99,100,100
922,922,922,922,922,922,922,922,922,922,922
675,676,675,674,673,672,671,670,669,668,667
0,0,0,0,0,0,0,0,0,0,0
664,666,667,668,669,669,670,671,672,673,674
929,929,929,929,929,929,929,929,929,929,929
101,101,101,100,100,99,99,98,97,97,96
347,347,347,347,347,347,347,347,347,347,347
1023,1023,1023,1023,1023,1023,1023,1023,1023,1023,1023
359,359,359,359,359,359,359,359,359,359,359
93,95,96,96,97,97,98,98,99,100,100
922,922,922,922,922,922,922,922,922,922,922
676,676,675,674,673,672,672,671,670,669,668
0,0,0,0,0,0,0,0,0,0,0
663,665,666,667,668,669,670,671,672,673,673
930,930,930,930,930,930,930,930,930,930,930
101,102,101,101,100,99,99,98,98,97,97
347,347,347,347,347,347,347,347,347,347,347
1023,1023,1023,1023,1023,1023,1023,1023,1023,1023,1023
360,360,360,360,360,360,360,360,360,360,360
93,95,95,96,96,97,98,98,99,99,100
921,921,921,921,921,921,921,921,921,921,921
677,677,676,675,674,673,672,671,670,669,668
0,0,0,0,0,0,0,0,0,0,0
663,665,666,666,667,668,669,670,671,672,673
930,930,930,930,930,930,930,930,930,930,930
102,102,102,101,100,100,99,99,98,98,97
346,346,346,346,346,346,346,346,346,346,346
1023,1023,1023,1023,1023,1023,1023,1023,1023,1023,1023
361,361,361,361,361,361,361,361,361,361,361
93,94,95,95,96,97,97,98,98,99,99
921,921,921,921,921,921,921,921,921,921,921
677,677,676,675,674,674,673,672,671,670,669
0,0,0,0,0,0,0,0,0,0,0
662,664,665,666,667,668,669,670,671,671,672
930,930,930,930,930,930,930,930,930,930,930
102,102,102,101,101,100,100,99,98,98,97
346,346,346,346,346,346,346,346,346,346,346
1023,1023,1023,1023,1023,1023,1023,1023,1023,1023,1023
361,361,361,361,361,361,361,361,361,361,361
92,94,95,95,96,96,97,97,98,99,99
921,921,921,921,921,921,921,921,921,921,921
678,678,677,676,675,674,673,672,671,670,670
0,0,0,0,0,0,0,0,0,0,0
662,664,664,665,666,667,668,669,670,671,672
931,931,931,931,931,931,931,931,931,931,931
102,103,102,102,101,101,100,99,99,98,98
345,345,345,345,345,345,345,345,345,345,345
1023,1023,1023,1023,1023,1023,1023,1023,1023,1023,1023
362,362,362,362,362,362,362,362,362,362,362
92,94,94,95,95,96,96,97,98,98,99
920,920,920,920,920,920,920,920,920,920,920
678,678,677,677,676,675,674,673,672,671,670
0,0,0,0,0,0,0,0,0,0,0
661,663,664,665,666,667,668,668,669,670,671
931,931,931,931,931,931,931,931,931,931,931
103,103,103,102,101,101,100,100,99,99,98
344,344,344,344,344,344,344,344,344,344,344
1023,1023,1023,1023,1023,1023,1023,1023,1023,1023,1023
362,362,362,362,362,362,362,362,362,362,362
92,93,94,94,95,96,96,97,97,98,98
920,920,920,920,920,920,920,920,920,920,920
679,679,678,677,676,675,674,673,672,672,671
0,0,0,0,0,0,0,0,0,0,0
660,662,663,664,665,666,667,668,669,670,671
931,931,931,931,931,931,931,931,931,931,931
103,104,103,102,102,101,101,100,100,99,98
344,344,344,344,344,344,344,344,344,344,344
1023,1023,1023,1023,1023,1023,1023,1023,1023,1023,1023
363,363,363,363,363,363,363,363,363,363,363
91,93,94,94,95,95,96,96,97,97,98
920,920,920,920,920,920,920,920,920,920,920
679,679,679,678,677,676,675,674,673,672,671
0,0,0,0,0,0,0,0,0,0,0
660,662,663,664,665,666,666,667,668,669,670
932,932,932,932,932,932,932,932,932,932,932
103,104,103,103,102,102,101,100,100,99,99
343,343,343,343,343,343,343,343,343,343,343
1023,1023,1023,1023,1023,1023,1023,1023,1023,1023,1023
363,363,363,363,363,363,363,363,363,363,363
91,93,93,94,94,95,95,96,97,97,98
919,919,919,919,919,919,919,919,919,919,919
680,680,679,678,677,676,675,675,674,673,672
0,0,0,0,0,0,0,0,0,0,0
659,661,662,663,664,665,666,667,668,669,670
932,932,932,932,932,932,932,932,932,932,932
104,104,104,103,103,102,101,101,100,100,99
343,343,343,343,343,343,343,343,343,343,343
1023,1023,1023,1023,1023,1023,1023,1023,1023,1023,1023
364,364,364,364,364,364,364,364,364,364,364
91,92,93,93,94,95,95,96,96,97,97
919,919,919,919,919,919,919,919,919,919,919
680,681,680,679,678,677,676,675,674,673,672
0,0,0,0,0,0,0,0,0,0,0
659,661,662,663,663,664,665,666,667,668,669
932,932,932,932,932,932,932,932,932,932,932
104,105,104,103,103,102,102,101,101,100,99
342,342,342,342,342,342,342,342,342,342,342
1023,1023,1023,1023,1023,1023,1023,1023,1023,1023,1023
365,365,365,365,365,365,365,365,365,365,365
90,92,93,93,94,94,95,95,96,96,97
919,919,919,919,919,919,919,919,919,919,919
681,681,680,679,678,677,677,676,675,674,673
0,0,0,0,0,0,0,0,0,0,0
658,660,661,662,663,664,665,666,667,668,668
933,933,933,933,933,933,933,933,933,933,933
105,105,104,104,103,103,102,101,101,100,100
342,342,342,342,342,342,342,342,342,342,342
1023,1023,1023,1023,1023,1023,1023,1023,1023,1023,1023
365,365,365,365,365,365,365,365,365,365,365
90,92,92,93,93,94,94,95,96,96,97
918,918,918,918,918,918,918,918,918,918,918
682,682,681,680,679,678,677,676,675,674,673
0,0,0,0,0,0,0,0,0,0,0
658,660,660,661,662,663,664,665,666,667,668
933,933,933,933,933,933,933,933,933,933,933
105,105,105,104,104,103,102,102,101,101,100
341,341,341,341,341,341,341,341,341,341,341
1023,1023,1023,1023,1023,1023,1023,1023,1023,1023,1023
366,366,366,366,366,366,366,366,366,366,366
90,91,92,92,93,94,94,95,95,96,96
918,918,918,918,918,918,918,918,918,918,918
682,682,681,680,679,679,678,677,676,675,674
0,0,0,0,0,0,0,0,0,0,0
657,659,660,661,662,663,664,665,665,666,667
933,933,933,933,933,933,933,933,933,933,933
105,106,105,105,104,103,103,102,102,101,100
341,341,341,341,341,341,341,341,341,341,341
1023,1023,1023,1023,1023,1023,1023,1023,1023,1023,1023
366,366,366,366,366,366,366,366,366,366,366
89,91,92,92,93,93,94,94,95,95,96
918,918,918,918,918,918,918,918,918,918,918
683,683,682,681,680,679,678,677,676,675,675
0,0,0,0,0,0,0,0,0,0,0
657,658,659,660,661,662,663,664,665,666,667
934,934,934,934,934,934,934,934,934,934,934
106,106,105,105,104,104,103,103,102,101,101
340,340,340,340,340,340,340,340,340,340,340
1023,1023,1023,1023,1023,1023,1023,1023,1023,1023,1023
367,367,367,367,367,367,367,367,367,367,367
89,91,91,92,92,93,93,94,95,95,96
917,917,917,917,917,917,917,917,917,917,917
683,683,682,682,681,680,679,678,677,676,675
0,0,0,0,0,0,0,0,0,0,0
656,658,659,660,661,662,662,663,664,665,666
934,934,934,934,934,934,934,934,934,934,934
106,106,106,105,105,104,103,103,102,102,101
339,339,339,339,339,339,339,339,339,339,339
1023,1023,1023,1023,1023,1023,1023,1023,1023,1023,1023
367,367,367,367,367,367,367,367,367,367,367
89,90,91,91,92,93,93,94,94,95,95
917,917,917,917,917,917,917,917,917,917,917
684,684,683,682,681,680,679,678,678,677,676
0,0,0,0,0,0,0,0,0,0,0
655,657,658,659,660,661,662,663,664,665,666
934,934,934,934,934,934,934,934,934,934,934
106,107,106,106,105,104,104,103,103,102,102
339,339,339,339,339,339,339,339,339,339,339
1023,1023,1023,1023,1023,1023,1023,1023,1023,1023,1023
368,368,368,368,368,368,368,368,368,368,368
88,90,91,91,92,92,93,93,94,94,95
916,916,916,916,916,916,916,916,916,916,916
684,684,684,683,682,681,680,679,678,677,676
0,0,0,0,0,0,0,0,0,0,0
655,657,658,659,660,660,661,662,663,664,665
935,935,935,935,935,935,935,935,935,935,935
107,107,107,106,105,105,104,104,103,102,102
338,338,338,338,338,338,338,338,338,338,338
1023,1023,1023,1023,1023,1023,1023,1023,1023,1023,1023
368,368,368,368,368,368,368,368,368,368,368
88,90,90,91,91,92,92,93,94,94,95
916,916,916,916,916,916,916,916,916,916,916
685,685,684,683,682,681,680,680,679,678,677
0,0,0,0,0,0,0,0,0,0,0
654,656,657,658,659,660,661,662,663,664,664
935,935,935,935,935,935,935,935,935,935,935
107,107,107,106,106,105,105,104,103,103,102
338,338,338,338,338,338,338,338,338,338,338
1023,1023,1023,1023,1023,1023,1023,1023,1023,1023,1023
369,369,369,369,369,369,369,369,369,369,369
88,89,90,90,91,92,92,93,93,94,94
916,916,916,916,916,916,916,916,916,916,916
685,686,685,684,683,682,681,680,679,678,677
0,0,0,0,0,0,0,0,0,0,0
654,656,657,657,658,659,660,661,662,663,664
935,935,935,935,935,935,935,935,935,935,935
107,108,107,107,106,105,105,104,104,103,103
337,337,337,337,337,337,337,337,337,337,337
1023,1023,1023,1023,1023,1023,1023,1023,1023,1023,1023
370,370,370,370,370,370,370,370,370,370,370
87,89,90,90,91,91,92,92,93,93,94
915,915,915,915,915,915,915,915,915,915,915
686,686,685,684,683,682,682,681,680,679,678
0,0,0,0,0,0,0,0,0,0,0
653,655,656,657,658,659,660,661,662,662,663
936,936,936,936,936,936,936,936,936,936,936
108,108,108,107,106,106,105,105,104,104,103
337,337,337,337,337,337,337,337,337,337,337
1023,1023,1023,1023,1023,1023,1023,1023,1023,1023,1023
370,370,370,370,370,370,370,370,370,370,370
87,89,89,90,90,91,91,92,92,93,94
915,915,915,915,915,915,915,915,915,915,915
687,687,686,685,684,683,682,681,680,679,678
0,0,0,0,0,0,0,0,0,0,0
653,654,655,656,657,658,659,660,661,662,663
936,936,936,936,936,936,936,936,936,936,936
108,109,108,107,107,106,106,105,104,104,103
336,336,336,336,336,336,336,336,336,336,336
1023,1023,1023,1023,1023,1023,1023,1023,1023,1023,1023
371,371,371,371,371,371,371,371,371,371,371
87,88,89,89,90,91,91,92,92,93,93
915,915,915,915,915,915,915,915,915,915,915
687,687,686,685,684,684,683,682,681,680,679
0,0,0,0,0,0,0,0,0,0,0
652,654,655,656,657,658,659,659,660,661,662
936,936,936,936,936,936,936,936,936,936,936
109,109,108,108,107,107,106,105,105,104,104
336,336,336,336,336,336,336,336,336,336,336
1023,1023,1023,1023,1023,1023,1023,1023,1023,1023,1023
371,371,371,371,371,371,371,371,371,371,371
86,88,89,89,90,90,91,91,92,92,93
914,914,914,914,914,914,914,914,914,914,914
688,688,687,686,685,684,683,682,681,681,680
0,0,0,0,0,0,0,0,0,0,0
651,653,654,655,656,657,658,659,660,661,662
937,937,937,937,937,937,937,937,937,937,937
109,109,109,108,108,107,106,106,105,105,104
335,335,335,335,335,335,335,335,335,335,335
1023,1023,1023,1023,1023,1023,1023,1023,1023,1023,1023
372,372,372,372,372,372,372,372,372,372,372
86,88,88,89,89,90,90,91,91,92,93
914,914,914,914,914,914,914,914,914,914,914
688,688,687,687,686,685,684,683,682,681,680
0,0,0,0,0,0,0,0,0,0,0
651,653,654,655,656,656,657,658,659,660,661
937,937,937,937,937,937,937,937,937,937,937
109,110,109,108,108,107,107,106,106,105,104
334,334,334,334,334,334,334,334,334,334,334
1023,1023,1023,1023,1023,1023,1023,1023,1023,1023,1023
372,372,372,372,372,372,372,372,372,372,372
86,87,88,88,89,90,90,91,91,92,92
914,914,914,914,914,914,914,914,914,914,914
689,689,688,687,686,685,684,683,683,682,681
0,0,0,0,0,0,0,0,0,0,0
650,652,653,654,655,656,657,658,659,660,661
937,937,937,937,937,937,937,937,937,937,937
110,110,109,109,108,108,107,106,106,105,105
334,334,334,334,334,334,334,334,334,334,334
1023,1023,1023,1023,1023,1023,1023,1023,1023,1023,1023
373,373,373,373,373,373,373,373,373,373,373
85,87,88,88,89,89,90,90,91,91,92
913,913,913,913,913,913,913,913,913,913,913
689,689,689,688,687,686,685,684,683,682,681
0,0,0,0,0,0,0,0,0,0,0
650,652,653,654,654,655,656,657,658,659,660
938,938,938,938,938,938,938,938,938,938,938
110,110,110,109,109,108,107,107,106,106,105
333,333,333,333,333,333,333,333,333,333,333
1023,1023,1023,1023,1023,1023,1023,1023,1023,1023,1023
374,374,374,374,374,374,374,374,374,374,374
85,87,87,88,88,89,89,90,90,91,92
913,913,913,913,913,913,913,913,913,913,913
690,690,689,688,687,686,685,685,684,683,682
0,0,0,0,0,0,0,0,0,0,0
649,651,652,653,654,655,656,657,658,658,659
938,938,938,938,938,938,938,938,938,938,938
110,111,110,110,109,108,108,107,107,106,105
333,333,333,333,333,333,333,333,333,333,333
1023,1023,1023,1023,1023,1023,1023,1023,1023,1023,1023
374,374,374,374,374,374,374,374,374,374,374
85,86,87,87,88,89,89,90,90,91,91
912,912,912,912,912,912,912,912,912,912,912
690,691,690,689,688,687,686,685,684,683,682
0,0,0,0,0,0,0,0,0,0,0
649,651,651,652,653,654,655,656,657,658,659
938,938,938,938,938,938,938,938,938,938,938
111,111,111,110,109,109,108,108,107,106,106
332,332,332,332,332,332,332,332,332,332,332
1023,1023,1023,1023,1023,1023,1023,1023,1023,1023,1023
375,375,375,375,375,375,375,375,375,375,375
85,86,87,87,88,88,89,89,90,90,91
912,912,912,912,912,912,912,912,912,912,912
691,691,690,689,688,687,687,686,685,684,683
0,0,0,0,0,0,0,0,0,0,0
648,650,651,652,653,654,655,656,656,657,658
939,939,939,939,939,939,939,939,939,939,939
111,111,111,110,110,109,108,108,107,107,106
332,332,332,332,332,332,332,332,332,332,332
1023,1023,1023,1023,1023,1023,1023,1023,1023,1023,1023
375,375,375,375,375,375,375,375,375,375,375
84,86,86,87,87,88,88,89,89,90,91
912,912,912,912,912,912,912,912,912,912,912
692,692,691,690,689,688,687,686,685,684,683
0,0,0,0,0,0,0,0,0,0,0
647,649,650,651,652,653,654,655,656,657,658
939,939,939,939,939,939,939,939,939,939,939
111,112,111,111,110,109,109,108,108,107,106
331,331,331,331,331,331,331,331,331,331,331
1023,1023,1023,1023,1023,1023,1023,1023,1023,1023,1023
376,376,376,376,376,376,376,376,376,376,376
84,85,86,86,87,88,88,89,89,90,90
911,911,911,911,911,911,911,911,911,911,911
692,692,691,690,689,689,688,687,686,685,684
0,0,0,0,0,0,0,0,0,0,0
647,649,650,651,652,653,653,654,655,656,657
939,939,939,939,939,939,939,939,939,939,939
112,112,112,111,110,110,109,109,108,107,107
331,331,331,331,331,331,331,331,331,331,331
1023,1023,1023,1023,1023,1023,1023,1023,1023,1023,1023
376,376,376,376,376,376,376,376,376,376,376
84,85,86,86,87,87,88,88,89,89,90
911,911,911,911,911,911,911,911,911,911,911
693,693,692,691,690,689,688,687,686,685,685
0,0,0,0,0,0,0,0,0,0,0
646,648,649,650,651,652,653,654,655,656,657
940,940,940,940,940,940,940,940,940,940,940
112,113,112,111,111,110,110,109,108,108,107
330,330,330,330,330,330,330,330,330,330,330
1023,1023,1023,1023,1023,1023,1023,1023,1023,1023,1023
377,377,377,377,377,377,377,377,377,377,377
83,85,85,86,86,87,87,88,88,89,90
911,911,911,911,911,911,911,911,911,911,911
693,693,692,691,691,690,689,688,687,686,685
0,0,0,0,0,0,0,0,0,0,0
646,648,649,650,650,651,652,653,654,655,656
940,940,940,940,940,940,940,940,940,940,940
113,113,112,112,111,111,110,109,109,108,108
330,330,330,330,330,330,330,330,330,330,330
1023,1023,1023,1023,1023,1023,1023,1023,1023,1023,1023
378,378,378,378,378,378,378,378,378,378,378
83,84,85,85,86,87,87,88,88,89,89
910,910,910,910,910,910,910,910,910,910,910
694,694,693,692,691,690,689,688,688,687,686
0,0,0,0,0,0,0,0,0,0,0
645,647,648,649,650,651,652,653,654,655,655
940,940,940,940,940,940,940,940,940,940,940
113,113,113,112,112,111,110,110,109,109,108
329,329,329,329,329,329,329,329,329,329,329
1023,1023,1023,1023,1023,1023,1023,1023,1023,1023,1023
378,378,378,378,378,378,378,378,378,378,378
83,84,85,85,86,86,87,87,88,88,89
910,910,910,910,910,910,910,910,910,910,910
694,694,693,693,692,691,690,689,688,687,686
0,0,0,0,0,0,0,0,0,0,0
645,647,647,648,649,650,651,652,653,654,655
941,941,941,941,941,941,941,941,941,941,941
113,114,113,112,112,111,111,110,109,109,108
328,328,328,328,328,328,328,328,328,328,328
1023,1023,1023,1023,1023,1023,1023,1023,1023,1023,1023
379,379,379,379,379,379,379,379,379,379,379
82,84,84,85,85,86,86,87,88,88,89
910,910,910,910,910,910,910,910,910,910,910
695,695,694,693,692,691,690,690,689,688,687
0,0,0,0,0,0,0,0,0,0,0
644,646,647,648,649,650,651,652,652,653,654
941,941,941,941,941,941,941,941,941,941,941
114,114,113,113,112,112,111,110,110,109,109
328,328,328,328,328,328,328,328,328,328,328
1023,1023,1023,1023,1023,1023,1023,1023,1023,1023,1023
379,379,379,379,379,379,379,379,379,379,379
82,83,84,85,85,86,86,87,87,88,88
909,909,909,909,909,909,909,909,909,909,909
695,695,695,694,693,692,691,690,689,688,687
0,0,0,0,0,0,0,0,0,0,0
643,645,646,647,648,649,650,651,652,653,654
941,941,941,941,941,941,941,941,941,941,941
114,114,114,113,113,112,111,111,110,110,109
327,327,327,327,327,327,327,327,327,327,327
1023,1023,1023,1023,1023,1023,1023,1023,1023,1023,1023
380,380,380,380,380,380,380,380,380,380,380
82,83,84,84,85,85,86,86,87,87,88
909,909,909,909,909,909,909,909,909,909,909
696,696,695,694,693,692,692,691,690,689,688
0,0,0,0,0,0,0,0,0,0,0
643,645,646,647,648,649,649,650,651,652,653
942,942,942,942,942,942,942,942,942,942,942
114,115,114,114,113,112,112,111,111,110,109
327,327,327,327,327,327,327,327,327,327,327
1023,1023,1023,1023,1023,1023,1023,1023,1023,1023,1023
380,380,380,380,380,380,380,380,380,380,380
81,83,83,84,84,85,85,86,87,87,88
908,908,908,908,908,908,908,908,908,908,908
696,697,696,695,694,693,692,691,690,689,688
0,0,0,0,0,0,0,0,0,0,0
642,644,645,646,647,648,649,650,651,652,653
942,942,942,942,942,942,942,942,942,942,942
115,115,115,114,113,113,112,112,111,110,110
326,326,326,326,326,326,326,326,326,326,326
1023,1023,1023,1023,1023,1023,1023,1023,1023,1023,1023
381,381,381,381,381,381,381,381,381,381,381
81,82,83,84,84,85,85,86,86,87,87
908,908,908,908,908,908,908,908,908,908,908
697,697,696,695,694,694,693,692,691,690,689
0,0,0,0,0,0,0,0,0,0,0
642,644,645,646,646,647,648,649,650,651,652
942,942,942,942,942,942,942,942,942,942,942
115,116,115,114,114,113,113,112,111,111,110
326,326,326,326,326,326,326,326,326,326,326
1023,1023,1023,1023,1023,1023,1023,1023,1023,1023,1023
382,382,382,382,382,382,382,382,382,382,382
81,82,83,83,84,84,85,85,86,86,87
908,908,908,908,908,908,908,908,908,908,908
698,698,697,696,695,694,693,692,691,690,690
0,0,0,0,0,0,0,0,0,0,0
641,643,644,645,646,647,648,649,650,651,652
943,943,943,943,943,943,943,943,943,943,943
116,116,115,115,114,113,113,112,112,111,110
325,325,325,325,325,325,325,325,325,325,325
1023,1023,1023,1023,1023,1023,1023,1023,1023,1023,1023
382,382,382,382,382,382,382,382,382,382,382
80,82,82,83,83,84,84,85,86,86,87
907,907,907,907,907,907,907,907,907,907,907
698,698,697,696,696,695,694,693,692,691,690
0,0,0,0,0,0,0,0,0,0,0
641,643,643,644,645,646,647,648,649,650,651
943,943,943,943,943,943,943,943,943,943,943
116,116,116,115,114,114,113,113,112,111,111
325,325,325,325,325,325,325,325,325,325,325
1023,1023,1023,1023,1023,1023,1023,1023,1023,1023,1023
383,383,383,383,383,383,383,383,383,383,383
80,82,82,83,83,84,84,85,85,86,86
907,907,907,907,907,907,907,907,907,907,907
699,699,698,697,696,695,694,693,692,692,691
0,0,0,0,0,0,0,0,0,0,0
640,642,643,644,645,646,647,648,649,649,650
943,943,943,943,943,943,943,943,943,943,943
116,117,116,115,115,114,114,113,112,112,111
324,324,324,324,324,324,324,324,324,324,324
1023,1023,1023,1023,1023,1023,1023,1023,1023,1023,1023
383,383,383,383,383,383,383,383,383,383,383
80,81,82,82,83,83,84,84,85,85,86
907,907,907,907,907,907,907,907,907,907,907
699,699,698,698,697,696,695,694,693,692,691
0,0,0,0,0,0,0,0,0,0,0
639,641,642,643,644,645,646,647,648,649,650
943,943,943,943,943,943,943,943,943,943,943
117,117,116,116,115,115,114,113,113,112,112
323,323,323,323,323,323,323,323,323,323,323
1023,1023,1023,1023,1023,1023,1023,1023,1023,1023,1023
384,384,384,384,384,384,384,384,384,384,384
79,81,81,82,82,83,84,84,85,85,86
906,906,906,906,906,906,906,906,906,906,906
700,700,699,698,697,696,695,694,694,693,692
1,1,1,1,1,1,1,1,1,1,1
639,641,642,643,644,645,646,646,647,648,649
944,944,944,944,944,944,944,944,944,944,944
117,117,117,116,116,115,114,114,113,113,112
323,323,323,323,323,323,323,323,323,323,323
1022,1023,1023,1023,1023,1023,1023,1023,1023,1023,1023
384,384,384,384,384,384,384,384,384,384,384
79,81,81,82,82,83,83,84,84,85,85
906,906,906,906,906,906,906,906,906,906,906
700,700,700,699,698,697,696,695,694,693,692
1,1,1,1,1,1,1,1,1,1,1
638,640,641,642,643,644,645,646,647,648,649
944,944,944,944,944,944,944,944,944,944,944
117,118,117,117,116,115,115,114,114,113,112
322,322,322,322,322,322,322,322,322,322,322
1022,1023,1023,1023,1023,1023,1023,1023,1023,1023,1023
385,385,385,385,385,385,385,385,385,385,385
79,80,81,81,82,82,83,83,84,84,85
905,905,905,905,905,905,905,905,905,905,905
701,701,700,699,698,697,696,696,695,694,693
1,1,1,1,1,1,1,1,1,1,1
638,640,641,642,643,643,644,645,646,647,648
944,944,944,944,944,944,944,944,944,944,944
118,118,118,117,116,116,115,114,114,113,113
322,322,322,322,322,322,322,322,322,322,322
1022,1023,1023,1023,1023,1023,1023,1023,1023,1023,1023
386,386,386,386,386,386,386,386,386,386,386
78,80,80,81,82,82,83,83,84,84,85
905,905,905,905,905,905,905,905,905,905,905
701,702,701,700,699,698,697,696,695,694,693
1,1,1,1,1,1,1,1,1,1,1
637,639,640,641,642,643,644,645,646,647,648
945,945,945,945,945,945,945,945,945,945,945
118,119,118,117,117,116,115,115,114,114,113
321,321,321,321,321,321,321,321,321,321,321
1022,1023,1023,1023,1023,1023,1023,1023,1023,1023,1023
386,386,386,386,386,386,386,386,386,386,386
78,80,80,81,81,82,82,83,83,84,84
905,905,905,905,905,905,905,905,905,905,905
702,702,701,700,699,698,698,697,696,695,694
1,1,1,1,1,1,1,1,1,1,1
637,639,640,640,641,642,643,644,645,646,647
945,945,945,945,945,945,945,945,945,945,945
119,119,118,118,117,116,116,115,115,114,113
321,321,321,321,321,321,321,321,321,321,321
1022,1023,1023,1023,1023,1023,1023,1023,1023,1023,1023
387,387,387,387,387,387,387,387,387,387,387
78,79,80,80,81,81,82,82,83,83,84
904,904,904,904,904,904,904,904,904,904,904
703,703,702,701,700,699,698,697,696,695,695
1,1,1,1,1,1,1,1,1,1,1
636,638,639,640,641,642,643,644,645,645,646
945,945,945,945,945,945,945,945,945,945,945
119,119,119,118,117,117,116,116,115,114,114
320,320,320,320,320,320,320,320,320,320,320
1022,1023,1023,1023,1023,1023,1023,1023,1023,1023,1023
387,387,387,387,387,387,387,387,387,387,387
77,79,80,80,81,81,82,82,83,83,84
904,904,904,904,904,904,904,904,904,904,904
703,703,702,701,700,700,699,698,697,696,695
1,1,1,1,1,1,1,1,1,1,1
635,637,638,639,640,641,642,643,644,645,646
946,946,946,946,946,946,946,946,946,946,946
119,120,119,118,118,117,117,116,115,115,114
320,320,320,320,320,320,320,320,320,320,320
1022,1023,1023,1023,1023,1023,1023,1023,1023,1023,1023
388,388,388,388,388,388,388,388,388,388,388
77,79,79,80,80,81,81,82,82,83,83
904,904,904,904,904,904,904,904,904,904,904
704,704,703,702,701,700,699,698,697,697,696
1,1,1,1,1,1,1,1,1,1,1
635,637,638,639,640,641,642,642,643,644,645
946,946,946,946,946,946,946,946,946,946,946
120,120,119,119,118,118,117,116,116,115,115
319,319,319,319,319,319,319,319,319,319,319
1022,1023,1023,1023,1023,1023,1023,1023,1023,1023,1023
388,388,388,388,388,388,388,388,388,388,388
77,78,79,79,80,80,81,81,82,83,83
903,903,903,903,903,903,903,903,903,903,903
704,704,703,702,702,701,700,699,698,697,696
1,1,1,1,1,1,1,1,1,1,1
634,636,637,638,639,640,641,642,643,644,645
946,946,946,946,946,946,946,946,946,946,946
120,120,120,119,119,118,117,117,116,115,115
319,319,319,319,319,319,319,319,319,319,319
1022,1023,1023,1023,1023,1023,1023,1023,1023,1023,1023
389,389,389,389,389,389,389,389,389,389,389
77,78,79,79,80,80,81,81,82,82,83
903,903,903,903,903,903,903,903,903,903,903
705,705,704,703,702,701,700,699,699,698,697
1,1,1,1,1,1,1,1,1,1,1
634,636,637,638,639,639,640,641,642,643,644
947,947,947,947,947,947,947,947,947,947,947
120,121,120,120,119,118,118,117,116,116,115
318,318,318,318,318,318,318,318,318,318,318
1022,1023,1023,1023,1023,1023,1023,1023,1023,1023,1023
390,390,390,390,390,390,390,390,390,390,390
76,78,78,79,79,80,80,81,81,82,82
902,902,902,902,902,902,902,902,902,902,902
705,705,704,704,703,702,701,700,699,698,697
1,1,1,1,1,1,1,1,1,1,1
633,635,636,637,638,639,640,641,642,643,644
947,947,947,947,947,947,947,947,947,947,947
121,121,121,120,119,119,118,117,117,116,116
317,317,317,317,317,317,317,317,317,317,317
1022,1023,1023,1023,1023,1023,1023,1023,1023,1023,1023
390,390,390,390,390,390,390,390,390,390,390
76,77,78,78,79,79,80,81,81,82,82
902,902,902,902,902,902,902,902,902,902,902
706,706,705,704,703,702,701,701,700,699,698
1,1,1,1,1,1,1,1,1,1,1
633,635,636,636,637,638,639,640,641,642,643
947,947,947,947,947,947,947,947,947,947,947
121,122,121,120,120,119,118,118,117,117,116
317,317,317,317,317,317,317,317,317,317,317
1022,1023,1023,1023,1023,1023,1023,1023,1023,1023,1023
391,391,391,391,391,391,391,391,391,391,391
76,77,78,78,79,79,80,80,81,81,82
902,902,902,902,902,902,902,902,902,902,902
706,706,706,705,704,703,702,701,700,699,698
1,1,1,1,1,1,1,1,1,1,1
632,634,635,636,637,638,639,640,641,641,642
948,948,948,948,948,948,948,948,948,948,948
122,122,121,121,120,119,119,118,118,117,116
316,316,316,316,316,316,316,316,316,316,316
1022,1023,1023,1023,1023,1023,1023,1023,1023,1023,1023
391,391,391,391,391,391,391,391,391,391,391
75,77,77,78,78,79,79,80,80,81,81
901,901,901,901,901,901,901,901,901,901,901
707,707,706,705,704,703,703,702,701,700,699
1,1,1,1,1,1,1,1,1,1,1
631,633,634,635,636,637,638,639,640,641,642
948,948,948,948,948,948,948,948,948,948,948
122,122,122,121,120,120,119,119,118,117,117
316,316,316,316,316,316,316,316,316,316,316
1022,1023,1023,1023,1023,1023,1023,1023,1023,1023,1023
392,392,392,392,392,392,392,392,392,392,392
75,77,77,78,78,79,79,80,80,81,81
901,901,901,901,901,901,901,901,901,901,901
707,708,707,706,705,704,703,702,701,700,699
1,1,1,1,1,1,1,1,1,1,1
631,633,634,635,636,637,638,638,639,640,641
948,948,948,948,948,948,948,948,948,948,948
122,123,122,121,121,120,120,119,118,118,117
315,315,315,315,315,315,315,315,315,315,315
1022,1023,1023,1023,1023,1023,1023,1023,1023,1023,1023
392,392,392,392,392,392,392,392,392,392,392
75,76,77,77,78,78,79,79,80,80,81
900,900,900,900,900,900,900,900,900,900,900
708,708,707,706,705,705,704,703,702,701,700
1,1,1,1,1,1,1,1,1,1,1
630,632,633,634,635,636,637,638,639,640,641
948,948,948,948,948,948,948,948,948,948,948
123,123,122,122,121,121,120,119,119,118,117
315,315,315,315,315,315,315,315,315,315,315
1022,1023,1023,1023,1023,1023,1023,1023,1023,1023,1023
393,393,393,393,393,393,393,393,393,393,393
74,76,76,77,77,78,78,79,79,80,80
900,900,900,900,900,900,900,900,900,900,900
709,709,708,707,706,705,704,703,702,701,701
1,1,1,1,1,1,1,1,1,1,1
630,632,633,634,635,635,636,637,638,639,640
949,949,949,949,949,949,949,949,949,949,949
123,123,123,122,122,121,120,120,119,118,118
314,314,314,314,314,314,314,314,314,314,314
1022,1023,1023,1023,1023,1023,1023,1023,1023,1023,1023
394,394,394,394,394,394,394,394,394,394,394
74,76,76,77,77,78,78,79,79,80,80
900,900,900,900,900,900,900,900,900,900,900
709,709,708,707,706,706,705,704,703,702,701
1,1,1,1,1,1,1,1,1,1,1
629,631,632,633,634,635,636,637,638,639,640
949,949,949,949,949,949,949,949,949,949,949
123,124,123,123,122,121,121,120,119,119,118
314,314,314,314,314,314,314,314,314,314,314
1022,1023,1023,1023,1023,1023,1023,1023,1023,1023,1023
394,394,394,394,394,394,394,394,394,394,394
74,75,76,76,77,77,78,78,79,79,80
899,899,899,899,899,899,899,899,899,899,899
710,710,709,708,707,706,705,704,703,703,702
1,1,1,1,1,1,1,1,1,1,1
629,631,631,632,633,634,635,636,637,638,639
949,949,949,949,949,949,949,949,949,949,949
124,124,124,123,122,122,121,120,120,119,119
313,313,313,313,313,313,313,313,313,313,313
1022,1023,1023,1023,1023,1023,1023,1023,1023,1023,1023
395,395,395,395,395,395,395,395,395,395,395
73,75,75,76,76,77,78,78,79,79,80
899,899,899,899,899,899,899,899,899,899,899
710,710,709,708,708,707,706,705,704,703,702
1,1,1,1,1,1,1,1,1,1,1
628,630,631,632,633,634,635,636,637,637,638
950,950,950,950,950,950,950,950,950,950,950
124,125,124,123,123,122,121,121,120,120,119
313,313,313,313,313,313,313,313,313,313,313
1022,1023,1023,1023,1023,1023,1023,1023,1023,1023,1023
395,395,395,395,395,395,395,395,395,395,395
73,75,75,76,76,77,77,78,78,79,79
899,899,899,899,899,899,899,899,899,899,899
711,711,710,709,708,707,706,705,705,704,703
1,1,1,1,1,1,1,1,1,1,1
627,629,630,631,632,633,634,635,636,637,638
950,950,950,950,950,950,950,950,950,950,950
125,125,124,124,123,122,122,121,121,120,119
312,312,312,312,312,312,312,312,312,312,312
1022,1023,1023,1023,1023,1023,1023,1023,1023,1023,1023
396,396,396,396,396,396,396,396,396,396,396
73,74,75,75,76,76,77,77,78,78,79
898,898,898,898,898,898,898,898,898,898,898
711,711,710,710,709,708,707,706,705,704,703
1,1,1,1,1,1,1,1,1,1,1
627,629,630,631,632,633,634,634,635,636,637
950,950,950,950,950,950,950,950,950,950,950
125,125,125,124,123,123,122,122,121,120,120
311,311,311,311,311,311,311,311,311,311,311
1022,1023,1023,1023,1023,1023,1023,1023,1023,1023,1023
396,396,396,396,396,396,396,396,396,396,396
73,74,75,75,76,76,77,77,78,78,79
898,898,898,898,898,898,898,898,898,898,898
712,712,711,710,709,708,707,707,706,705,704
1,1,1,1,1,1,1,1,1,1,1
626,628,629,630,631,632,633,634,635,636,637
951,951,951,951,951,951,951,951,951,951,951
125,126,125,125,124,123,123,122,121,121,120
311,311,311,311,311,311,311,311,311,311,311
1021,1023,1023,1023,1023,1023,1023,1023,1023,1023,1023
397,397,397,397,397,397,397,397,397,397,397
72,74,74,75,75,76,76,77,77,78,78
897,897,897,897,897,897,897,897,897,897,897
712,712,712,711,710,709,708,707,706,705,704
2,2,2,2,2,2,2,2,2,2,2
626,628,629,630,631,631,632,633,634,635,636
951,951,951,951,951,951,951,951,951,951,951
126,126,126,125,124,124,123,122,122,121,121
310,310,310,310,310,310,310,310,310,310,310
1021,1023,1023,1023,1023,1023,1023,1023,1023,1023,1023
398,398,398,398,398,398,398,398,398,398,398
72,73,74,74,75,75,76,76,77,77,78
897,897,897,897,897,897,897,897,897,897,897
713,713,712,711,710,709,709,708,707,706,705
2,2,2,2,2,2,2,2,2,2,2
625,627,628,629,630,631,632,633,634,635,636
951,951,951,951,951,951,951,951,951,951,951
126,127,126,125,125,124,123,123,122,122,121
310,310,310,310,310,310,310,310,310,310,310
1021,1022,1023,1023,1023,1023,1023,1023,1023,1023,1023
398,398,398,398,398,398,398,398,398,398,398
72,73,74,74,75,75,76,76,77,77,78
897,897,897,897,897,897,897,897,897,897,897
713,714,713,712,711,710,709,708,707,706,706
2,2,2,2,2,2,2,2,2,2,2
625,627,627,628,629,630,631,632,633,634,635
951,951,951,951,951,951,951,951,951,951,951
127,127,126,126,125,124,124,123,123,122,121
309,309,309,309,309,309,309,309,309,309,309
1021,1022,1023,1023,1023,1023,1023,1023,1023,1023,1023
399,399,399,399,399,399,399,399,399,399,399
71,73,73,74,74,75,75,76,76,77,77
896,896,896,896,896,896,896,896,896,896,896
714,714,713,712,711,711,710,709,708,707,706
2,2,2,2,2,2,2,2,2,2,2
624,626,627,628,629,630,631,632,633,633,634
952,952,952,952,952,952,952,952,952,952,952
127,127,127,126,125,125,124,124,123,122,122
309,309,309,309,309,309,309,309,309,309,309
1021,1022,1022,1023,1023,1023,1023,1023,1023,1023,1023
399,399,399,399,399,399,399,399,399,399,399
71,73,73,74,74,75,75,76,76,77,77
896,896,896,896,896,896,896,896,896,896,896
714,715,714,713,712,711,710,709,708,707,707
2,2,2,2,2,2,2,2,2,2,2
623,625,626,627,628,629,630,631,632,633,634
952,952,952,952,952,952,952,952,952,952,952
127,128,127,126,126,125,125,124,123,123,122
308,308,308,308,308,308,308,308,308,308,308
1021,1022,1022,1022,1023,1023,1023,1023,1023,1023,1023
400,400,400,400,400,400,400,400,400,400,400
71,72,73,73,74,74,75,75,76,76,77
895,895,895,895,895,895,895,895,895,895,895
715,715,714,713,712,712,711,710,709,708,707
2,2,2,2,2,2,2,2,2,2,2
623,625,626,627,628,629,630,630,631,632,633
952,952,952,952,952,952,952,952,952,952,952
128,128,127,127,126,126,125,124,124,123,122
308,308,308,308,308,308,308,308,308,308,308
1021,1022,1022,1022,1023,1023,1023,1023,1023,1023,1023
400,400,400,400,400,400,400,400,400,400,400
70,72,72,73,73,74,74,75,75,76,76
895,895,895,895,895,895,895,895,895,895,895
716,716,715,714,713,712,711,710,709,709,708
2,2,2,2,2,2,2,2,2,2,2
622,624,625,626,627,628,629,630,631,632,633
953,953,953,953,953,953,953,953,953,953,953
128,128,128,127,127,126,125,125,124,123,123
307,307,307,307,307,307,307,307,307,307,307
1021,1022,1022,1022,1022,1023,1023,1023,1023,1023,1023
401,401,401,401,401,401,401,401,401,401,401
70,72,72,73,73,74,74,75,75,76,76
895,895,895,895,895,895,895,895,895,895,895
716,716,715,714,714,713,712,711,710,709,708
2,2,2,2,2,2,2,2,2,2,2
622,624,625,626,626,627,628,629,630,631,632
953,953,953,953,953,953,953,953,953,953,953
129,129,128,128,127,126,126,125,124,124,123
307,307,307,307,307,307,307,307,307,307,307
1021,1022,1022,1022,1022,1023,1023,1023,1023,1023,1023
402,402,402,402,402,402,402,402,402,402,402
70,71,72,72,73,73,74,74,75,75,76
894,894,894,894,894,894,894,894,894,894,894
717,717,716,715,714,713,712,711,711,710,709
2,2,2,2,2,2,2,2,2,2,2
621,623,624,625,626,627,628,629,630,631,632
953,953,953,953,953,953,953,953,953,953,953
129,129,129,128,127,127,126,125,125,124,124
306,306,306,306,306,306,306,306,306,306,306
1021,1022,1022,1022,1022,1022,1023,1023,1023,1023,1023
402,402,402,402,402,402,402,402,402,402,402
70,71,72,72,73,73,74,74,75,75,76
894,894,894,894,894,894,894,894,894,894,894
717,717,716,716,715,714,713,712,711,710,709
2,2,2,2,2,2,2,2,2,2,2
621,623,623,624,625,626,627,628,629,630,631
954,954,954,954,954,954,954,954,954,954,954
129,130,129,128,128,127,126,126,125,125,124
306,306,306,306,306,306,306,306,306,306,306
1021,1022,1022,1022,1022,1022,1022,1023,1023,1023,1023
403,403,403,403,403,403,403,403,403,403,403
69,71,71,72,72,73,73,74,74,75,75
894,894,894,894,894,894,894,894,894,894,894
718,718,717,716,715,714,713,713,712,711,710
2,2,2,2,2,2,2,2,2,2,2
620,622,623,624,625,626,627,628,629,629,630
954,954,954,954,954,954,954,954,954,954,954
130,130,129,129,128,127,127,126,126,125,124
305,305,305,305,305,305,305,305,305,305,305
1021,1022,1022,1022,1022,1022,1022,1023,1023,1023,1023
403,403,403,403,403,403,403,403,403,403,403
69,70,71,71,72,72,73,73,74,74,75
893,893,893,893,893,893,893,893,893,893,893
718,718,717,717,716,715,714,713,712,711,710
2,2,2,2,2,2,2,2,2,2,2
619,621,622,623,624,625,626,627,628,629,630
954,954,954,954,954,954,954,954,954,954,954
130,130,130,129,129,128,127,127,126,125,125
304,304,304,304,304,304,304,304,304,304,304
1021,1022,1022,1022,1022,1022,1022,1022,1023,1023,1023
404,404,404,404,404,404,404,404,404,404,404
69,70,71,71,72,72,73,73,74,74,75
893,893,893,893,893,893,893,893,893,893,893
719,719,718,717,716,715,714,714,713,712,711
2,2,2,2,2,2,2,2,2,2,2
619,621,622,623,624,625,626,626,627,628,629
954,954,954,954,954,954,954,954,954,954,954
130,131,130,130,129,128,128,127,126,126,125
304,304,304,304,304,304,304,304,304,304,304
1021,1022,1022,1022,1022,1022,1022,1022,1023,1023,1023
404,404,404,404,404,404,404,404,404,404,404
68,70,70,71,71,72,72,73,73,74,74
892,892,892,892,892,892,892,892,892,892,892
719,719,719,718,717,716,715,714,713,712,711
2,2,2,2,2,2,2,2,2,2,2
618,620,621,622,623,624,625,626,627,628,629
955,955,955,955,955,955,955,955,955,955,955
131,131,131,130,129,129,128,127,127,126,125
303,303,303,303,303,303,303,303,303,303,303
1021,1022,1022,1022,1022,1022,1022,1022,1022,1023,1023
405,405,405,405,405,405,405,405,405,405,405
68,70,70,71,71,72,72,72,73,73,74
892,892,892,892,892,892,892,892,892,892,892
720,720,719,718,717,716,716,715,714,713,712
2,2,2,2,2,2,2,2,2,2,2
618,620,621,622,622,623,624,625,626,627,628
955,955,955,955,955,955,955,955,955,955,955
131,132,131,130,130,129,128,128,127,127,126
303,303,303,303,303,303,303,303,303,303,303
1021,1022,1022,1022,1022,1022,1022,1022,1022,1022,1023
406,406,406,406,406,406,406,406,406,406,406
68,69,70,70,71,71,72,72,73,73,74
892,892,892,892,892,892,892,892,892,892,892
720,721,720,719,718,717,716,715,714,713,713
2,2,2,2,2,2,2,2,2,2,2
617,619,620,621,622,623,624,625,626,627,628
955,955,955,955,955,955,955,955,955,955,955
132,132,131,131,130,129,129,128,128,127,126
302,302,302,302,302,302,302,302,302,302,302
1021,1022,1022,1022,1022,1022,1022,1022,1022,1022,1023
406,406,406,406,406,406,406,406,406,406,406
67,69,69,70,70,71,71,72,72,73,73
891,891,891,891,891,891,891,891,891,891,891
721,721,720,719,718,718,717,716,715,714,713
2,2,2,2,2,2,2,2,2,2,2
617,618,619,620,621,622,623,624,625,626,627
956,956,956,956,956,956,956,956,956,956,956
132,132,132,131,130,130,129,129,128,127,127
302,302,302,302,302,302,302,302,302,302,302
1021,1022,1022,1022,1022,1022,1022,1022,1022,1022,1022
407,407,407,407,407,407,407,407,407,407,407
67,69,69,70,70,71,71,72,72,73,73
891,891,891,891,891,891,891,891,891,891,891
721,722,721,720,719,718,717,716,715,715,714
3,3,3,3,3,3,3,3,3,3,3
616,618,619,620,621,622,623,624,625,625,626
956,956,956,956,956,956,956,956,956,956,956
132,133,132,132,131,130,130,129,128,128,127
301,301,301,301,301,301,301,301,301,301,301
1020,1022,1022,1022,1022,1022,1022,1022,1022,1022,1022
407,407,407,407,407,407,407,407,407,407,407
67,68,69,69,70,70,71,71,72,72,73
890,890,890,890,890,890,890,890,890,890,890
722,722,721,720,720,719,718,717,716,715,714
3,3,3,3,3,3,3,3,3,3,3
615,617,618,619,620,621,622,623,624,625,626
956,956,956,956,956,956,956,956,956,956,956
133,133,133,132,131,131,130,129,129,128,127
301,301,301,301,301,301,301,301,301,301,301
1020,1021,1022,1022,1022,1022,1022,1022,1022,1022,1022
408,408,408,408,408,408,408,408,408,408,408
67,68,69,69,70,70,71,71,71,72,72
890,890,890,890,890,890,890,890,890,890,890
723,723,722,721,720,719,718,717,717,716,715
3,3,3,3,3,3,3,3,3,3,3
615,617,618,619,620,621,621,622,623,624,625
957,957,957,957,957,957,957,957,957,957,957
133,134,133,132,132,131,130,130,129,128,128
300,300,300,300,300,300,300,300,300,300,300
1020,1021,1022,1022,1022,1022,1022,1022,1022,1022,1022
408,408,408,408,408,408,408,408,408,408,408
66,68,68,69,69,70,70,71,71,72,72
890,890,890,890,890,890,890,890,890,890,890
723,723,722,721,721,720,719,718,717,716,715
3,3,3,3,3,3,3,3,3,3,3
614,616,617,618,619,620,621,622,623,624,625
957,957,957,957,957,957,957,957,957,957,957
134,134,133,133,132,131,131,130,129,129,128
300,300,300,300,300,300,300,300,300,300,300
1020,1021,1021,1022,1022,1022,1022,1022,1022,1022,1022
409,409,409,409,409,409,409,409,409,409,409
66,68,68,68,69,69,70,70,71,71,72
889,889,889,889,889,889,889,889,889,889,889
724,724,723,722,721,720,719,718,718,717,716
3,3,3,3,3,3,3,3,3,3,3
614,616,617,617,618,619,620,621,622,623,624
957,957,957,957,957,957,957,957,957,957,957
134,134,134,133,132,132,131,131,130,129,129
299,299,299,299,299,299,299,299,299,299,299
1020,1021,1021,1022,1022,1022,1022,1022,1022,1022,1022
410,410,410,410,410,410,410,410,410,410,410
66,67,68,68,69,69,70,70,71,71,72
889,889,889,889,889,889,889,889,889,889,889
724,724,723,723,722,721,720,719,718,717,716
3,3,3,3,3,3,3,3,3,3,3
613,615,616,617,618,619,620,621,622,623,624
957,957,957,957,957,957,957,957,957,957,957
134,135,134,133,133,132,132,131,130,130,129
299,299,299,299,299,299,299,299,299,299,299
1020,1021,1021,1021,1022,1022,1022,1022,1022,1022,1022
410,410,410,410,410,410,410,410,410,410,410
65,67,67,68,68,69,69,70,70,71,71
888,888,888,888,888,888,888,888,888,888,888
725,725,724,723,722,721,720,720,719,718,717
3,3,3,3,3,3,3,3,3,3,3
613,614,615,616,617,618,619,620,621,622,623
958,958,958,958,958,958,958,958,958,958,958
135,135,135,134,133,133,132,131,131,130,129
298,298,298,298,298,298,298,298,298,298,298
1020,1021,1021,1021,1021,1022,1022,1022,1022,1022,1022
411,411,411,411,411,411,411,411,411,411,411
65,67,67,68,68,69,69,70,70,70,71
888,888,888,888,888,888,888,888,888,888,888
725,725,724,724,723,722,721,720,719,718,717
3,3,3,3,3,3,3,3,3,3,3
612,614,615,616,617,618,619,620,620,621,622
958,958,958,958,958,958,958,958,958,958,958
135,136,135,134,134,133,132,132,131,130,130
297,297,297,297,297,297,297,297,297,297,297
1020,1021,1021,1021,1021,1022,1022,1022,1022,1022,1022
411,411,411,411,411,411,411,411,411,411,411
65,66,67,67,68,68,69,69,70,70,71
888,888,888,888,888,888,888,888,888,888,888
726,726,725,724,723,722,722,721,720,719,718
3,3,3,3,3,3,3,3,3,3,3
611,613,614,615,616,617,618,619,620,621,622
958,958,958,958,958,958,958,958,958,958,958
136,136,135,135,134,133,133,132,131,131,130
297,297,297,297,297,297,297,297,297,297,297
1020,1021,1021,1021,1021,1021,1022,1022,1022,1022,1022
412,412,412,412,412,412,412,412,412,412,412
65,66,67,67,67,68,68,69,69,70,70
887,887,887,887,887,887,887,887,887,887,887
726,726,726,725,724,723,722,721,720,719,719
3,3,3,3,3,3,3,3,3,3,3
611,613,614,615,616,616,617,618,619,620,621
959,959,959,959,959,959,959,959,959,959,959
136,136,136,135,134,134,133,132,132,131,131
296,296,296,296,296,296,296,296,296,296,296
1020,1021,1021,1021,1021,1021,1022,1022,1022,1022,1022
413,413,413,413,413,413,413,413,413,413,413
64,66,66,67,67,68,68,69,69,70,70
887,887,887,887,887,887,887,887,887,887,887
727,727,726,725,724,723,723,722,721,720,719
3,3,3,3,3,3,3,3,3,3,3
610,612,613,614,615,616,617,618,619,620,621
959,959,959,959,959,959,959,959,959,959,959
136,137,136,135,135,134,134,133,132,132,131
296,296,296,296,296,296,296,296,296,296,296
1020,1021,1021,1021,1021,1021,1021,1022,1022,1022,1022
413,413,413,413,413,413,413,413,413,413,413
64,65,66,66,67,67,68,68,69,69,70
886,886,886,886,886,886,886,886,886,886,886
727,728,727,726,725,724,723,722,721,720,720
3,3,3,3,3,3,3,3,3,3,3
610,612,613,613,614,615,616,617,618,619,620
959,959,959,959,959,959,959,959,959,959,959
137,137,137,136,135,135,134,133,133,132,131
295,295,295,295,295,295,295,295,295,295,295
1020,1021,1021,1021,1021,1021,1021,1021,1022,1022,1022
414,414,414,414,414,414,414,414,414,414,414
64,65,66,66,67,67,68,68,69,69,69
886,886,886,886,886,886,886,886,886,886,886
728,728,727,726,725,725,724,723,722,721,720
3,3,3,3,3,3,3,3,3,3,3
609,611,612,613,614,615,616,617,618,619,619
959,959,959,959,959,959,959,959,959,959,959
137,138,137,136,136,135,134,134,133,132,132
295,295,295,295,295,295,295,295,295,295,295
1020,1021,1021,1021,1021,1021,1021,1021,1022,1022,1022
414,414,414,414,414,414,414,414,414,414,414
63,65,65,66,66,67,67,68,68,69,69
886,886,886,886,886,886,886,886,886,886,886
728,729,728,727,726,725,724,723,722,722,721
3,3,3,3,3,3,3,3,3,3,3
608,610,611,612,613,614,615,616,617,618,619
960,960,960,960,960,960,960,960,960,960,960
138,138,137,137,136,135,135,134,133,133,132
294,294,294,294,294,294,294,294,294,294,294
1020,1021,1021,1021,1021,1021,1021,1021,1021,1022,1022
415,415,415,415,415,415,415,415,415,415,415
63,65,65,66,66,67,67,67,68,68,69
885,885,885,885,885,885,885,885,885,885,885
729,729,728,727,726,726,725,724,723,722,721
3,3,3,3,3,3,3,3,3,3,3
608,610,611,612,613,614,615,616,616,617,618
960,960,960,960,960,960,960,960,960,960,960
138,138,138,137,136,136,135,134,134,133,133
294,294,294,294,294,294,294,294,294,294,294
1019,1021,1021,1021,1021,1021,1021,1021,1021,1022,1022
415,415,415,415,415,415,415,415,415,415,415
63,64,65,65,66,66,67,67,68,68,69
885,885,885,885,885,885,885,885,885,885,885
730,730,729,728,727,726,725,724,724,723,722
4,4,4,4,4,4,4,4,4,4,4
607,609,610,611,612,613,614,615,616,617,618
960,960,960,960,960,960,960,960,960,960,960
138,139,138,137,137,136,136,135,134,134,133
293,293,293,293,293,293,293,293,293,293,293
1019,1021,1021,1021,1021,1021,1021,1021,1021,1021,1022
416,416,416,416,416,416,416,416,416,416,416
63,64,65,65,65,66,66,67,67,68,68
884,884,884,884,884,884,884,884,884,884,884
730,730,729,728,728,727,726,725,724,723,722
4,4,4,4,4,4,4,4,4,4,4
607,609,610,611,612,612,613,614,615,616,617
961,961,961,961,961,961,961,961,961,961,961
139,139,139,138,137,137,136,135,135,134,133
293,293,293,293,293,293,293,293,293,293,293
1019,1020,1021,1021,1021,1021,1021,1021,1021,1021,1021
417,417,417,417,417,417,417,417,417,417,417
62,64,64,65,65,66,66,67,67,68,68
884,884,884,884,884,884,884,884,884,884,884
731,731,730,729,728,727,726,725,725,724,723
4,4,4,4,4,4,4,4,4,4,4
606,608,609,610,611,612,613,614,615,616,617
961,961,961,961,961,961,961,961,961,961,961
139,140,139,138,138,137,136,136,135,134,134
292,292,292,292,292,292,292,292,292,292,292
1019,1020,1021,1021,1021,1021,1021,1021,1021,1021,1021
417,417,417,417,417,417,417,417,417,417,417
62,63,64,64,65,65,66,66,67,67,68
884,884,884,884,884,884,884,884,884,884,884
731,731,730,729,729,728,727,726,725,724,723
4,4,4,4,4,4,4,4,4,4,4
606,608,608,609,610,611,612,613,614,615,616
961,961,961,961,961,961,961,961,961,961,961
140,140,139,139,138,137,137,136,135,135,134
292,292,292,292,292,292,292,292,292,292,292
1019,1020,1020,1021,1021,1021,1021,1021,1021,1021,1021
418,418,418,418,418,418,418,418,418,418,418
62,63,64,64,65,65,66,66,66,67,67
883,883,883,883,883,883,883,883,883,883,883
732,732,731,730,729,728,727,727,726,725,724
4,4,4,4,4,4,4,4,4,4,4
605,607,608,609,610,611,612,613,614,615,615
961,961,961,961,961,961,961,961,961,961,961
140,140,140,139,138,138,137,136,136,135,134
291,291,291,291,291,291,291,291,291,291,291
1019,1020,1020,1020,1021,1021,1021,1021,1021,1021,1021
418,418,418,418,418,418,418,418,418,418,418
61,63,63,64,64,65,65,66,66,67,67
883,883,883,883,883,883,883,883,883,883,883
732,732,731,731,730,729,728,727,726,725,724
4,4,4,4,4,4,4,4,4,4,4
604,606,607,608,609,610,611,612,613,614,615
962,962,962,962,962,962,962,962,962,962,962
140,141,140,139,139,138,138,137,136,136,135
291,291,291,291,291,291,291,291,291,291,291
1019,1020,1020,1020,1021,1021,1021,1021,1021,1021,1021
419,419,419,419,419,419,419,419,419,419,419
61,63,63,64,64,64,65,65,66,66,67
882,882,882,882,882,882,882,882,882,882,882
733,733,732,731,730,729,728,728,727,726,725
4,4,4,4,4,4,4,4,4,4,4
604,606,607,608,609,610,611,611,612,613,614
962,962,962,962,962,962,962,962,962,962,962
141,141,141,140,139,139,138,137,137,136,135
290,290,290,290,290,290,290,290,290,290,290
1019,1020,1020,1020,1020,1021,1021,1021,1021,1021,1021
419,419,419,419,419,419,419,419,419,419,419
61,62,63,63,64,64,65,65,66,66,67
882,882,882,882,882,882,882,882,882,882,882
733,733,733,732,731,730,729,728,727,726,726
4,4,4,4,4,4,4,4,4,4,4
603,605,606,607,608,609,610,611,612,613,614
962,962,962,962,962,962,962,962,962,962,962
141,142,141,140,140,139,138,138,137,136,136
289,289,289,289,289,289,289,289,289,289,289
1019,1020,1020,1020,1020,1021,1021,1021,1021,1021,1021
420,420,420,420,420,420,420,420,420,420,420
61,62,63,63,63,64,64,65,65,66,66
882,882,882,882,882,882,882,882,882,882,882
734,734,733,732,731,730,730,729,728,727,726
4,4,4,4,4,4,4,4,4,4,4
603,605,606,607,607,608,609,610,611,612,613
963,963,963,963,963,963,963,963,963,963,963
142,142,141,141,140,139,139,138,137,137,136
289,289,289,289,289,289,289,289,289,289,289
1019,1020,1020,1020,1020,1020,1021,1021,1021,1021,1021
421,421,421,421,421,421,421,421,421,421,421
60,62,62,63,63,64,64,65,65,66,66
881,881,881,881,881,881,881,881,881,881,881
734,734,734,733,732,731,730,729,728,727,727
4,4,4,4,4,4,4,4,4,4,4
602,604,605,606,607,608,609,610,611,612,613
963,963,963,963,963,963,963,963,963,963,963
142,142,142,141,140,140,139,138,138,137,136
288,288,288,288,288,288,288,288,288,288,288
1019,1020,1020,1020,1020,1020,1020,1021,1021,1021,1021
421,421,421,421,421,421,421,421,421,421,421
60,62,62,62,63,63,64,64,65,65,66
881,881,881,881,881,881,881,881,881,881,881
735,735,734,733,732,731,731,730,729,728,727
4,4,4,4,4,4,4,4,4,4,4
602,603,604,605,606,607,608,609,610,611,612
963,963,963,963,963,963,963,963,963,963,963
143,143,142,142,141,140,140,139,138,138,137
288,288,288,288,288,288,288,288,288,288,288
1019,1020,1020,1020,1020,1020,1020,1021,1021,1021,1021
422,422,422,422,422,422,422,422,422,422,422
60,61,62,62,63,63,64,64,64,65,65
880,880,880,880,880,880,880,880,880,880,880
735,735,735,734,733,732,731,730,729,729,728
4,4,4,4,4,4,4,4,4,4,4
601,603,604,605,606,607,608,609,610,610,611
963,963,963,963,963,963,963,963,963,963,963
143,143,143,142,141,141,140,139,139,138,137
287,287,287,287,287,287,287,287,287,287,287
1019,1020,1020,1020,1020,1020,1020,1020,1021,1021,1021
422,422,422,422,422,422,422,422,422,422,422
60,61,61,62,62,63,63,64,64,65,65
880,880,880,880,880,880,880,880,880,880,880
736,736,735,734,733,733,732,731,730,729,728
4,4,4,4,4,4,4,4,4,4,4
600,602,603,604,605,606,607,608,609,610,611
964,964,964,964,964,964,964,964,964,964,964
143,144,143,142,142,141,140,140,139,138,138
287,287,287,287,287,287,287,287,287,287,287
1018,1020,1020,1020,1020,1020,1020,1020,1020,1021,1021
423,423,423,423,423,423,423,423,423,423,423
59,61,61,62,62,63,63,63,64,64,65
879,879,879,879,879,879,879,879,879,879,879
736,737,736,735,734,733,732,731,730,730,729
5,5,5,5,5,5,5,5,5,5,5
600,602,603,604,605,606,606,607,608,609,610
964,964,964,964,964,964,964,964,964,964,964
144,144,143,143,142,141,141,140,139,139,138
286,286,286,286,286,286,286,286,286,286,286
1018,1020,1020,1020,1020,1020,1020,1020,1020,1021,1021
424,424,424,424,424,424,424,424,424,424,424
59,60,61,61,62,62,63,63,64,64,65
879,879,879,879,879,879,879,879,879,879,879
737,737,736,735,734,734,733,732,731,730,729
5,5,5,5,5,5,5,5,5,5,5
599,601,602,603,604,605,606,607,608,609,610
964,964,964,964,964,964,964,964,964,964,964
144,144,144,143,142,142,141,140,140,139,138
286,286,286,286,286,286,286,286,286,286,286
1018,1019,1020,1020,1020,1020,1020,1020,1020,1020,1021
424,424,424,424,424,424,424,424,424,424,424
59,60,61,61,61,62,62,63,63,64,64
879,879,879,879,879,879,879,879,879,879,879
737,738,737,736,735,734,733,732,732,731,730
5,5,5,5,5,5,5,5,5,5,5
599,601,602,602,603,604,605,606,607,608,609
964,964,964,964,964,964,964,964,964,964,964
145,145,144,144,143,142,142,141,140,140,139
285,285,285,285,285,285,285,285,285,285,285
1018,1019,1019,1020,1020,1020,1020,1020,1020,1020,1021
425,425,425,425,425,425,425,425,425,425,425
58,60,60,61,61,62,62,63,63,64,64
878,878,878,878,878,878,878,878,878,878,878
738,738,737,736,736,735,734,733,732,731,730
5,5,5,5,5,5,5,5,5,5,5
598,600,601,602,603,604,605,606,607,608,609
965,965,965,965,965,965,965,965,965,965,965
145,145,145,144,143,143,142,141,141,140,139
285,285,285,285,285,285,285,285,285,285,285
1018,1019,1019,1020,1020,1020,1020,1020,1020,1020,1020
425,425,425,425,425,425,425,425,425,425,425
58,60,60,60,61,61,62,62,63,63,64
878,878,878,878,878,878,878,878,878,878,878
739,739,738,737,736,735,734,733,733,732,731
5,5,5,5,5,5,5,5,5,5,5
597,599,600,601,602,603,604,605,606,607,608
965,965,965,965,965,965,965,965,965,965,965
145,146,145,144,144,143,142,142,141,140,140
284,284,284,284,284,284,284,284,284,284,284
1018,1019,1019,1019,1020,1020,1020,1020,1020,1020,1020
426,426,426,426,426,426,426,426,426,426,426
58,59,60,60,61,61,62,62,62,63,63
877,877,877,877,877,877,877,877,877,877,877
739,739,738,737,737,736,735,734,733,732,731
5,5,5,5,5,5,5,5,5,5,5
597,599,600,601,602,603,604,605,605,606,607
965,965,965,965,965,965,965,965,965,965,965
146,146,145,145,144,143,143,142,141,141,140
284,284,284,284,284,284,284,284,284,284,284
1018,1019,1019,1019,1020,1020,1020,1020,1020,1020,1020
426,426,426,426,426,426,426,426,426,426,426
58,59,59,60,60,61,61,62,62,63,63
877,877,877,877,877,877,877,877,877,877,877
740,740,739,738,737,736,735,735,734,733,732
5,5,5,5,5,5,5,5,5,5,5
596,598,599,600,601,602,603,604,605,606,607
966,966,966,966,966,966,966,966,966,966,966
146,147,146,145,145,144,143,142,142,141,141
283,283,283,283,283,283,283,283,283,283,283
1018,1019,1019,1019,1019,1020,1020,1020,1020,1020,1020
427,427,427,427,427,427,427,427,427,427,427
57,59,59,60,60,61,61,61,62,62,63
877,877,877,877,877,877,877,877,877,877,877
740,740,739,739,738,737,736,735,734,733,732
5,5,5,5,5,5,5,5,5,5,5
596,598,599,600,601,601,602,603,604,605,606
966,966,966,966,966,966,966,966,966,966,966
147,147,146,146,145,144,144,143,142,142,141
283,283,283,283,283,283,283,283,283,283,283
1018,1019,1019,1019,1019,1019,1020,1020,1020,1020,1020
428,428,428,428,428,428,428,428,428,428,428
57,58,59,59,60,60,61,61,62,62,63
876,876,876,876,876,876,876,876,876,876,876
741,741,740,739,738,737,736,736,735,734,733
5,5,5,5,5,5,5,5,5,5,5
595,597,598,599,600,601,602,603,604,605,606
966,966,966,966,966,966,966,966,966,966,966
147,147,147,146,145,145,144,143,143,142,141
282,282,282,282,282,282,282,282,282,282,282
1018,1019,1019,1019,1019,1019,1020,1020,1020,1020,1020
428,428,428,428,428,428,428,428,428,428,428
57,58,59,59,60,60,60,61,61,62,62
876,876,876,876,876,876,876,876,876,876,876
741,741,740,740,739,738,737,736,735,734,734
5,5,5,5,5,5,5,5,5,5,5
595,596,597,598,599,600,601,602,603,604,605
966,966,966,966,966,966,966,966,966,966,966
147,148,147,146,146,145,144,144,143,142,142
282,282,282,282,282,282,282,282,282,282,282
1018,1019,1019,1019,1019,1019,1019,1020,1020,1020,1020
429,429,429,429,429,429,429,429,429,429,429
57,58,58,59,59,60,60,61,61,62,62
875,875,875,875,875,875,875,875,875,875,875
742,742,741,740,739,738,738,737,736,735,734
5,5,5,5,5,5,5,5,5,5,5
594,596,597,598,599,600,601,602,603,604,604
967,967,967,967,967,967,967,967,967,967,967
148,148,147,147,146,145,145,144,143,143,142
281,281,281,281,281,281,281,281,281,281,281
1018,1019,1019,1019,1019,1019,1019,1020,1020,1020,1020
429,429,429,429,429,429,429,429,429,429,429
56,58,58,59,59,59,60,60,61,61,62
875,875,875,875,875,875,875,875,875,875,875
742,742,742,741,740,739,738,737,736,735,735
6,6,6,6,6,6,6,6,6,6,6
593,595,596,597,598,599,600,601,602,603,604
967,967,967,967,967,967,967,967,967,967,967
148,149,148,147,147,146,145,145,144,143,143
281,281,281,281,281,281,281,281,281,281,281
1017,1019,1019,1019,1019,1019,1019,1019,1020,1020,1020
430,430,430,430,430,430,430,430,430,430,430
56,57,58,58,59,59,60,60,61,61,61
875,875,875,875,875,875,875,875,875,875,875
743,743,742,741,740,739,739,738,737,736,735
6,6,6,6,6,6,6,6,6,6,6
593,595,596,597,598,599,600,600,601,602,603
967,967,967,967,967,967,967,967,967,967,967
149,149,148,148,147,146,146,145,144,144,143
280,280,280,280,280,280,280,280,280,280,280
1017,1018,1019,1019,1019,1019,1019,1019,1019,1020,1020
430,430,430,430,430,430,430,430,430,430,430
56,57,58,58,58,59,59,60,60,61,61
874,874,874,874,874,874,874,874,874,874,874
743,743,743,742,741,740,739,738,737,737,736
6,6,6,6,6,6,6,6,6,6,6
592,594,595,596,597,598,599,600,601,602,603
967,967,967,967,967,967,967,967,967,967,967
149,149,149,148,147,147,146,145,145,144,143
279,279,279,279,279,279,279,279,279,279,279
1017,1018,1019,1019,1019,1019,1019,1019,1019,1020,1020
431,431,431,431,431,431,431,431,431,431,431
55,57,57,58,58,59,59,60,60,60,61
874,874,874,874,874,874,874,874,874,874,874
744,744,743,742,741,740,740,739,738,737,736
6,6,6,6,6,6,6,6,6,6,6
592,594,595,595,596,597,598,599,600,601,602
968,968,968,968,968,968,968,968,968,968,968
150,150,149,148,148,147,146,146,145,144,144
279,279,279,279,279,279,279,279,279,279,279
1017,1018,1018,1019,1019,1019,1019,1019,1019,1019,1020
432,432,432,432,432,432,432,432,432,432,432
55,57,57,57,58,58,59,59,60,60,61
873,873,873,873,873,873,873,873,873,873,873
744,744,744,743,742,741,740,739,738,738,737
6,6,6,6,6,6,6,6,6,6,6
591,593,594,595,596,597,598,599,600,601,602
968,968,968,968,968,968,968,968,968,968,968
150,150,150,149,148,148,147,146,146,145,144
278,278,278,278,278,278,278,278,278,278,278
1017,1018,1018,1019,1019,1019,1019,1019,1019,1019,1020
432,432,432,432,432,432,432,432,432,432,432
55,56,57,57,58,58,59,59,59,60,60
873,873,873,873,873,873,873,873,873,873,873
745,745,744,743,742,742,741,740,739,738,737
6,6,6,6,6,6,6,6,6,6,6
590,592,593,594,595,596,597,598,599,600,601
968,968,968,968,968,968,968,968,968,968,968
150,151,150,149,149,148,147,147,146,145,145
278,278,278,278,278,278,278,278,278,278,278
1017,1018,1018,1018,1019,1019,1019,1019,1019,1019,1019
433,433,433,433,433,433,433,433,433,433,433
55,56,57,57,57,58,58,59,59,60,60
872,872,872,872,872,872,872,872,872,872,872
745,746,745,744,743,742,741,740,739,739,738
6,6,6,6,6,6,6,6,6,6,6
590,592,593,594,595,596,597,598,599,599,600
969,969,969,969,969,969,969,969,969,969,969
151,151,150,150,149,148,148,147,146,146,145
277,277,277,277,277,277,277,277,277,277,277
1017,1018,1018,1018,1018,1019,1019,1019,1019,1019,1019
433,433,433,433,433,433,433,433,433,433,433
54,56,56,57,57,58,58,58,59,59,60
872,872,872,872,872,872,872,872,872,872,872
746,746,745,744,743,743,742,741,740,739,738
6,6,6,6,6,6,6,6,6,6,6
589,591,592,593,594,595,596,597,598,599,600
969,969,969,969,969,969,969,969,969,969,969
151,152,151,150,149,149,148,147,147,146,145
277,277,277,277,277,277,277,277,277,277,277
1017,1018,1018,1018,1018,1019,1019,1019,1019,1019,1019
434,434,434,434,434,434,434,434,434,434,434
54,56,56,56,57,57,58,58,59,59,60
872,872,872,872,872,872,872,872,872,872,872
746,747,746,745,744,743,742,741,741,740,739
6,6,6,6,6,6,6,6,6,6,6
589,591,592,593,594,594,595,596,597,598,599
969,969,969,969,969,969,969,969,969,969,969
152,152,151,151,150,149,149,148,147,146,146
276,276,276,276,276,276,276,276,276,276,276
1017,1018,1018,1018,1018,1018,1019,1019,1019,1019,1019
435,435,435,435,435,435,435,435,435,435,435
54,55,56,56,57,57,57,58,58,59,59
871,871,871,871,871,871,871,871,871,871,871
747,747,746,745,745,744,743,742,741,740,739
6,6,6,6,6,6,6,6,6,6,6
588,590,591,592,593,594,595,596,597,598,599
969,969,969,969,969,969,969,969,969,969,969
152,152,152,151,150,150,149,148,148,147,146
276,276,276,276,276,276,276,276,276,276,276
1017,1018,1018,1018,1018,1018,1019,1019,1019,1019,1019
435,435,435,435,435,435,435,435,435,435,435
54,55,55,56,56,57,57,58,58,59,59
871,871,871,871,871,871,871,871,871,871,871
747,748,747,746,745,744,743,742,742,741,740
6,6,6,6,6,6,6,6,6,6,6
588,590,590,591,592,593,594,595,596,597,598
970,970,970,970,970,970,970,970,970,970,970
152,153,152,151,151,150,149,149,148,147,147
275,275,275,275,275,275,275,275,275,275,275
1017,1018,1018,1018,1018,1018,1018,1019,1019,1019,1019
436,436,436,436,436,436,436,436,436,436,436
53,55,55,56,56,56,57,57,58,58,59
870,870,870,870,870,870,870,870,870,870,870
748,748,747,746,746,745,744,743,742,741,740
7,7,7,7,7,7,7,7,7,7,7
587,589,590,591,592,593,594,595,596,597,598
970,970,970,970,970,970,970,970,970,970,970
153,153,152,152,151,150,150,149,148,148,147
275,275,275,275,275,275,275,275,275,275,275
1016,1018,1018,1018,1018,1018,1018,1018,1019,1019,1019
436,436,436,436,436,436,436,436,436,436,436
53,54,55,55,56,56,57,57,58,58,58
870,870,870,870,870,870,870,870,870,870,870
749,749,748,747,746,745,744,744,743,742,741
7,7,7,7,7,7,7,7,7,7,7
586,588,589,590,591,592,593,594,595,596,597
970,970,970,970,970,970,970,970,970,970,970
153,154,153,152,152,151,150,149,149,148,147
274,274,274,274,274,274,274,274,274,274,274
1016,1017,1018,1018,1018,1018,1018,1018,1019,1019,1019
437,437,437,437,437,437,437,437,437,437,437
53,54,55,55,56,56,56,57,57,58,58
870,870,870,870,870,870,870,870,870,870,870
749,749,748,747,747,746,745,744,743,742,741
7,7,7,7,7,7,7,7,7,7,7
586,588,589,590,591,592,593,593,594,595,596
970,970,970,970,970,970,970,970,970,970,970
154,154,153,153,152,151,151,150,149,149,148
274,274,274,274,274,274,274,274,274,274,274
1016,1017,1018,1018,1018,1018,1018,1018,1018,1019,1019
437,437,437,437,437,437,437,437,437,437,437
53,54,54,55,55,56,56,57,57,57,58
869,869,869,869,869,869,869,869,869,869,869
750,750,749,748,747,746,745,745,744,743,742
7,7,7,7,7,7,7,7,7,7,7
585,587,588,589,590,591,592,593,594,595,596
971,971,971,971,971,971,971,971,971,971,971
154,154,154,153,152,152,151,150,150,149,148
273,273,273,273,273,273,273,273,273,273,273
1016,1017,1017,1018,1018,1018,1018,1018,1018,1019,1019
438,438,438,438,438,438,438,438,438,438,438
52,54,54,55,55,55,56,56,57,57,58
869,869,869,869,869,869,869,869,869,869,869
750,750,749,749,748,747,746,745,744,743,742
7,7,7,7,7,7,7,7,7,7,7
585,587,588,589,589,590,591,592,593,594,595
971,971,971,971,971,971,971,971,971,971,971
155,155,154,153,153,152,151,151,150,149,149
273,273,273,273,273,273,273,273,273,273,273
1016,1017,1017,1017,1018,1018,1018,1018,1018,1018,1019
439,439,439,439,439,439,439,439,439,439,439
52,53,54,54,55,55,56,56,56,57,57
868,868,868,868,868,868,868,868,868,868,868
751,751,750,749,748,747,746,746,745,744,743
7,7,7,7,7,7,7,7,7,7,7
584,586,587,588,589,590,591,592,593,594,595
971,971,971,971,971,971,971,971,971,971,971
155,155,155,154,153,153,152,151,150,150,149
272,272,272,272,272,272,272,272,272,272,272
1016,1017,1017,1017,1018,1018,1018,1018,1018,1018,1018
439,439,439,439,439,439,439,439,439,439,439
52,53,54,54,54,55,55,56,56,57,57
868,868,868,868,868,868,868,868,868,868,868
751,751,750,750,749,748,747,746,745,744,744
7,7,7,7,7,7,7,7,7,7,7
583,585,586,587,588,589,590,591,592,593,594
971,971,971,971,971,971,971,971,971,971,971
155,156,155,154,154,153,152,152,151,150,150
272,272,272,272,272,272,272,272,272,272,272
1016,1017,1017,1017,1017,1018,1018,1018,1018,1018,1018
440,440,440,440,440,440,440,440,440,440,440
51,53,53,54,54,55,55,55,56,56,57
867,867,867,867,867,867,867,867,867,867,867
752,752,751,750,749,748,748,747,746,745,744
7,7,7,7,7,7,7,7,7,7,7
583,585,586,587,588,589,590,591,592,592,593
972,972,972,972,972,972,972,972,972,972,972
156,156,155,155,154,153,153,152,151,151,150
271,271,271,271,271,271,271,271,271,271,271
1016,1017,1017,1017,1017,1018,1018,1018,1018,1018,1018
440,440,440,440,440,440,440,440,440,440,440
51,53,53,53,54,54,55,55,56,56,57
867,867,867,867,867,867,867,867,867,867,867
752,752,751,751,750,749,748,747,746,745,745
7,7,7,7,7,7,7,7,7,7,7
582,584,585,586,587,588,589,590,591,592,593
972,972,972,972,972,972,972,972,972,972,972
156,157,156,155,154,154,153,152,152,151,150
271,271,271,271,271,271,271,271,271,271,271
1016,1017,1017,1017,1017,1017,1018,1018,1018,1018,1018
441,441,441,441,441,441,441,441,441,441,441
51,52,53,53,54,54,55,55,55,56,56
867,867,867,867,867,867,867,867,867,867,867
753,753,752,751,750,749,749,748,747,746,745
7,7,7,7,7,7,7,7,7,7,7
582,584,585,586,587,588,588,589,590,591,592
972,972,972,972,972,972,972,972,972,972,972
157,157,156,156,155,154,154,153,152,151,151
270,270,270,270,270,270,270,270,270,270,270
1015,1017,1017,1017,1017,1017,1017,1018,1018,1018,1018
442,442,442,442,442,442,442,442,442,442,442
51,52,53,53,53,54,54,55,55,56,56
866,866,866,866,866,866,866,866,866,866,866
753,753,752,752,751,750,749,748,747,747,746
8,8,8,8,8,8,8,8,8,8,8
581,583,584,585,586,587,588,589,590,591,592
972,972,972,972,972,972,972,972,972,972,972
157,157,157,156,155,155,154,153,153,152,151
270,270,270,270,270,270,270,270,270,270,270
1015,1017,1017,1017,1017,1017,1017,1018,1018,1018,1018
442,442,442,442,442,442,442,442,442,442,442
50,52,52,53,53,54,54,54,55,55,56
866,866,866,866,866,866,866,866,866,866,866
754,754,753,752,751,750,750,749,748,747,746
8,8,8,8,8,8,8,8,8,8,8
581,583,583,584,585,586,587,588,589,590,591
973,973,973,973,973,973,973,973,973,973,973
158,158,157,156,156,155,154,154,153,152,152
269,269,269,269,269,269,269,269,269,269,269
1015,1016,1017,1017,1017,1017,1017,1017,1018,1018,1018
443,443,443,443,443,443,443,443,443,443,443
50,52,52,52,53,53,54,54,55,55,55
865,865,865,865,865,865,865,865,865,865,865
754,754,754,753,752,751,750,749,748,748,747
8,8,8,8,8,8,8,8,8,8,8
580,582,583,584,585,586,587,588,589,590,591
973,973,973,973,973,973,973,973,973,973,973
158,158,158,157,156,155,155,154,153,153,152
269,269,269,269,269,269,269,269,269,269,269
1015,1016,1017,1017,1017,1017,1017,1017,1018,1018,1018
443,443,443,443,443,443,443,443,443,443,443
50,51,52,52,53,53,53,54,54,55,55
865,865,865,865,865,865,865,865,865,865,865
755,755,754,753,752,752,751,750,749,748,747
8,8,8,8,8,8,8,8,8,8,8
579,581,582,583,584,585,586,587,588,589,590
973,973,973,973,973,973,973,973,973,973,973
158,159,158,157,157,156,155,155,154,153,152
268,268,268,268,268,268,268,268,268,268,268
1015,1016,1016,1017,1017,1017,1017,1017,1017,1018,1018
444,444,444,444,444,444,444,444,444,444,444
50,51,52,52,52,53,53,54,54,55,55
864,864,864,864,864,864,864,864,864,864,864
755,755,755,754,753,752,751,750,749,749,748
8,8,8,8,8,8,8,8,8,8,8
579,581,582,583,584,585,586,587,587,588,589
973,973,973,973,973,973,973,973,973,973,973
159,159,158,158,157,156,156,155,154,154,153
267,267,267,267,267,267,267,267,267,267,267
1015,1016,1016,1016,1017,1017,1017,1017,1017,1017,1018
444,444,444,444,444,444,444,444,444,444,444
49,51,51,52,52,53,53,53,54,54,55
864,864,864,864,864,864,864,864,864,864,864
756,756,755,754,753,753,752,751,750,749,748
8,8,8,8,8,8,8,8,8,8,8
578,580,581,582,583,584,585,586,587,588,589
974,974,974,974,974,974,974,974,974,974,974
159,160,159,158,157,157,156,155,155,154,153
267,267,267,267,267,267,267,267,267,267,267
1015,1016,1016,1016,1017,1017,1017,1017,1017,1017,1018
445,445,445,445,445,445,445,445,445,445,445
49,51,51,51,52,52,53,53,54,54,54
864,864,864,864,864,864,864,864,864,864,864
756,756,756,755,754,753,752,751,751,750,749
8,8,8,8,8,8,8,8,8,8,8
578,580,581,582,582,583,584,585,586,587,588
974,974,974,974,974,974,974,974,974,974,974
160,160,159,159,158,157,156,156,155,154,154
266,266,266,266,266,266,266,266,266,266,266
1015,1016,1016,1016,1016,1017,1017,1017,1017,1017,1017
446,446,446,446,446,446,446,446,446,446,446
49,50,51,51,52,52,52,53,53,54,54
863,863,863,863,863,863,863,863,863,863,863
757,757,756,755,754,754,753,752,751,750,749
8,8,8,8,8,8,8,8,8,8,8
577,579,580,581,582,583,584,585,586,587,588
974,974,974,974,974,974,974,974,974,974,974
160,160,160,159,158,158,157,156,156,155,154
266,266,266,266,266,266,266,266,266,266,266
1015,1016,1016,1016,1016,1017,1017,1017,1017,1017,1017
446,446,446,446,446,446,446,446,446,446,446
49,50,51,51,51,52,52,53,53,53,54
863,863,863,863,863,863,863,863,863,863,863
757,757,757,756,755,754,753,752,752,751,750
8,8,8,8,8,8,8,8,8,8,8
576,578,579,580,581,582,583,584,585,586,587
974,974,974,974,974,974,974,974,974,974,974
161,161,160,159,159,158,157,157,156,155,155
265,265,265,265,265,265,265,265,265,265,265
1015,1016,1016,1016,1016,1016,1017,1017,1017,1017,1017
447,447,447,447,447,447,447,447,447,447,447
48,50,50,51,51,52,52,52,53,53,54
862,862,862,862,862,862,862,862,862,862,862
758,758,757,756,755,755,754,753,752,751,750
9,9,9,9,9,9,9,9,9,9,9
576,578,579,580,581,582,583,584,585,585,586
975,975,975,975,975,975,975,975,975,975,975
161,161,161,160,159,158,158,157,156,156,155
265,265,265,265,265,265,265,265,265,265,265
1014,1016,1016,1016,1016,1016,1016,1017,1017,1017,1017
447,447,447,447,447,447,447,447,447,447,447
48,50,50,50,51,51,52,52,53,53,53
862,862,862,862,862,862,862,862,862,862,862
758,759,758,757,756,755,754,753,753,752,751
9,9,9,9,9,9,9,9,9,9,9
575,577,578,579,580,581,582,583,584,585,586
975,975,975,975,975,975,975,975,975,975,975
161,162,161,160,160,159,158,157,157,156,155
264,264,264,264,264,264,264,264,264,264,264
1014,1015,1016,1016,1016,1016,1016,1017,1017,1017,1017
448,448,448,448,448,448,448,448,448,448,448
48,49,50,50,51,51,51,52,52,53,53
861,861,861,861,861,861,861,861,861,861,861
759,759,758,757,757,756,755,754,753,752,751
9,9,9,9,9,9,9,9,9,9,9
575,577,578,579,580,581,581,582,583,584,585
975,975,975,975,975,975,975,975,975,975,975
162,162,161,161,160,159,159,158,157,157,156
264,264,264,264,264,264,264,264,264,264,264
1014,1015,1016,1016,1016,1016,1016,1016,1017,1017,1017
449,449,449,449,449,449,449,449,449,449,449
48,49,49,50,50,51,51,52,52,52,53
861,861,861,861,861,861,861,861,861,861,861
759,760,759,758,757,756,755,754,754,753,752
9,9,9,9,9,9,9,9,9,9,9
574,576,577,578,579,580,581,582,583,584,585
975,975,975,975,975,975,975,975,975,975,975
162,163,162,161,160,160,159,158,158,157,156
263,263,263,263,263,263,263,263,263,263,263
1014,1015,1015,1016,1016,1016,1016,1016,1017,1017,1017
449,449,449,449,449,449,449,449,449,449,449
47,49,49,50,50,50,51,51,52,52,53
861,861,861,861,861,861,861,861,861,861,861
760,760,759,758,758,757,756,755,754,753,752
9,9,9,9,9,9,9,9,9,9,9
574,576,576,577,578,579,580,581,582,583,584
976,976,976,976,976,976,976,976,976,976,976
163,163,162,162,161,160,159,159,158,157,157
263,263,263,263,263,263,263,263,263,263,263
1014,1015,1015,1016,1016,1016,1016,1016,1016,1017,1017
450,450,450,450,450,450,450,450,450,450,450
47,49,49,49,50,50,51,51,51,52,52
860,860,860,860,860,860,860,860,860,860,860
760,761,760,759,758,757,756,756,755,754,753
9,9,9,9,9,9,9,9,9,9,9
573,575,576,577,578,579,580,581,582,583,584
976,976,976,976,976,976,976,976,976,976,976
163,163,163,162,161,161,160,159,158,158,157
262,262,262,262,262,262,262,262,262,262,262
1014,1015,1015,1015,1016,1016,1016,1016,1016,1016,1017
450,450,450,450,450,450,450,450,450,450,450
47,48,49,49,50,50,50,51,51,52,52
860,860,860,860,860,860,860,860,860,860,860
761,761,760,759,759,758,757,756,755,754,753
9,9,9,9,9,9,9,9,9,9,9
572,574,575,576,577,578,579,580,581,582,583
976,976,976,976,976,976,976,976,976,976,976
164,164,163,162,162,161,160,160,159,158,158
262,262,262,262,262,262,262,262,262,262,262
1014,1015,1015,1015,1015,1016,1016,1016,1016,1016,1017
451,451,451,451,451,451,451,451,451,451,451
47,48,48,49,49,50,50,51,51,51,52
859,859,859,859,859,859,859,859,859,859,859
761,762,761,760,759,758,757,757,756,755,754
9,9,9,9,9,9,9,9,9,9,9
572,574,575,576,577,578,579,579,580,581,582
976,976,976,976,976,976,976,976,976,976,976
164,164,164,163,162,161,161,160,159,159,158
261,261,261,261,261,261,261,261,261,261,261
1014,1015,1015,1015,1015,1016,1016,1016,1016,1016,1016
451,451,451,451,451,451,451,451,451,451,451
46,48,48,49,49,49,50,50,51,51,52
859,859,859,859,859,859,859,859,859,859,859
762,762,761,760,760,759,758,757,756,755,755
9,9,9,9,9,9,9,9,9,9,9
571,573,574,575,576,577,578,579,580,581,582
977,977,977,977,977,977,977,977,977,977,977
164,165,164,163,163,162,161,160,160,159,158
261,261,261,261,261,261,261,261,261,261,261
1014,1015,1015,1015,1015,1015,1016,1016,1016,1016,1016
452,452,452,452,452,452,452,452,452,452,452
46,48,48,48,49,49,50,50,50,51,51
858,858,858,858,858,858,858,858,858,858,858
762,763,762,761,760,759,758,758,757,756,755
10,10,10,10,10,10,10,10,10,10,10
571,573,574,575,575,576,577,578,579,580,581
977,977,977,977,977,977,977,977,977,977,977
165,165,164,164,163,162,162,161,160,159,159
260,260,260,260,260,260,260,260,260,260,260
1013,1015,1015,1015,1015,1015,1016,1016,1016,1016,1016
453,453,453,453,453,453,453,453,453,453,453
46,47,48,48,49,49,49,50,50,51,51
858,858,858,858,858,858,858,858,858,858,858
763,763,762,761,761,760,759,758,757,756,756
10,10,10,10,10,10,10,10,10,10,10
570,572,573,574,575,576,577,578,579,580,581
977,977,977,977,977,977,977,977,977,977,977
165,166,165,164,163,163,162,161,161,160,159
260,260,260,260,260,260,260,260,260,260,260
1013,1014,1015,1015,1015,1015,1015,1016,1016,1016,1016
453,453,453,453,453,453,453,453,453,453,453
46,47,48,48,48,49,49,50,50,50,51
858,858,858,858,858,858,858,858,858,858,858
764,764,763,762,761,760,759,759,758,757,756
10,10,10,10,10,10,10,10,10,10,10
569,571,572,573,574,575,576,577,578,579,580
977,977,977,977,977,977,977,977,977,977,977
166,166,165,165,164,163,162,162,161,160,160
259,259,259,259,259,259,259,259,259,259,259
1013,1014,1015,1015,1015,1015,1015,1015,1016,1016,1016
454,454,454,454,454,454,454,454,454,454,454
45,47,47,48,48,48,49,49,50,50,51
857,857,857,857,857,857,857,857,857,857,857
764,764,763,763,762,761,760,759,758,757,757
10,10,10,10,10,10,10,10,10,10,10
569,571,572,573,574,575,576,577,578,578,579
978,978,978,978,978,978,978,978,978,978,978
166,166,166,165,164,164,163,162,161,161,160
259,259,259,259,259,259,259,259,259,259,259
1013,1014,1014,1015,1015,1015,1015,1015,1016,1016,1016
454,454,454,454,454,454,454,454,454,454,454
45,47,47,47,48,48,49,49,49,50,50
857,857,857,857,857,857,857,857,857,857,857
765,765,764,763,762,761,760,760,759,758,757
10,10,10,10,10,10,10,10,10,10,10
568,570,571,572,573,574,575,576,577,578,579
978,978,978,978,978,978,978,978,978,978,978
167,167,166,165,165,164,163,163,162,161,160
258,258,258,258,258,258,258,258,258,258,258
1013,1014,1014,1015,1015,1015,1015,1015,1015,1016,1016
455,455,455,455,455,455,455,455,455,455,455
45,46,47,47,48,48,48,49,49,50,50
856,856,856,856,856,856,856,856,856,856,856
765,765,764,764,763,762,761,760,759,758,758
10,10,10,10,10,10,10,10,10,10,10
568,570,571,572,573,573,574,575,576,577,578
978,978,978,978,978,978,978,978,978,978,978
167,167,167,166,165,164,164,163,162,162,161
258,258,258,258,258,258,258,258,258,258,258
1013,1014,1014,1014,1015,1015,1015,1015,1015,1016,1016
456,456,456,456,456,456,456,456,456,456,456
45,46,47,47,47,48,48,49,49,49,50
856,856,856,856,856,856,856,856,856,856,856
766,766,765,764,763,762,762,761,760,759,758
10,10,10,10,10,10,10,10,10,10,10
567,569,570,571,572,573,574,575,576,577,578
978,978,978,978,978,978,978,978,978,978,978
167,168,167,166,166,165,164,163,163,162,161
257,257,257,257,257,257,257,257,257,257,257
1013,1014,1014,1014,1014,1015,1015,1015,1015,1015,1016
456,456,456,456,456,456,456,456,456,456,456
44,46,46,47,47,47,48,48,49,49,50
855,855,855,855,855,855,855,855,855,855,855
766,766,765,765,764,763,762,761,760,760,759
10,10,10,10,10,10,10,10,10,10,10
567,568,569,570,571,572,573,574,575,576,577
979,979,979,979,979,979,979,979,979,979,979
168,168,167,167,166,165,165,164,163,162,162
257,257,257,257,257,257,257,257,257,257,257
1013,1014,1014,1014,1014,1015,1015,1015,1015,1015,1015
457,457,457,457,457,457,457,457,457,457,457
44,46,46,46,47,47,48,48,48,49,49
855,855,855,855,855,855,855,855,855,855,855
767,767,766,765,764,763,763,762,761,760,759
10,10,10,10,10,10,10,10,10,10,10
566,568,569,570,571,572,573,574,575,576,577
979,979,979,979,979,979,979,979,979,979,979
168,169,168,167,166,166,165,164,164,163,162
256,256,256,256,256,256,256,256,256,256,256
1012,1014,1014,1014,1014,1014,1015,1015,1015,1015,1015
457,457,457,457,457,457,457,457,457,457,457
44,45,46,46,47,47,47,48,48,49,49
854,854,854,854,854,854,854,854,854,854,854
767,767,766,766,765,764,763,762,761,761,760
11,11,11,11,11,11,11,11,11,11,11
565,567,568,569,570,571,572,573,574,575,576
979,979,979,979,979,979,979,979,979,979,979
169,169,168,168,167,166,165,165,164,163,163
256,256,256,256,256,256,256,256,256,256,256
1012,1014,1014,1014,1014,1014,1015,1015,1015,1015,1015
458,458,458,458,458,458,458,458,458,458,458
44,45,46,46,46,47,47,48,48,48,49
854,854,854,854,854,854,854,854,854,854,854
768,768,767,766,765,764,764,763,762,761,760
11,11,11,11,11,11,11,11,11,11,11
565,567,568,569,570,571,572,572,573,574,575
979,979,979,979,979,979,979,979,979,979,979
169,169,169,168,167,167,166,165,164,164,163
255,255,255,255,255,255,255,255,255,255,255
1012,1013,1014,1014,1014,1014,1014,1015,1015,1015,1015
459,459,459,459,459,459,459,459,459,459,459
44,45,45,46,46,46,47,47,48,48,49
854,854,854,854,854,854,854,854,854,854,854
768,768,767,767,766,765,764,763,762,762,761
11,11,11,11,11,11,11,11,11,11,11
564,566,567,568,569,570,571,572,573,574,575
980,980,980,980,980,980,980,980,980,980,980
170,170,169,168,168,167,166,166,165,164,163
255,255,255,255,255,255,255,255,255,255,255
1012,1013,1013,1014,1014,1014,1014,1014,1015,1015,1015
459,459,459,459,459,459,459,459,459,459,459
43,45,45,45,46,46,47,47,47,48,48
853,853,853,853,853,853,853,853,853,853,853
769,769,768,767,766,765,765,764,763,762,761
11,11,11,11,11,11,11,11,11,11,11
564,566,567,567,568,569,570,571,572,573,574
980,980,980,980,980,980,980,980,980,980,980
170,170,170,169,168,167,167,166,165,165,164
254,254,254,254,254,254,254,254,254,254,254
1012,1013,1013,1014,1014,1014,1014,1014,1015,1015,1015
460,460,460,460,460,460,460,460,460,460,460
43,44,45,45,46,46,46,47,47,48,48
853,853,853,853,853,853,853,853,853,853,853
769,769,768,768,767,766,765,764,763,763,762
11,11,11,11,11,11,11,11,11,11,11
563,565,566,567,568,569,570,571,572,573,574
980,980,980,980,980,980,980,980,980,980,980
170,171,170,169,169,168,167,166,166,165,164
254,254,254,254,254,254,254,254,254,254,254
1012,1013,1013,1013,1014,1014,1014,1014,1014,1015,1015
460,460,460,460,460,460,460,460,460,460,460
43,44,45,45,45,46,46,47,47,47,48
852,852,852,852,852,852,852,852,852,852,852
770,770,769,768,767,766,766,765,764,763,762
11,11,11,11,11,11,11,11,11,11,11
562,564,565,566,567,568,569,570,571,572,573
980,980,980,980,980,980,980,980,980,980,980
171,171,170,170,169,168,168,167,166,165,165
253,253,253,253,253,253,253,253,253,253,253
1012,1013,1013,1013,1014,1014,1014,1014,1014,1014,1015
461,461,461,461,461,461,461,461,461,461,461
43,44,44,45,45,46,46,46,47,47,48
852,852,852,852,852,852,852,852,852,852,852
770,770,769,769,768,767,766,765,764,764,763
11,11,11,11,11,11,11,11,11,11,11
562,564,565,566,567,568,569,570,571,571,572
981,981,981,981,981,981,981,981,981,981,981
171,172,171,170,169,169,168,167,167,166,165
253,253,253,253,253,253,253,253,253,253,253
1012,1013,1013,1013,1013,1014,1014,1014,1014,1014,1015
461,461,461,461,461,461,461,461,461,461,461
42,44,44,44,45,45,46,46,46,47,47
851,851,851,851,851,851,851,851,851,851,851
771,771,770,769,768,767,767,766,765,764,763
11,11,11,11,11,11,11,11,11,11,11
561,563,564,565,566,567,568,569,570,571,572
981,981,981,981,981,981,981,981,981,981,981
172,172,171,171,170,169,169,168,167,166,166
252,252,252,252,252,252,252,252,252,252,252
1011,1013,1013,1013,1013,1013,1014,1014,1014,1014,1014
462,462,462,462,462,462,462,462,462,462,462
42,43,44,44,45,45,45,46,46,47,47
851,851,851,851,851,851,851,851,851,851,851
771,771,771,770,769,768,767,766,765,765,764
12,12,12,12,12,12,12,12,12,12,12
561,563,564,565,566,566,567,568,569,570,571
981,981,981,981,981,981,981,981,981,981,981
172,173,172,171,170,170,169,168,168,167,166
252,252,252,252,252,252,252,252,252,252,252
1011,1013,1013,1013,1013,1013,1014,1014,1014,1014,1014
463,463,463,463,463,463,463,463,463,463,463
42,43,44,44,44,45,45,46,46,46,47
851,851,851,851,851,851,851,851,851,851,851
772,772,771,770,769,769,768,767,766,765,764
12,12,12,12,12,12,12,12,12,12,12
560,562,563,564,565,566,567,568,569,570,571
981,981,981,981,981,981,981,981,981,981,981
173,173,172,172,171,170,169,169,168,167,167
251,251,251,251,251,251,251,251,251,251,251
1011,1012,1013,1013,1013,1013,1013,1014,1014,1014,1014
463,463,463,463,463,463,463,463,463,463,463
42,43,43,44,44,45,45,45,46,46,47
850,850,850,850,850,850,850,850,850,850,850
772,772,772,771,770,769,768,767,767,766,765
12,12,12,12,12,12,12,12,12,12,12
559,561,562,563,564,565,566,567,568,569,570
981,981,981,981,981,981,981,981,981,981,981
173,173,173,172,171,171,170,169,168,168,167
251,251,251,251,251,251,251,251,251,251,251
1011,1012,1012,1013,1013,1013,1013,1014,1014,1014,1014
464,464,464,464,464,464,464,464,464,464,464
41,43,43,44,44,44,45,45,46,46,46
850,850,850,850,850,850,850,850,850,850,850
773,773,772,771,770,770,769,768,767,766,765
12,12,12,12,12,12,12,12,12,12,12
559,561,562,563,564,565,566,567,568,569,570
982,982,982,982,982,982,982,982,982,982,982
174,174,173,172,172,171,170,170,169,168,167
250,250,250,250,250,250,250,250,250,250,250
1011,1012,1012,1013,1013,1013,1013,1013,1014,1014,1014
464,464,464,464,464,464,464,464,464,464,464
41,43,43,43,44,44,44,45,45,46,46
849,849,849,849,849,849,849,849,849,849,849
773,773,773,772,771,770,769,768,768,767,766
12,12,12,12,12,12,12,12,12,12,12
558,560,561,562,563,564,565,566,567,568,569
982,982,982,982,982,982,982,982,982,982,982
174,174,174,173,172,171,171,170,169,169,168
250,250,250,250,250,250,250,250,250,250,250
1011,1012,1012,1012,1013,1013,1013,1013,1013,1014,1014
465,465,465,465,465,465,465,465,465,465,465
41,42,43,43,43,44,44,45,45,45,46
849,849,849,849,849,849,849,849,849,849,849
774,774,773,772,771,771,770,769,768,767,766
12,12,12,12,12,12,12,12,12,12,12
558,560,561,562,563,564,564,565,566,567,568
982,982,982,982,982,982,982,982,982,982,982
174,175,174,173,173,172,171,170,170,169,168
249,249,249,249,249,249,249,249,249,249,249
1011,1012,1012,1012,1013,1013,1013,1013,1013,1014,1014
466,466,466,466,466,466,466,466,466,466,466
41,42,42,43,43,44,44,44,45,45,46
848,848,848,848,848,848,848,848,848,848,848
774,774,774,773,772,771,770,769,769,768,767
12,12,12,12,12,12,12,12,12,12,12
557,559,560,561,562,563,564,565,566,567,568
982,982,982,982,982,982,982,982,982,982,982
175,175,174,174,173,172,172,171,170,169,169
249,249,249,249,249,249,249,249,249,249,249
1011,1012,1012,1012,1012,1013,1013,1013,1013,1013,1014
466,466,466,466,466,466,466,466,466,466,466
40,42,42,43,43,43,44,44,45,45,45
848,848,848,848,848,848,848,848,848,848,848
775,775,774,773,772,772,771,770,769,768,767
13,13,13,13,13,13,13,13,13,13,13
557,559,559,560,561,562,563,564,565,566,567
983,983,983,983,983,983,983,983,983,983,983
175,176,175,174,173,173,172,171,171,170,169
248,248,248,248,248,248,248,248,248,248,248
1010,1012,1012,1012,1012,1012,1013,1013,1013,1013,1014
467,467,467,467,467,467,467,467,467,467,467
40,42,42,42,43,43,44,44,44,45,45
847,847,847,847,847,847,847,847,847,847,847
775,775,775,774,773,772,771,770,770,769,768
13,13,13,13,13,13,13,13,13,13,13
556,558,559,560,561,562,563,564,565,566,567
983,983,983,983,983,983,983,983,983,983,983
176,176,175,175,174,173,172,172,171,170,170
248,248,248,248,248,248,248,248,248,248,248
1010,1012,1012,1012,1012,1012,1013,1013,1013,1013,1013
467,467,467,467,467,467,467,467,467,467,467
40,41,42,42,43,43,43,44,44,44,45
847,847,847,847,847,847,847,847,847,847,847
776,776,775,774,773,773,772,771,770,769,768
13,13,13,13,13,13,13,13,13,13,13
555,557,558,559,560,561,562,563,564,565,566
983,983,983,983,983,983,983,983,983,983,983
176,177,176,175,174,174,173,172,171,171,170
247,247,247,247,247,247,247,247,247,247,247
1010,1011,1012,1012,1012,1012,1012,1013,1013,1013,1013
468,468,468,468,468,468,468,468,468,468,468
40,41,42,42,42,43,43,43,44,44,45
847,847,847,847,847,847,847,847,847,847,847
776,776,776,775,774,773,772,771,771,770,769
13,13,13,13,13,13,13,13,13,13,13
555,557,558,559,560,561,562,563,563,564,565
983,983,983,983,983,983,983,983,983,983,983
177,177,176,176,175,174,173,173,172,171,170
247,247,247,247,247,247,247,247,247,247,247
1010,1011,1011,1012,1012,1012,1012,1013,1013,1013,1013
468,468,468,468,468,468,468,468,468,468,468
40,41,41,42,42,42,43,43,44,44,44
846,846,846,846,846,846,846,846,846,846,846
777,777,776,775,774,774,773,772,771,770,769
13,13,13,13,13,13,13,13,13,13,13
554,556,557,558,559,560,561,562,563,564,565
984,984,984,984,984,984,984,984,984,984,984
177,177,177,176,175,174,174,173,172,172,171
246,246,246,246,246,246,246,246,246,246,246
1010,1011,1011,1012,1012,1012,1012,1012,1013,1013,1013
469,469,469,469,469,469,469,469,469,469,469
39,41,41,41,42,42,43,43,43,44,44
846,846,846,846,846,846,846,846,846,846,846
777,777,777,776,775,774,773,772,772,771,770
13,13,13,13,13,13,13,13,13,13,13
554,556,557,558,558,559,560,561,562,563,564
984,984,984,984,984,984,984,984,984,984,984
178,178,177,176,176,175,174,173,173,172,171
246,246,246,246,246,246,246,246,246,246,246
1010,1011,1011,1011,1012,1012,1012,1012,1012,1013,1013
470,470,470,470,470,470,470,470,470,470,470
39,40,41,41,42,42,42,43,43,44,44
845,845,845,845,845,845,845,845,845,845,845
778,778,777,776,775,775,774,773,772,771,770
13,13,13,13,13,13,13,13,13,13,13
553,555,556,557,558,559,560,561,562,563,564
984,984,984,984,984,984,984,984,984,984,984
178,178,178,177,176,175,175,174,173,172,172
245,245,245,245,245,245,245,245,245,245,245
1010,1011,1011,1011,1011,1012,1012,1012,1012,1013,1013
470,470,470,470,470,470,470,470,470,470,470
39,40,41,41,41,42,42,43,43,43,44
845,845,845,845,845,845,845,845,845,845,845
778,778,778,777,776,775,774,773,773,772,771
13,13,13,13,13,13,13,13,13,13,13
552,554,555,556,557,558,559,560,561,562,563
984,984,984,984,984,984,984,984,984,984,984
178,179,178,177,177,176,175,174,174,173,172
244,244,244,244,244,244,244,244,244,244,244
1009,1011,1011,1011,1011,1012,1012,1012,1012,1012,1013
471,471,471,471,471,471,471,471,471,471,471
39,40,40,41,41,42,42,42,43,43,43
844,844,844,844,844,844,844,844,844,844,844
779,779,778,777,776,776,775,774,773,772,771
14,14,14,14,14,14,14,14,14,14,14
552,554,555,556,557,558,559,560,561,562,562
984,984,984,984,984,984,984,984,984,984,984
179,179,178,178,177,176,176,175,174,173,173
244,244,244,244,244,244,244,244,244,244,244
1009,1011,1011,1011,1011,1011,1012,1012,1012,1012,1013
471,471,471,471,471,471,471,471,471,471,471
38,40,40,41,41,41,42,42,42,43,43
844,844,844,844,844,844,844,844,844,844,844
779,779,779,778,777,776,775,774,774,773,772
14,14,14,14,14,14,14,14,14,14,14
551,553,554,555,556,557,558,559,560,561,562
985,985,985,985,985,985,985,985,985,985,985
179,180,179,178,177,177,176,175,175,174,173
243,243,243,243,243,243,243,243,243,243,243
1009,1010,1011,1011,1011,1011,1012,1012,1012,1012,1012
472,472,472,472,472,472,472,472,472,472,472
38,40,40,40,41,41,41,42,42,43,43
843,843,843,843,843,843,843,843,843,843,843
780,780,779,778,777,777,776,775,774,773,772
14,14,14,14,14,14,14,14,14,14,14
551,553,554,555,556,557,557,558,559,560,561
985,985,985,985,985,985,985,985,985,985,985
180,180,179,179,178,177,176,176,175,174,174
243,243,243,243,243,243,243,243,243,243,243
1009,1010,1011,1011,1011,1011,1011,1012,1012,1012,1012
473,473,473,473,473,473,473,473,473,473,473
38,39,40,40,40,41,41,42,42,42,43
843,843,843,843,843,843,843,843,843,843,843
780,780,780,779,778,777,776,775,775,774,773
14,14,14,14,14,14,14,14,14,14,14
550,552,553,554,555,556,557,558,559,560,561
985,985,985,985,985,985,985,985,985,985,985
180,181,180,179,178,178,177,176,175,175,174
242,242,242,242,242,242,242,242,242,242,242
1009,1010,1010,1011,1011,1011,1011,1011,1012,1012,1012
473,473,473,473,473,473,473,473,473,473,473
38,39,39,40,40,41,41,41,42,42,42
843,843,843,843,843,843,843,843,843,843,843
781,781,780,779,778,778,777,776,775,774,774
14,14,14,14,14,14,14,14,14,14,14
550,551,552,553,554,555,556,557,558,559,560
985,985,985,985,985,985,985,985,985,985,985
181,181,180,180,179,178,177,177,176,175,174
242,242,242,242,242,242,242,242,242,242,242
1009,1010,1010,1010,1011,1011,1011,1011,1012,1012,1012
474,474,474,474,474,474,474,474,474,474,474
38,39,39,40,40,40,41,41,41,42,42
842,842,842,842,842,842,842,842,842,842,842
781,781,781,780,779,778,777,776,776,775,774
14,14,14,14,14,14,14,14,14,14,14
549,551,552,553,554,555,556,557,558,559,560
986,986,986,986,986,986,986,986,986,986,986
181,181,181,180,179,178,178,177,176,176,175
241,241,241,241,241,241,241,241,241,241,241
1009,1010,1010,1010,1011,1011,1011,1011,1011,1012,1012
474,474,474,474,474,474,474,474,474,474,474
37,39,39,39,40,40,41,41,41,42,42
842,842,842,842,842,842,842,842,842,842,842
782,782,781,780,779,779,778,777,776,775,775
14,14,14,14,14,14,14,14,14,14,14
548,550,551,552,553,554,555,556,557,558,559
986,986,986,986,986,986,986,986,986,986,986
182,182,181,180,180,179,178,177,177,176,175
241,241,241,241,241,241,241,241,241,241,241
1009,1010,1010,1010,1010,1011,1011,1011,1011,1012,1012
475,475,475,475,475,475,475,475,475,475,475
37,38,39,39,40,40,40,41,41,41,42
841,841,841,841,841,841,841,841,841,841,841
782,782,782,781,780,779,778,778,777,776,775
15,15,15,15,15,15,15,15,15,15,15
548,550,551,552,553,554,555,555,556,557,558
986,986,986,986,986,986,986,986,986,986,986
182,182,182,181,180,179,179,178,177,176,176
240,240,240,240,240,240,240,240,240,240,240
1008,1010,1010,1010,1010,1011,1011,1011,1011,1011,1012
476,476,476,476,476,476,476,476,476,476,476
37,38,39,39,39,40,40,40,41,41,42
841,841,841,841,841,841,841,841,841,841,841
783,783,782,781,780,780,779,778,777,776,776
15,15,15,15,15,15,15,15,15,15,15
547,549,550,551,552,553,554,555,556,557,558
986,986,986,986,986,986,986,986,986,986,986
183,183,182,181,181,180,179,178,178,177,176
240,240,240,240,240,240,240,240,240,240,240
1008,1009,1010,1010,1010,1010,1011,1011,1011,1011,1011
476,476,476,476,476,476,476,476,476,476,476
37,38,38,39,39,39,40,40,41,41,41
840,840,840,840,840,840,840,840,840,840,840
783,783,783,782,781,780,779,779,778,777,776
15,15,15,15,15,15,15,15,15,15,15
547,549,550,550,551,552,553,554,555,556,557
986,986,986,986,986,986,986,986,986,986,986
183,183,182,182,181,180,180,179,178,177,177
239,239,239,239,239,239,239,239,239,239,239
1008,1009,1010,1010,1010,1010,1010,1011,1011,1011,1011
477,477,477,477,477,477,477,477,477,477,477
36,38,38,38,39,39,40,40,40,41,41
840,840,840,840,840,840,840,840,840,840,840
784,784,783,782,781,781,780,779,778,777,777
15,15,15,15,15,15,15,15,15,15,15
546,548,549,550,551,552,553,554,555,556,557
987,987,987,987,987,987,987,987,987,987,987
183,184,183,182,181,181,180,179,179,178,177
239,239,239,239,239,239,239,239,239,239,239
1008,1009,1009,1010,1010,1010,1010,1011,1011,1011,1011
477,477,477,477,477,477,477,477,477,477,477
36,38,38,38,39,39,39,40,40,40,41
839,839,839,839,839,839,839,839,839,839,839
784,784,784,783,782,781,780,780,779,778,777
15,15,15,15,15,15,15,15,15,15,15
545,547,548,549,550,551,552,553,554,555,556
987,987,987,987,987,987,987,987,987,987,987
184,184,183,183,182,181,180,180,179,178,178
238,238,238,238,238,238,238,238,238,238,238
1008,1009,1009,1009,1010,1010,1010,1010,1011,1011,1011
478,478,478,478,478,478,478,478,478,478,478
36,37,38,38,38,39,39,40,40,40,41
839,839,839,839,839,839,839,839,839,839,839
785,785,784,783,782,782,781,780,779,778,778
15,15,15,15,15,15,15,15,15,15,15
545,547,548,549,550,551,552,553,554,554,555
987,987,987,987,987,987,987,987,987,987,987
184,185,184,183,182,182,181,180,179,179,178
238,238,238,238,238,238,238,238,238,238,238
1008,1009,1009,1009,1010,1010,1010,1010,1010,1011,1011
478,478,478,478,478,478,478,478,478,478,478
36,37,37,38,38,39,39,39,40,40,40
838,838,838,838,838,838,838,838,838,838,838
785,785,785,784,783,782,781,781,780,779,778
15,15,15,15,15,15,15,15,15,15,15
544,546,547,548,549,550,551,552,553,554,555
987,987,987,987,987,987,987,987,987,987,987
185,185,184,184,183,182,181,181,180,179,178
237,237,237,237,237,237,237,237,237,237,237
1008,1009,1009,1009,1009,1010,1010,1010,1010,1011,1011
479,479,479,479,479,479,479,479,479,479,479
36,37,37,38,38,38,39,39,39,40,40
838,838,838,838,838,838,838,838,838,838,838
786,786,785,784,783,783,782,781,780,779,779
16,16,16,16,16,16,16,16,16,16,16
544,546,547,548,548,549,550,551,552,553,554
988,988,988,988,988,988,988,988,988,988,988
185,185,185,184,183,183,182,181,180,180,179
237,237,237,237,237,237,237,237,237,237,237
1007,1009,1009,1009,1009,1010,1010,1010,1010,1010,1011
480,480,480,480,480,480,480,480,480,480,480
35,37,37,37,38,38,38,39,39,40,40
838,838,838,838,838,838,838,838,838,838,838
786,786,786,785,784,783,782,782,781,780,779
16,16,16,16,16,16,16,16,16,16,16
543,545,546,547,548,549,550,551,552,553,554
988,988,988,988,988,988,988,988,988,988,988
186,186,185,184,184,183,182,182,181,180,179
237,237,237,237,237,237,237,237,237,237,237
1007,1008,1009,1009,1009,1009,1010,1010,1010,1010,1011
480,480,480,480,480,480,480,480,480,480,480
35,36,37,37,38,38,38,39,39,39,40
837,837,837,837,837,837,837,837,837,837,837
787,787,786,785,784,784,783,782,781,780,780
16,16,16,16,16,16,16,16,16,16,16
542,544,545,546,547,548,549,550,551,552,553
988,988,988,988,988,988,988,988,988,988,988
186,186,186,185,184,183,183,182,181,180,180
236,236,236,236,236,236,236,236,236,236,236
1007,1008,1009,1009,1009,1009,1009,1010,1010,1010,1010
481,481,481,481,481,481,481,481,481,481,481
35,36,37,37,37,38,38,38,39,39,39
837,837,837,837,837,837,837,837,837,837,837
787,787,787,786,785,784,783,783,782,781,780
16,16,16,16,16,16,16,16,16,16,16
542,544,545,546,547,548,549,550,551,552,553
988,988,988,988,988,988,988,988,988,988,988
187,187,186,185,185,184,183,182,182,181,180
236,236,236,236,236,236,236,236,236,236,236
1007,1008,1008,1009,1009,1009,1009,1010,1010,1010,1010
481,481,481,481,481,481,481,481,481,481,481
35,36,36,37,37,37,38,38,39,39,39
836,836,836,836,836,836,836,836,836,836,836
788,788,787,786,785,785,784,783,782,781,781
16,16,16,16,16,16,16,16,16,16,16
541,543,544,545,546,547,548,549,550,551,552
988,988,988,988,988,988,988,988,988,988,988
187,187,187,186,185,184,184,183,182,181,181
235,235,235,235,235,235,235,235,235,235,235
1007,1008,1008,1008,1009,1009,1009,1009,1010,1010,1010
482,482,482,482,482,482,482,482,482,482,482
34,36,36,37,37,37,38,38,38,39,39
836,836,836,836,836,836,836,836,836,836,836
788,788,788,787,786,785,784,784,783,782,781
16,16,16,16,16,16,16,16,16,16,16
541,543,544,545,546,547,547,548,549,550,551
989,989,989,989,989,989,989,989,989,989,989
188,188,187,186,186,185,184,183,183,182,181
235,235,235,235,235,235,235,235,235,235,235
1007,1008,1008,1008,1009,1009,1009,1009,1010,1010,1010
483,483,483,483,483,483,483,483,483,483,483
34,36,36,36,37,37,37,38,38,38,39
835,835,835,835,835,835,835,835,835,835,835
789,789,788,787,786,786,785,784,783,782,782
16,16,16,16,16,16,16,16,16,16,16
540,542,543,544,545,546,547,548,549,550,551
989,989,989,989,989,989,989,989,989,989,989
188,188,187,187,186,185,185,184,183,182,182
234,234,234,234,234,234,234,234,234,234,234
1006,1008,1008,1008,1008,1009,1009,1009,1009,1010,1010
483,483,483,483,483,483,483,483,483,483,483
34,35,36,36,36,37,37,38,38,38,39
835,835,835,835,835,835,835,835,835,835,835
789,789,789,788,787,786,785,785,784,783,782
17,17,17,17,17,17,17,17,17,17,17
540,541,542,543,544,545,546,547,548,549,550
989,989,989,989,989,989,989,989,989,989,989
188,189,188,187,186,186,185,184,183,183,182
234,234,234,234,234,234,234,234,234,234,234
1006,1008,1008,1008,1008,1009,1009,1009,1009,1009,1010
484,484,484,484,484,484,484,484,484,484,484
34,35,36,36,36,37,37,37,38,38,38
834,834,834,834,834,834,834,834,834,834,834
790,790,789,788,787,787,786,785,784,783,783
17,17,17,17,17,17,17,17,17,17,17
539,541,542,543,544,545,546,547,548,549,550
989,989,989,989,989,989,989,989,989,989,989
189,189,188,188,187,186,185,185,184,183,182
233,233,233,233,233,233,233,233,233,233,233
1006,1007,1008,1008,1008,1008,1009,1009,1009,1009,1010
484,484,484,484,484,484,484,484,484,484,484
34,35,35,36,36,36,37,37,37,38,38
834,834,834,834,834,834,834,834,834,834,834
790,790,790,789,788,787,786,786,785,784,783
17,17,17,17,17,17,17,17,17,17,17
538,540,541,542,543,544,545,546,547,548,549
989,989,989,989,989,989,989,989,989,989,989
189,190,189,188,187,187,186,185,184,184,183
233,233,233,233,233,233,233,233,233,233,233
1006,1007,1008,1008,1008,1008,1008,1009,1009,1009,1009
485,485,485,485,485,485,485,485,485,485,485
33,35,35,35,36,36,37,37,37,38,38
833,833,833,833,833,833,833,833,833,833,833
791,791,790,789,788,788,787,786,785,784,784
17,17,17,17,17,17,17,17,17,17,17
538,540,541,542,543,544,545,546,546,547,548
990,990,990,990,990,990,990,990,990,990,990
190,190,189,189,188,187,186,186,185,184,183
232,232,232,232,232,232,232,232,232,232,232
1006,1007,1007,1008,1008,1008,1008,1009,1009,1009,1009
486,486,486,486,486,486,486,486,486,486,486
33,35,35,35,36,36,36,37,37,37,38
833,833,833,833,833,833,833,833,833,833,833
791,791,791,790,789,788,787,787,786,785,784
17,17,17,17,17,17,17,17,17,17,17
537,539,540,541,542,543,544,545,546,547,548
990,990,990,990,990,990,990,990,990,990,990
190,191,190,189,188,188,187,186,185,185,184
232,232,232,232,232,232,232,232,232,232,232
1006,1007,1007,1007,1008,1008,1008,1008,1009,1009,1009
486,486,486,486,486,486,486,486,486,486,486
33,34,35,35,35,36,36,36,37,37,37
833,833,833,833,833,833,833,833,833,833,833
792,792,791,790,789,789,788,787,786,785,785
17,17,17,17,17,17,17,17,17,17,17
537,539,540,540,541,542,543,544,545,546,547
990,990,990,990,990,990,990,990,990,990,990
191,191,190,189,189,188,187,186,186,185,184
231,231,231,231,231,231,231,231,231,231,231
1006,1007,1007,1007,1008,1008,1008,1008,1009,1009,1009
487,487,487,487,487,487,487,487,487,487,487
33,34,34,35,35,36,36,36,37,37,37
832,832,832,832,832,832,832,832,832,832,832
792,792,792,791,790,789,788,788,787,786,785
18,18,18,18,18,18,18,18,18,18,18
536,538,539,540,541,542,543,544,545,546,547
990,990,990,990,990,990,990,990,990,990,990
191,191,191,190,189,188,188,187,186,185,185
231,231,231,231,231,231,231,231,231,231,231
1005,1007,1007,1007,1007,1008,1008,1008,1008,1009,1009
487,487,487,487,487,487,487,487,487,487,487
33,34,34,35,35,35,36,36,36,37,37
832,832,832,832,832,832,832,832,832,832,832
793,793,792,791,790,790,789,788,787,786,786
18,18,18,18,18,18,18,18,18,18,18
535,537,538,539,540,541,542,543,544,545,546
991,991,991,991,991,991,991,991,991,991,991
192,192,191,190,190,189,188,187,187,186,185
230,230,230,230,230,230,230,230,230,230,230
1005,1006,1007,1007,1007,1007,1008,1008,1008,1008,1009
488,488,488,488,488,488,488,488,488,488,488
32,34,34,34,35,35,35,36,36,36,37
831,831,831,831,831,831,831,831,831,831,831
793,793,793,792,791,790,789,789,788,787,786
18,18,18,18,18,18,18,18,18,18,18
535,537,538,539,540,541,542,543,544,544,545
991,991,991,991,991,991,991,991,991,991,991
192,192,192,191,190,189,189,188,187,186,186
230,230,230,230,230,230,230,230,230,230,230
1005,1006,1007,1007,1007,1007,1008,1008,1008,1008,1009
488,488,488,488,488,488,488,488,488,488,488
32,33,34,34,35,35,35,36,36,36,37
831,831,831,831,831,831,831,831,831,831,831
794,794,793,792,791,791,790,789,788,787,787
18,18,18,18,18,18,18,18,18,18,18
534,536,537,538,539,540,541,542,543,544,545
991,991,991,991,991,991,991,991,991,991,991
193,193,192,191,191,190,189,188,188,187,186
229,229,229,229,229,229,229,229,229,229,229
1005,1006,1006,1007,1007,1007,1007,1008,1008,1008,1008
489,489,489,489,489,489,489,489,489,489,489
32,33,34,34,34,35,35,35,36,36,36
830,830,830,830,830,830,830,830,830,830,830
794,794,794,793,792,791,790,789,789,788,787
18,18,18,18,18,18,18,18,18,18,18
534,536,537,538,538,539,540,541,542,543,544
991,991,991,991,991,991,991,991,991,991,991
193,193,193,192,191,190,190,189,188,187,187
229,229,229,229,229,229,229,229,229,229,229
1005,1006,1006,1007,1007,1007,1007,1008,1008,1008,1008
490,490,490,490,490,490,490,490,490,490,490
32,33,33,34,34,34,35,35,35,36,36
830,830,830,830,830,830,830,830,830,830,830
795,795,794,793,792,792,791,790,789,788,788
18,18,18,18,18,18,18,18,18,18,18
533,535,536,537,538,539,540,541,542,543,544
991,991,991,991,991,991,991,991,991,991,991
193,194,193,192,191,191,190,189,188,188,187
228,228,228,228,228,228,228,228,228,228,228
1005,1006,1006,1006,1007,1007,1007,1007,1008,1008,1008
490,490,490,490,490,490,490,490,490,490,490
32,33,33,34,34,34,35,35,35,36,36
829,829,829,829,829,829,829,829,829,829,829
795,795,795,794,793,792,791,790,790,789,788
18,18,18,18,18,18,18,18,18,18,18
532,534,535,536,537,538,539,540,541,542,543
992,992,992,992,992,992,992,992,992,992,992
194,194,193,193,192,191,190,190,189,188,187
228,228,228,228,228,228,228,228,228,228,228
1004,1006,1006,1006,1006,1007,1007,1007,1007,1008,1008
491,491,491,491,491,491,491,491,491,491,491
31,33,33,33,34,34,34,35,35,35,36
829,829,829,829,829,829,829,829,829,829,829
796,796,795,794,793,793,792,791,790,789,789
19,19,19,19,19,19,19,19,19,19,19
532,534,535,536,537,538,539,540,541,542,543
992,992,992,992,992,992,992,992,992,992,992
194,195,194,193,192,192,191,190,189,189,188
227,227,227,227,227,227,227,227,227,227,227
1004,1006,1006,1006,1006,1007,1007,1007,1007,1008,1008
491,491,491,491,491,491,491,491,491,491,491
31,32,33,33,33,34,34,34,35,35,36
828,828,828,828,828,828,828,828,828,828,828
796,796,796,795,794,793,792,791,791,790,789
19,19,19,19,19,19,19,19,19,19,19
531,533,534,535,536,537,538,539,540,541,542
992,992,992,992,992,992,992,992,992,992,992
195,195,194,194,193,192,191,191,190,189,188
227,227,227,227,227,227,227,227,227,227,227
1004,1005,1006,1006,1006,1006,1007,1007,1007,1007,1008
492,492,492,492,492,492,492,492,492,492,492
31,32,33,33,33,34,34,34,35,35,35
828,828,828,828,828,828,828,828,828,828,828
797,797,796,795,794,794,793,792,791,790,790
19,19,19,19,19,19,19,19,19,19,19
531,533,534,535,536,537,537,538,539,540,541
992,992,992,992,992,992,992,992,992,992,992
195,196,195,194,193,193,192,191,190,190,189
226,226,226,226,226,226,226,226,226,226,226
1004,1005,1005,1006,1006,1006,1007,1007,1007,1007,1008
493,493,493,493,493,493,493,493,493,493,493
31,32,32,33,33,33,34,34,34,35,35
827,827,827,827,827,827,827,827,827,827,827
797,797,796,796,795,794,793,792,792,791,790
19,19,19,19,19,19,19,19,19,19,19
530,532,533,534,535,536,537,538,539,540,541
992,992,992,992,992,992,992,992,992,992,992
196,196,195,195,194,193,192,191,191,190,189
226,226,226,226,226,226,226,226,226,226,226
1004,1005,1005,1006,1006,1006,1006,1007,1007,1007,1007
493,493,493,493,493,493,493,493,493,493,493
31,32,32,33,33,33,34,34,34,35,35
827,827,827,827,827,827,827,827,827,827,827
798,798,797,796,795,795,794,793,792,791,791
19,19,19,19,19,19,19,19,19,19,19
530,531,532,533,534,535,536,537,538,539,540
993,993,993,993,993,993,993,993,993,993,993
196,196,196,195,194,193,193,192,191,190,190
225,225,225,225,225,225,225,225,225,225,225
1004,1005,1005,1005,1006,1006,1006,1006,1007,1007,1007
494,494,494,494,494,494,494,494,494,494,494
30,32,32,32,33,33,33,34,34,34,35
827,827,827,827,827,827,827,827,827,827,827
798,798,797,797,796,795,794,793,793,792,791
19,19,19,19,19,19,19,19,19,19,19
529,531,532,533,534,535,536,537,538,539,540
993,993,993,993,993,993,993,993,993,993,993
197,197,196,195,195,194,193,192,192,191,190
225,225,225,225,225,225,225,225,225,225,225
1003,1005,1005,1005,1006,1006,1006,1006,1007,1007,1007
494,494,494,494,494,494,494,494,494,494,494
30,31,32,32,32,33,33,33,34,34,34
826,826,826,826,826,826,826,826,826,826,826
799,799,798,797,796,796,795,794,793,792,792
20,20,20,20,20,20,20,20,20,20,20
528,530,531,532,533,534,535,536,537,538,539
993,993,993,993,993,993,993,993,993,993,993
197,197,197,196,195,194,194,193,192,191,191
224,224,224,224,224,224,224,224,224,224,224
1003,1005,1005,1005,1005,1006,1006,1006,1006,1007,1007
495,495,495,495,495,495,495,495,495,495,495
30,31,32,32,32,33,33,33,34,34,34
826,826,826,826,826,826,826,826,826,826,826
799,799,798,798,797,796,795,794,794,793,792
20,20,20,20,20,20,20,20,20,20,20
528,530,531,532,533,534,535,536,536,537,538
993,993,993,993,993,993,993,993,993,993,993
198,198,197,196,196,195,194,193,193,192,191
224,224,224,224,224,224,224,224,224,224,224
1003,1004,1005,1005,1005,1005,1006,1006,1006,1007,1007
496,496,496,496,496,496,496,496,496,496,496
30,31,31,32,32,32,33,33,33,34,34
825,825,825,825,825,825,825,825,825,825,825
800,800,799,798,797,797,796,795,794,793,793
20,20,20,20,20,20,20,20,20,20,20
527,529,530,531,532,533,534,535,536,537,538
993,993,993,993,993,993,993,993,993,993,993
198,198,198,197,196,195,195,194,193,192,192
223,223,223,223,223,223,223,223,223,223,223
1003,1004,1005,1005,1005,1005,1006,1006,1006,1006,1007
496,496,496,496,496,496,496,496,496,496,496
30,31,31,31,32,32,32,33,33,34,34
825,825,825,825,825,825,825,825,825,825,825
800,800,799,799,798,797,796,795,795,794,793
20,20,20,20,20,20,20,20,20,20,20
527,529,530,530,531,532,533,534,535,536,537
994,994,994,994,994,994,994,994,994,994,994
199,199,198,197,197,196,195,194,194,193,192
223,223,223,223,223,223,223,223,223,223,223
1003,1004,1004,1005,1005,1005,1005,1006,1006,1006,1006
497,497,497,497,497,497,497,497,497,497,497
29,31,31,31,32,32,32,33,33,33,34
824,824,824,824,824,824,824,824,824,824,824
801,801,800,799,798,798,797,796,795,794,793
20,20,20,20,20,20,20,20,20,20,20
526,528,529,530,531,532,533,534,535,536,537
994,994,994,994,994,994,994,994,994,994,994
199,199,199,198,197,196,195,195,194,193,192
222,222,222,222,222,222,222,222,222,222,222
1003,1004,1004,1004,1005,1005,1005,1006,1006,1006,1006
497,497,497,497,497,497,497,497,497,497,497
29,30,31,31,31,32,32,32,33,33,33
824,824,824,824,824,824,824,824,824,824,824
801,801,800,800,799,798,797,796,796,795,794
20,20,20,20,20,20,20,20,20,20,20
525,527,528,529,530,531,532,533,534,535,536
994,994,994,994,994,994,994,994,994,994,994
200,200,199,198,197,197,196,195,194,194,193
222,222,222,222,222,222,222,222,222,222,222
1002,1004,1004,1004,1005,1005,1005,1005,1006,1006,1006
498,498,498,498,498,498,498,498,498,498,498
29,30,31,31,31,32,32,32,33,33,33
823,823,823,823,823,823,823,823,823,823,823
801,802,801,800,799,798,798,797,796,795,794
21,21,21,21,21,21,21,21,21,21,21
525,527,528,529,530,531,532,533,534,534,535
994,994,994,994,994,994,994,994,994,994,994
200,200,199,199,198,197,196,196,195,194,193
221,221,221,221,221,221,221,221,221,221,221
1002,1004,1004,1004,1004,1005,1005,1005,1005,1006,1006
498,498,498,498,498,498,498,498,498,498,498
29,30,30,31,31,31,32,32,32,33,33
823,823,823,823,823,823,823,823,823,823,823
802,802,801,801,800,799,798,797,797,796,795
21,21,21,21,21,21,21,21,21,21,21
524,526,527,528,529,530,531,532,533,534,535
994,994,994,994,994,994,994,994,994,994,994
200,201,200,199,198,198,197,196,195,195,194
221,221,221,221,221,221,221,221,221,221,221
1002,1003,1004,1004,1004,1005,1005,1005,1005,1006,1006
499,499,499,499,499,499,499,499,499,499,499
29,30,30,30,31,31,31,32,32,32,33
822,822,822,822,822,822,822,822,822,822,822
802,803,802,801,800,799,799,798,797,796,795
21,21,21,21,21,21,21,21,21,21,21
524,526,527,528,528,529,530,531,532,533,534
995,995,995,995,995,995,995,995,995,995,995
201,201,200,200,199,198,197,197,196,195,194
220,220,220,220,220,220,220,220,220,220,220
1002,1003,1004,1004,1004,1004,1005,1005,1005,1005,1006
500,500,500,500,500,500,500,500,500,500,500
28,30,30,30,31,31,31,32,32,32,33
822,822,822,822,822,822,822,822,822,822,822
803,803,802,802,801,800,799,798,798,797,796
21,21,21,21,21,21,21,21,21,21,21
523,525,526,527,528,529,530,531,532,533,534
995,995,995,995,995,995,995,995,995,995,995
201,202,201,200,199,199,198,197,196,196,195
220,220,220,220,220,220,220,220,220,220,220
1002,1003,1003,1004,1004,1004,1004,1005,1005,1005,1006
500,500,500,500,500,500,500,500,500,500,500
28,29,30,30,30,31,31,31,32,32,32
821,821,821,821,821,821,821,821,821,821,821
803,804,803,802,801,800,800,799,798,797,796
21,21,21,21,21,21,21,21,21,21,21
522,524,525,526,527,528,529,530,531,532,533
995,995,995,995,995,995,995,995,995,995,995
202,202,201,201,200,199,198,198,197,196,195
219,219,219,219,219,219,219,219,219,219,219
1002,1003,1003,1003,1004,1004,1004,1005,1005,1005,1005
501,501,501,501,501,501,501,501,501,501,501
28,29,30,30,30,31,31,31,32,32,32
821,821,821,821,821,821,821,821,821,821,821
804,804,803,803,802,801,800,799,799,798,797
21,21,21,21,21,21,21,21,21,21,21
522,524,525,526,527,528,529,530,531,532,533
995,995,995,995,995,995,995,995,995,995,995
202,203,202,201,200,199,199,198,197,196,196
219,219,219,219,219,219,219,219,219,219,219
1001,1003,1003,1003,1004,1004,1004,1004,1005,1005,1005
501,501,501,501,501,501,501,501,501,501,501
28,29,29,30,30,30,31,31,31,32,32
820,820,820,820,820,820,820,820,820,820,820
804,805,804,803,802,801,801,800,799,798,797
22,22,22,22,22,22,22,22,22,22,22
521,523,524,525,526,527,528,529,530,531,532
995,995,995,995,995,995,995,995,995,995,995
203,203,202,201,201,200,199,198,198,197,196
218,218,218,218,218,218,218,218,218,218,218
1001,1003,1003,1003,1003,1004,1004,1004,1004,1005,1005
502,502,502,502,502,502,502,502,502,502,502
28,29,29,30,30,30,30,31,31,31,32
820,820,820,820,820,820,820,820,820,820,820
805,805,804,803,803,802,801,800,800,799,798
22,22,22,22,22,22,22,22,22,22,22
521,523,524,525,526,527,527,528,529,530,531
996,996,996,996,996,996,996,996,996,996,996
203,203,203,202,201,200,200,199,198,197,197
218,218,218,218,218,218,218,218,218,218,218
1001,1002,1003,1003,1003,1004,1004,1004,1004,1005,1005
503,503,503,503,503,503,503,503,503,503,503
27,29,29,29,30,30,30,31,31,31,32
820,820,820,820,820,820,820,820,820,820,820
805,806,805,804,803,802,802,801,800,799,798
22,22,22,22,22,22,22,22,22,22,22
520,522,523,524,525,526,527,528,529,530,531
996,996,996,996,996,996,996,996,996,996,996
204,204,203,202,202,201,200,199,199,198,197
217,217,217,217,217,217,217,217,217,217,217
1001,1002,1003,1003,1003,1003,1004,1004,1004,1004,1005
503,503,503,503,503,503,503,503,503,503,503
27,28,29,29,29,30,30,30,31,31,31
819,819,819,819,819,819,819,819,819,819,819
806,806,805,804,804,803,802,801,800,800,799
22,22,22,22,22,22,22,22,22,22,22
520,521,522,523,524,525,526,527,528,529,530
996,996,996,996,996,996,996,996,996,996,996
204,204,204,203,202,201,201,200,199,198,198
217,217,217,217,217,217,217,217,217,217,217
1001,1002,1002,1003,1003,1003,1003,1004,1004,1004,1005
504,504,504,504,504,504,504,504,504,504,504
27,28,29,29,29,30,30,30,31,31,31
819,819,819,819,819,819,819,819,819,819,819
806,807,806,805,804,803,803,802,801,800,799
22,22,22,22,22,22,22,22,22,22,22
519,521,522,523,524,525,526,527,528,529,530
996,996,996,996,996,996,996,996,996,996,996
205,205,204,203,203,202,201,200,200,199,198
216,216,216,216,216,216,216,216,216,216,216
1001,1002,1002,1002,1003,1003,1003,1004,1004,1004,1004
504,504,504,504,504,504,504,504,504,504,504
27,28,28,29,29,29,30,30,30,31,31
818,818,818,818,818,818,818,818,818,818,818
807,807,806,805,805,804,803,802,801,801,800
22,22,22,22,22,22,22,22,22,22,22
518,520,521,522,523,524,525,526,527,528,529
996,996,996,996,996,996,996,996,996,996,996
205,205,205,204,203,202,202,201,200,199,198
216,216,216,216,216,216,216,216,216,216,216
1000,1002,1002,1002,1003,1003,1003,1003,1004,1004,1004
505,505,505,505,505,505,505,505,505,505,505
27,28,28,29,29,29,29,30,30,30,31
818,818,818,818,818,818,818,818,818,818,818
807,807,807,806,805,804,804,803,802,801,800
23,23,23,23,23,23,23,23,23,23,23
518,520,521,522,523,524,525,525,526,527,528
996,996,996,996,996,996,996,996,996,996,996
206,206,205,204,204,203,202,201,200,200,199
215,215,215,215,215,215,215,215,215,215,215
1000,1002,1002,1002,1002,1003,1003,1003,1004,1004,1004
506,506,506,506,506,506,506,506,506,506,506
26,28,28,28,29,29,29,30,30,30,31
817,817,817,817,817,817,817,817,817,817,817
808,808,807,806,806,805,804,803,802,802,801
23,23,23,23,23,23,23,23,23,23,23
517,519,520,521,522,523,524,525,526,527,528
997,997,997,997,997,997,997,997,997,997,997
206,206,206,205,204,203,202,202,201,200,199
215,215,215,215,215,215,215,215,215,215,215
1000,1001,1002,1002,1002,1003,1003,1003,1003,1004,1004
506,506,506,506,506,506,506,506,506,506,506
26,28,28,28,28,29,29,29,30,30,30
817,817,817,817,817,817,817,817,817,817,817
808,808,808,807,806,805,804,804,803,802,801
23,23,23,23,23,23,23,23,23,23,23
517,519,519,520,521,522,523,524,525,526,527
997,997,997,997,997,997,997,997,997,997,997
207,207,206,205,204,204,203,202,201,201,200
215,215,215,215,215,215,215,215,215,215,215
1000,1001,1001,1002,1002,1002,1003,1003,1003,1003,1004
507,507,507,507,507,507,507,507,507,507,507
26,27,28,28,28,29,29,29,30,30,30
816,816,816,816,816,816,816,816,816,816,816
809,809,808,807,807,806,805,804,803,803,802
23,23,23,23,23,23,23,23,23,23,23
516,518,519,520,521,522,523,524,525,526,527
997,997,997,997,997,997,997,997,997,997,997
207,207,206,206,205,204,203,203,202,201,200
214,214,214,214,214,214,214,214,214,214,214
1000,1001,1001,1002,1002,1002,1002,1003,1003,1003,1004
507,507,507,507,507,507,507,507,507,507,507
26,27,27,28,28,28,29,29,29,30,30
816,816,816,816,816,816,816,816,816,816,816
809,809,809,808,807,806,805,805,804,803,802
23,23,23,23,23,23,23,23,23,23,23
515,517,518,519,520,521,522,523,524,525,526
997,997,997,997,997,997,997,997,997,997,997
208,208,207,206,205,205,204,203,202,202,201
214,214,214,214,214,214,214,214,214,214,214
1000,1001,1001,1001,1002,1002,1002,1003,1003,1003,1003
508,508,508,508,508,508,508,508,508,508,508
26,27,27,28,28,28,29,29,29,29,30
815,815,815,815,815,815,815,815,815,815,815
810,810,809,808,808,807,806,805,804,804,803
24,24,24,24,24,24,24,24,24,24,24
515,517,518,519,520,521,522,523,524,524,525
997,997,997,997,997,997,997,997,997,997,997
208,208,207,207,206,205,204,204,203,202,201
213,213,213,213,213,213,213,213,213,213,213
999,1001,1001,1001,1002,1002,1002,1002,1003,1003,1003
508,508,508,508,508,508,508,508,508,508,508
25,27,27,27,28,28,28,29,29,29,30
815,815,815,815,815,815,815,815,815,815,815
810,810,810,809,808,807,806,806,805,804,803
24,24,24,24,24,24,24,24,24,24,24
514,516,517,518,519,520,521,522,523,524,525
998,998,998,998,998,998,998,998,998,998,998
208,209,208,207,206,206,205,204,203,203,202
213,213,213,213,213,213,213,213,213,213,213
999,1000,1001,1001,1001,1002,1002,1002,1002,1003,1003
509,509,509,509,509,509,509,509,509,509,509
25,27,27,27,28,28,28,28,29,29,29
814,814,814,814,814,814,814,814,814,814,814
811,811,810,809,808,808,807,806,805,805,804
24,24,24,24,24,24,24,24,24,24,24
514,516,517,518,518,519,520,521,522,523,524
998,998,998,998,998,998,998,998,998,998,998
209,209,208,208,207,206,205,205,204,203,202
212,212,212,212,212,212,212,212,212,212,212
999,1000,1001,1001,1001,1001,1002,1002,1002,1003,1003
510,510,510,510,510,510,510,510,510,510,510
25,26,27,27,27,28,28,28,29,29,29
814,814,814,814,814,814,814,814,814,814,814
811,811,811,810,809,808,807,807,806,805,804
24,24,24,24,24,24,24,24,24,24,24
513,515,516,517,518,519,520,521,522,523,524
998,998,998,998,998,998,998,998,998,998,998
209,210,209,208,207,207,206,205,204,203,203
212,212,212,212,212,212,212,212,212,212,212
999,1000,1000,1001,1001,1001,1002,1002,1002,1002,1003
510,510,510,510,510,510,510,510,510,510,510
25,26,27,27,27,27,28,28,28,29,29
813,813,813,813,813,813,813,813,813,813,813
812,812,811,810,809,809,808,807,806,806,805
24,24,24,24,24,24,24,24,24,24,24
512,514,515,516,517,518,519,520,521,522,523
998,998,998,998,998,998,998,998,998,998,998
210,210,209,209,208,207,206,205,205,204,203
211,211,211,211,211,211,211,211,211,211,211
999,1000,1000,1001,1001,1001,1001,1002,1002,1002,1003
511,511,511,511,511,511,511,511,511,511,511
25,26,26,27,27,27,28,28,28,29,29
813,813,813,813,813,813,813,813,813,813,813
812,812,812,811,810,809,808,808,807,806,805
24,24,24,24,24,24,24,24,24,24,24
512,514,515,516,517,518,519,520,521,522,523
998,998,998,998,998,998,998,998,998,998,998
210,211,210,209,208,207,207,206,205,204,204
211,211,211,211,211,211,211,211,211,211,211
998,1000,1000,1000,1001,1001,1001,1002,1002,1002,1002
511,511,511,511,511,511,511,511,511,511,511
25,26,26,26,27,27,27,28,28,28,29
